/*--------------------------------*- C++ -*----------------------------------*\
| =========                 |                                                 |
| \\      /  F ield         | OpenFOAM: The Open Source CFD Toolbox           |
|  \\    /   O peration     | Version:  2606                                  |
|   \\  /    A nd           | Website:  www.openfoam.com                      |
|    \\/     M anipulation  |                                                 |
\*---------------------------------------------------------------------------*/
FoamFile
{
    version     2.0;
    format      ascii;
    arch        "LSB;label=32;scalar=64";
    class       volScalarField;
    location    "0.15";
    object      p_rgh;
}
// * * * * * * * * * * * * * * * * * * * * * * * * * * * * * * * * * * * * * //

dimensions      [1 -1 -2 0 0 0 0];

internalField   nonuniform List<scalar> 
4800
(
17.520637
17.804974
16.901556
14.939815
12.168976
8.7501656
4.729785
0.10859053
-5.1145772
-10.940199
-17.366537
-24.384371
-31.976179
-40.118072
-48.779789
-57.922358
-67.495697
-77.437043
-87.669672
-98.102246
-108.62982
-119.13703
-129.50334
-139.61028
-149.34954
-158.63031
-167.38448
-175.56846
-183.1627
-190.16848
-196.60123
-202.48516
-207.85223
-212.74149
-217.19732
-221.26964
-225.00661
-228.45402
-231.6626
-234.68803
-237.59079
-240.43755
-243.30438
-246.2789
-249.4578
-252.93715
-256.79846
-261.09636
-265.84853
-271.02706
-276.55171
-282.28592
-288.04449
-293.62198
-298.83022
-303.53775
-307.64418
-310.97104
-313.8207
-316.35964
-318.24641
-319.3872
-319.95591
-320.22996
-320.40395
-320.54491
-320.66403
-320.76862
-320.85907
-320.93556
-320.99964
-321.05299
-321.0973
-321.13409
-321.16467
-321.19013
-321.21138
-321.22916
-321.24407
-321.25661
-321.26716
-321.27607
-321.2836
-321.28998
-321.29538
-321.29997
-321.30386
-321.30717
-321.30999
-321.31239
-321.31443
-321.31617
-321.31765
-321.31892
-321.32
-321.32092
-321.3217
-321.32237
-321.32294
-321.32343
-321.32385
-321.3242
-321.32451
-321.32477
-321.32499
-321.32518
-321.32534
-321.32548
-321.3256
-321.3257
-321.32579
-321.32586
-321.32592
-321.32598
-321.32603
-321.32606
-321.3261
-321.32613
-321.32615
-321.32617
-321.32619
-321.32621
-321.32622
-321.32623
-321.32624
-321.32625
-321.32626
-321.32626
-321.32627
-321.32627
-321.32627
-321.32628
-321.32628
-321.32628
-321.32628
-321.32629
-321.32629
-321.32629
-321.32629
-321.32629
-321.32629
-321.32629
-321.32629
-321.32629
-321.32629
-321.32629
-321.32629
-321.32629
-321.3263
-321.3263
-321.3263
-321.3263
-321.3263
-321.3263
-321.3263
-321.3263
-321.3263
-321.3263
-321.3263
-321.3263
-321.3263
-321.3263
-321.3263
-321.3263
-321.3263
-321.3263
-321.3263
-321.3263
-321.3263
-321.3263
-321.3263
-321.3263
-321.3263
-321.3263
-321.3263
-321.3263
-321.3263
-321.3263
-321.3263
-321.3263
-321.3263
-321.3263
-321.3263
-321.3263
-321.3263
-321.3263
-321.3263
-321.3263
-321.3263
-321.3263
-321.3263
-321.3263
-321.3263
-321.3263
-321.3263
-321.3263
-321.3263
-321.3263
-321.3263
-321.3263
-321.3263
-321.3263
-321.3263
-321.3263
-321.3263
-321.3263
-321.3263
-321.3263
-321.3263
-321.3263
-321.3263
-321.3263
-321.3263
-321.3263
-321.3263
-321.3263
-321.3263
-321.3263
-321.3263
-321.3263
-321.3263
-321.3263
-321.3263
-321.3263
-321.3263
-321.3263
-321.3263
-321.3263
-321.3263
-321.3263
-321.3263
-321.3263
-321.3263
-321.3263
-321.3263
-321.3263
-321.3263
-321.3263
-321.3263
-321.3263
17.213366
17.468476
16.518851
14.528381
11.75056
8.3240568
4.2828976
-0.37219035
-5.6407961
-11.5221
-18.012795
-25.102864
-32.775209
-41.006853
-49.768052
-59.019758
-68.711391
-78.778971
-89.143083
-99.707807
-110.3619
-120.98241
-131.4411
-141.61392
-151.39065
-160.68334
-169.43302
-177.61241
-185.22377
-192.29167
-198.84912
-204.93214
-210.58359
-215.85151
-220.78126
-225.40562
-229.75428
-233.86085
-237.76229
-241.50055
-245.12379
-248.6888
-252.26305
-255.92224
-259.74007
-263.77165
-268.03946
-272.52854
-277.18871
-281.94287
-286.69879
-291.35526
-295.8022
-299.9287
-303.62629
-306.7998
-309.4476
-311.8113
-314.01227
-316.06095
-317.83747
-319.11346
-319.85235
-320.22519
-320.42588
-320.55978
-320.67404
-320.78183
-320.87329
-320.94873
-321.0111
-321.06264
-321.10527
-321.14062
-321.16999
-321.19448
-321.21494
-321.23208
-321.24648
-321.2586
-321.26882
-321.27745
-321.28475
-321.29094
-321.29619
-321.30065
-321.30444
-321.30766
-321.3104
-321.31274
-321.31473
-321.31642
-321.31787
-321.3191
-321.32015
-321.32105
-321.32181
-321.32247
-321.32303
-321.3235
-321.32391
-321.32426
-321.32455
-321.32481
-321.32502
-321.32521
-321.32537
-321.3255
-321.32562
-321.32571
-321.3258
-321.32587
-321.32593
-321.32599
-321.32603
-321.32607
-321.3261
-321.32613
-321.32616
-321.32618
-321.32619
-321.32621
-321.32622
-321.32623
-321.32624
-321.32625
-321.32626
-321.32626
-321.32627
-321.32627
-321.32628
-321.32628
-321.32628
-321.32628
-321.32629
-321.32629
-321.32629
-321.32629
-321.32629
-321.32629
-321.32629
-321.32629
-321.32629
-321.32629
-321.32629
-321.32629
-321.32629
-321.32629
-321.3263
-321.3263
-321.3263
-321.3263
-321.3263
-321.3263
-321.3263
-321.3263
-321.3263
-321.3263
-321.3263
-321.3263
-321.3263
-321.3263
-321.3263
-321.3263
-321.3263
-321.3263
-321.3263
-321.3263
-321.3263
-321.3263
-321.3263
-321.3263
-321.3263
-321.3263
-321.3263
-321.3263
-321.3263
-321.3263
-321.3263
-321.3263
-321.3263
-321.3263
-321.3263
-321.3263
-321.3263
-321.3263
-321.3263
-321.3263
-321.3263
-321.3263
-321.3263
-321.3263
-321.3263
-321.3263
-321.3263
-321.3263
-321.3263
-321.3263
-321.3263
-321.3263
-321.3263
-321.3263
-321.3263
-321.3263
-321.3263
-321.3263
-321.3263
-321.3263
-321.3263
-321.3263
-321.3263
-321.3263
-321.3263
-321.3263
-321.3263
-321.3263
-321.3263
-321.3263
-321.3263
-321.3263
-321.3263
-321.3263
-321.3263
-321.3263
-321.3263
-321.3263
-321.3263
-321.3263
-321.3263
-321.3263
-321.3263
-321.3263
-321.3263
-321.3263
-321.3263
-321.3263
-321.3263
-321.3263
-321.3263
-321.3263
16.61789
16.806929
15.765988
13.72141
10.926018
7.4780966
3.3907439
-1.3356871
-6.6975594
-12.691222
-19.310997
-26.546249
-34.381122
-42.794458
-51.757681
-61.231966
-71.165723
-81.491451
-92.122349
-102.95189
-113.8581
-124.71806
-135.42622
-145.91833
-156.18706
-166.27103
-176.21671
-186.05135
-195.76845
-205.31543
-214.587
-223.4561
-231.81373
-239.58705
-246.73703
-253.24695
-259.12505
-264.40883
-269.16024
-273.45455
-277.36975
-280.98238
-284.36965
-287.61081
-290.77782
-293.91498
-297.02987
-300.10134
-303.09045
-305.95177
-308.64119
-311.10905
-313.29292
-315.14708
-316.64346
-317.75076
-318.46752
-318.88456
-319.21126
-319.51108
-319.79581
-320.19626
-320.59764
-320.70675
-320.69173
-320.70629
-320.77128
-320.85349
-320.92665
-320.98912
-321.04207
-321.0866
-321.12397
-321.15532
-321.18166
-321.2038
-321.22245
-321.23817
-321.25145
-321.26268
-321.27219
-321.28025
-321.28708
-321.29289
-321.29782
-321.30202
-321.30559
-321.30864
-321.31123
-321.31343
-321.31532
-321.31692
-321.31829
-321.31946
-321.32046
-321.32131
-321.32204
-321.32266
-321.32319
-321.32364
-321.32403
-321.32436
-321.32464
-321.32488
-321.32508
-321.32526
-321.32541
-321.32554
-321.32565
-321.32574
-321.32582
-321.32589
-321.32595
-321.326
-321.32604
-321.32608
-321.32611
-321.32614
-321.32616
-321.32618
-321.3262
-321.32621
-321.32623
-321.32624
-321.32624
-321.32625
-321.32626
-321.32626
-321.32627
-321.32627
-321.32628
-321.32628
-321.32628
-321.32628
-321.32629
-321.32629
-321.32629
-321.32629
-321.32629
-321.32629
-321.32629
-321.32629
-321.32629
-321.32629
-321.32629
-321.32629
-321.32629
-321.3263
-321.3263
-321.3263
-321.3263
-321.3263
-321.3263
-321.3263
-321.3263
-321.3263
-321.3263
-321.3263
-321.3263
-321.3263
-321.3263
-321.3263
-321.3263
-321.3263
-321.3263
-321.3263
-321.3263
-321.3263
-321.3263
-321.3263
-321.3263
-321.3263
-321.3263
-321.3263
-321.3263
-321.3263
-321.3263
-321.3263
-321.3263
-321.3263
-321.3263
-321.3263
-321.3263
-321.3263
-321.3263
-321.3263
-321.3263
-321.3263
-321.3263
-321.3263
-321.3263
-321.3263
-321.3263
-321.3263
-321.3263
-321.3263
-321.3263
-321.3263
-321.3263
-321.3263
-321.3263
-321.3263
-321.3263
-321.3263
-321.3263
-321.3263
-321.3263
-321.3263
-321.3263
-321.3263
-321.3263
-321.3263
-321.3263
-321.3263
-321.3263
-321.3263
-321.3263
-321.3263
-321.3263
-321.3263
-321.3263
-321.3263
-321.3263
-321.3263
-321.3263
-321.3263
-321.3263
-321.3263
-321.3263
-321.3263
-321.3263
-321.3263
-321.3263
-321.3263
-321.3263
-321.3263
-321.3263
-321.3263
-321.3263
-321.3263
15.779211
15.855323
14.680455
12.562554
9.7372569
6.2472278
2.0821781
-2.7560488
-8.2588754
-14.419166
-21.229669
-28.680692
-36.759215
-45.447378
-54.719032
-64.536838
-74.851751
-85.60839
-96.76686
-108.3507
-120.50611
-133.49919
-147.60603
-162.92653
-179.22078
-195.93643
-212.36921
-227.85874
-241.95865
-254.46159
-265.32397
-274.61169
-282.44706
-288.99564
-294.43457
-298.9216
-302.60097
-305.60856
-308.07117
-310.10217
-311.79496
-313.22156
-314.43877
-315.49774
-316.44798
-317.3221
-318.12964
-318.86736
-319.5246
-320.08716
-320.54086
-320.86816
-321.05288
-321.15117
-321.24777
-321.32649
-321.37253
-321.40067
-321.42657
-321.5025
-321.62531
-321.5841
-321.46152
-321.28737
-321.08299
-320.95936
-320.94477
-320.973
-321.01119
-321.05094
-321.08832
-321.12183
-321.15122
-321.17667
-321.19857
-321.21732
-321.23336
-321.24704
-321.25871
-321.26865
-321.27712
-321.28434
-321.2905
-321.29575
-321.30022
-321.30404
-321.30729
-321.31007
-321.31244
-321.31446
-321.31619
-321.31766
-321.31892
-321.32
-321.32092
-321.3217
-321.32237
-321.32294
-321.32343
-321.32385
-321.3242
-321.32451
-321.32477
-321.32499
-321.32518
-321.32534
-321.32548
-321.3256
-321.3257
-321.32579
-321.32586
-321.32592
-321.32598
-321.32602
-321.32606
-321.3261
-321.32613
-321.32615
-321.32617
-321.32619
-321.32621
-321.32622
-321.32623
-321.32624
-321.32625
-321.32626
-321.32626
-321.32627
-321.32627
-321.32627
-321.32628
-321.32628
-321.32628
-321.32628
-321.32629
-321.32629
-321.32629
-321.32629
-321.32629
-321.32629
-321.32629
-321.32629
-321.32629
-321.32629
-321.32629
-321.32629
-321.32629
-321.3263
-321.3263
-321.3263
-321.3263
-321.3263
-321.3263
-321.3263
-321.3263
-321.3263
-321.3263
-321.3263
-321.3263
-321.3263
-321.3263
-321.3263
-321.3263
-321.3263
-321.3263
-321.3263
-321.3263
-321.3263
-321.3263
-321.3263
-321.3263
-321.3263
-321.3263
-321.3263
-321.3263
-321.3263
-321.3263
-321.3263
-321.3263
-321.3263
-321.3263
-321.3263
-321.3263
-321.3263
-321.3263
-321.3263
-321.3263
-321.3263
-321.3263
-321.3263
-321.3263
-321.3263
-321.3263
-321.3263
-321.3263
-321.3263
-321.3263
-321.3263
-321.3263
-321.3263
-321.3263
-321.3263
-321.3263
-321.3263
-321.3263
-321.3263
-321.3263
-321.3263
-321.3263
-321.3263
-321.3263
-321.3263
-321.3263
-321.3263
-321.3263
-321.3263
-321.3263
-321.3263
-321.3263
-321.3263
-321.3263
-321.3263
-321.3263
-321.3263
-321.3263
-321.3263
-321.3263
-321.3263
-321.3263
-321.3263
-321.3263
-321.3263
-321.3263
-321.3263
-321.3263
-321.3263
-321.3263
-321.3263
-321.3263
-321.3263
14.774396
14.652328
13.30584
11.10857
8.2393813
4.6767034
0.3940646
-4.6009543
-10.294613
-16.678476
-23.747835
-31.499803
-39.934092
-49.058389
-58.904113
-69.569363
-81.29874
-94.57538
-110.11794
-128.63355
-150.33293
-174.46941
-199.4295
-223.28802
-244.47446
-262.22674
-276.45962
-287.5668
-296.21551
-302.97151
-308.17488
-312.08137
-314.94852
-317.0269
-318.51365
-319.55476
-320.26523
-320.74051
-321.0631
-321.29669
-321.47699
-321.61317
-321.6996
-321.73562
-321.74919
-321.75929
-321.76349
-321.76156
-321.7556
-321.74788
-321.74083
-321.73761
-321.74172
-321.75523
-321.78011
-321.82279
-321.89337
-322.00419
-322.15473
-322.32028
-322.41719
-322.36675
-322.12024
-321.76334
-321.42881
-321.22025
-321.13373
-321.10731
-321.10916
-321.12392
-321.14363
-321.16442
-321.18446
-321.20293
-321.21952
-321.23419
-321.24704
-321.25821
-321.26788
-321.27623
-321.28341
-321.28958
-321.29488
-321.29942
-321.30331
-321.30664
-321.30949
-321.31193
-321.31401
-321.3158
-321.31732
-321.31862
-321.31974
-321.32069
-321.32151
-321.3222
-321.3228
-321.32331
-321.32374
-321.32411
-321.32443
-321.3247
-321.32493
-321.32513
-321.3253
-321.32544
-321.32557
-321.32567
-321.32576
-321.32584
-321.32591
-321.32596
-321.32601
-321.32605
-321.32609
-321.32612
-321.32615
-321.32617
-321.32619
-321.3262
-321.32622
-321.32623
-321.32624
-321.32625
-321.32625
-321.32626
-321.32627
-321.32627
-321.32627
-321.32628
-321.32628
-321.32628
-321.32628
-321.32629
-321.32629
-321.32629
-321.32629
-321.32629
-321.32629
-321.32629
-321.32629
-321.32629
-321.32629
-321.32629
-321.32629
-321.32629
-321.3263
-321.3263
-321.3263
-321.3263
-321.3263
-321.3263
-321.3263
-321.3263
-321.3263
-321.3263
-321.3263
-321.3263
-321.3263
-321.3263
-321.3263
-321.3263
-321.3263
-321.3263
-321.3263
-321.3263
-321.3263
-321.3263
-321.3263
-321.3263
-321.3263
-321.3263
-321.3263
-321.3263
-321.3263
-321.3263
-321.3263
-321.3263
-321.3263
-321.3263
-321.3263
-321.3263
-321.3263
-321.3263
-321.3263
-321.3263
-321.3263
-321.3263
-321.3263
-321.3263
-321.3263
-321.3263
-321.3263
-321.3263
-321.3263
-321.3263
-321.3263
-321.3263
-321.3263
-321.3263
-321.3263
-321.3263
-321.3263
-321.3263
-321.3263
-321.3263
-321.3263
-321.3263
-321.3263
-321.3263
-321.3263
-321.3263
-321.3263
-321.3263
-321.3263
-321.3263
-321.3263
-321.3263
-321.3263
-321.3263
-321.3263
-321.3263
-321.3263
-321.3263
-321.3263
-321.3263
-321.3263
-321.3263
-321.3263
-321.3263
-321.3263
-321.3263
-321.3263
-321.3263
-321.3263
-321.3263
-321.3263
-321.3263
-321.3263
-321.3263
13.726345
13.19806
11.638232
9.3793887
6.4494095
2.7646214
-1.7047829
-6.9462604
-12.955863
-19.756007
-27.406838
-36.032418
-45.872371
-57.36281
-71.214563
-88.399003
-109.88198
-136.05616
-166.06498
-197.65652
-227.81456
-253.91825
-274.62863
-289.88197
-300.67536
-308.15658
-313.08211
-316.31421
-318.66928
-320.35162
-321.30329
-321.68936
-321.77615
-321.7871
-321.79347
-321.79966
-321.80689
-321.81569
-321.82537
-321.83479
-321.84295
-321.84957
-321.85536
-321.86144
-321.86791
-321.87452
-321.8815
-321.88926
-321.8985
-321.91059
-321.92821
-321.95528
-321.9955
-322.05146
-322.12498
-322.21861
-322.33647
-322.49035
-322.62866
-322.75737
-322.81069
-322.71499
-322.37024
-321.98441
-321.63652
-321.41327
-321.29147
-321.23113
-321.20548
-321.1988
-321.20216
-321.21055
-321.22112
-321.2323
-321.24322
-321.25345
-321.26278
-321.27116
-321.27858
-321.2851
-321.2908
-321.29576
-321.30006
-321.30377
-321.30697
-321.30973
-321.3121
-321.31414
-321.31589
-321.31739
-321.31868
-321.31978
-321.32072
-321.32153
-321.32222
-321.32281
-321.32331
-321.32375
-321.32412
-321.32443
-321.3247
-321.32493
-321.32513
-321.3253
-321.32544
-321.32557
-321.32567
-321.32576
-321.32584
-321.32591
-321.32596
-321.32601
-321.32605
-321.32609
-321.32612
-321.32614
-321.32617
-321.32619
-321.3262
-321.32622
-321.32623
-321.32624
-321.32625
-321.32625
-321.32626
-321.32627
-321.32627
-321.32627
-321.32628
-321.32628
-321.32628
-321.32628
-321.32629
-321.32629
-321.32629
-321.32629
-321.32629
-321.32629
-321.32629
-321.32629
-321.32629
-321.32629
-321.32629
-321.32629
-321.32629
-321.3263
-321.3263
-321.3263
-321.3263
-321.3263
-321.3263
-321.3263
-321.3263
-321.3263
-321.3263
-321.3263
-321.3263
-321.3263
-321.3263
-321.3263
-321.3263
-321.3263
-321.3263
-321.3263
-321.3263
-321.3263
-321.3263
-321.3263
-321.3263
-321.3263
-321.3263
-321.3263
-321.3263
-321.3263
-321.3263
-321.3263
-321.3263
-321.3263
-321.3263
-321.3263
-321.3263
-321.3263
-321.3263
-321.3263
-321.3263
-321.3263
-321.3263
-321.3263
-321.3263
-321.3263
-321.3263
-321.3263
-321.3263
-321.3263
-321.3263
-321.3263
-321.3263
-321.3263
-321.3263
-321.3263
-321.3263
-321.3263
-321.3263
-321.3263
-321.3263
-321.3263
-321.3263
-321.3263
-321.3263
-321.3263
-321.3263
-321.3263
-321.3263
-321.3263
-321.3263
-321.3263
-321.3263
-321.3263
-321.3263
-321.3263
-321.3263
-321.3263
-321.3263
-321.3263
-321.3263
-321.3263
-321.3263
-321.3263
-321.3263
-321.3263
-321.3263
-321.3263
-321.3263
-321.3263
-321.3263
-321.3263
-321.3263
-321.3263
-321.3263
-321.3263
12.696439
10.500736
8.6174905
6.3652323
3.2531113
-0.92149531
-6.2086005
-12.667659
-20.473422
-29.953077
-41.619088
-56.189285
-74.53406
-97.478517
-125.37059
-157.51889
-191.85343
-225.30611
-254.73475
-278.1511
-295.00965
-306.27155
-313.26502
-317.23904
-319.66674
-321.15551
-321.78277
-321.82239
-321.82415
-321.82529
-321.82526
-321.82406
-321.82146
-321.82268
-321.82781
-321.83536
-321.84471
-321.85549
-321.86712
-321.87892
-321.89036
-321.90143
-321.91265
-321.92474
-321.93815
-321.95308
-321.96981
-321.98889
-322.01146
-322.03939
-322.07531
-322.12219
-322.1827
-322.25888
-322.35137
-322.45876
-322.57537
-322.68903
-322.79555
-322.85196
-322.81413
-322.64455
-322.34685
-322.01369
-321.728
-321.53145
-321.40837
-321.33369
-321.2912
-321.269
-321.25921
-321.25684
-321.25875
-321.26299
-321.26836
-321.27413
-321.27986
-321.28531
-321.29036
-321.29493
-321.29903
-321.30267
-321.30587
-321.30867
-321.31111
-321.31323
-321.31507
-321.31666
-321.31803
-321.3192
-321.32022
-321.32109
-321.32184
-321.32248
-321.32303
-321.3235
-321.3239
-321.32425
-321.32455
-321.3248
-321.32501
-321.3252
-321.32536
-321.32549
-321.32561
-321.32571
-321.32579
-321.32587
-321.32593
-321.32598
-321.32603
-321.32607
-321.3261
-321.32613
-321.32615
-321.32617
-321.32619
-321.32621
-321.32622
-321.32623
-321.32624
-321.32625
-321.32626
-321.32626
-321.32627
-321.32627
-321.32627
-321.32628
-321.32628
-321.32628
-321.32628
-321.32629
-321.32629
-321.32629
-321.32629
-321.32629
-321.32629
-321.32629
-321.32629
-321.32629
-321.32629
-321.32629
-321.32629
-321.32629
-321.3263
-321.3263
-321.3263
-321.3263
-321.3263
-321.3263
-321.3263
-321.3263
-321.3263
-321.3263
-321.3263
-321.3263
-321.3263
-321.3263
-321.3263
-321.3263
-321.3263
-321.3263
-321.3263
-321.3263
-321.3263
-321.3263
-321.3263
-321.3263
-321.3263
-321.3263
-321.3263
-321.3263
-321.3263
-321.3263
-321.3263
-321.3263
-321.3263
-321.3263
-321.3263
-321.3263
-321.3263
-321.3263
-321.3263
-321.3263
-321.3263
-321.3263
-321.3263
-321.3263
-321.3263
-321.3263
-321.3263
-321.3263
-321.3263
-321.3263
-321.3263
-321.3263
-321.3263
-321.3263
-321.3263
-321.3263
-321.3263
-321.3263
-321.3263
-321.3263
-321.3263
-321.3263
-321.3263
-321.3263
-321.3263
-321.3263
-321.3263
-321.3263
-321.3263
-321.3263
-321.3263
-321.3263
-321.3263
-321.3263
-321.3263
-321.3263
-321.3263
-321.3263
-321.3263
-321.3263
-321.3263
-321.3263
-321.3263
-321.3263
-321.3263
-321.3263
-321.3263
-321.3263
-321.3263
-321.3263
-321.3263
-321.3263
-321.3263
-321.3263
-321.3263
-321.3263
7.6954543
-4.6825681
-7.1565798
-9.7066904
-14.458285
-21.81157
-31.643727
-44.080353
-59.511407
-78.444063
-101.31955
-128.25101
-158.6947
-191.22744
-223.53561
-252.89653
-277.07286
-295.04951
-307.12908
-314.54043
-318.55721
-320.68427
-321.68601
-321.8424
-321.85331
-321.85885
-321.851
-321.84294
-321.84113
-321.84126
-321.84131
-321.84108
-321.84262
-321.84546
-321.85039
-321.85738
-321.86616
-321.8764
-321.88766
-321.89946
-321.91152
-321.92389
-321.93693
-321.9511
-321.9668
-321.9844
-322.00439
-322.02751
-322.05479
-322.08766
-322.12795
-322.17763
-322.23826
-322.31035
-322.39272
-322.48146
-322.5693
-322.64319
-322.69069
-322.686
-322.60692
-322.44429
-322.21653
-321.97384
-321.76349
-321.60403
-321.49083
-321.41355
-321.36292
-321.33103
-321.3117
-321.3008
-321.29542
-321.29351
-321.29377
-321.2953
-321.29754
-321.30011
-321.30277
-321.30536
-321.30781
-321.31008
-321.31213
-321.31396
-321.3156
-321.31704
-321.3183
-321.3194
-321.32036
-321.32119
-321.32191
-321.32253
-321.32306
-321.32352
-321.32392
-321.32426
-321.32455
-321.3248
-321.32502
-321.3252
-321.32536
-321.32549
-321.32561
-321.32571
-321.32579
-321.32587
-321.32593
-321.32598
-321.32603
-321.32607
-321.3261
-321.32613
-321.32615
-321.32617
-321.32619
-321.32621
-321.32622
-321.32623
-321.32624
-321.32625
-321.32626
-321.32626
-321.32627
-321.32627
-321.32627
-321.32628
-321.32628
-321.32628
-321.32628
-321.32629
-321.32629
-321.32629
-321.32629
-321.32629
-321.32629
-321.32629
-321.32629
-321.32629
-321.32629
-321.32629
-321.32629
-321.32629
-321.3263
-321.3263
-321.3263
-321.3263
-321.3263
-321.3263
-321.3263
-321.3263
-321.3263
-321.3263
-321.3263
-321.3263
-321.3263
-321.3263
-321.3263
-321.3263
-321.3263
-321.3263
-321.3263
-321.3263
-321.3263
-321.3263
-321.3263
-321.3263
-321.3263
-321.3263
-321.3263
-321.3263
-321.3263
-321.3263
-321.3263
-321.3263
-321.3263
-321.3263
-321.3263
-321.3263
-321.3263
-321.3263
-321.3263
-321.3263
-321.3263
-321.3263
-321.3263
-321.3263
-321.3263
-321.3263
-321.3263
-321.3263
-321.3263
-321.3263
-321.3263
-321.3263
-321.3263
-321.3263
-321.3263
-321.3263
-321.3263
-321.3263
-321.3263
-321.3263
-321.3263
-321.3263
-321.3263
-321.3263
-321.3263
-321.3263
-321.3263
-321.3263
-321.3263
-321.3263
-321.3263
-321.3263
-321.3263
-321.3263
-321.3263
-321.3263
-321.3263
-321.3263
-321.3263
-321.3263
-321.3263
-321.3263
-321.3263
-321.3263
-321.3263
-321.3263
-321.3263
-321.3263
-321.3263
-321.3263
-321.3263
-321.3263
-321.3263
-321.3263
-321.3263
-321.3263
-321.3263
-321.3263
-34.050244
-64.53034
-67.575758
-72.744384
-82.20628
-95.416791
-111.83471
-131.27448
-153.57924
-178.33527
-204.68119
-231.21207
-256.12109
-277.65168
-294.56078
-306.52151
-314.15278
-318.48729
-320.69006
-321.66483
-321.84712
-321.86244
-321.85923
-321.85435
-321.85616
-321.85639
-321.85384
-321.85138
-321.85023
-321.85012
-321.85053
-321.8516
-321.8534
-321.85687
-321.86205
-321.86889
-321.87722
-321.88685
-321.89748
-321.90887
-321.92087
-321.93352
-321.94704
-321.96172
-321.97786
-321.99583
-322.01609
-322.03923
-322.06601
-322.0974
-322.13446
-322.17818
-322.22901
-322.2864
-322.34816
-322.40975
-322.46405
-322.50351
-322.51513
-322.48539
-322.40474
-322.27369
-322.10768
-321.93443
-321.77768
-321.64872
-321.54886
-321.4746
-321.42117
-321.38375
-321.35807
-321.34086
-321.32976
-321.32269
-321.31848
-321.3162
-321.31521
-321.31504
-321.31539
-321.31605
-321.31687
-321.31775
-321.31864
-321.31949
-321.32029
-321.32103
-321.3217
-321.32229
-321.32282
-321.32329
-321.3237
-321.32406
-321.32437
-321.32464
-321.32487
-321.32507
-321.32524
-321.32539
-321.32552
-321.32563
-321.32573
-321.32581
-321.32588
-321.32594
-321.32599
-321.32603
-321.32607
-321.3261
-321.32613
-321.32616
-321.32618
-321.32619
-321.32621
-321.32622
-321.32623
-321.32624
-321.32625
-321.32626
-321.32626
-321.32627
-321.32627
-321.32628
-321.32628
-321.32628
-321.32628
-321.32629
-321.32629
-321.32629
-321.32629
-321.32629
-321.32629
-321.32629
-321.32629
-321.32629
-321.32629
-321.32629
-321.32629
-321.32629
-321.32629
-321.3263
-321.3263
-321.3263
-321.3263
-321.3263
-321.3263
-321.3263
-321.3263
-321.3263
-321.3263
-321.3263
-321.3263
-321.3263
-321.3263
-321.3263
-321.3263
-321.3263
-321.3263
-321.3263
-321.3263
-321.3263
-321.3263
-321.3263
-321.3263
-321.3263
-321.3263
-321.3263
-321.3263
-321.3263
-321.3263
-321.3263
-321.3263
-321.3263
-321.3263
-321.3263
-321.3263
-321.3263
-321.3263
-321.3263
-321.3263
-321.3263
-321.3263
-321.3263
-321.3263
-321.3263
-321.3263
-321.3263
-321.3263
-321.3263
-321.3263
-321.3263
-321.3263
-321.3263
-321.3263
-321.3263
-321.3263
-321.3263
-321.3263
-321.3263
-321.3263
-321.3263
-321.3263
-321.3263
-321.3263
-321.3263
-321.3263
-321.3263
-321.3263
-321.3263
-321.3263
-321.3263
-321.3263
-321.3263
-321.3263
-321.3263
-321.3263
-321.3263
-321.3263
-321.3263
-321.3263
-321.3263
-321.3263
-321.3263
-321.3263
-321.3263
-321.3263
-321.3263
-321.3263
-321.3263
-321.3263
-321.3263
-321.3263
-321.3263
-321.3263
-321.3263
-321.3263
-321.3263
-321.3263
-321.3263
-321.3263
-321.3263
-141.19618
-165.58233
-168.26504
-176.23869
-187.42126
-200.86556
-216.30764
-233.27601
-250.96794
-268.29328
-284.06622
-297.23907
-307.21479
-314.02345
-318.171
-320.4009
-321.46646
-321.8026
-321.85148
-321.85473
-321.85332
-321.85409
-321.85385
-321.85459
-321.85552
-321.8552
-321.85423
-321.85368
-321.85374
-321.85441
-321.85562
-321.85737
-321.86048
-321.86463
-321.87007
-321.87684
-321.88488
-321.89403
-321.90416
-321.9151
-321.92681
-321.93932
-321.95276
-321.96731
-321.98322
-322.00077
-322.0203
-322.04224
-322.06708
-322.09534
-322.12753
-322.1639
-322.20419
-322.24726
-322.29068
-322.3303
-322.36186
-322.37797
-322.3711
-322.33381
-322.26222
-322.15902
-322.03468
-321.90468
-321.78262
-321.67664
-321.58948
-321.5205
-321.46747
-321.42758
-321.39804
-321.37646
-321.36089
-321.34972
-321.34178
-321.3362
-321.33232
-321.32965
-321.32786
-321.32669
-321.32594
-321.32548
-321.32522
-321.32511
-321.32508
-321.32511
-321.32518
-321.32526
-321.32536
-321.32545
-321.32554
-321.32563
-321.32571
-321.32578
-321.32585
-321.32591
-321.32596
-321.326
-321.32604
-321.32608
-321.32611
-321.32613
-321.32616
-321.32617
-321.32619
-321.32621
-321.32622
-321.32623
-321.32624
-321.32625
-321.32625
-321.32626
-321.32627
-321.32627
-321.32627
-321.32628
-321.32628
-321.32628
-321.32628
-321.32629
-321.32629
-321.32629
-321.32629
-321.32629
-321.32629
-321.32629
-321.32629
-321.32629
-321.32629
-321.32629
-321.32629
-321.32629
-321.3263
-321.3263
-321.3263
-321.3263
-321.3263
-321.3263
-321.3263
-321.3263
-321.3263
-321.3263
-321.3263
-321.3263
-321.3263
-321.3263
-321.3263
-321.3263
-321.3263
-321.3263
-321.3263
-321.3263
-321.3263
-321.3263
-321.3263
-321.3263
-321.3263
-321.3263
-321.3263
-321.3263
-321.3263
-321.3263
-321.3263
-321.3263
-321.3263
-321.3263
-321.3263
-321.3263
-321.3263
-321.3263
-321.3263
-321.3263
-321.3263
-321.3263
-321.3263
-321.3263
-321.3263
-321.3263
-321.3263
-321.3263
-321.3263
-321.3263
-321.3263
-321.3263
-321.3263
-321.3263
-321.3263
-321.3263
-321.3263
-321.3263
-321.3263
-321.3263
-321.3263
-321.3263
-321.3263
-321.3263
-321.3263
-321.3263
-321.3263
-321.3263
-321.3263
-321.3263
-321.3263
-321.3263
-321.3263
-321.3263
-321.3263
-321.3263
-321.3263
-321.3263
-321.3263
-321.3263
-321.3263
-321.3263
-321.3263
-321.3263
-321.3263
-321.3263
-321.3263
-321.3263
-321.3263
-321.3263
-321.3263
-321.3263
-321.3263
-321.3263
-321.3263
-321.3263
-321.3263
-321.3263
-321.3263
-321.3263
-321.3263
-321.3263
-321.3263
-321.3263
-321.3263
-321.3263
-321.3263
-321.3263
-242.82156
-250.14701
-252.57367
-259.39844
-267.26434
-276.13084
-285.59798
-294.9213
-303.30967
-310.13818
-315.14417
-318.41796
-320.31733
-321.29072
-321.70087
-321.81654
-321.83751
-321.84065
-321.84239
-321.84455
-321.84762
-321.84936
-321.85034
-321.85195
-321.85342
-321.85419
-321.8546
-321.85519
-321.85621
-321.8577
-321.85972
-321.86238
-321.86602
-321.87064
-321.87632
-321.88311
-321.89096
-321.8998
-321.90955
-321.92012
-321.93149
-321.94368
-321.95679
-321.97093
-321.98627
-322.00301
-322.02139
-322.04165
-322.06408
-322.08888
-322.11616
-322.14574
-322.177
-322.20861
-322.23843
-322.26352
-322.27919
-322.28125
-322.26489
-322.22616
-322.16372
-322.08034
-321.98291
-321.88078
-321.78255
-321.694
-321.61791
-321.55478
-321.50377
-321.46333
-321.43173
-321.40729
-321.38853
-321.37418
-321.36322
-321.35486
-321.34848
-321.3436
-321.33986
-321.33699
-321.33477
-321.33305
-321.33171
-321.33066
-321.32983
-321.32917
-321.32865
-321.32823
-321.32789
-321.32762
-321.3274
-321.32722
-321.32707
-321.32694
-321.32684
-321.32675
-321.32668
-321.32662
-321.32657
-321.32653
-321.32649
-321.32646
-321.32644
-321.32641
-321.3264
-321.32638
-321.32637
-321.32636
-321.32635
-321.32634
-321.32633
-321.32633
-321.32632
-321.32632
-321.32632
-321.32631
-321.32631
-321.32631
-321.32631
-321.32631
-321.3263
-321.3263
-321.3263
-321.3263
-321.3263
-321.3263
-321.3263
-321.3263
-321.3263
-321.3263
-321.3263
-321.3263
-321.3263
-321.3263
-321.3263
-321.3263
-321.3263
-321.3263
-321.3263
-321.3263
-321.3263
-321.3263
-321.3263
-321.3263
-321.3263
-321.3263
-321.3263
-321.3263
-321.3263
-321.3263
-321.3263
-321.3263
-321.3263
-321.3263
-321.3263
-321.3263
-321.3263
-321.3263
-321.3263
-321.3263
-321.3263
-321.3263
-321.3263
-321.3263
-321.3263
-321.3263
-321.3263
-321.3263
-321.3263
-321.3263
-321.3263
-321.3263
-321.3263
-321.3263
-321.3263
-321.3263
-321.3263
-321.3263
-321.3263
-321.3263
-321.3263
-321.3263
-321.3263
-321.3263
-321.3263
-321.3263
-321.3263
-321.3263
-321.3263
-321.3263
-321.3263
-321.3263
-321.3263
-321.3263
-321.3263
-321.3263
-321.3263
-321.3263
-321.3263
-321.3263
-321.3263
-321.3263
-321.3263
-321.3263
-321.3263
-321.3263
-321.3263
-321.3263
-321.3263
-321.3263
-321.3263
-321.3263
-321.3263
-321.3263
-321.3263
-321.3263
-321.3263
-321.3263
-321.3263
-321.3263
-321.3263
-321.3263
-321.3263
-321.3263
-321.3263
-321.3263
-321.3263
-321.3263
-321.3263
-321.3263
-321.3263
-321.3263
-321.3263
-321.3263
-321.3263
-321.3263
-321.3263
-321.3263
-321.3263
-321.3263
-293.27008
-294.19832
-296.53014
-300.599
-305.01478
-309.56259
-313.66175
-316.9028
-319.16099
-320.54106
-321.28444
-321.63175
-321.7651
-321.80644
-321.8182
-321.82258
-321.8272
-321.83233
-321.83623
-321.83975
-321.84282
-321.84543
-321.8476
-321.84969
-321.85161
-321.85324
-321.85473
-321.85632
-321.8582
-321.86046
-321.86322
-321.86656
-321.87068
-321.87566
-321.88154
-321.88835
-321.89609
-321.90471
-321.91417
-321.92442
-321.93544
-321.94726
-321.95992
-321.97351
-321.98812
-322.00388
-322.0209
-322.0393
-322.05918
-322.08053
-322.1032
-322.1268
-322.15052
-322.17306
-322.19256
-322.20674
-322.2121
-322.20571
-322.18461
-322.14677
-322.09206
-322.02284
-321.9438
-321.86091
-321.77978
-321.7046
-321.63779
-321.58028
-321.53197
-321.49211
-321.45967
-321.43352
-321.41256
-321.39583
-321.3825
-321.37187
-321.36338
-321.35658
-321.35113
-321.34674
-321.34319
-321.3403
-321.33795
-321.33602
-321.33443
-321.33312
-321.33203
-321.33113
-321.33037
-321.32974
-321.32921
-321.32877
-321.3284
-321.32808
-321.32781
-321.32758
-321.32739
-321.32723
-321.32709
-321.32697
-321.32687
-321.32679
-321.32671
-321.32665
-321.3266
-321.32655
-321.32652
-321.32648
-321.32646
-321.32643
-321.32641
-321.3264
-321.32638
-321.32637
-321.32636
-321.32635
-321.32634
-321.32634
-321.32633
-321.32633
-321.32632
-321.32632
-321.32631
-321.32631
-321.32631
-321.32631
-321.32631
-321.3263
-321.3263
-321.3263
-321.3263
-321.3263
-321.3263
-321.3263
-321.3263
-321.3263
-321.3263
-321.3263
-321.3263
-321.3263
-321.3263
-321.3263
-321.3263
-321.3263
-321.3263
-321.3263
-321.3263
-321.3263
-321.3263
-321.3263
-321.3263
-321.3263
-321.3263
-321.3263
-321.3263
-321.3263
-321.3263
-321.3263
-321.3263
-321.3263
-321.3263
-321.3263
-321.3263
-321.3263
-321.3263
-321.3263
-321.3263
-321.3263
-321.3263
-321.3263
-321.3263
-321.3263
-321.3263
-321.3263
-321.3263
-321.3263
-321.3263
-321.3263
-321.3263
-321.3263
-321.3263
-321.3263
-321.3263
-321.3263
-321.3263
-321.3263
-321.3263
-321.3263
-321.3263
-321.3263
-321.3263
-321.3263
-321.3263
-321.3263
-321.3263
-321.3263
-321.3263
-321.3263
-321.3263
-321.3263
-321.3263
-321.3263
-321.3263
-321.3263
-321.3263
-321.3263
-321.3263
-321.3263
-321.3263
-321.3263
-321.3263
-321.3263
-321.3263
-321.3263
-321.3263
-321.3263
-321.3263
-321.3263
-321.3263
-321.3263
-321.3263
-321.3263
-321.3263
-321.3263
-321.3263
-321.3263
-321.3263
-321.3263
-321.3263
-321.3263
-321.3263
-321.3263
-321.3263
-321.3263
-321.3263
-321.3263
-321.3263
-321.3263
-321.3263
-321.3263
-311.65421
-311.94652
-313.67833
-315.85513
-317.98528
-319.64622
-320.73031
-321.32705
-321.60938
-321.72556
-321.77023
-321.78839
-321.79721
-321.80406
-321.81086
-321.81697
-321.82215
-321.82685
-321.83111
-321.83512
-321.83873
-321.84198
-321.84493
-321.84768
-321.8502
-321.85255
-321.85484
-321.85722
-321.85982
-321.86275
-321.86609
-321.86999
-321.87454
-321.87982
-321.88587
-321.89273
-321.9004
-321.90886
-321.91807
-321.92803
-321.93871
-321.95013
-321.96231
-321.97528
-321.98908
-322.00377
-322.01938
-322.03592
-322.05333
-322.07149
-322.09008
-322.10857
-322.12615
-322.14161
-322.15331
-322.15972
-322.15813
-322.14654
-322.1232
-322.08713
-322.0387
-321.97981
-321.91375
-321.84447
-321.77584
-321.7109
-321.65168
-321.59921
-321.55376
-321.51506
-321.48254
-321.45546
-321.43307
-321.41463
-321.39948
-321.38703
-321.37681
-321.3684
-321.36147
-321.35574
-321.351
-321.34707
-321.34379
-321.34106
-321.33877
-321.33685
-321.33524
-321.33388
-321.33274
-321.33177
-321.33095
-321.33026
-321.32967
-321.32917
-321.32874
-321.32838
-321.32807
-321.32781
-321.32759
-321.3274
-321.32724
-321.3271
-321.32698
-321.32688
-321.32679
-321.32672
-321.32666
-321.32661
-321.32656
-321.32652
-321.32649
-321.32646
-321.32644
-321.32642
-321.3264
-321.32638
-321.32637
-321.32636
-321.32635
-321.32634
-321.32634
-321.32633
-321.32633
-321.32632
-321.32632
-321.32631
-321.32631
-321.32631
-321.32631
-321.32631
-321.3263
-321.3263
-321.3263
-321.3263
-321.3263
-321.3263
-321.3263
-321.3263
-321.3263
-321.3263
-321.3263
-321.3263
-321.3263
-321.3263
-321.3263
-321.3263
-321.3263
-321.3263
-321.3263
-321.3263
-321.3263
-321.3263
-321.3263
-321.3263
-321.3263
-321.3263
-321.3263
-321.3263
-321.3263
-321.3263
-321.3263
-321.3263
-321.3263
-321.3263
-321.3263
-321.3263
-321.3263
-321.3263
-321.3263
-321.3263
-321.3263
-321.3263
-321.3263
-321.3263
-321.3263
-321.3263
-321.3263
-321.3263
-321.3263
-321.3263
-321.3263
-321.3263
-321.3263
-321.3263
-321.3263
-321.3263
-321.3263
-321.3263
-321.3263
-321.3263
-321.3263
-321.3263
-321.3263
-321.3263
-321.3263
-321.3263
-321.3263
-321.3263
-321.3263
-321.3263
-321.3263
-321.3263
-321.3263
-321.3263
-321.3263
-321.3263
-321.3263
-321.3263
-321.3263
-321.3263
-321.3263
-321.3263
-321.3263
-321.3263
-321.3263
-321.3263
-321.3263
-321.3263
-321.3263
-321.3263
-321.3263
-321.3263
-321.3263
-321.3263
-321.3263
-321.3263
-321.3263
-321.3263
-321.3263
-321.3263
-321.3263
-321.3263
-321.3263
-321.3263
-321.3263
-321.3263
-321.3263
-321.3263
-321.3263
-321.3263
-318.05936
-318.4121
-319.4057
-320.44854
-321.16503
-321.52814
-321.6785
-321.73484
-321.7588
-321.77151
-321.78017
-321.78752
-321.79413
-321.80004
-321.80561
-321.81108
-321.81649
-321.82163
-321.82643
-321.83093
-321.83511
-321.83895
-321.84251
-321.84584
-321.84897
-321.85196
-321.85491
-321.85793
-321.86114
-321.86465
-321.86849
-321.87282
-321.87772
-321.88325
-321.88946
-321.89637
-321.90399
-321.91231
-321.92133
-321.93102
-321.94138
-321.95239
-321.96406
-321.97638
-321.98936
-322.00298
-322.01721
-322.03198
-322.04714
-322.06245
-322.07753
-322.0918
-322.10449
-322.11455
-322.12078
-322.12143
-322.11511
-322.10037
-322.07614
-322.04203
-321.99857
-321.94727
-321.89049
-321.83102
-321.77158
-321.71448
-321.66136
-321.61321
-321.57048
-321.53317
-321.50101
-321.47355
-321.45027
-321.43063
-321.41412
-321.40026
-321.38864
-321.37889
-321.37071
-321.36385
-321.35808
-321.35323
-321.34913
-321.34568
-321.34276
-321.3403
-321.33821
-321.33643
-321.33493
-321.33365
-321.33256
-321.33164
-321.33085
-321.33018
-321.32961
-321.32913
-321.32871
-321.32836
-321.32805
-321.3278
-321.32758
-321.32739
-321.32723
-321.32709
-321.32698
-321.32688
-321.32679
-321.32672
-321.32666
-321.32661
-321.32656
-321.32652
-321.32649
-321.32646
-321.32644
-321.32642
-321.3264
-321.32638
-321.32637
-321.32636
-321.32635
-321.32634
-321.32634
-321.32633
-321.32633
-321.32632
-321.32632
-321.32631
-321.32631
-321.32631
-321.32631
-321.32631
-321.3263
-321.3263
-321.3263
-321.3263
-321.3263
-321.3263
-321.3263
-321.3263
-321.3263
-321.3263
-321.3263
-321.3263
-321.3263
-321.3263
-321.3263
-321.3263
-321.3263
-321.3263
-321.3263
-321.3263
-321.3263
-321.3263
-321.3263
-321.3263
-321.3263
-321.3263
-321.3263
-321.3263
-321.3263
-321.3263
-321.3263
-321.3263
-321.3263
-321.3263
-321.3263
-321.3263
-321.3263
-321.3263
-321.3263
-321.3263
-321.3263
-321.3263
-321.3263
-321.3263
-321.3263
-321.3263
-321.3263
-321.3263
-321.3263
-321.3263
-321.3263
-321.3263
-321.3263
-321.3263
-321.3263
-321.3263
-321.3263
-321.3263
-321.3263
-321.3263
-321.3263
-321.3263
-321.3263
-321.3263
-321.3263
-321.3263
-321.3263
-321.3263
-321.3263
-321.3263
-321.3263
-321.3263
-321.3263
-321.3263
-321.3263
-321.3263
-321.3263
-321.3263
-321.3263
-321.3263
-321.3263
-321.3263
-321.3263
-321.3263
-321.3263
-321.3263
-321.3263
-321.3263
-321.3263
-321.3263
-321.3263
-321.3263
-321.3263
-321.3263
-321.3263
-321.3263
-321.3263
-321.3263
-321.3263
-321.3263
-321.3263
-321.3263
-321.3263
-321.3263
-321.3263
-321.3263
-321.3263
-321.3263
-320.47525
-320.69038
-321.11844
-321.49065
-321.65769
-321.71635
-321.74259
-321.75883
-321.76962
-321.77673
-321.78176
-321.78604
-321.79038
-321.79517
-321.80043
-321.80591
-321.81147
-321.81694
-321.82221
-321.82721
-321.83189
-321.83627
-321.84037
-321.84423
-321.84789
-321.85143
-321.85493
-321.85848
-321.86218
-321.86611
-321.87041
-321.87511
-321.8803
-321.88604
-321.89238
-321.89933
-321.90692
-321.91514
-321.92399
-321.93344
-321.94349
-321.95412
-321.9653
-321.977
-321.9892
-322.00182
-322.01478
-322.02794
-322.04111
-322.05398
-322.06612
-322.07697
-322.08581
-322.09174
-322.09375
-322.09054
-322.0811
-322.06448
-322.04007
-322.00779
-321.96819
-321.92249
-321.87245
-321.82012
-321.76751
-321.71638
-321.66808
-321.62352
-321.58321
-321.5473
-321.51571
-321.48819
-321.4644
-321.44395
-321.42645
-321.41151
-321.39878
-321.38796
-321.37876
-321.37095
-321.36431
-321.35867
-321.35387
-321.3498
-321.34633
-321.34338
-321.34086
-321.33872
-321.3369
-321.33534
-321.33402
-321.33289
-321.33192
-321.3311
-321.3304
-321.3298
-321.32929
-321.32885
-321.32848
-321.32816
-321.32789
-321.32765
-321.32746
-321.32729
-321.32714
-321.32702
-321.32691
-321.32682
-321.32675
-321.32668
-321.32663
-321.32658
-321.32654
-321.3265
-321.32647
-321.32645
-321.32642
-321.32641
-321.32639
-321.32638
-321.32637
-321.32636
-321.32635
-321.32634
-321.32633
-321.32633
-321.32632
-321.32632
-321.32632
-321.32631
-321.32631
-321.32631
-321.32631
-321.32631
-321.3263
-321.3263
-321.3263
-321.3263
-321.3263
-321.3263
-321.3263
-321.3263
-321.3263
-321.3263
-321.3263
-321.3263
-321.3263
-321.3263
-321.3263
-321.3263
-321.3263
-321.3263
-321.3263
-321.3263
-321.3263
-321.3263
-321.3263
-321.3263
-321.3263
-321.3263
-321.3263
-321.3263
-321.3263
-321.3263
-321.3263
-321.3263
-321.3263
-321.3263
-321.3263
-321.3263
-321.3263
-321.3263
-321.3263
-321.3263
-321.3263
-321.3263
-321.3263
-321.3263
-321.3263
-321.3263
-321.3263
-321.3263
-321.3263
-321.3263
-321.3263
-321.3263
-321.3263
-321.3263
-321.3263
-321.3263
-321.3263
-321.3263
-321.3263
-321.3263
-321.3263
-321.3263
-321.3263
-321.3263
-321.3263
-321.3263
-321.3263
-321.3263
-321.3263
-321.3263
-321.3263
-321.3263
-321.3263
-321.3263
-321.3263
-321.3263
-321.3263
-321.3263
-321.3263
-321.3263
-321.3263
-321.3263
-321.3263
-321.3263
-321.3263
-321.3263
-321.3263
-321.3263
-321.3263
-321.3263
-321.3263
-321.3263
-321.3263
-321.3263
-321.3263
-321.3263
-321.3263
-321.3263
-321.3263
-321.3263
-321.3263
-321.3263
-321.3263
-321.3263
-321.3263
-321.3263
-321.41626
-321.4704
-321.57504
-321.6705
-321.71384
-321.73895
-321.75851
-321.77209
-321.77921
-321.78167
-321.78258
-321.78404
-321.78674
-321.79063
-321.79549
-321.80099
-321.80681
-321.81268
-321.81841
-321.82389
-321.82906
-321.83393
-321.83851
-321.84283
-321.84696
-321.85096
-321.85491
-321.8589
-321.86301
-321.86732
-321.87195
-321.87694
-321.88236
-321.88827
-321.89471
-321.90171
-321.90928
-321.91741
-321.92611
-321.93536
-321.94513
-321.9554
-321.96614
-321.97728
-321.98877
-322.0005
-322.01235
-322.02413
-322.0356
-322.04644
-322.05621
-322.06437
-322.07024
-322.07308
-322.07202
-322.06612
-322.05463
-322.03692
-322.01266
-321.98194
-321.94529
-321.90371
-321.85858
-321.81145
-321.76388
-321.71725
-321.6727
-321.63103
-321.59276
-321.55813
-321.52718
-321.49978
-321.47573
-321.45474
-321.43653
-321.42079
-321.40722
-321.39555
-321.38554
-321.37695
-321.3696
-321.36331
-321.35793
-321.35332
-321.34939
-321.34603
-321.34316
-321.3407
-321.3386
-321.33681
-321.33528
-321.33397
-321.33285
-321.3319
-321.33108
-321.33038
-321.32979
-321.32928
-321.32884
-321.32847
-321.32816
-321.32788
-321.32765
-321.32745
-321.32729
-321.32714
-321.32702
-321.32691
-321.32682
-321.32675
-321.32668
-321.32663
-321.32658
-321.32654
-321.3265
-321.32647
-321.32645
-321.32643
-321.32641
-321.32639
-321.32638
-321.32637
-321.32636
-321.32635
-321.32634
-321.32633
-321.32633
-321.32632
-321.32632
-321.32632
-321.32631
-321.32631
-321.32631
-321.32631
-321.32631
-321.3263
-321.3263
-321.3263
-321.3263
-321.3263
-321.3263
-321.3263
-321.3263
-321.3263
-321.3263
-321.3263
-321.3263
-321.3263
-321.3263
-321.3263
-321.3263
-321.3263
-321.3263
-321.3263
-321.3263
-321.3263
-321.3263
-321.3263
-321.3263
-321.3263
-321.3263
-321.3263
-321.3263
-321.3263
-321.3263
-321.3263
-321.3263
-321.3263
-321.3263
-321.3263
-321.3263
-321.3263
-321.3263
-321.3263
-321.3263
-321.3263
-321.3263
-321.3263
-321.3263
-321.3263
-321.3263
-321.3263
-321.3263
-321.3263
-321.3263
-321.3263
-321.3263
-321.3263
-321.3263
-321.3263
-321.3263
-321.3263
-321.3263
-321.3263
-321.3263
-321.3263
-321.3263
-321.3263
-321.3263
-321.3263
-321.3263
-321.3263
-321.3263
-321.3263
-321.3263
-321.3263
-321.3263
-321.3263
-321.3263
-321.3263
-321.3263
-321.3263
-321.3263
-321.3263
-321.3263
-321.3263
-321.3263
-321.3263
-321.3263
-321.3263
-321.3263
-321.3263
-321.3263
-321.3263
-321.3263
-321.3263
-321.3263
-321.3263
-321.3263
-321.3263
-321.3263
-321.3263
-321.3263
-321.3263
-321.3263
-321.3263
-321.3263
-321.3263
-321.3263
-321.3263
-321.70643
-321.70642
-321.70588
-321.71175
-321.72981
-321.75391
-321.77389
-321.78717
-321.79139
-321.78822
-321.78352
-321.78122
-321.78208
-321.78541
-321.79031
-321.79613
-321.80239
-321.80875
-321.81498
-321.82095
-321.8266
-321.83192
-321.83692
-321.84164
-321.84616
-321.85054
-321.85485
-321.85919
-321.86362
-321.86824
-321.87313
-321.87835
-321.88395
-321.89
-321.89652
-321.90355
-321.9111
-321.91917
-321.92775
-321.93682
-321.94636
-321.95633
-321.96668
-321.97735
-321.98823
-321.99922
-322.01014
-322.02079
-322.03091
-322.04015
-322.04807
-322.05417
-322.05784
-322.0584
-322.05517
-322.04743
-322.03459
-322.01626
-321.99227
-321.9628
-321.92835
-321.88976
-321.84816
-321.80477
-321.76085
-321.71755
-321.67582
-321.63639
-321.59975
-321.56619
-321.53583
-321.50863
-321.48447
-321.46315
-321.44445
-321.42813
-321.41393
-321.40163
-321.39098
-321.3818
-321.37389
-321.36708
-321.36123
-321.35621
-321.3519
-321.34821
-321.34504
-321.34233
-321.34001
-321.33802
-321.33632
-321.33487
-321.33362
-321.33256
-321.33165
-321.33087
-321.3302
-321.32964
-321.32915
-321.32873
-321.32838
-321.32808
-321.32782
-321.32759
-321.32741
-321.32724
-321.32711
-321.32699
-321.32689
-321.3268
-321.32673
-321.32667
-321.32661
-321.32657
-321.32653
-321.32649
-321.32647
-321.32644
-321.32642
-321.3264
-321.32639
-321.32637
-321.32636
-321.32635
-321.32634
-321.32634
-321.32633
-321.32633
-321.32632
-321.32632
-321.32632
-321.32631
-321.32631
-321.32631
-321.32631
-321.3263
-321.3263
-321.3263
-321.3263
-321.3263
-321.3263
-321.3263
-321.3263
-321.3263
-321.3263
-321.3263
-321.3263
-321.3263
-321.3263
-321.3263
-321.3263
-321.3263
-321.3263
-321.3263
-321.3263
-321.3263
-321.3263
-321.3263
-321.3263
-321.3263
-321.3263
-321.3263
-321.3263
-321.3263
-321.3263
-321.3263
-321.3263
-321.3263
-321.3263
-321.3263
-321.3263
-321.3263
-321.3263
-321.3263
-321.3263
-321.3263
-321.3263
-321.3263
-321.3263
-321.3263
-321.3263
-321.3263
-321.3263
-321.3263
-321.3263
-321.3263
-321.3263
-321.3263
-321.3263
-321.3263
-321.3263
-321.3263
-321.3263
-321.3263
-321.3263
-321.3263
-321.3263
-321.3263
-321.3263
-321.3263
-321.3263
-321.3263
-321.3263
-321.3263
-321.3263
-321.3263
-321.3263
-321.3263
-321.3263
-321.3263
-321.3263
-321.3263
-321.3263
-321.3263
-321.3263
-321.3263
-321.3263
-321.3263
-321.3263
-321.3263
-321.3263
-321.3263
-321.3263
-321.3263
-321.3263
-321.3263
-321.3263
-321.3263
-321.3263
-321.3263
-321.3263
-321.3263
-321.3263
-321.3263
-321.3263
-321.3263
-321.3263
-321.3263
-321.3263
-321.3263
-321.70984
-321.71125
-321.71382
-321.72023
-321.73709
-321.76148
-321.78525
-321.79911
-321.80024
-321.7907
-321.78041
-321.77519
-321.77493
-321.77838
-321.7841
-321.79085
-321.79796
-321.80504
-321.8119
-321.81841
-321.82452
-321.83025
-321.83562
-321.84068
-321.84551
-321.85019
-321.85478
-321.85938
-321.86407
-321.86891
-321.87399
-321.87938
-321.88512
-321.89127
-321.89786
-321.90491
-321.91245
-321.92046
-321.92895
-321.93788
-321.94724
-321.95697
-321.96702
-321.97731
-321.98772
-321.99813
-322.00835
-322.01815
-322.02724
-322.03529
-322.04187
-322.04649
-322.04859
-322.04758
-322.04286
-322.03388
-322.02019
-322.00152
-321.9778
-321.94925
-321.91636
-321.87985
-321.84068
-321.79989
-321.75852
-321.71756
-321.67784
-321.64003
-321.60462
-321.57189
-321.54202
-321.51502
-321.49083
-321.46931
-321.45029
-321.43357
-321.41894
-321.40617
-321.39508
-321.38545
-321.37713
-321.36994
-321.36374
-321.3584
-321.35381
-321.34987
-321.34648
-321.34358
-321.34109
-321.33895
-321.33712
-321.33555
-321.33421
-321.33307
-321.33208
-321.33124
-321.33052
-321.32991
-321.32938
-321.32893
-321.32855
-321.32822
-321.32794
-321.3277
-321.3275
-321.32732
-321.32717
-321.32705
-321.32694
-321.32684
-321.32676
-321.3267
-321.32664
-321.32659
-321.32655
-321.32651
-321.32648
-321.32645
-321.32643
-321.32641
-321.32639
-321.32638
-321.32637
-321.32636
-321.32635
-321.32634
-321.32633
-321.32633
-321.32632
-321.32632
-321.32632
-321.32631
-321.32631
-321.32631
-321.32631
-321.32631
-321.3263
-321.3263
-321.3263
-321.3263
-321.3263
-321.3263
-321.3263
-321.3263
-321.3263
-321.3263
-321.3263
-321.3263
-321.3263
-321.3263
-321.3263
-321.3263
-321.3263
-321.3263
-321.3263
-321.3263
-321.3263
-321.3263
-321.3263
-321.3263
-321.3263
-321.3263
-321.3263
-321.3263
-321.3263
-321.3263
-321.3263
-321.3263
-321.3263
-321.3263
-321.3263
-321.3263
-321.3263
-321.3263
-321.3263
-321.3263
-321.3263
-321.3263
-321.3263
-321.3263
-321.3263
-321.3263
-321.3263
-321.3263
-321.3263
-321.3263
-321.3263
-321.3263
-321.3263
-321.3263
-321.3263
-321.3263
-321.3263
-321.3263
-321.3263
-321.3263
-321.3263
-321.3263
-321.3263
-321.3263
-321.3263
-321.3263
-321.3263
-321.3263
-321.3263
-321.3263
-321.3263
-321.3263
-321.3263
-321.3263
-321.3263
-321.3263
-321.3263
-321.3263
-321.3263
-321.3263
-321.3263
-321.3263
-321.3263
-321.3263
-321.3263
-321.3263
-321.3263
-321.3263
-321.3263
-321.3263
-321.3263
-321.3263
-321.3263
-321.3263
-321.3263
-321.3263
-321.3263
-321.3263
-321.3263
-321.3263
-321.3263
-321.3263
-321.3263
-321.3263
-321.71257
-321.71444
-321.71864
-321.72664
-321.74084
-321.76139
-321.78208
-321.7948
-321.79524
-321.78495
-321.77403
-321.76923
-321.76878
-321.77159
-321.77764
-321.78529
-321.79342
-321.80147
-321.80911
-321.81623
-321.82282
-321.82892
-321.8346
-321.83993
-321.845
-321.84989
-321.85469
-321.85947
-321.86433
-321.86933
-321.87455
-321.88006
-321.8859
-321.89212
-321.89876
-321.90584
-321.91337
-321.92135
-321.92977
-321.93862
-321.94785
-321.95742
-321.96726
-321.97728
-321.98737
-321.99738
-322.00711
-322.01633
-322.02475
-322.032
-322.03769
-322.04134
-322.04243
-322.04042
-322.03476
-322.02501
-322.01083
-321.99198
-321.96847
-321.94054
-321.90865
-321.87346
-321.83583
-321.79666
-321.75691
-321.71744
-321.67902
-321.64227
-321.60766
-321.57551
-321.54598
-321.51913
-321.49495
-321.47333
-321.45412
-321.43715
-321.42224
-321.40918
-321.39779
-321.38789
-321.37929
-321.37185
-321.36542
-321.35988
-321.3551
-321.35099
-321.34745
-321.34442
-321.34181
-321.33958
-321.33766
-321.33602
-321.33461
-321.33341
-321.33238
-321.33149
-321.33074
-321.33009
-321.32954
-321.32907
-321.32867
-321.32832
-321.32803
-321.32778
-321.32756
-321.32738
-321.32722
-321.32708
-321.32697
-321.32687
-321.32679
-321.32672
-321.32666
-321.3266
-321.32656
-321.32652
-321.32649
-321.32646
-321.32644
-321.32642
-321.3264
-321.32638
-321.32637
-321.32636
-321.32635
-321.32634
-321.32634
-321.32633
-321.32633
-321.32632
-321.32632
-321.32631
-321.32631
-321.32631
-321.32631
-321.32631
-321.3263
-321.3263
-321.3263
-321.3263
-321.3263
-321.3263
-321.3263
-321.3263
-321.3263
-321.3263
-321.3263
-321.3263
-321.3263
-321.3263
-321.3263
-321.3263
-321.3263
-321.3263
-321.3263
-321.3263
-321.3263
-321.3263
-321.3263
-321.3263
-321.3263
-321.3263
-321.3263
-321.3263
-321.3263
-321.3263
-321.3263
-321.3263
-321.3263
-321.3263
-321.3263
-321.3263
-321.3263
-321.3263
-321.3263
-321.3263
-321.3263
-321.3263
-321.3263
-321.3263
-321.3263
-321.3263
-321.3263
-321.3263
-321.3263
-321.3263
-321.3263
-321.3263
-321.3263
-321.3263
-321.3263
-321.3263
-321.3263
-321.3263
-321.3263
-321.3263
-321.3263
-321.3263
-321.3263
-321.3263
-321.3263
-321.3263
-321.3263
-321.3263
-321.3263
-321.3263
-321.3263
-321.3263
-321.3263
-321.3263
-321.3263
-321.3263
-321.3263
-321.3263
-321.3263
-321.3263
-321.3263
-321.3263
-321.3263
-321.3263
-321.3263
-321.3263
-321.3263
-321.3263
-321.3263
-321.3263
-321.3263
-321.3263
-321.3263
-321.3263
-321.3263
-321.3263
-321.3263
-321.3263
-321.3263
-321.3263
-321.3263
-321.3263
-321.3263
-321.3263
-321.71342
-321.71522
-321.71971
-321.72779
-321.74055
-321.75689
-321.77292
-321.78306
-321.78512
-321.77988
-321.77265
-321.76863
-321.76823
-321.77095
-321.77625
-321.78329
-321.79122
-321.79933
-321.8072
-321.81462
-321.82152
-321.8279
-321.83382
-321.83937
-321.84462
-321.84968
-321.85462
-321.85954
-321.86451
-321.86962
-321.87493
-321.88051
-321.88641
-321.89267
-321.89934
-321.90643
-321.91395
-321.92191
-321.9303
-321.93908
-321.94824
-321.95771
-321.96742
-321.97729
-321.98718
-321.99695
-322.0064
-322.01527
-322.02329
-322.03009
-322.03529
-322.03843
-322.03901
-322.03656
-322.03058
-322.02058
-322.00619
-321.98729
-321.9639
-321.93627
-321.90487
-321.87032
-321.83343
-321.79505
-321.75608
-321.71733
-321.67955
-321.64332
-321.60911
-321.57724
-321.54789
-321.52113
-321.49696
-321.47529
-321.456
-321.43892
-321.42387
-321.41067
-321.39914
-321.38909
-321.38037
-321.3728
-321.36626
-321.36061
-321.35574
-321.35154
-321.34794
-321.34484
-321.34217
-321.33989
-321.33793
-321.33625
-321.33481
-321.33358
-321.33252
-321.33162
-321.33085
-321.33019
-321.32962
-321.32914
-321.32872
-321.32837
-321.32807
-321.32781
-321.32759
-321.3274
-321.32724
-321.3271
-321.32699
-321.32689
-321.3268
-321.32673
-321.32667
-321.32661
-321.32657
-321.32653
-321.32649
-321.32646
-321.32644
-321.32642
-321.3264
-321.32639
-321.32637
-321.32636
-321.32635
-321.32634
-321.32634
-321.32633
-321.32633
-321.32632
-321.32632
-321.32632
-321.32631
-321.32631
-321.32631
-321.32631
-321.3263
-321.3263
-321.3263
-321.3263
-321.3263
-321.3263
-321.3263
-321.3263
-321.3263
-321.3263
-321.3263
-321.3263
-321.3263
-321.3263
-321.3263
-321.3263
-321.3263
-321.3263
-321.3263
-321.3263
-321.3263
-321.3263
-321.3263
-321.3263
-321.3263
-321.3263
-321.3263
-321.3263
-321.3263
-321.3263
-321.3263
-321.3263
-321.3263
-321.3263
-321.3263
-321.3263
-321.3263
-321.3263
-321.3263
-321.3263
-321.3263
-321.3263
-321.3263
-321.3263
-321.3263
-321.3263
-321.3263
-321.3263
-321.3263
-321.3263
-321.3263
-321.3263
-321.3263
-321.3263
-321.3263
-321.3263
-321.3263
-321.3263
-321.3263
-321.3263
-321.3263
-321.3263
-321.3263
-321.3263
-321.3263
-321.3263
-321.3263
-321.3263
-321.3263
-321.3263
-321.3263
-321.3263
-321.3263
-321.3263
-321.3263
-321.3263
-321.3263
-321.3263
-321.3263
-321.3263
-321.3263
-321.3263
-321.3263
-321.3263
-321.3263
-321.3263
-321.3263
-321.3263
-321.3263
-321.3263
-321.3263
-321.3263
-321.3263
-321.3263
-321.3263
-321.3263
-321.3263
-321.3263
-321.3263
-321.3263
-321.3263
-321.3263
-321.3263
-321.3263
)
;

boundaryField
{
    leftWall
    {
        type            fixedFluxPressure;
        gradient        uniform 0;
        value           nonuniform List<scalar> 
20
(
17.520637
17.213366
16.61789
15.779211
14.774396
13.726345
12.696439
7.6954543
-34.050244
-141.19618
-242.82156
-293.27008
-311.65421
-318.05936
-320.47525
-321.41626
-321.70643
-321.70984
-321.71257
-321.71342
)
;
    }
    rightWall
    {
        type            fixedFluxPressure;
        gradient        uniform 0;
        value           uniform -321.3263;
    }
    lowerWall
    {
        type            fixedFluxPressure;
        gradient        uniform 0;
        value           nonuniform List<scalar> 
240
(
17.520637
17.804974
16.901556
14.939815
12.168976
8.7501656
4.729785
0.10859053
-5.1145772
-10.940199
-17.366537
-24.384371
-31.976179
-40.118072
-48.779789
-57.922358
-67.495697
-77.437043
-87.669672
-98.102246
-108.62982
-119.13703
-129.50334
-139.61028
-149.34954
-158.63031
-167.38448
-175.56846
-183.1627
-190.16848
-196.60123
-202.48516
-207.85223
-212.74149
-217.19732
-221.26964
-225.00661
-228.45402
-231.6626
-234.68803
-237.59079
-240.43755
-243.30438
-246.2789
-249.4578
-252.93715
-256.79846
-261.09636
-265.84853
-271.02706
-276.55171
-282.28592
-288.04449
-293.62198
-298.83022
-303.53775
-307.64418
-310.97104
-313.8207
-316.35964
-318.24641
-319.3872
-319.95591
-320.22996
-320.40395
-320.54491
-320.66403
-320.76862
-320.85907
-320.93556
-320.99964
-321.05299
-321.0973
-321.13409
-321.16467
-321.19013
-321.21138
-321.22916
-321.24407
-321.25661
-321.26716
-321.27607
-321.2836
-321.28998
-321.29538
-321.29997
-321.30386
-321.30717
-321.30999
-321.31239
-321.31443
-321.31617
-321.31765
-321.31892
-321.32
-321.32092
-321.3217
-321.32237
-321.32294
-321.32343
-321.32385
-321.3242
-321.32451
-321.32477
-321.32499
-321.32518
-321.32534
-321.32548
-321.3256
-321.3257
-321.32579
-321.32586
-321.32592
-321.32598
-321.32603
-321.32606
-321.3261
-321.32613
-321.32615
-321.32617
-321.32619
-321.32621
-321.32622
-321.32623
-321.32624
-321.32625
-321.32626
-321.32626
-321.32627
-321.32627
-321.32627
-321.32628
-321.32628
-321.32628
-321.32628
-321.32629
-321.32629
-321.32629
-321.32629
-321.32629
-321.32629
-321.32629
-321.32629
-321.32629
-321.32629
-321.32629
-321.32629
-321.32629
-321.3263
-321.3263
-321.3263
-321.3263
-321.3263
-321.3263
-321.3263
-321.3263
-321.3263
-321.3263
-321.3263
-321.3263
-321.3263
-321.3263
-321.3263
-321.3263
-321.3263
-321.3263
-321.3263
-321.3263
-321.3263
-321.3263
-321.3263
-321.3263
-321.3263
-321.3263
-321.3263
-321.3263
-321.3263
-321.3263
-321.3263
-321.3263
-321.3263
-321.3263
-321.3263
-321.3263
-321.3263
-321.3263
-321.3263
-321.3263
-321.3263
-321.3263
-321.3263
-321.3263
-321.3263
-321.3263
-321.3263
-321.3263
-321.3263
-321.3263
-321.3263
-321.3263
-321.3263
-321.3263
-321.3263
-321.3263
-321.3263
-321.3263
-321.3263
-321.3263
-321.3263
-321.3263
-321.3263
-321.3263
-321.3263
-321.3263
-321.3263
-321.3263
-321.3263
-321.3263
-321.3263
-321.3263
-321.3263
-321.3263
-321.3263
-321.3263
-321.3263
-321.3263
-321.3263
-321.3263
-321.3263
-321.3263
-321.3263
-321.3263
-321.3263
-321.3263
-321.3263
-321.3263
-321.3263
-321.3263
-321.3263
-321.3263
)
;
    }
    atmosphere
    {
        type            fixedFluxPressure;
        gradient        uniform 0;
        value           nonuniform List<scalar> 
240
(
-321.71342
-321.71522
-321.71971
-321.72779
-321.74055
-321.75689
-321.77292
-321.78306
-321.78512
-321.77988
-321.77265
-321.76863
-321.76823
-321.77095
-321.77625
-321.78329
-321.79122
-321.79933
-321.8072
-321.81462
-321.82152
-321.8279
-321.83382
-321.83937
-321.84462
-321.84968
-321.85462
-321.85954
-321.86451
-321.86962
-321.87493
-321.88051
-321.88641
-321.89267
-321.89934
-321.90643
-321.91395
-321.92191
-321.9303
-321.93908
-321.94824
-321.95771
-321.96742
-321.97729
-321.98718
-321.99695
-322.0064
-322.01527
-322.02329
-322.03009
-322.03529
-322.03843
-322.03901
-322.03656
-322.03058
-322.02058
-322.00619
-321.98729
-321.9639
-321.93627
-321.90487
-321.87032
-321.83343
-321.79505
-321.75608
-321.71733
-321.67955
-321.64332
-321.60911
-321.57724
-321.54789
-321.52113
-321.49696
-321.47529
-321.456
-321.43892
-321.42387
-321.41067
-321.39914
-321.38909
-321.38037
-321.3728
-321.36626
-321.36061
-321.35574
-321.35154
-321.34794
-321.34484
-321.34217
-321.33989
-321.33793
-321.33625
-321.33481
-321.33358
-321.33252
-321.33162
-321.33085
-321.33019
-321.32962
-321.32914
-321.32872
-321.32837
-321.32807
-321.32781
-321.32759
-321.3274
-321.32724
-321.3271
-321.32699
-321.32689
-321.3268
-321.32673
-321.32667
-321.32661
-321.32657
-321.32653
-321.32649
-321.32646
-321.32644
-321.32642
-321.3264
-321.32639
-321.32637
-321.32636
-321.32635
-321.32634
-321.32634
-321.32633
-321.32633
-321.32632
-321.32632
-321.32632
-321.32631
-321.32631
-321.32631
-321.32631
-321.3263
-321.3263
-321.3263
-321.3263
-321.3263
-321.3263
-321.3263
-321.3263
-321.3263
-321.3263
-321.3263
-321.3263
-321.3263
-321.3263
-321.3263
-321.3263
-321.3263
-321.3263
-321.3263
-321.3263
-321.3263
-321.3263
-321.3263
-321.3263
-321.3263
-321.3263
-321.3263
-321.3263
-321.3263
-321.3263
-321.3263
-321.3263
-321.3263
-321.3263
-321.3263
-321.3263
-321.3263
-321.3263
-321.3263
-321.3263
-321.3263
-321.3263
-321.3263
-321.3263
-321.3263
-321.3263
-321.3263
-321.3263
-321.3263
-321.3263
-321.3263
-321.3263
-321.3263
-321.3263
-321.3263
-321.3263
-321.3263
-321.3263
-321.3263
-321.3263
-321.3263
-321.3263
-321.3263
-321.3263
-321.3263
-321.3263
-321.3263
-321.3263
-321.3263
-321.3263
-321.3263
-321.3263
-321.3263
-321.3263
-321.3263
-321.3263
-321.3263
-321.3263
-321.3263
-321.3263
-321.3263
-321.3263
-321.3263
-321.3263
-321.3263
-321.3263
-321.3263
-321.3263
-321.3263
-321.3263
-321.3263
-321.3263
-321.3263
-321.3263
-321.3263
-321.3263
-321.3263
-321.3263
-321.3263
-321.3263
-321.3263
-321.3263
-321.3263
-321.3263
)
;
    }
    defaultFaces
    {
        type            empty;
    }
}


// ************************************************************************* //
