/*--------------------------------*- C++ -*----------------------------------*\
| =========                 |                                                 |
| \\      /  F ield         | OpenFOAM: The Open Source CFD Toolbox           |
|  \\    /   O peration     | Version:  2606                                  |
|   \\  /    A nd           | Website:  www.openfoam.com                      |
|    \\/     M anipulation  |                                                 |
\*---------------------------------------------------------------------------*/
FoamFile
{
    version     2.0;
    format      ascii;
    arch        "LSB;label=32;scalar=64";
    class       volScalarField;
    location    "0.55";
    object      p_rgh;
}
// * * * * * * * * * * * * * * * * * * * * * * * * * * * * * * * * * * * * * //

dimensions      [1 -1 -2 0 0 0 0];

internalField   nonuniform List<scalar> 
3000
(
14.0021
13.9593
13.8693
13.7605
13.7003
13.7016
13.7652
13.8436
13.8966
13.9024
13.8616
13.7911
13.7138
13.6546
13.6333
13.6499
13.6912
13.7371
13.7708
13.7862
13.7873
13.7805
13.771
13.7627
13.7562
13.7495
13.7404
13.7272
13.709
13.6858
13.6582
13.627
13.5929
13.5567
13.5189
13.4799
13.4401
13.3997
13.3589
13.3179
13.2769
13.2357
13.1942
13.1522
13.1092
13.0647
13.0181
12.9689
12.9163
12.8597
12.7984
12.7321
12.6604
12.5838
12.5028
12.4187
12.3334
12.2492
12.1689
12.0949
12.0289
11.9713
11.9209
11.8751
11.8294
11.7791
11.7195
11.6477
11.5629
11.4672
11.3643
11.2587
11.1534
11.0497
10.9469
12.7839
12.4697
12.2879
12.0209
11.7368
11.5422
11.4704
11.4824
11.5178
11.5275
11.4927
11.4326
11.3854
11.3982
11.4923
11.633
11.7789
11.8956
11.9609
11.9762
11.9667
11.942
11.9148
11.8939
11.879
11.8655
11.8494
11.8276
11.7985
11.7626
11.7213
11.6762
11.6283
11.5785
11.5272
11.475
11.4222
11.369
11.3157
11.2624
11.209
11.1554
11.1011
11.0457
10.9885
10.9288
10.866
10.7992
10.7278
10.6512
10.5688
10.4805
10.3864
10.2873
10.1839
10.078
9.97132
9.86621
9.76482
9.66889
9.57916
9.49469
9.41243
9.32716
9.23253
9.12291
8.99426
8.84523
8.67855
8.50113
8.32124
8.14488
7.97477
7.81061
7.64977
-26.9665
-27.1542
-27.3028
-27.4769
-27.5574
-27.5245
-27.4212
-27.304
-27.2354
-27.2429
-27.3408
-27.5367
-27.7793
-27.9814
-28.022
-27.9469
-27.7785
-27.6045
-27.4886
-27.4469
-27.4559
-27.4845
-27.5155
-27.5336
-27.5413
-27.5479
-27.5611
-27.5878
-27.6305
-27.6881
-27.758
-27.8371
-27.9231
-28.0139
-28.108
-28.2044
-28.3023
-28.4011
-28.5002
-28.5993
-28.6978
-28.796
-28.8941
-28.993
-29.0939
-29.1983
-29.3079
-29.4248
-29.5511
-29.6891
-29.8409
-30.0081
-30.1914
-30.3903
-30.6024
-30.8234
-31.0469
-31.2645
-31.467
-31.6458
-31.7946
-31.9108
-31.9963
-32.06
-32.1168
-32.1844
-32.2804
-32.4176
-32.5997
-32.819
-33.06
-33.3061
-33.5456
-33.7743
-33.9947
-48.7415
-48.7405
-48.7405
-48.7401
-48.7398
-48.7396
-48.7395
-48.7395
-48.7395
-48.7393
-48.7385
-48.7368
-48.7355
-48.7355
-48.7365
-48.738
-48.7393
-48.74
-48.7402
-48.7404
-48.7406
-48.7408
-48.7411
-48.7413
-48.7415
-48.7416
-48.7417
-48.7418
-48.7419
-48.742
-48.7421
-48.7422
-48.7423
-48.7424
-48.7426
-48.7428
-48.7429
-48.7431
-48.7433
-48.7435
-48.7437
-48.7438
-48.7438
-48.7437
-48.7436
-48.7433
-48.7429
-48.7424
-48.7417
-48.7411
-48.7404
-48.7399
-48.7398
-48.7403
-48.7416
-48.744
-48.7478
-48.7529
-48.7591
-48.7658
-48.7719
-48.7766
-48.779
-48.7787
-48.7761
-48.7721
-48.7678
-48.7639
-48.7608
-48.7585
-48.7571
-48.7564
-48.7563
-48.7573
-48.7601
-48.7403
-48.7401
-48.7401
-48.7399
-48.7398
-48.7397
-48.7397
-48.7396
-48.7395
-48.7392
-48.7385
-48.7368
-48.7335
-48.733
-48.7344
-48.7365
-48.7391
-48.7399
-48.7401
-48.7402
-48.7403
-48.7406
-48.7409
-48.7412
-48.7414
-48.7415
-48.7416
-48.7417
-48.7419
-48.742
-48.7421
-48.7422
-48.7423
-48.7425
-48.7427
-48.7428
-48.743
-48.7432
-48.7434
-48.7436
-48.7437
-48.7438
-48.7438
-48.7438
-48.7436
-48.7433
-48.743
-48.7426
-48.742
-48.7415
-48.741
-48.7407
-48.7407
-48.7413
-48.7426
-48.7451
-48.7488
-48.754
-48.7603
-48.7674
-48.7741
-48.7794
-48.7821
-48.7817
-48.7783
-48.7731
-48.7682
-48.7641
-48.7607
-48.7578
-48.7553
-48.7541
-48.7543
-48.7561
-48.7598
-48.7404
-48.7403
-48.7402
-48.7401
-48.7401
-48.74
-48.74
-48.74
-48.74
-48.74
-48.7397
-48.7336
-48.7314
-48.7311
-48.7315
-48.736
-48.7405
-48.7405
-48.7402
-48.7399
-48.7401
-48.7404
-48.7413
-48.7416
-48.7417
-48.7418
-48.7419
-48.7421
-48.7422
-48.7423
-48.7424
-48.7426
-48.7427
-48.7429
-48.743
-48.7432
-48.7434
-48.7436
-48.7437
-48.7439
-48.744
-48.7441
-48.7442
-48.7441
-48.744
-48.7439
-48.7436
-48.7433
-48.7429
-48.7426
-48.7423
-48.7422
-48.7425
-48.7432
-48.7447
-48.7472
-48.7509
-48.7558
-48.7619
-48.7685
-48.7748
-48.7797
-48.7819
-48.7811
-48.7773
-48.7723
-48.7673
-48.7634
-48.7606
-48.7587
-48.7576
-48.7567
-48.7565
-48.7579
-48.7613
-48.7403
-48.7403
-48.7403
-48.7402
-48.7402
-48.7402
-48.7401
-48.7402
-48.7401
-48.7402
-48.7404
-48.7356
-48.7328
-48.7352
-48.7398
-48.7407
-48.7407
-48.7408
-48.7403
-48.7401
-48.7403
-48.7413
-48.7416
-48.7417
-48.7418
-48.742
-48.7421
-48.7422
-48.7424
-48.7425
-48.7426
-48.7428
-48.7429
-48.7431
-48.7433
-48.7434
-48.7436
-48.7438
-48.744
-48.7441
-48.7443
-48.7444
-48.7444
-48.7445
-48.7444
-48.7444
-48.7442
-48.7441
-48.744
-48.7439
-48.7438
-48.744
-48.7445
-48.7453
-48.7468
-48.7491
-48.7523
-48.7565
-48.7615
-48.7668
-48.7719
-48.7757
-48.7777
-48.7774
-48.7751
-48.7715
-48.7679
-48.7647
-48.762
-48.76
-48.7585
-48.7581
-48.7586
-48.7602
-48.7634
-48.7404
-48.7404
-48.7404
-48.7404
-48.7404
-48.7403
-48.7404
-48.7404
-48.7405
-48.7405
-48.7406
-48.7408
-48.7411
-48.741
-48.7409
-48.7409
-48.7409
-48.741
-48.7412
-48.7413
-48.7414
-48.7416
-48.7418
-48.7419
-48.742
-48.7422
-48.7423
-48.7425
-48.7426
-48.7427
-48.7429
-48.7431
-48.7432
-48.7434
-48.7435
-48.7437
-48.7439
-48.7441
-48.7442
-48.7444
-48.7446
-48.7447
-48.7448
-48.7449
-48.7449
-48.7449
-48.745
-48.745
-48.745
-48.7451
-48.7453
-48.7457
-48.7463
-48.7472
-48.7487
-48.7507
-48.7533
-48.7566
-48.7604
-48.7643
-48.7679
-48.7707
-48.7721
-48.7721
-48.7707
-48.7689
-48.7668
-48.7649
-48.7633
-48.7622
-48.7614
-48.7611
-48.7615
-48.7628
-48.7652
-48.7405
-48.7405
-48.7405
-48.7405
-48.7405
-48.7405
-48.7405
-48.7406
-48.7406
-48.7406
-48.7408
-48.7411
-48.7412
-48.7411
-48.7411
-48.7411
-48.7412
-48.7413
-48.7414
-48.7416
-48.7417
-48.7418
-48.742
-48.7421
-48.7422
-48.7424
-48.7425
-48.7427
-48.7428
-48.743
-48.7431
-48.7433
-48.7435
-48.7436
-48.7438
-48.744
-48.7442
-48.7443
-48.7445
-48.7447
-48.7449
-48.745
-48.7451
-48.7453
-48.7454
-48.7455
-48.7456
-48.7457
-48.7459
-48.7461
-48.7465
-48.747
-48.7477
-48.7487
-48.7501
-48.7519
-48.7541
-48.7567
-48.7595
-48.7624
-48.7651
-48.7671
-48.7684
-48.7686
-48.7681
-48.7671
-48.766
-48.7648
-48.7638
-48.7631
-48.7627
-48.7628
-48.7634
-48.7646
-48.7665
-48.7407
-48.7407
-48.7407
-48.7407
-48.7407
-48.7407
-48.7408
-48.7408
-48.7407
-48.7408
-48.741
-48.7413
-48.7413
-48.7413
-48.7413
-48.7413
-48.7414
-48.7415
-48.7416
-48.7418
-48.7419
-48.742
-48.7422
-48.7423
-48.7424
-48.7426
-48.7427
-48.7429
-48.743
-48.7432
-48.7434
-48.7435
-48.7437
-48.7439
-48.7441
-48.7442
-48.7444
-48.7446
-48.7448
-48.745
-48.7452
-48.7453
-48.7455
-48.7457
-48.7458
-48.746
-48.7462
-48.7464
-48.7467
-48.747
-48.7475
-48.748
-48.7488
-48.7498
-48.7511
-48.7527
-48.7546
-48.7567
-48.759
-48.7612
-48.7633
-48.7649
-48.766
-48.7664
-48.7664
-48.766
-48.7654
-48.7647
-48.7642
-48.7638
-48.7637
-48.764
-48.7646
-48.7657
-48.7673
-48.7408
-48.7409
-48.7409
-48.7409
-48.7409
-48.7409
-48.741
-48.741
-48.7411
-48.7411
-48.7413
-48.7414
-48.7414
-48.7415
-48.7415
-48.7415
-48.7416
-48.7417
-48.7418
-48.7419
-48.7421
-48.7422
-48.7423
-48.7425
-48.7426
-48.7428
-48.7429
-48.7431
-48.7433
-48.7434
-48.7436
-48.7438
-48.7439
-48.7441
-48.7443
-48.7445
-48.7447
-48.7449
-48.7451
-48.7453
-48.7455
-48.7457
-48.7459
-48.7461
-48.7463
-48.7465
-48.7468
-48.747
-48.7474
-48.7478
-48.7483
-48.7489
-48.7497
-48.7507
-48.7519
-48.7533
-48.7549
-48.7567
-48.7586
-48.7604
-48.762
-48.7634
-48.7644
-48.7649
-48.7651
-48.7651
-48.7649
-48.7646
-48.7644
-48.7643
-48.7644
-48.7647
-48.7654
-48.7664
-48.7677
-48.741
-48.741
-48.7411
-48.7411
-48.7411
-48.7411
-48.7412
-48.7413
-48.7414
-48.7415
-48.7416
-48.7416
-48.7416
-48.7416
-48.7417
-48.7417
-48.7418
-48.7419
-48.742
-48.7421
-48.7423
-48.7424
-48.7425
-48.7427
-48.7428
-48.743
-48.7431
-48.7433
-48.7435
-48.7436
-48.7438
-48.744
-48.7442
-48.7444
-48.7446
-48.7447
-48.745
-48.7452
-48.7454
-48.7456
-48.7458
-48.746
-48.7462
-48.7465
-48.7467
-48.747
-48.7473
-48.7476
-48.748
-48.7485
-48.749
-48.7497
-48.7505
-48.7514
-48.7525
-48.7538
-48.7552
-48.7567
-48.7583
-48.7598
-48.7612
-48.7623
-48.7632
-48.7639
-48.7642
-48.7644
-48.7644
-48.7644
-48.7644
-48.7645
-48.7648
-48.7652
-48.7659
-48.7667
-48.7679
-48.7412
-48.7412
-48.7412
-48.7412
-48.7413
-48.7413
-48.7414
-48.7414
-48.7415
-48.7416
-48.7417
-48.7417
-48.7417
-48.7418
-48.7418
-48.7419
-48.742
-48.7421
-48.7422
-48.7423
-48.7425
-48.7426
-48.7427
-48.7429
-48.743
-48.7432
-48.7433
-48.7435
-48.7437
-48.7438
-48.744
-48.7442
-48.7444
-48.7446
-48.7448
-48.745
-48.7452
-48.7454
-48.7456
-48.7459
-48.7461
-48.7464
-48.7466
-48.7469
-48.7471
-48.7474
-48.7478
-48.7481
-48.7486
-48.7491
-48.7496
-48.7503
-48.7511
-48.752
-48.753
-48.7541
-48.7554
-48.7567
-48.758
-48.7593
-48.7605
-48.7616
-48.7624
-48.7631
-48.7635
-48.7638
-48.7641
-48.7642
-48.7644
-48.7647
-48.765
-48.7655
-48.7661
-48.7669
-48.7679
-48.7414
-48.7414
-48.7414
-48.7414
-48.7414
-48.7415
-48.7415
-48.7416
-48.7417
-48.7418
-48.7418
-48.7418
-48.7419
-48.7419
-48.742
-48.7421
-48.7422
-48.7423
-48.7424
-48.7425
-48.7426
-48.7428
-48.7429
-48.7431
-48.7432
-48.7434
-48.7435
-48.7437
-48.7439
-48.7441
-48.7442
-48.7444
-48.7446
-48.7448
-48.745
-48.7452
-48.7455
-48.7457
-48.7459
-48.7462
-48.7464
-48.7467
-48.7469
-48.7472
-48.7475
-48.7479
-48.7482
-48.7486
-48.7491
-48.7496
-48.7502
-48.7508
-48.7516
-48.7524
-48.7534
-48.7544
-48.7555
-48.7567
-48.7579
-48.759
-48.76
-48.761
-48.7618
-48.7625
-48.763
-48.7634
-48.7638
-48.7641
-48.7644
-48.7647
-48.7651
-48.7657
-48.7663
-48.767
-48.7678
-48.7416
-48.7416
-48.7416
-48.7416
-48.7416
-48.7416
-48.7417
-48.7417
-48.7418
-48.7419
-48.7419
-48.742
-48.742
-48.7421
-48.7422
-48.7422
-48.7423
-48.7424
-48.7425
-48.7427
-48.7428
-48.7429
-48.7431
-48.7432
-48.7434
-48.7436
-48.7437
-48.7439
-48.7441
-48.7443
-48.7444
-48.7446
-48.7448
-48.745
-48.7453
-48.7455
-48.7457
-48.7459
-48.7462
-48.7464
-48.7467
-48.747
-48.7473
-48.7476
-48.7479
-48.7483
-48.7487
-48.7491
-48.7495
-48.7501
-48.7506
-48.7513
-48.752
-48.7528
-48.7537
-48.7547
-48.7557
-48.7567
-48.7577
-48.7587
-48.7597
-48.7606
-48.7613
-48.762
-48.7626
-48.7631
-48.7635
-48.7639
-48.7643
-48.7647
-48.7652
-48.7657
-48.7663
-48.767
-48.7677
-48.7417
-48.7417
-48.7417
-48.7417
-48.7418
-48.7418
-48.7418
-48.7419
-48.7419
-48.742
-48.7421
-48.7421
-48.7422
-48.7422
-48.7423
-48.7424
-48.7425
-48.7426
-48.7427
-48.7428
-48.743
-48.7431
-48.7433
-48.7434
-48.7436
-48.7437
-48.7439
-48.7441
-48.7443
-48.7444
-48.7446
-48.7448
-48.745
-48.7453
-48.7455
-48.7457
-48.746
-48.7462
-48.7465
-48.7467
-48.747
-48.7473
-48.7476
-48.7479
-48.7483
-48.7486
-48.749
-48.7495
-48.7499
-48.7505
-48.7511
-48.7517
-48.7524
-48.7532
-48.754
-48.7549
-48.7558
-48.7567
-48.7576
-48.7586
-48.7594
-48.7603
-48.761
-48.7617
-48.7623
-48.7628
-48.7633
-48.7637
-48.7642
-48.7646
-48.7651
-48.7657
-48.7663
-48.7669
-48.7676
-48.7419
-48.7419
-48.7419
-48.7419
-48.7419
-48.7419
-48.742
-48.742
-48.7421
-48.7421
-48.7422
-48.7422
-48.7423
-48.7424
-48.7425
-48.7425
-48.7426
-48.7428
-48.7429
-48.743
-48.7431
-48.7433
-48.7434
-48.7436
-48.7437
-48.7439
-48.7441
-48.7443
-48.7444
-48.7446
-48.7448
-48.745
-48.7453
-48.7455
-48.7457
-48.7459
-48.7462
-48.7464
-48.7467
-48.747
-48.7473
-48.7476
-48.7479
-48.7482
-48.7486
-48.749
-48.7494
-48.7498
-48.7503
-48.7508
-48.7514
-48.752
-48.7527
-48.7534
-48.7542
-48.755
-48.7559
-48.7567
-48.7576
-48.7584
-48.7592
-48.76
-48.7607
-48.7614
-48.762
-48.7625
-48.7631
-48.7636
-48.7641
-48.7646
-48.7651
-48.7656
-48.7662
-48.7668
-48.7674
-48.742
-48.742
-48.742
-48.742
-48.7421
-48.7421
-48.7421
-48.7422
-48.7422
-48.7423
-48.7423
-48.7424
-48.7424
-48.7425
-48.7426
-48.7427
-48.7428
-48.7429
-48.743
-48.7432
-48.7433
-48.7434
-48.7436
-48.7437
-48.7439
-48.7441
-48.7443
-48.7444
-48.7446
-48.7448
-48.745
-48.7452
-48.7455
-48.7457
-48.7459
-48.7462
-48.7464
-48.7467
-48.7469
-48.7472
-48.7475
-48.7478
-48.7482
-48.7485
-48.7489
-48.7493
-48.7497
-48.7502
-48.7506
-48.7512
-48.7517
-48.7523
-48.753
-48.7537
-48.7544
-48.7552
-48.756
-48.7568
-48.7575
-48.7583
-48.7591
-48.7598
-48.7605
-48.7612
-48.7618
-48.7624
-48.7629
-48.7634
-48.7639
-48.7645
-48.765
-48.7655
-48.7661
-48.7667
-48.7673
-48.7422
-48.7422
-48.7422
-48.7422
-48.7422
-48.7422
-48.7423
-48.7423
-48.7423
-48.7424
-48.7425
-48.7425
-48.7426
-48.7427
-48.7427
-48.7428
-48.7429
-48.7431
-48.7432
-48.7433
-48.7434
-48.7436
-48.7437
-48.7439
-48.7441
-48.7442
-48.7444
-48.7446
-48.7448
-48.745
-48.7452
-48.7454
-48.7456
-48.7459
-48.7461
-48.7464
-48.7466
-48.7469
-48.7472
-48.7475
-48.7478
-48.7481
-48.7484
-48.7488
-48.7492
-48.7496
-48.75
-48.7505
-48.7509
-48.7515
-48.752
-48.7526
-48.7532
-48.7539
-48.7546
-48.7553
-48.756
-48.7568
-48.7575
-48.7583
-48.759
-48.7597
-48.7604
-48.761
-48.7616
-48.7622
-48.7627
-48.7633
-48.7638
-48.7643
-48.7649
-48.7654
-48.766
-48.7665
-48.7671
-48.7423
-48.7423
-48.7423
-48.7423
-48.7423
-48.7424
-48.7424
-48.7424
-48.7425
-48.7425
-48.7426
-48.7426
-48.7427
-48.7428
-48.7429
-48.743
-48.7431
-48.7432
-48.7433
-48.7435
-48.7436
-48.7437
-48.7439
-48.7441
-48.7442
-48.7444
-48.7446
-48.7448
-48.745
-48.7452
-48.7454
-48.7456
-48.7458
-48.7461
-48.7463
-48.7466
-48.7468
-48.7471
-48.7474
-48.7477
-48.748
-48.7483
-48.7487
-48.749
-48.7494
-48.7498
-48.7503
-48.7507
-48.7512
-48.7517
-48.7523
-48.7528
-48.7534
-48.7541
-48.7547
-48.7554
-48.7561
-48.7568
-48.7575
-48.7582
-48.7589
-48.7596
-48.7602
-48.7609
-48.7615
-48.762
-48.7626
-48.7632
-48.7637
-48.7642
-48.7648
-48.7653
-48.7658
-48.7664
-48.7669
-48.7424
-48.7424
-48.7424
-48.7424
-48.7424
-48.7425
-48.7425
-48.7426
-48.7426
-48.7426
-48.7427
-48.7428
-48.7428
-48.7429
-48.743
-48.7431
-48.7432
-48.7433
-48.7435
-48.7436
-48.7437
-48.7439
-48.744
-48.7442
-48.7444
-48.7445
-48.7447
-48.7449
-48.7451
-48.7453
-48.7455
-48.7458
-48.746
-48.7462
-48.7465
-48.7468
-48.747
-48.7473
-48.7476
-48.7479
-48.7482
-48.7486
-48.7489
-48.7493
-48.7497
-48.7501
-48.7505
-48.751
-48.7514
-48.7519
-48.7525
-48.753
-48.7536
-48.7542
-48.7549
-48.7555
-48.7562
-48.7569
-48.7575
-48.7582
-48.7589
-48.7595
-48.7601
-48.7608
-48.7614
-48.7619
-48.7625
-48.763
-48.7636
-48.7641
-48.7647
-48.7652
-48.7657
-48.7663
-48.7668
-48.7425
-48.7425
-48.7425
-48.7425
-48.7426
-48.7426
-48.7426
-48.7427
-48.7427
-48.7428
-48.7428
-48.7429
-48.743
-48.7431
-48.7431
-48.7432
-48.7434
-48.7435
-48.7436
-48.7437
-48.7439
-48.744
-48.7442
-48.7443
-48.7445
-48.7447
-48.7449
-48.7451
-48.7453
-48.7455
-48.7457
-48.7459
-48.7462
-48.7464
-48.7467
-48.7469
-48.7472
-48.7475
-48.7478
-48.7481
-48.7484
-48.7488
-48.7491
-48.7495
-48.7499
-48.7503
-48.7507
-48.7512
-48.7517
-48.7522
-48.7527
-48.7532
-48.7538
-48.7544
-48.755
-48.7556
-48.7563
-48.7569
-48.7575
-48.7582
-48.7588
-48.7594
-48.7601
-48.7607
-48.7613
-48.7618
-48.7624
-48.7629
-48.7635
-48.764
-48.7645
-48.7651
-48.7656
-48.7661
-48.7666
-48.7426
-48.7426
-48.7426
-48.7427
-48.7427
-48.7427
-48.7427
-48.7428
-48.7428
-48.7429
-48.7429
-48.743
-48.7431
-48.7432
-48.7433
-48.7434
-48.7435
-48.7436
-48.7437
-48.7439
-48.744
-48.7442
-48.7443
-48.7445
-48.7447
-48.7448
-48.745
-48.7452
-48.7454
-48.7456
-48.7459
-48.7461
-48.7463
-48.7466
-48.7468
-48.7471
-48.7474
-48.7477
-48.748
-48.7483
-48.7486
-48.749
-48.7493
-48.7497
-48.7501
-48.7505
-48.7509
-48.7514
-48.7519
-48.7523
-48.7529
-48.7534
-48.7539
-48.7545
-48.7551
-48.7557
-48.7563
-48.7569
-48.7576
-48.7582
-48.7588
-48.7594
-48.76
-48.7606
-48.7612
-48.7617
-48.7623
-48.7628
-48.7634
-48.7639
-48.7644
-48.765
-48.7655
-48.766
-48.7665
-48.7427
-48.7427
-48.7427
-48.7428
-48.7428
-48.7428
-48.7428
-48.7429
-48.7429
-48.743
-48.7431
-48.7431
-48.7432
-48.7433
-48.7434
-48.7435
-48.7436
-48.7437
-48.7438
-48.744
-48.7441
-48.7443
-48.7444
-48.7446
-48.7448
-48.745
-48.7452
-48.7454
-48.7456
-48.7458
-48.746
-48.7462
-48.7465
-48.7467
-48.747
-48.7473
-48.7475
-48.7478
-48.7481
-48.7485
-48.7488
-48.7491
-48.7495
-48.7499
-48.7503
-48.7507
-48.7511
-48.7516
-48.752
-48.7525
-48.753
-48.7535
-48.7541
-48.7546
-48.7552
-48.7558
-48.7564
-48.757
-48.7576
-48.7582
-48.7588
-48.7594
-48.76
-48.7605
-48.7611
-48.7617
-48.7622
-48.7628
-48.7633
-48.7638
-48.7643
-48.7649
-48.7654
-48.7659
-48.7664
-48.7428
-48.7428
-48.7428
-48.7429
-48.7429
-48.7429
-48.7429
-48.743
-48.743
-48.7431
-48.7432
-48.7432
-48.7433
-48.7434
-48.7435
-48.7436
-48.7437
-48.7438
-48.744
-48.7441
-48.7442
-48.7444
-48.7446
-48.7447
-48.7449
-48.7451
-48.7453
-48.7455
-48.7457
-48.7459
-48.7461
-48.7464
-48.7466
-48.7469
-48.7471
-48.7474
-48.7477
-48.748
-48.7483
-48.7486
-48.749
-48.7493
-48.7497
-48.7501
-48.7504
-48.7509
-48.7513
-48.7517
-48.7522
-48.7527
-48.7532
-48.7537
-48.7542
-48.7547
-48.7553
-48.7559
-48.7564
-48.757
-48.7576
-48.7582
-48.7588
-48.7593
-48.7599
-48.7605
-48.761
-48.7616
-48.7621
-48.7627
-48.7632
-48.7637
-48.7643
-48.7648
-48.7653
-48.7658
-48.7663
-48.7429
-48.7429
-48.7429
-48.7429
-48.743
-48.743
-48.743
-48.7431
-48.7431
-48.7432
-48.7433
-48.7433
-48.7434
-48.7435
-48.7436
-48.7437
-48.7438
-48.7439
-48.7441
-48.7442
-48.7444
-48.7445
-48.7447
-48.7448
-48.745
-48.7452
-48.7454
-48.7456
-48.7458
-48.746
-48.7463
-48.7465
-48.7468
-48.747
-48.7473
-48.7476
-48.7478
-48.7481
-48.7485
-48.7488
-48.7491
-48.7495
-48.7498
-48.7502
-48.7506
-48.751
-48.7514
-48.7519
-48.7523
-48.7528
-48.7533
-48.7538
-48.7543
-48.7548
-48.7554
-48.7559
-48.7565
-48.757
-48.7576
-48.7582
-48.7588
-48.7593
-48.7599
-48.7604
-48.761
-48.7615
-48.7621
-48.7626
-48.7631
-48.7637
-48.7642
-48.7647
-48.7652
-48.7657
-48.7662
-48.743
-48.743
-48.743
-48.743
-48.743
-48.7431
-48.7431
-48.7432
-48.7432
-48.7433
-48.7433
-48.7434
-48.7435
-48.7436
-48.7437
-48.7438
-48.7439
-48.744
-48.7442
-48.7443
-48.7445
-48.7446
-48.7448
-48.745
-48.7451
-48.7453
-48.7455
-48.7457
-48.7459
-48.7462
-48.7464
-48.7466
-48.7469
-48.7471
-48.7474
-48.7477
-48.748
-48.7483
-48.7486
-48.7489
-48.7493
-48.7496
-48.75
-48.7504
-48.7507
-48.7512
-48.7516
-48.752
-48.7525
-48.7529
-48.7534
-48.7539
-48.7544
-48.7549
-48.7555
-48.756
-48.7565
-48.7571
-48.7576
-48.7582
-48.7587
-48.7593
-48.7599
-48.7604
-48.7609
-48.7615
-48.762
-48.7626
-48.7631
-48.7636
-48.7641
-48.7646
-48.7651
-48.7656
-48.7661
-48.7431
-48.7431
-48.7431
-48.7431
-48.7431
-48.7432
-48.7432
-48.7432
-48.7433
-48.7434
-48.7434
-48.7435
-48.7436
-48.7437
-48.7438
-48.7439
-48.744
-48.7441
-48.7443
-48.7444
-48.7446
-48.7447
-48.7449
-48.7451
-48.7452
-48.7454
-48.7456
-48.7458
-48.7461
-48.7463
-48.7465
-48.7468
-48.747
-48.7473
-48.7475
-48.7478
-48.7481
-48.7484
-48.7487
-48.7491
-48.7494
-48.7497
-48.7501
-48.7505
-48.7509
-48.7513
-48.7517
-48.7521
-48.7526
-48.753
-48.7535
-48.754
-48.7545
-48.755
-48.7555
-48.756
-48.7566
-48.7571
-48.7577
-48.7582
-48.7587
-48.7593
-48.7598
-48.7604
-48.7609
-48.7614
-48.762
-48.7625
-48.763
-48.7635
-48.764
-48.7645
-48.765
-48.7655
-48.766
-48.7431
-48.7431
-48.7432
-48.7432
-48.7432
-48.7432
-48.7433
-48.7433
-48.7434
-48.7434
-48.7435
-48.7436
-48.7437
-48.7438
-48.7439
-48.744
-48.7441
-48.7442
-48.7444
-48.7445
-48.7447
-48.7448
-48.745
-48.7452
-48.7453
-48.7455
-48.7457
-48.7459
-48.7462
-48.7464
-48.7466
-48.7469
-48.7471
-48.7474
-48.7476
-48.7479
-48.7482
-48.7485
-48.7488
-48.7492
-48.7495
-48.7499
-48.7502
-48.7506
-48.751
-48.7514
-48.7518
-48.7522
-48.7527
-48.7531
-48.7536
-48.7541
-48.7546
-48.7551
-48.7556
-48.7561
-48.7566
-48.7572
-48.7577
-48.7582
-48.7588
-48.7593
-48.7598
-48.7604
-48.7609
-48.7614
-48.7619
-48.7624
-48.763
-48.7635
-48.764
-48.7645
-48.765
-48.7654
-48.7659
-48.7432
-48.7432
-48.7432
-48.7432
-48.7433
-48.7433
-48.7433
-48.7434
-48.7434
-48.7435
-48.7436
-48.7436
-48.7437
-48.7438
-48.7439
-48.7441
-48.7442
-48.7443
-48.7444
-48.7446
-48.7447
-48.7449
-48.7451
-48.7452
-48.7454
-48.7456
-48.7458
-48.746
-48.7462
-48.7465
-48.7467
-48.747
-48.7472
-48.7475
-48.7478
-48.748
-48.7483
-48.7486
-48.749
-48.7493
-48.7496
-48.75
-48.7503
-48.7507
-48.7511
-48.7515
-48.7519
-48.7523
-48.7528
-48.7532
-48.7537
-48.7542
-48.7546
-48.7551
-48.7556
-48.7561
-48.7567
-48.7572
-48.7577
-48.7582
-48.7588
-48.7593
-48.7598
-48.7603
-48.7609
-48.7614
-48.7619
-48.7624
-48.7629
-48.7634
-48.7639
-48.7644
-48.7649
-48.7654
-48.7659
-48.7433
-48.7433
-48.7433
-48.7433
-48.7433
-48.7433
-48.7434
-48.7434
-48.7435
-48.7436
-48.7436
-48.7437
-48.7438
-48.7439
-48.744
-48.7441
-48.7442
-48.7444
-48.7445
-48.7447
-48.7448
-48.745
-48.7451
-48.7453
-48.7455
-48.7457
-48.7459
-48.7461
-48.7463
-48.7466
-48.7468
-48.747
-48.7473
-48.7476
-48.7478
-48.7481
-48.7484
-48.7487
-48.7491
-48.7494
-48.7497
-48.7501
-48.7504
-48.7508
-48.7512
-48.7516
-48.752
-48.7524
-48.7529
-48.7533
-48.7538
-48.7542
-48.7547
-48.7552
-48.7557
-48.7562
-48.7567
-48.7572
-48.7577
-48.7582
-48.7588
-48.7593
-48.7598
-48.7603
-48.7608
-48.7614
-48.7619
-48.7624
-48.7629
-48.7634
-48.7639
-48.7644
-48.7648
-48.7653
-48.7658
-48.7433
-48.7433
-48.7433
-48.7433
-48.7434
-48.7434
-48.7434
-48.7435
-48.7435
-48.7436
-48.7437
-48.7438
-48.7439
-48.744
-48.7441
-48.7442
-48.7443
-48.7444
-48.7446
-48.7447
-48.7449
-48.7451
-48.7452
-48.7454
-48.7456
-48.7458
-48.746
-48.7462
-48.7464
-48.7466
-48.7469
-48.7471
-48.7474
-48.7477
-48.7479
-48.7482
-48.7485
-48.7488
-48.7491
-48.7495
-48.7498
-48.7502
-48.7505
-48.7509
-48.7513
-48.7517
-48.7521
-48.7525
-48.7529
-48.7534
-48.7538
-48.7543
-48.7548
-48.7553
-48.7557
-48.7562
-48.7567
-48.7572
-48.7577
-48.7583
-48.7588
-48.7593
-48.7598
-48.7603
-48.7608
-48.7613
-48.7618
-48.7623
-48.7628
-48.7633
-48.7638
-48.7643
-48.7648
-48.7653
-48.7657
-48.7433
-48.7434
-48.7434
-48.7434
-48.7434
-48.7434
-48.7435
-48.7435
-48.7436
-48.7437
-48.7437
-48.7438
-48.7439
-48.744
-48.7441
-48.7442
-48.7444
-48.7445
-48.7446
-48.7448
-48.745
-48.7451
-48.7453
-48.7455
-48.7457
-48.7459
-48.7461
-48.7463
-48.7465
-48.7467
-48.747
-48.7472
-48.7475
-48.7477
-48.748
-48.7483
-48.7486
-48.7489
-48.7492
-48.7496
-48.7499
-48.7502
-48.7506
-48.751
-48.7514
-48.7518
-48.7522
-48.7526
-48.753
-48.7535
-48.7539
-48.7544
-48.7548
-48.7553
-48.7558
-48.7563
-48.7568
-48.7573
-48.7578
-48.7583
-48.7588
-48.7593
-48.7598
-48.7603
-48.7608
-48.7613
-48.7618
-48.7623
-48.7628
-48.7633
-48.7638
-48.7643
-48.7648
-48.7652
-48.7657
-48.7434
-48.7434
-48.7434
-48.7434
-48.7434
-48.7435
-48.7435
-48.7436
-48.7436
-48.7437
-48.7438
-48.7439
-48.744
-48.7441
-48.7442
-48.7443
-48.7444
-48.7446
-48.7447
-48.7449
-48.745
-48.7452
-48.7454
-48.7455
-48.7457
-48.7459
-48.7461
-48.7463
-48.7466
-48.7468
-48.747
-48.7473
-48.7475
-48.7478
-48.7481
-48.7484
-48.7487
-48.749
-48.7493
-48.7496
-48.75
-48.7503
-48.7507
-48.751
-48.7514
-48.7518
-48.7522
-48.7526
-48.7531
-48.7535
-48.754
-48.7544
-48.7549
-48.7553
-48.7558
-48.7563
-48.7568
-48.7573
-48.7578
-48.7583
-48.7588
-48.7593
-48.7598
-48.7603
-48.7608
-48.7613
-48.7618
-48.7623
-48.7628
-48.7633
-48.7638
-48.7642
-48.7647
-48.7652
-48.7657
-48.7434
-48.7434
-48.7434
-48.7434
-48.7435
-48.7435
-48.7436
-48.7436
-48.7437
-48.7437
-48.7438
-48.7439
-48.744
-48.7441
-48.7442
-48.7444
-48.7445
-48.7446
-48.7448
-48.7449
-48.7451
-48.7452
-48.7454
-48.7456
-48.7458
-48.746
-48.7462
-48.7464
-48.7466
-48.7468
-48.7471
-48.7473
-48.7476
-48.7479
-48.7481
-48.7484
-48.7487
-48.749
-48.7494
-48.7497
-48.75
-48.7504
-48.7507
-48.7511
-48.7515
-48.7519
-48.7523
-48.7527
-48.7531
-48.7536
-48.754
-48.7545
-48.7549
-48.7554
-48.7558
-48.7563
-48.7568
-48.7573
-48.7578
-48.7583
-48.7588
-48.7593
-48.7598
-48.7603
-48.7608
-48.7613
-48.7618
-48.7623
-48.7628
-48.7633
-48.7637
-48.7642
-48.7647
-48.7652
-48.7656
-48.7434
-48.7434
-48.7434
-48.7435
-48.7435
-48.7435
-48.7436
-48.7436
-48.7437
-48.7438
-48.7438
-48.7439
-48.744
-48.7442
-48.7443
-48.7444
-48.7445
-48.7447
-48.7448
-48.745
-48.7451
-48.7453
-48.7455
-48.7456
-48.7458
-48.746
-48.7462
-48.7464
-48.7467
-48.7469
-48.7471
-48.7474
-48.7476
-48.7479
-48.7482
-48.7485
-48.7488
-48.7491
-48.7494
-48.7497
-48.7501
-48.7504
-48.7508
-48.7512
-48.7515
-48.7519
-48.7523
-48.7527
-48.7532
-48.7536
-48.754
-48.7545
-48.7549
-48.7554
-48.7559
-48.7563
-48.7568
-48.7573
-48.7578
-48.7583
-48.7588
-48.7593
-48.7598
-48.7603
-48.7608
-48.7613
-48.7618
-48.7623
-48.7627
-48.7632
-48.7637
-48.7642
-48.7647
-48.7651
-48.7656
-48.7434
-48.7434
-48.7435
-48.7435
-48.7435
-48.7435
-48.7436
-48.7436
-48.7437
-48.7438
-48.7439
-48.744
-48.7441
-48.7442
-48.7443
-48.7444
-48.7446
-48.7447
-48.7448
-48.745
-48.7452
-48.7453
-48.7455
-48.7457
-48.7459
-48.7461
-48.7463
-48.7465
-48.7467
-48.7469
-48.7472
-48.7474
-48.7477
-48.7479
-48.7482
-48.7485
-48.7488
-48.7491
-48.7494
-48.7498
-48.7501
-48.7505
-48.7508
-48.7512
-48.7516
-48.752
-48.7524
-48.7528
-48.7532
-48.7536
-48.7541
-48.7545
-48.755
-48.7554
-48.7559
-48.7564
-48.7568
-48.7573
-48.7578
-48.7583
-48.7588
-48.7593
-48.7598
-48.7603
-48.7608
-48.7613
-48.7618
-48.7622
-48.7627
-48.7632
-48.7637
-48.7642
-48.7646
-48.7651
-48.7656
-48.7435
-48.7435
-48.7435
-48.7435
-48.7435
-48.7435
-48.7436
-48.7437
-48.7437
-48.7438
-48.7439
-48.744
-48.7441
-48.7442
-48.7443
-48.7445
-48.7446
-48.7447
-48.7449
-48.745
-48.7452
-48.7454
-48.7455
-48.7457
-48.7459
-48.7461
-48.7463
-48.7465
-48.7467
-48.747
-48.7472
-48.7475
-48.7477
-48.748
-48.7483
-48.7485
-48.7488
-48.7492
-48.7495
-48.7498
-48.7501
-48.7505
-48.7509
-48.7512
-48.7516
-48.752
-48.7524
-48.7528
-48.7532
-48.7537
-48.7541
-48.7545
-48.755
-48.7555
-48.7559
-48.7564
-48.7569
-48.7573
-48.7578
-48.7583
-48.7588
-48.7593
-48.7598
-48.7603
-48.7608
-48.7613
-48.7618
-48.7622
-48.7627
-48.7632
-48.7637
-48.7642
-48.7646
-48.7651
-48.7656
-48.7435
-48.7434
-48.7435
-48.7435
-48.7435
-48.7435
-48.7436
-48.7437
-48.7437
-48.7438
-48.7439
-48.744
-48.7441
-48.7442
-48.7443
-48.7445
-48.7446
-48.7447
-48.7449
-48.745
-48.7452
-48.7454
-48.7455
-48.7457
-48.7459
-48.7461
-48.7463
-48.7465
-48.7468
-48.747
-48.7472
-48.7475
-48.7477
-48.748
-48.7483
-48.7486
-48.7489
-48.7492
-48.7495
-48.7498
-48.7502
-48.7505
-48.7509
-48.7513
-48.7516
-48.752
-48.7524
-48.7528
-48.7533
-48.7537
-48.7541
-48.7546
-48.755
-48.7555
-48.7559
-48.7564
-48.7569
-48.7574
-48.7578
-48.7583
-48.7588
-48.7593
-48.7598
-48.7603
-48.7608
-48.7613
-48.7617
-48.7622
-48.7627
-48.7632
-48.7637
-48.7642
-48.7646
-48.7651
-48.7656
-48.7434
-48.7434
-48.7434
-48.7435
-48.7435
-48.7435
-48.7436
-48.7436
-48.7437
-48.7438
-48.7439
-48.744
-48.7441
-48.7442
-48.7443
-48.7445
-48.7446
-48.7447
-48.7449
-48.745
-48.7452
-48.7454
-48.7456
-48.7457
-48.7459
-48.7461
-48.7463
-48.7465
-48.7468
-48.747
-48.7472
-48.7475
-48.7477
-48.748
-48.7483
-48.7486
-48.7489
-48.7492
-48.7495
-48.7498
-48.7502
-48.7505
-48.7509
-48.7513
-48.7517
-48.752
-48.7524
-48.7529
-48.7533
-48.7537
-48.7541
-48.7546
-48.755
-48.7555
-48.7559
-48.7564
-48.7569
-48.7574
-48.7578
-48.7583
-48.7588
-48.7593
-48.7598
-48.7603
-48.7608
-48.7613
-48.7618
-48.7622
-48.7627
-48.7632
-48.7637
-48.7642
-48.7646
-48.7651
-48.7656
)
;

boundaryField
{
    leftWall
    {
        type            fixedFluxPressure;
        gradient        uniform 0;
        value           nonuniform List<scalar> 
40
(
14.0021
12.7839
-26.9665
-48.7415
-48.7403
-48.7404
-48.7403
-48.7404
-48.7405
-48.7407
-48.7408
-48.741
-48.7412
-48.7414
-48.7416
-48.7417
-48.7419
-48.742
-48.7422
-48.7423
-48.7424
-48.7425
-48.7426
-48.7427
-48.7428
-48.7429
-48.743
-48.7431
-48.7431
-48.7432
-48.7433
-48.7433
-48.7433
-48.7434
-48.7434
-48.7434
-48.7434
-48.7435
-48.7435
-48.7434
)
;
    }
    rightWall
    {
        type            fixedFluxPressure;
        gradient        nonuniform List<scalar> 0();
        value           nonuniform List<scalar> 0();
    }
    lowerWall
    {
        type            fixedFluxPressure;
        gradient        uniform 0;
        value           nonuniform List<scalar> 
75
(
14.0021
13.9593
13.8693
13.7605
13.7003
13.7016
13.7652
13.8436
13.8966
13.9024
13.8616
13.7911
13.7138
13.6546
13.6333
13.6499
13.6912
13.7371
13.7708
13.7862
13.7873
13.7805
13.771
13.7627
13.7562
13.7495
13.7404
13.7272
13.709
13.6858
13.6582
13.627
13.5929
13.5567
13.5189
13.4799
13.4401
13.3997
13.3589
13.3179
13.2769
13.2357
13.1942
13.1522
13.1092
13.0647
13.0181
12.9689
12.9163
12.8597
12.7984
12.7321
12.6604
12.5838
12.5028
12.4187
12.3334
12.2492
12.1689
12.0949
12.0289
11.9713
11.9209
11.8751
11.8294
11.7791
11.7195
11.6477
11.5629
11.4672
11.3643
11.2587
11.1534
11.0497
10.9469
)
;
    }
    atmosphere
    {
        type            fixedFluxPressure;
        gradient        uniform 0;
        value           nonuniform List<scalar> 
75
(
-48.7434
-48.7434
-48.7434
-48.7435
-48.7435
-48.7435
-48.7436
-48.7436
-48.7437
-48.7438
-48.7439
-48.744
-48.7441
-48.7442
-48.7443
-48.7445
-48.7446
-48.7447
-48.7449
-48.745
-48.7452
-48.7454
-48.7456
-48.7457
-48.7459
-48.7461
-48.7463
-48.7465
-48.7468
-48.747
-48.7472
-48.7475
-48.7477
-48.748
-48.7483
-48.7486
-48.7489
-48.7492
-48.7495
-48.7498
-48.7502
-48.7505
-48.7509
-48.7513
-48.7517
-48.752
-48.7524
-48.7529
-48.7533
-48.7537
-48.7541
-48.7546
-48.755
-48.7555
-48.7559
-48.7564
-48.7569
-48.7574
-48.7578
-48.7583
-48.7588
-48.7593
-48.7598
-48.7603
-48.7608
-48.7613
-48.7618
-48.7622
-48.7627
-48.7632
-48.7637
-48.7642
-48.7646
-48.7651
-48.7656
)
;
    }
    defaultFaces
    {
        type            empty;
    }
    procBoundary0to1
    {
        type            processor;
        value           nonuniform List<scalar> 
40
(
10.8435
7.48872
-34.2127
-48.7653
-48.7656
-48.7671
-48.7683
-48.7688
-48.7692
-48.7693
-48.7693
-48.7691
-48.7689
-48.7687
-48.7685
-48.7683
-48.7681
-48.7678
-48.7677
-48.7675
-48.7673
-48.7671
-48.767
-48.7669
-48.7668
-48.7666
-48.7665
-48.7665
-48.7664
-48.7663
-48.7663
-48.7662
-48.7662
-48.7661
-48.7661
-48.7661
-48.766
-48.766
-48.766
-48.766
)
;
    }
}


// ************************************************************************* //
