1.00000000000226e-06 	1.00195556483898 	3.64224167319349e-20 	9.2346483041775e-05 	1.89577196423082e-07 	1565.42349436313 	0.904822940667425 	-0.0535153973498506 	0.000106794924436678 	-1.59089862260531e-22
1.00000000000453e-06 	1.00593833258374 	0 	0.000507539364602067 	3.58177478805363e-06 	690.234318784138 	0.904831726842244 	-0.134629225543687 	0.000541203889929015 	-3.42883562990365e-22
1.00000000000453e-06 	1.01006700077429 	0 	0.00179312352633004 	2.35576102767864e-05 	155.655011629499 	0.904854590299077 	-0.163255016513785 	0.00173764937575977 	-2.47699945937104e-22
1.00000000000453e-06 	1.0143469141712 	0 	0.00429497230562002 	7.38371048719699e-05 	72.9694969019005 	0.904928416936233 	-0.144287648622687 	0.00444832274927646 	5.60934959770739e-23
1.00000000000453e-06 	1.01878361332929 	0 	0.00766264221548239 	0.000141911721967672 	59.1199026178 	0.905112110125492 	-0.0889425322752053 	0.00961134158286333 	4.87553305177592e-23
1.00000000000453e-06 	1.02338284177015 	-3.46944695195361e-18 	0.0114048400520879 	0.000198800753055232 	62.3876679222954 	0.905444757442214 	-0.0042020283911816 	0.0182033774460268 	-1.42389804274949e-22
1.00000000000453e-06 	1.02815055341735 	-6.93889390390723e-18 	0.0150767974158177 	0.00022963310427217 	68.2864003592612 	0.905924035166391 	0.107259255898507 	0.0307934473713611 	3.86316078925085e-23
1.00000000000453e-06 	1.03309292030413 	-6.93889390390723e-18 	0.0181125090012667 	0.000241131930883703 	72.119271674424 	0.906540933817903 	0.241375888970549 	0.0472553226153596 	2.19634383166608e-22
1.00000000000453e-06 	1.03821634056339 	-6.93889390390723e-18 	0.0199550701193595 	0.000250223973990432 	72.4980090202682 	0.907345966653541 	0.390863839751585 	0.0668270103207421 	6.73637651116795e-24
1.00000000000453e-06 	1.04352744671036 	-1.04083408558608e-17 	0.0203206710845969 	0.000265655888768494 	69.0944696928821 	0.908450605307469 	0.545124528129338 	0.0882107915076127 	-2.95717848025506e-22
1.00000000000453e-06 	1.04903311422874 	-1.04083408558608e-17 	0.0192984818824681 	0.000285947310089583 	62.4845026656215 	0.909942632390517 	0.692739179715611 	0.109907842431394 	-2.82174244914265e-22
1.00000000000453e-06 	1.05474047047132 	-6.93889390390723e-18 	0.0172824358353764 	0.000306087503966342 	53.8055320575756 	0.911824052476375 	0.824922416927437 	0.130602433579499 	-8.95385773168908e-23
1.00000000000453e-06 	1.06065690388671 	-3.46944695195361e-18 	0.0148187255773566 	0.000326072816109408 	44.2566508707799 	0.914054832463283 	0.936929255603181 	0.14934185467588 	1.23375299370911e-22
1.00000000000453e-06 	1.06679007358401 	-3.46944695195361e-18 	0.0124667009186557 	0.000361663783438888 	34.8244045640115 	0.916628275489671 	1.02711668814188 	0.165501211636742 	2.46761422797231e-22
1.00000000000453e-06 	1.07314791924792 	-6.93889390390723e-18 	0.0106409930249285 	0.000439306784997213 	26.2460540291573 	0.919550455853581 	1.09559964610256 	0.178721764802421 	1.83657470892335e-22
1.00000000000453e-06 	1.07973867141705 	-3.46944695195361e-18 	0.0095252454594704 	0.000589474372295972 	19.0146965625482 	0.922778466220675 	1.14397329445364 	0.188966385566938 	2.10822544873031e-15
1.00000000000453e-06 	1.08657086213875 	-3.46944695195361e-18 	0.00909484499873188 	0.000837830168489106 	13.3947796155548 	0.92623408038055 	1.17529366323731 	0.196505131078643 	2.44234275575107e-15
1.00000000000453e-06 	1.09365333601424 	-6.93889390390723e-18 	0.00918317963751549 	0.00118728354555146 	9.39706785081877 	0.929849921339602 	1.19360623819291 	0.201808129106808 	-1.4399013222549e-15
1.00000000000453e-06 	1.10099526164836 	-6.93889390390723e-18 	0.00957564116087684 	0.00161246278334322 	6.79664425501836 	0.933580424146782 	1.20315906806383 	0.205444161978393 	-1.77401865917905e-15
1.00000000000453e-06 	1.10860614351884 	-3.46944695195361e-18 	0.0100864439521652 	0.00206732742557728 	5.24714793358696 	0.937396777769592 	1.20759731709635 	0.207975711334863 	-2.97666283070485e-23
1.00000000000453e-06 	1.11649583428022 	-3.46944695195361e-18 	0.0105984452708826 	0.00250115649742263 	4.38289099796502 	0.941287596341988 	1.20942921307752 	0.209860277610656 	-1.68406856189558e-22
1.00000000000453e-06 	1.12467454751866 	-3.46944695195361e-18 	0.0110647469212969 	0.00288498370810319 	3.89831290988592 	0.945252365873729 	1.21000260368665 	0.211399687862048 	-1.13930793119442e-22
1.00000000000453e-06 	1.13315287097387 	0 	0.0114793893464217 	0.00322259237856602 	3.5962257474234 	0.949290043521594 	1.20989621456176 	0.212753122839896 	4.53456435518681e-23
1.00000000000453e-06 	1.1419417802455 	0 	0.0118484356229337 	0.00353317335808033 	3.37593169053689 	0.95339913519896 	1.20933164727028 	0.213984396863235 	1.04179737896206e-23
1.00000000000453e-06 	1.15105265300152 	3.46944695195361e-18 	0.0121776875781567 	0.00383221619065565 	3.19408029034528 	0.957580820584645 	1.20840295879403 	0.215107925691861 	-1.19919001425763e-22
1.00000000000453e-06 	1.1604972837072 	6.93889390390723e-18 	0.0124707968304471 	0.00412632134052181 	3.03454156248213 	0.961836289821615 	1.20716475517548 	0.216119643655041 	-1.24511625325285e-22
1.00000000000453e-06 	1.17028789889366 	1.04083408558608e-17 	0.0127303013784903 	0.00441577617038973 	2.89213690168737 	0.966163468872533 	1.20565279741596 	0.217011223917341 	-4.30289665243772e-23
1.00000000000453e-06 	1.1804371729856 	1.73472347597681e-17 	0.0129586085544217 	0.00469826617569175 	2.76508082747971 	0.970555855772832 	1.20388118142451 	0.21777328620621 	0
1.00000000000453e-06 	1.19095824470904 	2.08166817117217e-17 	0.0131582081314083 	0.00497139360780666 	2.65201262570541 	0.975005662632418 	1.2018438638144 	0.218395279968858 	-7.24136217163731e-23
1.00000000000453e-06 	1.20186473410003 	2.08166817117217e-17 	0.0133313289487713 	0.00523374217994768 	2.55122719189025 	0.979507076934087 	1.1995260775158 	0.21886474612333 	-1.44827166834284e-22
1.00000000000453e-06 	1.21317076013637 	2.08166817117217e-17 	0.0134795992871645 	0.00548521329346531 	2.46065957388491 	0.984054281526575 	1.1969152583121 	0.21916842276687 	-7.24135450527551e-23
1.00000000000453e-06 	1.22489095901541 	1.65590706023479e-17 	0.013605557073306 	0.00572707081116439 	2.37830320389048 	0.988642135514115 	1.19400759555044 	0.219295252046129 	0
9.99999999998499e-07 	1.23704050310128 	1.42559880187635e-17 	0.0137134642142955 	0.00596007657145057 	2.3030875021617 	0.993267783650174 	1.19080700125164 	0.219233977148104 	-3.56671904461256e-24
9.99999999996998e-07 	1.24963512056618 	1.38777878078145e-17 	0.0138057934685041 	0.00616940213811961 	2.23419133169973 	0.997929995129702 	1.18732151625037 	0.218974006871841 	-7.14894338612777e-24
9.99999999996998e-07 	1.26269111575138 	1.73472347597681e-17 	0.0138822130675392 	0.00632942357865908 	2.16985553188465 	1.00263011873245 	1.18354873564144 	0.218506319757657 	-3.56677603692248e-24
9.99999999996998e-07 	1.27622539027388 	2.08166817117217e-17 	0.0139424542407204 	0.00644846481647619 	2.10835829277268 	1.00736366625216 	1.17946715859669 	0.21782034064702 	0
9.99999999996998e-07 	1.29025546490642 	2.08166817117217e-17 	0.0139865947266362 	0.00656677689729603 	2.04862953752228 	1.01211634799702 	1.1750725456049 	0.21691170176672 	0
9.99999999996998e-07 	1.30479950225895 	2.08166817117217e-17 	0.0140142679948732 	0.0067101404569173 	1.98991381454617 	1.01687698959198 	1.17040646656797 	0.215784730088303 	-1.59323347643698e-22
9.99999999996998e-07 	1.31987633029102 	2.08166817117217e-17 	0.0140250224815316 	0.00688280785019335 	1.9317716699391 	1.02164212053373 	1.16554065725022 	0.214448999711462 	-1.65818103046976e-22
9.99999999996998e-07 	1.33550546668544 	2.08166817117217e-17 	0.0140186714263039 	0.00708209693257057 	1.87402234975445 	1.02641047260906 	1.16055479617018 	0.21291957953313 	2.99606670159143e-22
9.99999999996998e-07 	1.35170714411495 	2.08166817117217e-17 	0.0139953399657771 	0.00730390405758186 	1.81665975145526 	1.03118062741682 	1.15552417497432 	0.211214654565736 	6.20627136300787e-22
9.99999999996998e-07 	1.3685023364343 	2.42861286636753e-17 	0.0139553509519559 	0.00754464746200551 	1.75977413036772 	1.03595071885351 	1.15051485244023 	0.209353119640859 	6.29906991011654e-22
9.99999999996998e-07 	1.38591278583199 	2.42861286636753e-17 	0.0138990893443256 	0.0078014624644498 	1.70349605005734 	1.04071843258003 	1.14558252662854 	0.207353074433186 	4.69505210405903e-22
9.99999999996998e-07 	1.40396103097653 	2.08166817117217e-17 	0.013826910266239 	0.00807175146853583 	1.64796230473237 	1.04548104583052 	1.14077252286877 	0.205230921687408 	1.54092257459147e-22
9.99999999996998e-07 	1.42267043619387 	2.08166817117217e-17 	0.0137390973716023 	0.00835270949494856 	1.59329651694138 	1.05023547950068 	1.13611991537413 	0.203000805926269 	-6.29780566624728e-22
9.99999999996998e-07 	1.44206522171365 	2.08166817117217e-17 	0.0136358563345187 	0.00864104783720729 	1.53959867852515 	1.05497831971022 	1.13164969587834 	0.200674289909258 	-1.25970726962211e-21
9.99999999996998e-07 	1.46217049502345 	2.08166817117217e-17 	0.0135173279865274 	0.00893290795898748 	1.48694134071731 	1.05970581569246 	1.12737711661078 	0.19826021790027 	-6.2986277327159e-22
9.99999999996998e-07 	1.48301228337162 	2.42861286636753e-17 	0.0133836110202235 	0.00922393561949788 	1.43537185115245 	1.06441388961373 	1.12330826815775 	0.195764722179221 	6.29716610644358e-22
9.99999999996998e-07 	1.50461756746087 	2.42861286636753e-17 	0.0132347907684454 	0.0095093428165528 	1.38492042563383 	1.0690982302876 	1.11944092901582 	0.193191406128176 	1.57461530840922e-21
9.99999999996998e-07 	1.52701431637603 	2.42861286636753e-17 	0.0130709588521403 	0.00977685141756678 	1.33561054494653 	1.07375440119182 	1.11576535146956 	0.190541525755874 	9.43885164466019e-22
9.99999999996998e-07 	1.55023152379144 	2.77555756156289e-17 	0.0128922088118639 	0.0100173417330453 	1.28746570734629 	1.07837742058201 	1.11226440848103 	0.187813691930941 	-3.16809210499342e-22
9.99999999996998e-07 	1.57429924550461 	2.77555756156289e-17 	0.0126986839663709 	0.010241188812636 	1.24052276034809 	1.08296123481162 	1.10891470454445 	0.185004286091427 	-6.34719215255168e-22
9.99999999996998e-07 	1.59924863834497 	2.42861286636753e-17 	0.0124906749850568 	0.0104582081929847 	1.19485537795063 	1.08749973299588 	1.10568939240709 	0.182109093616227 	-6.38357446512293e-22
9.99999999996998e-07 	1.62511200050782 	2.42861286636753e-17 	0.0122685786243412 	0.0106546927258127 	1.15057484869858 	1.09198798855925 	1.10255837431586 	0.179122896181796 	-6.40288899269666e-22
9.99999999996998e-07 	1.65192281336593 	2.42861286636753e-17 	0.012032802544609 	0.010807759423032 	1.10781204591894 	1.0964211426956 	1.09948640314929 	0.176037953109133 	6.61797161232493e-22
9.99999999996998e-07 	1.67971578481283 	1.73472347597681e-17 	0.0117838269352971 	0.0109131045270532 	1.06671825351132 	1.10079279200289 	1.09643456867166 	0.172844900851863 	2.28701943897257e-21
9.99999999996998e-07 	1.70852689419381 	1.73472347597681e-17 	0.0115222877874879 	0.0109750335343039 	1.02746951616579 	1.10509566454695 	1.09336291932047 	0.16953350121215 	1.30416580011645e-21
9.99999999996998e-07 	1.73839343888296 	1.38777878078145e-17 	0.0112489204248386 	0.0109837570886843 	0.990251418106802 	1.10932541887731 	1.09022935609871 	0.166092732227482 	0
9.99999999996998e-07 	1.76935408256639 	6.93889390390723e-18 	0.0109642344328704 	0.0108913664042956 	0.955219731489535 	1.11348377709316 	1.08698445256955 	0.162510356925324 	0
9.99999999996998e-07 	1.80144890529426 	3.46944695195361e-18 	0.0106683883657368 	0.0106690993507964 	0.922470953317599 	1.11757242651431 	1.08357383955391 	0.158771241545629 	0
9.99999999996998e-07 	1.83471945536634 	0 	0.010361732434564 	0.0103728055423908 	0.892068766757874 	1.12158785356415 	1.07995062939203 	0.15486353107165 	0
9.99999999996998e-07 	1.86920880311829 	1.04083408558608e-17 	0.0100450747575718 	0.0100547240693618 	0.864061597458032 	1.12552887776429 	1.07607984204336 	0.150784373512989 	3.09833876679055e-23
9.99999999996998e-07 	1.9049615966783 	2.42861286636753e-17 	0.00971924368602092 	0.00972007259311397 	0.83844968465271 	1.12939813627754 	1.07193075905448 	0.146534292892287 	6.18334567748994e-23
9.99999999996998e-07 	1.94202411976624 	2.77555756156289e-17 	0.00938475642606764 	0.0093682525732948 	0.815174955757065 	1.1331933766204 	1.0674659038831 	0.142112002126091 	3.10049131357762e-23
9.99999999996998e-07 	1.98044435161019 	3.31829392251608e-17 	0.009042121821501 	0.00900214428155985 	0.794162798756484 	1.13690783715767 	1.06264525273768 	0.137516236185447 	0
1.00000000000371e-06 	2.02024009608346 	1.98368763499853e-17 	0.00869533064933484 	0.00862743806452336 	0.775448588009619 	1.14050734684049 	1.05748784227231 	0.132788435030483 	0
1.00000000000743e-06 	2.06000503604194 	2.42861286636753e-17 	0.00835467522814003 	0.00824981296580241 	0.759317057376462 	1.1439036349469 	1.05211542145613 	0.12805822601177 	0
1.00000000000743e-06 	2.09836474743796 	2.08166817117217e-17 	0.00802960190688685 	0.00787262929635342 	0.746007420065212 	1.14702517619824 	1.0466408674927 	0.123454006243888 	0
1.00000000000743e-06 	2.13536888877258 	1.73472347597681e-17 	0.00772294573477268 	0.00750079086663569 	0.735400067288878 	1.14987426027755 	1.04108462059012 	0.119011884991594 	0
1.00000000000743e-06 	2.17106536369585 	1.38777878078145e-17 	0.00743495767805969 	0.00714120989682412 	0.727275028079745 	1.15248003252759 	1.0354377439354 	0.1147254874014 	0
1.00000000000743e-06 	2.20550038302044 	1.38777878078145e-17 	0.00716620481611487 	0.00679716942803326 	0.721530163264771 	1.15486678507187 	1.02969886510928 	0.110590228639297 	0
1.00000000000743e-06 	2.23871852454378 	1.38777878078145e-17 	0.00691739227655889 	0.00646886749726917 	0.718146966586055 	1.1570561780484 	1.02386565586191 	0.10660116982566 	0
1.00000000000743e-06 	2.27076279075613 	1.04083408558608e-17 	0.00668921095975432 	0.00615613898815866 	0.7171627284677 	1.15906730574533 	1.01793257624344 	0.102752984918584 	0
1.00000000000743e-06 	2.30167466450941 	6.93889390390723e-18 	0.00648227004627756 	0.00585920661116073 	0.718658682310866 	1.16091677738267 	1.01189156694361 	0.0990404013446174 	0
1.00000000000743e-06 	2.33149416271873 	1.04083408558608e-17 	0.0062970749785947 	0.00557859323418266 	0.722759202605062 	1.16261913841849 	1.00573347826607 	0.0954583228619652 	0
1.00000000000743e-06 	2.36025988816627 	1.38777878078145e-17 	0.0061340173218976 	0.00531482082208177 	0.729635528589322 	1.16418722340834 	0.999449070002542 	0.0920019010803085 	0
1.00000000000743e-06 	2.38800907947441 	6.93889390390723e-18 	0.00599336363811719 	0.00506815268843378 	0.739509230350619 	1.1656324397897 	0.993029397140893 	0.0886665186923557 	0
1.00000000000743e-06 	2.41477765931296 	-3.46944695195361e-18 	0.00587524114795504 	0.00483848546442028 	0.752653027552798 	1.16696499389954 	0.986465793738349 	0.0854477116412195 	0
1.00000000000743e-06 	2.44060028090273 	-1.04083408558608e-17 	0.00577962046265699 	0.00462536771567891 	0.769388375600663 	1.16819405932752 	0.979749719449698 	0.0823410829045689 	0
1.00000000000743e-06 	2.46551037287587 	-1.38777878078145e-17 	0.00570629304225558 	0.00442809496435958 	0.790080112871795 	1.16932790253407 	0.972872684465254 	0.0793422293622468 	0
1.00000000000743e-06 	2.48954018255081 	-1.38777878078145e-17 	0.00565483616953312 	0.00424584095464383 	0.81512836882096 	1.17037397864463 	0.965826413180714 	0.0764466894747151 	0
1.00000000000743e-06 	2.512720817678 	-2.42861286636753e-17 	0.00562455329041129 	0.00407780044635845 	0.844956794467844 	1.17133900451742 	0.958603371547445 	0.0736499092195514 	0
1.00000000000743e-06 	2.53508228671037 	-3.46944695195361e-17 	0.00561437453543308 	0.00392334550361452 	0.879993840227691 	1.17222900943486 	0.951197793490306 	0.0709472138609457 	0
1.00000000000743e-06 	2.55665353765073 	-3.12250225675825e-17 	0.00562270329678261 	0.00378223666846332 	0.920640195988635 	1.17304935321749 	0.943607439998846 	0.0683337665137725 	0
1.00000000000743e-06 	2.57746249552637 	-2.77555756156289e-17 	0.00564720278520482 	0.00365497253185343 	0.967211084203159 	1.17380468887643 	0.935836557606675 	0.0658044870588288 	0
1.00000000000743e-06 	2.59753609853934 	-2.77555756156289e-17 	0.0056845367935636 	0.00354336994237084 	1.01983894920144 	1.17449884228746 	0.9279008584967 	0.0633538926169477 	0
1.00000000000743e-06 	2.6169003329393 	-2.42861286636753e-17 	0.00573012167597839 	0.00345137013887724 	1.0783258476603 	1.17513460506507 	0.919835563596843 	0.0609758049116888 	0
1.00000000000743e-06 	2.6355802666639 	-2.08166817117217e-17 	0.00577802380978038 	0.00338579247253287 	1.14195582176292 	1.17571352318057 	0.911706856110256 	0.058662888541813 	0
1.00000000000743e-06 	2.6536000817905 	-3.12250225675825e-17 	0.00582123449182733 	0.00335629271645048 	1.20932520455734 	1.17623594605383 	0.9036242063059 	0.0564062121212711 	0
1.00000000000743e-06 	2.67098310584103 	-4.16333634234434e-17 	0.00585256917481663 	0.00337330344127277 	1.27830999831141 	1.17670161107142 	0.895745491621634 	0.0541952140408692 	0
1.00000000000743e-06 	2.68775184198057 	-3.81639164714898e-17 	0.00586616957772342 	0.0034432305475155 	1.34629523387466 	1.17711064062402 	0.8882627614605 	0.0520173024448179 	0
1.00000000000743e-06 	2.7039279981488 	-3.12250225675825e-17 	0.00585901020101454 	0.00356122723029667 	1.41067288716852 	1.17746749535824 	0.881361764876293 	0.0498596326725964 	0
1.00000000000743e-06 	2.71953251516198 	-2.77555756156289e-17 	0.00583130773436541 	0.00369222676151364 	1.46952731446774 	1.17779175220511 	0.87515740741344 	0.0477214874023525 	0
1.00000000000743e-06 	2.73458559382185 	-3.12250225675825e-17 	0.00578495852671622 	0.00373805065110651 	1.52235102560843 	1.17811463060636 	0.8696285716529 	0.0456116331654458 	0
1.00000000000743e-06 	2.74910672106653 	-3.81639164714898e-17 	0.00572164422327688 	0.00364697495782801 	1.56990139260236 	1.1784477017731 	0.864642072207307 	0.0435297206426454 	0
1.00000000000743e-06 	2.76311469519732 	-3.81639164714898e-17 	0.00564280882463072 	0.00350065089921327 	1.61285316272725 	1.17877391360084 	0.860073116454976 	0.0414763303527902 	0
1.00000000000743e-06 	2.776627650214 	-3.27228944556834e-17 	0.00555128579809843 	0.00336267593611869 	1.65168512934797 	1.17907717987559 	0.855862292195288 	0.039459390143314 	0
1.00000000000026e-06 	2.78966307929018 	1.63676411562685e-17 	0.00545133076994584 	0.00323138490246984 	1.68778902665404 	1.17935610802772 	0.851978526396913 	0.0374808352805992 	0
1.00000000000053e-06 	2.80223785741904 	2.08166817117217e-17 	0.00534536018709255 	0.00310550801434143 	1.72200344934531 	1.17961391954702 	0.848397218573156 	0.0355397021722976 	0
1.00000000000053e-06 	2.81436826325886 	2.08166817117217e-17 	0.00523363331647113 	0.00298546109559754 	1.75372829288791 	1.17985278300316 	0.845105533540426 	0.0336371718246276 	0
1.00000000000053e-06 	2.82607000020648 	2.08166817117217e-17 	0.00511731298375549 	0.00287097702706524 	1.78307794960975 	1.18007398599909 	0.842089363142953 	0.0317746408220348 	0
1.00000000000053e-06 	2.83735821672614 	2.42861286636753e-17 	0.00499860993026088 	0.00276077105894773 	1.81122181587846 	1.1802785441793 	0.839314155322739 	0.0299538881282321 	0
1.00000000000053e-06 	2.8482475259599 	2.77555756156289e-17 	0.00487963574924797 	0.00265362425493686 	1.83951539215015 	1.1804677532116 	0.836729605271594 	0.0281767651233872 	0
1.00000000000053e-06 	2.85875202464506 	3.12250225675825e-17 	0.0047622673276307 	0.00254827012303363 	1.86954573478253 	1.18064306486758 	0.834279416370398 	0.0264449292597749 	0
1.00000000000053e-06 	2.86888531136304 	3.12250225675825e-17 	0.00464812485947087 	0.00244336170603592 	1.90319129477553 	1.18080587417292 	0.831903246828551 	0.0247599878798928 	0
1.00000000000053e-06 	2.87866050414343 	2.77555756156289e-17 	0.00453857092120925 	0.00233750725197895 	1.94267118408735 	1.18095753376883 	0.829538401139796 	0.0231233258277504 	0
1.00000000000053e-06 	2.88809025744591 	2.77555756156289e-17 	0.00443471477107501 	0.00222933682528842 	1.99060564642131 	1.18109934862835 	0.827121187117509 	0.0215360246724325 	0
1.00000000000053e-06 	2.89718677854204 	2.42861286636753e-17 	0.00433741789188239 	0.00211758652834507 	2.05010418050274 	1.18123254931883 	0.824587839214672 	0.0199988273564512 	0
1.00000000000053e-06 	2.90596184331819 	2.42861286636753e-17 	0.00424729994127511 	0.00200119277660743 	2.12489891098466 	1.18135826080471 	0.821874892083342 	0.0185121276589594 	0
1.00000000000053e-06 	2.91442681151997 	3.12250225675825e-17 	0.00416474548499159 	0.00187938871313126 	2.21954645610181 	1.18147746944442 	0.818918880613262 	0.0170759849475891 	0
1.00000000000053e-06 	2.92259264145801 	3.12250225675825e-17 	0.00408991213308228 	0.00175179320978654 	2.33973164853355 	1.18159099079861 	0.81565523905949 	0.0156901614741389 	0
1.00000000000053e-06 	2.93046990419395 	2.77555756156289e-17 	0.00402274022125059 	0.00161848214241136 	2.49272302199133 	1.18169944224586 	0.812016253267833 	0.0143541775552214 	0
1.00000000000053e-06 	2.93806879722526 	3.12250225675825e-17 	0.00396296320138967 	0.00148003263584522 	2.68805736825191 	1.18180322398093 	0.807927860058802 	0.0130673802051693 	0
1.00000000000053e-06 	2.94539915768639 	3.81639164714898e-17 	0.00391011654376644 	0.00133753380934401 	2.93857668673689 	1.18190251182908 	0.803304957355881 	0.0118290229529213 	0
1.00000000000053e-06 	2.95247047508335 	4.5102810375397e-17 	0.00386354103900316 	0.00119256158373195 	3.26201888940354 	1.18199726551688 	0.798044652242805 	0.0106383640523304 	0
1.00000000000053e-06 	2.9592919035784 	4.5102810375397e-17 	0.0038223730925848 	0.00104711918396019 	3.68349669849572 	1.18208724469128 	0.79201648079964 	0.00949479051402683 	0
1.00000000000053e-06 	2.96587227384056 	4.5102810375397e-17 	0.00378550770759958 	0.000903547665650804 	4.23942659382483 	1.18217199537699 	0.785048002993875 	0.00839787273860752 	0
1.00000000000053e-06 	2.97222010447726 	5.20417042793042e-17 	0.00375150546457329 	0.000764410853047902 	4.98385868058602 	1.18225086678201 	0.77690321231211 	0.00734715351319885 	0
1.00000000000053e-06 	2.97834361306218 	5.20417042793042e-17 	0.0037183781925322 	0.000632350312880756 	5.99888976436253 	1.18232354051481 	0.767248785371525 	0.00634352980923292 	0
1.00000000000053e-06 	2.98425072677325 	5.20417042793042e-17 	0.00368254840835386 	0.000507131485100263 	7.41563786004681 	1.18239033005094 	0.755566602706044 	0.00539009609282067 	0
1.00000000000053e-06 	2.98994909265477 	5.55111512312578e-17 	0.00363705079486781 	0.000389334486819137 	9.45008384078236 	1.18245073643828 	0.741003179247925 	0.00448971510519147 	0
1.00000000000053e-06 	2.99544608751689 	5.89805981832114e-17 	0.00356899826635342 	0.00028608848720834 	12.441591620927 	1.18250271974486 	0.722270090144492 	0.00364700766088326 	0
1.00000000000053e-06 	3.00074882748522 	5.89805981832114e-17 	0.00345466562559932 	0.000202449827760929 	16.8975024782164 	1.18254471544226 	0.697556246584121 	0.00287093890182009 	0
1.00000000000053e-06 	3.00586417721304 	5.89805981832114e-17 	0.00325235045531091 	0.000137153858233291 	23.5772094570146 	1.18257692730672 	0.664292438524091 	0.00217121780021263 	0
1.00000000000053e-06 	3.01079875876789 	6.24500451351651e-17 	0.00289741387901713 	8.74109588866095e-05 	33.6889430970868 	1.18260050399078 	0.618875266291979 	0.00155732127282042 	0
1.00000000000053e-06 	3.01555896020417 	6.24500451351651e-17 	0.00231539826121282 	5.03242574496677e-05 	49.6315261023859 	1.1826167524908 	0.556564902335019 	0.00103801958511429 	0
1.00000000000053e-06 	3.02015094383281 	6.24500451351651e-17 	0.00150501520825973 	2.37640833567854e-05 	78.9968033636993 	1.1826270827652 	0.472042566375953 	0.00061967837818963 	0
1.00000000000053e-06 	3.02458065419861 	6.59194920871187e-17 	0.000697901441221383 	7.70482835003429e-06 	161.583255904964 	1.18263323023343 	0.362180119263562 	0.000309061480107176 	0
1.00000000000053e-06 	3.02885382577582 	6.59194920871187e-17 	0.000250992351887403 	1.3496658630711e-06 	654.178630936099 	1.18263693701797 	0.229414133000459 	0.000112237174427328 	0
1.00000000000053e-06 	3.03297599039165 	6.32931605550383e-17 	7.88155717160553e-05 	1.15713257027199e-07 	1463.58760578532 	1.18263893830571 	0.0790148558130426 	2.13817150928258e-05 	0
