0 	1.00015
0.0028575 	1.0001
0.005715 	1.00003
0.0085725 	1.00002
0.01143 	1.00002
0.0142875 	1.00001
0.017145 	1.00001
0.0200025 	1.00001
0.02286 	1.00001
0.0257175 	1
0.028575 	1
0.0314325 	1
0.03429 	1
0.0371475 	1
0.040005 	1
0.0428625 	1
0.04572 	1
0.0485775 	1
0.051435 	1
0.0542925 	1
0.05715 	1
0.0600075 	1
0.062865 	1
0.0657225 	1
0.06858 	1
0.0714375 	1
0.074295 	1
0.0771525 	1
0.08001 	1
0.0828675 	1
0.085725 	1
0.0885825 	1
0.09144 	1
0.0942975 	1
0.097155 	1
0.100012 	1
0.10287 	1
0.105727 	1
0.108585 	1
0.111442 	1
0.1143 	1
0.117157 	1
0.120015 	1
0.122872 	1
0.12573 	1
0.128587 	1
0.131445 	1
0.134302 	1
0.13716 	1
0.140017 	1
0.142875 	1
0.145732 	0.999999
0.14859 	0.999999
0.151447 	0.999999
0.154305 	0.999999
0.157162 	0.999999
0.16002 	0.999999
0.162877 	0.999998
0.165735 	0.999998
0.168592 	0.999997
0.17145 	0.999996
0.174307 	0.999994
0.177165 	0.999992
0.180022 	0.999989
0.18288 	0.999985
0.185737 	0.999982
0.188595 	0.999977
0.191452 	0.999973
0.19431 	0.999964
0.197167 	0.999954
0.200025 	0.999948
0.202882 	0.999941
0.20574 	0.999932
0.208597 	0.999919
0.211455 	0.9999
0.214312 	0.999854
0.214312 	0.999889
0.21717 	0.999826
0.220027 	0.999754
0.222885 	0.99965
0.225743 	0.999515
0.2286 	0.999361
0.231458 	0.999202
0.234315 	0.999048
0.237173 	0.998901
0.24003 	0.998763
0.242888 	0.998629
0.245745 	0.998494
0.248603 	0.998348
0.25146 	0.998181
0.254317 	0.997983
0.257175 	0.997746
0.260032 	0.99746
0.26289 	0.997117
0.265748 	0.996714
0.268605 	0.996255
0.271462 	0.995741
0.27432 	0.995167
0.277178 	0.994515
0.280035 	0.993806
0.282892 	0.993108
0.28575 	0.99246
0.288608 	0.99185
0.291465 	0.991234
0.294322 	0.990561
0.29718 	0.989773
0.300038 	0.988817
0.302895 	0.987635
0.305752 	0.986153
0.30861 	0.984298
0.311468 	0.981656
0.314325 	0.977409
0.317182 	0.971317
0.32004 	0.963369
0.322898 	0.954453
0.325755 	0.949411
0.328612 	0.947506
0.33147 	0.917426
0.334327 	0.688016
0.337185 	0.265289
0.340043 	0.027714
0.3429 	0.00784149
0.345757 	0.00213701
0.348615 	0.000510118
0.351473 	0.000107716
0.35433 	2.01325e-05
0.357187 	3.30919e-06
0.360045 	4.75849e-07
0.362903 	5.97744e-08
0.36576 	6.56774e-09
0.368617 	6.33403e-10
0.371475 	5.48006e-11
0.374333 	5.28573e-12
0.37719 	6.28683e-13
0.380047 	4.68185e-14
0.382905 	2.3993e-15
0.385763 	1.09778e-16
0.38862 	4.54348e-18
0.391477 	1.6916e-19
0.394335 	5.67659e-21
0.397193 	1.72067e-22
0.40005 	4.72042e-24
0.402907 	1.17413e-25
0.405765 	2.65221e-27
0.408622 	5.44872e-29
0.41148 	1.01943e-30
0.414338 	1.7391e-32
0.417195 	2.70816e-34
0.420052 	3.85344e-36
0.42291 	5.01473e-38
0.425768 	5.97363e-40
0.428625 	1.2908e-41
0.428625 	1.29234e-43
0.431483 	6.52102e-44
0.43434 	5.98399e-46
0.437198 	5.04017e-48
0.440055 	3.89871e-50
0.442913 	2.77101e-52
0.44577 	1.81048e-54
0.448628 	1.08786e-56
0.451485 	6.01377e-59
0.454343 	3.05961e-61
0.4572 	1.4331e-63
0.460058 	6.18168e-66
0.462915 	2.45629e-68
0.465773 	8.99303e-71
0.46863 	3.0345e-73
0.471488 	9.43878e-76
0.474345 	2.70694e-78
0.477203 	7.15911e-81
0.48006 	1.74635e-83
0.482918 	3.92972e-86
0.485775 	8.15853e-89
0.488633 	1.56292e-91
0.49149 	2.76307e-94
0.494348 	4.50842e-97
0.497205 	6.79017e-100
0.500063 	9.4407e-103
0.50292 	1.2118e-105
0.505778 	1.43615e-108
0.508635 	1.5716e-111
0.511493 	1.58812e-114
0.51435 	1.48202e-117
0.517208 	1.27726e-120
0.520065 	1.01668e-123
0.522923 	7.47468e-127
0.52578 	5.07608e-130
0.528638 	3.18427e-133
0.531495 	1.84527e-136
0.534353 	9.8786e-140
0.53721 	4.8887e-143
0.540068 	5.00903e-146
0.542925 	9.75949e-147
0.545783 	8.79203e-150
0.54864 	3.47596e-153
0.551498 	1.26833e-156
0.554355 	4.27354e-160
0.557213 	1.32973e-163
0.56007 	3.82107e-167
0.562928 	1.01408e-170
0.565785 	2.48565e-174
0.568643 	5.62726e-178
0.5715 	1.17667e-181
0.574358 	2.27266e-185
0.577215 	4.05469e-189
0.580073 	6.68251e-193
0.58293 	1.01739e-196
0.585788 	1.43091e-200
0.588645 	1.85915e-204
0.591503 	2.23148e-208
0.59436 	2.4743e-212
0.597217 	2.53453e-216
0.600075 	2.39848e-220
0.602932 	2.0969e-224
0.60579 	1.69368e-228
0.608648 	1.26396e-232
0.611505 	8.7164e-237
0.614363 	5.55528e-241
0.61722 	3.27224e-245
0.620077 	1.78113e-249
0.622935 	8.95716e-254
0.625792 	4.16126e-258
0.62865 	1.786e-262
0.631507 	7.08252e-267
0.634365 	2.59524e-271
0.637222 	8.7872e-276
0.64008 	2.74921e-280
0.642937 	4.23964e-289
0.642938 	1.58947e-284
0.645795 	2.11987e-289
0.648652 	5.22824e-294
0.65151 	1.19129e-298
0.654367 	2.50661e-303
0.657225 	4.87117e-308
0.660083 	8.7454e-313
0.66294 	1.44835e-317
0.665797 	0
0.668655 	0
0.671512 	0
0.67437 	0
0.677227 	0
0.680085 	0
0.682942 	0
0.6858 	0
0.688657 	0
0.691515 	0
0.694372 	0
0.69723 	0
0.700087 	0
0.702945 	0
0.705802 	0
0.70866 	0
0.711517 	0
0.714375 	0
0.717232 	0
0.72009 	0
0.722947 	0
0.725805 	0
0.728662 	0
0.73152 	0
0.734377 	0
0.737235 	0
0.740092 	0
0.74295 	0
0.745807 	0
0.748665 	0
0.751522 	0
0.75438 	0
0.757237 	0
0.760095 	0
0.762952 	0
0.76581 	0
0.768667 	0
0.771525 	0
0.774382 	0
0.77724 	0
0.780097 	0
0.782955 	0
0.785812 	0
0.78867 	0
0.791527 	0
0.794385 	0
0.797242 	0
0.8001 	0
0.802957 	0
0.805815 	0
0.808672 	0
0.81153 	0
0.814387 	0
0.817245 	0
0.820102 	0
0.82296 	0
0.825817 	0
0.828675 	0
0.831532 	0
0.83439 	0
0.837247 	0
0.840105 	0
0.842962 	0
0.84582 	0
0.848677 	0
0.851535 	0
0.854392 	0
0.85725 	0
