/*--------------------------------*- C++ -*----------------------------------*\
| =========                 |                                                 |
| \\      /  F ield         | OpenFOAM: The Open Source CFD Toolbox           |
|  \\    /   O peration     | Version:  2606                                  |
|   \\  /    A nd           | Website:  www.openfoam.com                      |
|    \\/     M anipulation  |                                                 |
\*---------------------------------------------------------------------------*/
FoamFile
{
    version     2.0;
    format      ascii;
    arch        "LSB;label=32;scalar=64";
    class       volVectorField;
    location    "4.4998649576";
    object      U;
}
// * * * * * * * * * * * * * * * * * * * * * * * * * * * * * * * * * * * * * //

dimensions      [0 1 -1 0 0 0 0];

internalField   nonuniform List<vector> 
1000
(
(0.024360439 0.058635217 0)
(0.028858741 0.17679821 0)
(0.039733181 0.28610017 0)
(0.05701871 0.3930281 0)
(0.08099896 0.50155765 0)
(0.1116475 0.61505573 0)
(0.14851487 0.73288459 0)
(0.19157793 0.85218536 0)
(0.24092682 0.9705487 0)
(0.29654213 1.0865777 0)
(0.35726983 1.1988008 0)
(0.42183334 1.3033763 0)
(0.49043257 1.3993259 0)
(0.5639337 1.4899938 0)
(0.64253268 1.5782908 0)
(0.72582594 1.6631766 0)
(0.81319447 1.7437941 0)
(0.90479171 1.8189636 0)
(1.0016386 1.8916446 0)
(1.1037584 1.962005 0)
(1.2104635 2.0292295 0)
(1.3205544 2.0906326 0)
(1.4331431 2.1481723 0)
(1.5468144 2.1979177 0)
(1.6632077 2.2430122 0)
(1.7829393 2.2842963 0)
(1.9047043 2.317089 0)
(2.0279219 2.344737 0)
(2.1571446 2.3731181 0)
(2.2839402 2.3898909 0)
(2.4125296 2.4020979 0)
(2.5503916 2.4138414 0)
(2.6839554 2.4150004 0)
(2.8123428 2.4071448 0)
(2.9561759 2.3988504 0)
(3.0892574 2.385013 0)
(3.2118969 2.3562567 0)
(3.3368761 2.3230346 0)
(3.4987085 2.2913399 0)
(3.651424 2.2682187 0)
(3.7557008 2.2305693 0)
(3.9097774 2.1705483 0)
(4.0944618 2.1106426 0)
(4.2185159 2.0791593 0)
(4.3102421 1.9818314 0)
(4.4784341 1.8822397 0)
(4.6242492 1.8140594 0)
(4.7092112 1.7497898 0)
(4.8036942 1.6314607 0)
(4.9459926 1.4842046 0)
(0.070245778 0.055511233 0)
(0.071574268 0.1687907 0)
(0.080347767 0.27475105 0)
(0.097411925 0.3791251 0)
(0.12348067 0.48547006 0)
(0.15683277 0.59744875 0)
(0.1956832 0.71514321 0)
(0.24005744 0.83534395 0)
(0.28969047 0.95467209 0)
(0.34550961 1.0709747 0)
(0.40540282 1.1837085 0)
(0.46739093 1.2896155 0)
(0.53348892 1.3861897 0)
(0.60583103 1.4761004 0)
(0.68322752 1.5637366 0)
(0.76488389 1.6483989 0)
(0.84939126 1.7295276 0)
(0.93878322 1.804008 0)
(1.0339569 1.8752584 0)
(1.1342315 1.9442209 0)
(1.2381011 2.0105017 0)
(1.3446471 2.0709935 0)
(1.4539934 2.1272917 0)
(1.5660623 2.1752955 0)
(1.6808776 2.2182772 0)
(1.7992796 2.2580094 0)
(1.9195293 2.2890209 0)
(2.0413361 2.3141829 0)
(2.1693992 2.339702 0)
(2.2952569 2.3536361 0)
(2.4222248 2.3643793 0)
(2.556275 2.3746116 0)
(2.6885609 2.3721755 0)
(2.8168627 2.362475 0)
(2.9557248 2.354022 0)
(3.0848835 2.3367062 0)
(3.2104034 2.303712 0)
(3.3337949 2.2735438 0)
(3.4839947 2.2480861 0)
(3.6350386 2.208797 0)
(3.7472289 2.1689412 0)
(3.8878591 2.120217 0)
(4.0683143 2.0440462 0)
(4.1895824 1.9905165 0)
(4.2820277 1.9080714 0)
(4.4398411 1.8130509 0)
(4.5802269 1.7076256 0)
(4.6603115 1.6486058 0)
(4.7625539 1.5467879 0)
(4.9001201 1.4223926 0)
(0.11982699 0.053421446 0)
(0.11840899 0.16281269 0)
(0.12530658 0.26564252 0)
(0.14203883 0.36664215 0)
(0.16941105 0.46863378 0)
(0.20473915 0.57561991 0)
(0.24443813 0.68868334 0)
(0.2873121 0.80518678 0)
(0.33464276 0.92172618 0)
(0.3882527 1.0354005 0)
(0.44498236 1.1463853 0)
(0.50259487 1.2524686 0)
(0.56437969 1.3497388 0)
(0.63373106 1.4387328 0)
(0.70820789 1.5252827 0)
(0.78702851 1.6096081 0)
(0.8679234 1.6924509 0)
(0.95404468 1.7677215 0)
(1.0461432 1.8383206 0)
(1.1433546 1.9064879 0)
(1.2438962 1.9732337 0)
(1.3470275 2.0352168 0)
(1.4526404 2.093535 0)
(1.5610966 2.1425487 0)
(1.672359 2.1871392 0)
(1.7883657 2.2287189 0)
(1.906618 2.2601765 0)
(2.0254454 2.2866951 0)
(2.1492189 2.3140957 0)
(2.2706653 2.3312007 0)
(2.3921682 2.3445923 0)
(2.5201526 2.3549177 0)
(2.6467281 2.3531145 0)
(2.7703926 2.3455607 0)
(2.9033745 2.3374834 0)
(3.0234309 2.3225921 0)
(3.146473 2.2931813 0)
(3.2676459 2.2668453 0)
(3.4079571 2.2429255 0)
(3.5468227 2.2045493 0)
(3.6588881 2.1734624 0)
(3.7945906 2.1230998 0)
(3.9563466 2.041583 0)
(4.0636527 1.9863224 0)
(4.1613839 1.9143398 0)
(4.3116083 1.8132639 0)
(4.4351975 1.6964327 0)
(4.5125315 1.6493271 0)
(4.6227584 1.5612048 0)
(4.768771 1.4396104 0)
(0.17212337 0.050710236 0)
(0.16799525 0.15514337 0)
(0.17271915 0.25412298 0)
(0.18870399 0.35144586 0)
(0.21729662 0.44919827 0)
(0.2549741 0.55149162 0)
(0.29631138 0.66046689 0)
(0.34003433 0.77444773 0)
(0.38600148 0.88968331 0)
(0.43807736 1.0018002 0)
(0.49244571 1.1114294 0)
(0.54603359 1.2173281 0)
(0.60276501 1.3151446 0)
(0.6686147 1.4027318 0)
(0.74000483 1.4871711 0)
(0.81601878 1.5698734 0)
(0.89260498 1.6536391 0)
(0.97432083 1.7298035 0)
(1.0623453 1.7996155 0)
(1.1557353 1.8662161 0)
(1.2525275 1.9325361 0)
(1.3522256 1.9959237 0)
(1.4547915 2.0570205 0)
(1.5615262 2.1084499 0)
(1.6721242 2.1572218 0)
(1.7868886 2.2038224 0)
(1.9019804 2.2377733 0)
(2.0164709 2.2647185 0)
(2.1369204 2.2928068 0)
(2.2553105 2.3118793 0)
(2.3723243 2.3273304 0)
(2.4938234 2.3388365 0)
(2.618368 2.3392616 0)
(2.7406746 2.3335943 0)
(2.8679674 2.3278914 0)
(2.9830615 2.3166587 0)
(3.1120576 2.2895485 0)
(3.2306596 2.2654686 0)
(3.353997 2.2475912 0)
(3.4971028 2.2147408 0)
(3.6226818 2.1764997 0)
(3.7345055 2.1292626 0)
(3.8845267 2.0578436 0)
(4.0078856 1.9790943 0)
(4.1017733 1.9137768 0)
(4.2265744 1.825214 0)
(4.3590451 1.7020692 0)
(4.4455083 1.6451707 0)
(4.5506187 1.5747026 0)
(4.6922398 1.4670047 0)
(0.22733911 0.048508015 0)
(0.22113394 0.14895045 0)
(0.22405364 0.24503099 0)
(0.23924315 0.33946887 0)
(0.26911615 0.43319748 0)
(0.30925952 0.53034707 0)
(0.3529373 0.63438253 0)
(0.39754035 0.74447457 0)
(0.44200912 0.8569884 0)
(0.49137948 0.966451 0)
(0.54225237 1.0733678 0)
(0.59136954 1.1777436 0)
(0.64185194 1.2759623 0)
(0.70334071 1.3623852 0)
(0.77137005 1.4444746 0)
(0.84483109 1.5247415 0)
(0.91728449 1.6088101 0)
(0.99446134 1.6867602 0)
(1.0785881 1.7573521 0)
(1.1687068 1.8232106 0)
(1.2622841 1.8888316 0)
(1.3584903 1.9529231 0)
(1.4573519 2.0158647 0)
(1.5607661 2.0686614 0)
(1.6680546 2.1191405 0)
(1.7810924 2.1687906 0)
(1.8969407 2.2093125 0)
(2.0101029 2.2455126 0)
(2.1273069 2.2773948 0)
(2.2436186 2.2974106 0)
(2.3567994 2.3125089 0)
(2.4735527 2.3242106 0)
(2.5938586 2.3277305 0)
(2.7135271 2.3250131 0)
(2.839062 2.3215924 0)
(2.9489353 2.3131612 0)
(3.074307 2.2924491 0)
(3.1959055 2.2699379 0)
(3.3138017 2.25546 0)
(3.4476796 2.2304495 0)
(3.577361 2.1911047 0)
(3.6840512 2.1375814 0)
(3.8226329 2.0733375 0)
(3.9566796 1.993151 0)
(4.054698 1.9227743 0)
(4.1619001 1.8395106 0)
(4.3009638 1.735056 0)
(4.4005005 1.6674842 0)
(4.5045148 1.6023713 0)
(4.6488762 1.5013003 0)
(0.28636743 0.047388977 0)
(0.27867526 0.14561512 0)
(0.27993271 0.23998255 0)
(0.29374957 0.33216758 0)
(0.32421526 0.42185664 0)
(0.3668658 0.51308553 0)
(0.41361154 0.61082799 0)
(0.45985448 0.71592267 0)
(0.50306887 0.82538381 0)
(0.54985595 0.9322833 0)
(0.59688387 1.0364534 0)
(0.64218022 1.1386617 0)
(0.68606935 1.2373699 0)
(0.74264491 1.323239 0)
(0.80736452 1.4028163 0)
(0.87884341 1.4797477 0)
(0.94796523 1.5627675 0)
(1.0206848 1.6424031 0)
(1.1006214 1.7148581 0)
(1.1871313 1.7806598 0)
(1.2769247 1.8451519 0)
(1.3687493 1.9087666 0)
(1.46281 1.9719729 0)
(1.5616189 2.025563 0)
(1.6644481 2.0766281 0)
(1.7752018 2.1252947 0)
(1.8928024 2.1710444 0)
(2.0061688 2.2169764 0)
(2.1217202 2.2565921 0)
(2.2350152 2.281463 0)
(2.3455359 2.297625 0)
(2.45783 2.3097177 0)
(2.5729388 2.3166327 0)
(2.689406 2.3184293 0)
(2.80938 2.3182138 0)
(2.9158562 2.3119437 0)
(3.0401494 2.2955273 0)
(3.158941 2.2773752 0)
(3.2729074 2.2664832 0)
(3.4027158 2.2447526 0)
(3.5295769 2.2034965 0)
(3.6328859 2.1453825 0)
(3.7616175 2.0813358 0)
(3.8983061 2.0040852 0)
(4.0037491 1.9295753 0)
(4.1011619 1.8538837 0)
(4.2453454 1.7658076 0)
(4.3526707 1.6957695 0)
(4.4587811 1.6373087 0)
(4.6094514 1.5472022 0)
(0.35117049 0.048299477 0)
(0.34229337 0.14773759 0)
(0.34181806 0.24297926 0)
(0.35349311 0.33480904 0)
(0.38375926 0.421613 0)
(0.42870554 0.50679781 0)
(0.47913543 0.59693489 0)
(0.52866005 0.69500366 0)
(0.5712844 0.79969383 0)
(0.61408846 0.90304197 0)
(0.65648128 1.003021 0)
(0.69754044 1.1013314 0)
(0.73436635 1.1992817 0)
(0.78462254 1.2849706 0)
(0.8452913 1.3618879 0)
(0.91466008 1.4345842 0)
(0.98109615 1.514664 0)
(1.0494987 1.59481 0)
(1.1248747 1.6696348 0)
(1.2076909 1.7365277 0)
(1.2937114 1.8009428 0)
(1.3812534 1.8641952 0)
(1.4705032 1.9269184 0)
(1.5641481 1.981549 0)
(1.6627027 2.0329731 0)
(1.7705375 2.0767626 0)
(1.8859355 2.1210009 0)
(1.9989771 2.1749338 0)
(2.1156053 2.2235169 0)
(2.2292984 2.2568492 0)
(2.3368083 2.2799308 0)
(2.4434156 2.2958135 0)
(2.5541087 2.307509 0)
(2.6686517 2.3138557 0)
(2.7843542 2.3158461 0)
(2.8861934 2.3120202 0)
(3.0072333 2.3013856 0)
(3.1269962 2.2876454 0)
(3.2355389 2.2793634 0)
(3.3530163 2.2590001 0)
(3.4807598 2.2152735 0)
(3.5849281 2.1489216 0)
(3.6967903 2.0836392 0)
(3.8259351 2.0179406 0)
(3.9497925 1.9357138 0)
(4.0385487 1.8706289 0)
(4.1672327 1.7991667 0)
(4.2913024 1.7325755 0)
(4.4018099 1.6758299 0)
(4.5591346 1.5969662 0)
(0.42506529 0.051503462 0)
(0.4143551 0.15578584 0)
(0.41124022 0.25477938 0)
(0.41903554 0.34850842 0)
(0.44719486 0.43409132 0)
(0.49363705 0.51324166 0)
(0.54811887 0.59417682 0)
(0.60169774 0.6827655 0)
(0.64474353 0.78044327 0)
(0.683203 0.87909476 0)
(0.72017857 0.9742392 0)
(0.75821107 1.0677735 0)
(0.78875571 1.1642579 0)
(0.83178165 1.2511102 0)
(0.88812941 1.326372 0)
(0.95578488 1.3949572 0)
(1.0211777 1.470895 0)
(1.0869712 1.5502744 0)
(1.1586666 1.6275976 0)
(1.2384766 1.6968171 0)
(1.3209512 1.7621437 0)
(1.404089 1.8246209 0)
(1.4881239 1.8861884 0)
(1.5757994 1.9418596 0)
(1.669392 1.9933796 0)
(1.77224 2.032943 0)
(1.8828346 2.0705217 0)
(1.9960199 2.1241443 0)
(2.1135344 2.1843895 0)
(2.2235903 2.2233184 0)
(2.3302289 2.2521679 0)
(2.4349461 2.276975 0)
(2.5422068 2.2982533 0)
(2.6500943 2.3114685 0)
(2.7593711 2.3174099 0)
(2.8650658 2.3147154 0)
(2.9808164 2.3098871 0)
(3.0943754 2.3045177 0)
(3.2065444 2.2961553 0)
(3.316848 2.2704488 0)
(3.4283061 2.2247196 0)
(3.5323343 2.1535601 0)
(3.6456211 2.0836004 0)
(3.7579917 2.0261528 0)
(3.887855 1.9537285 0)
(3.986835 1.8876569 0)
(4.1009574 1.8253898 0)
(4.2167259 1.7750115 0)
(4.3389093 1.7199797 0)
(4.5047674 1.647437 0)
(0.51142185 0.055600222 0)
(0.49751228 0.16625262 0)
(0.49039085 0.27077256 0)
(0.4920062 0.36846227 0)
(0.51446905 0.45541393 0)
(0.56040607 0.52995254 0)
(0.61868309 0.60086767 0)
(0.67728293 0.67807145 0)
(0.72256884 0.76723604 0)
(0.75648268 0.86089826 0)
(0.78743761 0.95128058 0)
(0.82295034 1.0392589 0)
(0.85033663 1.1329344 0)
(0.88539781 1.2226559 0)
(0.93693877 1.2983202 0)
(1.0031003 1.3639127 0)
(1.068912 1.4353463 0)
(1.1342566 1.5128484 0)
(1.2040374 1.592556 0)
(1.2827442 1.6664288 0)
(1.3636583 1.7384109 0)
(1.4440621 1.8044645 0)
(1.5240724 1.8633272 0)
(1.6058333 1.916697 0)
(1.6942198 1.9658471 0)
(1.7923061 2.0002204 0)
(1.8967665 2.0275455 0)
(2.0048888 2.0687479 0)
(2.1151503 2.1272091 0)
(2.2257729 2.1787578 0)
(2.3331103 2.2231719 0)
(2.4356829 2.257491 0)
(2.5397396 2.2860644 0)
(2.6416822 2.3047907 0)
(2.7441179 2.3170219 0)
(2.8485477 2.3219087 0)
(2.9611533 2.3249982 0)
(3.0681563 2.3264313 0)
(3.175615 2.3190808 0)
(3.284194 2.2832154 0)
(3.385625 2.226341 0)
(3.4828121 2.1568453 0)
(3.5967269 2.092606 0)
(3.7020733 2.0381674 0)
(3.8225463 1.9800242 0)
(3.9280026 1.9208631 0)
(4.0506729 1.8569802 0)
(4.1544732 1.8190232 0)
(4.2735568 1.7736809 0)
(4.4437964 1.7060567 0)
(0.61156179 0.058338395 0)
(0.5934626 0.17353375 0)
(0.58160188 0.28330203 0)
(0.57563312 0.38617447 0)
(0.5876356 0.47735327 0)
(0.6290075 0.55101551 0)
(0.68930831 0.61288293 0)
(0.75306925 0.6776043 0)
(0.80257866 0.7567155 0)
(0.83326282 0.84495598 0)
(0.85800859 0.93161396 0)
(0.89059749 1.014726 0)
(0.92040319 1.1045189 0)
(0.94850927 1.1989372 0)
(0.99449746 1.2796067 0)
(1.0595247 1.344261 0)
(1.1268172 1.4108373 0)
(1.1939265 1.4841199 0)
(1.2648996 1.5632531 0)
(1.3462902 1.6407219 0)
(1.4297079 1.721794 0)
(1.5079756 1.8008369 0)
(1.5825385 1.8684022 0)
(1.6587358 1.9247146 0)
(1.7419253 1.9702724 0)
(1.8346938 1.9994849 0)
(1.9354127 2.0204381 0)
(2.0419987 2.0497149 0)
(2.1478227 2.0963145 0)
(2.2467502 2.1499373 0)
(2.3421925 2.2032037 0)
(2.4368293 2.2467821 0)
(2.5334397 2.2818261 0)
(2.628565 2.3046703 0)
(2.7313408 2.3201276 0)
(2.8380224 2.3322346 0)
(2.9463573 2.3446456 0)
(3.0536322 2.3477455 0)
(3.1547769 2.334944 0)
(3.2520324 2.2902495 0)
(3.3472072 2.223694 0)
(3.4450969 2.1575844 0)
(3.5537694 2.1038192 0)
(3.655497 2.0576013 0)
(3.7729984 2.0073539 0)
(3.8762278 1.9603962 0)
(4.0029622 1.9046247 0)
(4.1051153 1.8717497 0)
(4.2210701 1.830543 0)
(4.3905257 1.7653766 0)
(0.72381264 0.058108482 0)
(0.70188307 0.17339279 0)
(0.68611151 0.28611314 0)
(0.67299456 0.3942244 0)
(0.67110254 0.49150509 0)
(0.70150467 0.5701449 0)
(0.75995363 0.62760968 0)
(0.82775822 0.68097121 0)
(0.88321186 0.74941341 0)
(0.91464011 0.83202813 0)
(0.93310795 0.9169166 0)
(0.96290735 0.99693136 0)
(0.99849877 1.0819798 0)
(1.0259347 1.1798672 0)
(1.0649837 1.2713741 0)
(1.1279166 1.3428095 0)
(1.197657 1.4090911 0)
(1.2698094 1.4818761 0)
(1.346578 1.564163 0)
(1.435123 1.6474503 0)
(1.5239111 1.7393254 0)
(1.5957598 1.8345221 0)
(1.6625122 1.9118264 0)
(1.7323777 1.9715774 0)
(1.8078154 2.0146467 0)
(1.8922755 2.0408601 0)
(1.9880813 2.0499927 0)
(2.0902897 2.0536476 0)
(2.1852721 2.0763477 0)
(2.2702735 2.1166393 0)
(2.3555634 2.1670178 0)
(2.4441053 2.2124136 0)
(2.5363084 2.2516195 0)
(2.6263043 2.2845664 0)
(2.7245399 2.3155149 0)
(2.8256299 2.3443395 0)
(2.9266444 2.3675753 0)
(3.0326133 2.3697482 0)
(3.1274182 2.3442467 0)
(3.2165933 2.2870923 0)
(3.3085084 2.2200504 0)
(3.4074543 2.1647382 0)
(3.5108082 2.1225116 0)
(3.6105594 2.0865261 0)
(3.729543 2.0426652 0)
(3.8288444 2.0082905 0)
(3.9512435 1.9665009 0)
(4.0548494 1.9365032 0)
(4.1748638 1.8907499 0)
(4.3408173 1.8241357 0)
(0.84432285 0.054645337 0)
(0.82074103 0.1649238 0)
(0.80397393 0.27718346 0)
(0.78572409 0.38923694 0)
(0.77048805 0.49320092 0)
(0.78269428 0.58179268 0)
(0.83326864 0.64396591 0)
(0.9028106 0.68930808 0)
(0.96571214 0.74681343 0)
(1.0041546 0.82384461 0)
(1.0170132 0.909206 0)
(1.0432722 0.98766238 0)
(1.0853209 1.0650413 0)
(1.1216512 1.1620158 0)
(1.1551355 1.2668985 0)
(1.2166108 1.3493036 0)
(1.2897492 1.4191227 0)
(1.3716832 1.4869492 0)
(1.4593972 1.5641628 0)
(1.5571695 1.645107 0)
(1.6515055 1.7403599 0)
(1.7100041 1.8495485 0)
(1.7576635 1.9450789 0)
(1.8166352 2.0145589 0)
(1.8818961 2.0573213 0)
(1.9524327 2.082192 0)
(2.0329351 2.0873561 0)
(2.1202723 2.0768409 0)
(2.2036789 2.0786137 0)
(2.2778932 2.1058183 0)
(2.354998 2.1508984 0)
(2.438469 2.1923664 0)
(2.5279385 2.2316197 0)
(2.6179209 2.2688075 0)
(2.7174924 2.3077217 0)
(2.8198298 2.344933 0)
(2.9167675 2.3730258 0)
(3.0158299 2.370172 0)
(3.0972398 2.3318358 0)
(3.180809 2.2704365 0)
(3.2730672 2.2132646 0)
(3.3704699 2.17208 0)
(3.4712055 2.1424142 0)
(3.5736538 2.1144817 0)
(3.6907068 2.0811693 0)
(3.7882679 2.0600439 0)
(3.9100878 2.0283438 0)
(4.0087451 2.0035612 0)
(4.1231 1.9577646 0)
(4.2839108 1.8911807 0)
(0.96785265 0.049099262 0)
(0.94671154 0.15143365 0)
(0.93389775 0.26049097 0)
(0.91366053 0.3743364 0)
(0.89000278 0.48528037 0)
(0.88014322 0.58530693 0)
(0.91421244 0.6632526 0)
(0.98046201 0.71292121 0)
(1.0526184 0.76223846 0)
(1.1050482 0.83551913 0)
(1.1164558 0.92835675 0)
(1.1338283 1.0159691 0)
(1.1836319 1.0877214 0)
(1.2400321 1.1749388 0)
(1.2721704 1.2877719 0)
(1.3304792 1.3933227 0)
(1.4084938 1.4859152 0)
(1.4997598 1.566353 0)
(1.5958672 1.6407591 0)
(1.6952104 1.7052008 0)
(1.7773675 1.7783997 0)
(1.8113309 1.8606597 0)
(1.8373565 1.943768 0)
(1.8711749 2.0280914 0)
(1.923976 2.080163 0)
(1.9819138 2.1049835 0)
(2.0532961 2.1060549 0)
(2.1326131 2.0842509 0)
(2.2084359 2.0706369 0)
(2.2764995 2.0851401 0)
(2.3518482 2.1212271 0)
(2.4342234 2.1601719 0)
(2.5222345 2.2052956 0)
(2.6090417 2.2524838 0)
(2.7044615 2.3037175 0)
(2.7997761 2.3525637 0)
(2.8946018 2.3771358 0)
(2.9838183 2.3604436 0)
(3.0561271 2.3073334 0)
(3.1437449 2.2508314 0)
(3.2333484 2.2096232 0)
(3.3294785 2.1824581 0)
(3.4318885 2.1623555 0)
(3.53242 2.1459787 0)
(3.6497072 2.126269 0)
(3.7488267 2.1171316 0)
(3.863513 2.0961675 0)
(3.9593562 2.0726806 0)
(4.0790364 2.0193667 0)
(4.233682 1.9546691 0)
(1.094063 0.043000359 0)
(1.0802474 0.13666288 0)
(1.0765653 0.24100457 0)
(1.0580635 0.35367774 0)
(1.0329333 0.47002483 0)
(1.0047674 0.58086919 0)
(1.0157194 0.67722559 0)
(1.0756262 0.74020698 0)
(1.1572135 0.77597581 0)
(1.2289323 0.83938129 0)
(1.256569 0.93821436 0)
(1.2595732 1.0416908 0)
(1.3074591 1.121068 0)
(1.3782877 1.1858004 0)
(1.4214723 1.2900316 0)
(1.5038244 1.4028744 0)
(1.5784038 1.5454057 0)
(1.6510964 1.6541229 0)
(1.7232351 1.7258008 0)
(1.7948202 1.7646683 0)
(1.8438427 1.8061303 0)
(1.8550454 1.8574436 0)
(1.8730891 1.9157345 0)
(1.9097381 1.982621 0)
(1.9464986 2.0596308 0)
(1.9892006 2.104939 0)
(2.042981 2.1215877 0)
(2.1160212 2.1043867 0)
(2.1952084 2.0846728 0)
(2.2745179 2.0778295 0)
(2.362315 2.1009489 0)
(2.4485972 2.140251 0)
(2.5340869 2.1832066 0)
(2.6152308 2.2333844 0)
(2.707667 2.2907693 0)
(2.7983268 2.3413113 0)
(2.8837253 2.3539584 0)
(2.9549601 2.3236561 0)
(3.0242342 2.2727168 0)
(3.1179765 2.2290456 0)
(3.2044676 2.2034952 0)
(3.3046222 2.1889903 0)
(3.4038505 2.1839658 0)
(3.5033023 2.1832642 0)
(3.6159899 2.1782963 0)
(3.7092226 2.179898 0)
(3.8251105 2.1598515 0)
(3.9186114 2.1381236 0)
(4.014439 2.0953323 0)
(4.1533032 2.0405063 0)
(1.2092713 0.040711875 0)
(1.2117161 0.13616574 0)
(1.2232693 0.24124357 0)
(1.2139158 0.35734102 0)
(1.1957374 0.48308248 0)
(1.1608205 0.61079161 0)
(1.134284 0.73347471 0)
(1.1604181 0.83028538 0)
(1.2501403 0.880374 0)
(1.3548322 0.9398815 0)
(1.4127983 1.0413076 0)
(1.3966517 1.158609 0)
(1.4278466 1.253377 0)
(1.5047979 1.3000699 0)
(1.5761063 1.3680415 0)
(1.6953515 1.431614 0)
(1.7607042 1.5703835 0)
(1.7774974 1.6781506 0)
(1.8076942 1.7361727 0)
(1.8388865 1.7560353 0)
(1.8595455 1.7719399 0)
(1.8650736 1.8034422 0)
(1.8825934 1.8529173 0)
(1.9305941 1.8930298 0)
(1.9915112 1.9679453 0)
(2.0378039 2.0603513 0)
(2.0986527 2.1222031 0)
(2.1588753 2.1273931 0)
(2.2248223 2.1129633 0)
(2.3029123 2.0942393 0)
(2.3985293 2.1278265 0)
(2.4833889 2.1796816 0)
(2.5496591 2.2244585 0)
(2.6270778 2.2769101 0)
(2.7182312 2.3281299 0)
(2.810045 2.3545617 0)
(2.8799999 2.328431 0)
(2.9414263 2.2770363 0)
(3.0210811 2.2335576 0)
(3.1096441 2.2140807 0)
(3.1857491 2.2215932 0)
(3.2830604 2.2256525 0)
(3.3837123 2.2296177 0)
(3.4851303 2.2342154 0)
(3.5863276 2.2378159 0)
(3.6733365 2.2453164 0)
(3.7734767 2.2326539 0)
(3.8411726 2.2257285 0)
(3.937101 2.1893276 0)
(4.0878634 2.1337392 0)
(1.5822919 0.04617489 0)
(1.5949555 0.13512946 0)
(1.6030657 0.21785795 0)
(1.5868779 0.30466393 0)
(1.5657505 0.40847801 0)
(1.5434791 0.53957065 0)
(1.5138047 0.70582026 0)
(1.5016376 0.8780531 0)
(1.5326389 1.0229469 0)
(1.6058224 1.0889151 0)
(1.6748719 1.1571486 0)
(1.6591706 1.2590419 0)
(1.6040893 1.3696372 0)
(1.6352898 1.4222114 0)
(1.7043452 1.4573326 0)
(1.7852154 1.5121237 0)
(1.7944194 1.6037547 0)
(1.7807656 1.6849606 0)
(1.7893633 1.7472443 0)
(1.8132494 1.7659792 0)
(1.8535173 1.7830507 0)
(1.8816234 1.8301396 0)
(1.9285224 1.9076273 0)
(2.0140538 1.9342547 0)
(2.1416597 2.0076455 0)
(2.2005912 2.1126431 0)
(2.2297475 2.2091487 0)
(2.254793 2.2215277 0)
(2.3008217 2.1930881 0)
(2.3912692 2.1232723 0)
(2.5171536 2.1432512 0)
(2.5860234 2.2176038 0)
(2.6347449 2.2743954 0)
(2.699247 2.3403102 0)
(2.7710127 2.3861151 0)
(2.8416113 2.3824391 0)
(2.881402 2.312321 0)
(2.9481138 2.2652624 0)
(3.023072 2.2479139 0)
(3.0936117 2.2668653 0)
(3.1760228 2.2835388 0)
(3.2816315 2.2867608 0)
(3.3759011 2.2971051 0)
(3.4740559 2.304072 0)
(3.5648723 2.3121759 0)
(3.6394518 2.3294867 0)
(3.7338949 2.326956 0)
(3.804907 2.3262801 0)
(3.898818 2.296583 0)
(4.0432865 2.2436364 0)
(6.0052987 0.03280297 0)
(6.0047195 0.088957281 0)
(5.9415599 0.13108929 0)
(5.7939119 0.1875419 0)
(5.6066872 0.26467851 0)
(5.3748058 0.36297871 0)
(5.0700479 0.50022839 0)
(4.7714095 0.69820263 0)
(4.5611627 0.93449839 0)
(4.4785772 1.0813385 0)
(4.3473254 1.1403752 0)
(4.0178553 1.1853132 0)
(3.6426089 1.330045 0)
(3.4523684 1.5119866 0)
(3.256789 1.5692735 0)
(2.8829905 1.5536906 0)
(2.4527379 1.3812908 0)
(2.2032089 1.3986754 0)
(2.0603658 1.5293064 0)
(2.0470413 1.6655104 0)
(2.1282999 1.7529003 0)
(2.1492461 1.8675669 0)
(2.1292283 1.9975709 0)
(2.2064175 2.0427841 0)
(2.3124237 2.1350851 0)
(2.3342488 2.2604841 0)
(2.2844299 2.3526427 0)
(2.2987926 2.3821488 0)
(2.3321902 2.3540847 0)
(2.4308318 2.2607118 0)
(2.6014207 2.2584138 0)
(2.6885576 2.313622 0)
(2.736023 2.3768553 0)
(2.7815824 2.4522769 0)
(2.8413149 2.4719619 0)
(2.8723592 2.3948794 0)
(2.9118225 2.294881 0)
(2.9820162 2.2580882 0)
(3.0438255 2.2941499 0)
(3.1108292 2.3363746 0)
(3.1969307 2.3582909 0)
(3.3034875 2.3607963 0)
(3.4046751 2.3646593 0)
(3.4995942 2.370231 0)
(3.5788396 2.3945945 0)
(3.6556162 2.4179184 0)
(3.7262593 2.4387974 0)
(3.7687829 2.4654186 0)
(3.86137 2.4459128 0)
(4.0062877 2.3773566 0)
(8 -2.3308939e-14 0)
(8 3.0213106e-14 0)
(8 9.6636243e-14 0)
(8 -3.312006e-14 0)
(8 -1.2469369e-14 0)
(8 -4.1235409e-14 0)
(8 -1.7478321e-14 0)
(8 7.5226929e-14 0)
(8 -4.2216707e-15 0)
(8 -1.5021394e-14 0)
(8 4.333486e-14 0)
(8 2.2953433e-14 0)
(8 -4.6594298e-14 0)
(8 -3.4387731e-14 0)
(8.0288986 -0.004637118 0)
(7.9051375 0.018018559 0)
(7.136983 -0.0346628 0)
(6.3287909 0.2322515 0)
(5.5704781 0.63874501 0)
(5.0512764 1.0058461 0)
(4.7082914 1.2610489 0)
(4.2868869 1.5186649 0)
(3.8456841 1.8324415 0)
(3.7059053 2.1085635 0)
(3.4471607 2.2551415 0)
(3.1160814 2.3553522 0)
(2.7809932 2.4072967 0)
(2.570518 2.4492317 0)
(2.5075465 2.3933977 0)
(2.5261127 2.3028295 0)
(2.6506893 2.3300899 0)
(2.7307346 2.418128 0)
(2.74659 2.5077516 0)
(2.7956053 2.5861341 0)
(2.8345409 2.5465222 0)
(2.8648285 2.4097614 0)
(2.9457834 2.3160042 0)
(3.0083985 2.3520568 0)
(3.0512885 2.4242513 0)
(3.1031772 2.4747401 0)
(3.1850704 2.4917335 0)
(3.2964123 2.4883992 0)
(3.3944161 2.498964 0)
(3.4927519 2.5088019 0)
(3.5757607 2.5614817 0)
(3.6499472 2.624426 0)
(3.7321213 2.6567947 0)
(3.8222042 2.6566791 0)
(3.9289774 2.6298886 0)
(4.0824683 2.5532857 0)
(8 1.1798568e-15 0)
(8 2.6705136e-14 0)
(8 3.8291478e-14 0)
(8 -4.8829265e-14 0)
(8 -1.7995613e-14 0)
(8 3.7563032e-15 0)
(8 -2.1392363e-15 0)
(8 6.4126327e-14 0)
(8 -1.3075553e-17 0)
(8 -1.0772871e-14 0)
(8 -2.7625128e-15 0)
(8 2.5967471e-14 0)
(8 2.3360051e-15 0)
(8 -3.8093829e-14 0)
(8 7.4069533e-14 0)
(8 -3.2761055e-15 0)
(8 -9.2257846e-14 0)
(8 -2.959906e-14 0)
(8 2.2476557e-15 0)
(8 -7.4262528e-15 0)
(8 -6.5907456e-14 0)
(8 2.0913195e-14 0)
(8.0136378 -0.0057534306 0)
(7.9823631 0.017761851 0)
(7.5692257 0.17085766 0)
(6.9067371 0.4447792 0)
(6.1099167 0.8663049 0)
(5.2816322 1.3361073 0)
(4.5351981 1.7706 0)
(4.2110171 2.0728084 0)
(3.7781787 2.3217042 0)
(3.3180129 2.4898632 0)
(2.9751707 2.562877 0)
(2.8623316 2.6298457 0)
(2.8279623 2.5530983 0)
(2.8514883 2.381745 0)
(3.054094 2.5172626 0)
(3.2017934 2.5833495 0)
(3.2942071 2.6063235 0)
(3.375857 2.5937844 0)
(3.4618474 2.5370657 0)
(3.5608231 2.4442983 0)
(3.6718935 2.3421021 0)
(3.7748975 2.2541522 0)
(3.8635446 2.1845531 0)
(3.938369 2.1098854 0)
(4.0024302 2.0231299 0)
(4.066917 1.9252796 0)
(4.1089596 1.8188011 0)
(4.1619809 1.6714556 0)
(8 4.4237325e-15 0)
(8 9.7874769e-15 0)
(8 5.6707347e-15 0)
(8 -6.1357231e-15 0)
(8 -1.3675722e-14 0)
(8 -6.6177541e-15 0)
(8 3.7219153e-15 0)
(8 1.4640704e-14 0)
(8 -2.0647925e-14 0)
(8 3.8263827e-15 0)
(8 2.4262643e-14 0)
(8 -8.6981269e-15 0)
(8 -4.6965607e-15 0)
(8 -1.1384117e-14 0)
(8 -2.8594522e-15 0)
(8 1.4609381e-14 0)
(8 -1.7571685e-14 0)
(8 4.6465383e-15 0)
(8 -1.0760704e-15 0)
(8 -2.2845175e-14 0)
(8 -7.0111983e-15 0)
(8 5.4190903e-15 0)
(8 1.387743e-14 0)
(8 -4.1839863e-15 0)
(8 6.7234904e-15 0)
(8 3.0833321e-15 0)
(8 -8.0591337e-14 0)
(8 1.0670716e-14 0)
(8.0200666 -0.0097125134 0)
(7.9277522 0.057924828 0)
(7.5691384 0.21997378 0)
(6.7542888 0.65203519 0)
(5.8914317 1.1975478 0)
(5.009641 1.7690557 0)
(4.6583259 2.1359383 0)
(4.1829034 2.5847993 0)
(3.8237237 2.7912954 0)
(3.5237501 3.0112389 0)
(3.31483 3.2378583 0)
(3.1654954 3.434716 0)
(3.0669693 3.5829167 0)
(2.9850205 3.6872043 0)
(2.9045783 3.7784248 0)
(2.8111278 3.8848219 0)
(2.700855 3.9907272 0)
(2.6203915 4.0852199 0)
(2.5502992 4.1561569 0)
(2.4765821 4.2143584 0)
(2.4082507 4.2611779 0)
(2.2481264 4.37184 0)
)
;

boundaryField
{
    cylinder
    {
        type            slip;
    }
    outlet
    {
        type            zeroGradient;
    }
    farfield
    {
        type            fixedValue;
        value           uniform (8 0 0);
    }
    bottom
    {
        type            symmetryPlane;
    }
    defaultFaces
    {
        type            empty;
    }
}


// ************************************************************************* //
