/*--------------------------------*- C++ -*----------------------------------*\
| =========                 |                                                 |
| \\      /  F ield         | OpenFOAM: The Open Source CFD Toolbox           |
|  \\    /   O peration     | Version:  2606                                  |
|   \\  /    A nd           | Website:  www.openfoam.com                      |
|    \\/     M anipulation  |                                                 |
\*---------------------------------------------------------------------------*/
FoamFile
{
    version     2.0;
    format      ascii;
    arch        "LSB;label=32;scalar=64";
    class       volScalarField;
    location    "0.175";
    object      p_rgh;
}
// * * * * * * * * * * * * * * * * * * * * * * * * * * * * * * * * * * * * * //

dimensions      [1 -1 -2 0 0 0 0];

internalField   nonuniform List<scalar> 
4800
(
17.521059
18.081833
17.573388
15.979943
13.494385
10.380432
6.8022854
2.8187153
-1.5575274
-6.3283715
-11.499039
-17.068839
-23.026698
-29.352443
-36.019104
-42.993242
-50.23254
-57.68437
-65.286522
-72.991172
-80.771859
-88.576525
-96.280802
-103.75656
-111.02
-118.2227
-125.41555
-132.24294
-138.24088
-143.57653
-148.84348
-154.32939
-160.0583
-165.94028
-171.368
-175.40631
-178.45263
-181.60001
-185.12838
-188.88019
-192.69337
-195.9263
-197.79415
-198.76181
-199.78129
-201.39088
-203.7743
-206.62036
-209.28078
-211.18415
-212.23189
-212.87854
-213.3494
-213.82825
-214.36927
-215.46537
-218.46615
-222.98832
-223.75036
-221.2073
-227.76749
-258.64457
-274.74694
-278.06702
-278.82705
-279.03545
-279.15659
-279.26238
-279.35111
-279.42424
-279.48432
-279.53331
-279.57316
-279.60562
-279.63212
-279.65384
-279.67172
-279.68649
-279.69874
-279.70894
-279.71747
-279.72461
-279.73062
-279.73568
-279.73996
-279.74357
-279.74663
-279.74923
-279.75143
-279.7533
-279.75489
-279.75625
-279.7574
-279.75839
-279.75922
-279.75994
-279.76055
-279.76107
-279.76151
-279.76189
-279.76221
-279.76249
-279.76272
-279.76293
-279.7631
-279.76324
-279.76337
-279.76348
-279.76357
-279.76365
-279.76371
-279.76377
-279.76382
-279.76386
-279.76389
-279.76393
-279.76395
-279.76397
-279.76399
-279.76401
-279.76402
-279.76403
-279.76404
-279.76405
-279.76406
-279.76407
-279.76407
-279.76408
-279.76408
-279.76408
-279.76409
-279.76409
-279.76409
-279.76409
-279.7641
-279.7641
-279.7641
-279.7641
-279.7641
-279.7641
-279.7641
-279.7641
-279.7641
-279.7641
-279.7641
-279.7641
-279.7641
-279.7641
-279.7641
-279.7641
-279.7641
-279.7641
-279.7641
-279.7641
-279.7641
-279.7641
-279.7641
-279.7641
-279.7641
-279.7641
-279.7641
-279.7641
-279.7641
-279.7641
-279.7641
-279.7641
-279.7641
-279.7641
-279.7641
-279.7641
-279.7641
-279.7641
-279.7641
-279.7641
-279.7641
-279.7641
-279.7641
-279.7641
-279.7641
-279.7641
-279.7641
-279.7641
-279.7641
-279.7641
-279.7641
-279.7641
-279.7641
-279.7641
-279.7641
-279.7641
-279.7641
-279.7641
-279.7641
-279.7641
-279.7641
-279.7641
-279.7641
-279.7641
-279.7641
-279.7641
-279.7641
-279.7641
-279.7641
-279.7641
-279.7641
-279.7641
-279.7641
-279.7641
-279.7641
-279.7641
-279.7641
-279.7641
-279.7641
-279.7641
-279.7641
-279.7641
-279.7641
-279.7641
-279.7641
-279.7641
-279.7641
-279.7641
-279.7641
-279.7641
-279.7641
-279.7641
-279.7641
-279.7641
-279.7641
-279.7641
-279.7641
-279.7641
-279.7641
-279.7641
-279.7641
-279.7641
-279.7641
-279.7641
-279.7641
-279.7641
17.067501
17.596823
17.028932
15.381168
12.874327
9.7592448
6.1805758
2.1889775
-2.2041152
-7.0005875
-12.20432
-17.812798
-23.813977
-30.187442
-36.906145
-43.93779
-51.241398
-58.761729
-66.411983
-74.139481
-81.942827
-89.812495
-97.569256
-105.03872
-112.27106
-119.47107
-126.66577
-133.37381
-139.0545
-144.28659
-149.84103
-155.72056
-161.92669
-168.26195
-173.54693
-176.57091
-178.6831
-181.36594
-184.99017
-189.52798
-194.69389
-198.83484
-200.17244
-200.3189
-200.97481
-203.02842
-206.89284
-211.90417
-216.97942
-220.18545
-220.53314
-220.10694
-219.17907
-219.06568
-219.17943
-221.18241
-231.69873
-249.1475
-253.42458
-249.35793
-247.49848
-263.99501
-278.57923
-279.06264
-279.11323
-279.10415
-279.16863
-279.27315
-279.36498
-279.43776
-279.49611
-279.54306
-279.58102
-279.61188
-279.6371
-279.65781
-279.67489
-279.68904
-279.7008
-279.71062
-279.71885
-279.72575
-279.73156
-279.73646
-279.74061
-279.74411
-279.74709
-279.74961
-279.75175
-279.75358
-279.75513
-279.75645
-279.75757
-279.75853
-279.75935
-279.76004
-279.76064
-279.76114
-279.76157
-279.76194
-279.76226
-279.76253
-279.76276
-279.76295
-279.76312
-279.76327
-279.76339
-279.76349
-279.76358
-279.76366
-279.76372
-279.76378
-279.76383
-279.76387
-279.7639
-279.76393
-279.76395
-279.76398
-279.76399
-279.76401
-279.76402
-279.76404
-279.76405
-279.76405
-279.76406
-279.76407
-279.76407
-279.76408
-279.76408
-279.76408
-279.76409
-279.76409
-279.76409
-279.76409
-279.7641
-279.7641
-279.7641
-279.7641
-279.7641
-279.7641
-279.7641
-279.7641
-279.7641
-279.7641
-279.7641
-279.7641
-279.7641
-279.7641
-279.7641
-279.7641
-279.7641
-279.7641
-279.7641
-279.7641
-279.7641
-279.7641
-279.7641
-279.7641
-279.7641
-279.7641
-279.7641
-279.7641
-279.7641
-279.7641
-279.7641
-279.7641
-279.7641
-279.7641
-279.7641
-279.7641
-279.7641
-279.7641
-279.7641
-279.7641
-279.7641
-279.7641
-279.7641
-279.7641
-279.7641
-279.7641
-279.7641
-279.7641
-279.7641
-279.7641
-279.7641
-279.7641
-279.7641
-279.7641
-279.7641
-279.7641
-279.7641
-279.7641
-279.7641
-279.7641
-279.7641
-279.7641
-279.7641
-279.7641
-279.7641
-279.7641
-279.7641
-279.7641
-279.7641
-279.7641
-279.7641
-279.7641
-279.7641
-279.7641
-279.7641
-279.7641
-279.7641
-279.7641
-279.7641
-279.7641
-279.7641
-279.7641
-279.7641
-279.7641
-279.7641
-279.7641
-279.7641
-279.7641
-279.7641
-279.7641
-279.7641
-279.7641
-279.7641
-279.7641
-279.7641
-279.7641
-279.7641
-279.7641
-279.7641
-279.7641
-279.7641
-279.7641
-279.7641
-279.7641
-279.7641
-279.7641
16.188004
16.645572
15.956194
14.202226
11.649332
8.5237966
4.9352941
0.92042596
-3.5106018
-8.360511
-13.632154
-19.320394
-25.411166
-31.883557
-38.708513
-45.85385
-53.270913
-60.900668
-68.596258
-76.375486
-84.28352
-92.248559
-99.859645
-107.06646
-114.46598
-122.59654
-130.96093
-137.69431
-141.74619
-145.57109
-150.46378
-156.44614
-165.00592
-177.14351
-187.66077
-192.63593
-198.58076
-205.78168
-213.88269
-224.2571
-237.60509
-248.28286
-249.5617
-248.87473
-249.45224
-253.06329
-260.44921
-268.56781
-273.99993
-276.61847
-277.95113
-279.36604
-280.31695
-280.38859
-280.40624
-280.41129
-280.41215
-280.39672
-280.37096
-280.62788
-281.72013
-281.71507
-278.78731
-279.11358
-279.75213
-279.40437
-279.33949
-279.37902
-279.43349
-279.48501
-279.53
-279.56797
-279.59967
-279.62605
-279.648
-279.6663
-279.68158
-279.69436
-279.70507
-279.71408
-279.72166
-279.72806
-279.73346
-279.73804
-279.74192
-279.74521
-279.74801
-279.75038
-279.75241
-279.75413
-279.75559
-279.75684
-279.7579
-279.75881
-279.75959
-279.76025
-279.76081
-279.76129
-279.7617
-279.76205
-279.76235
-279.76261
-279.76283
-279.76301
-279.76317
-279.76331
-279.76342
-279.76352
-279.76361
-279.76368
-279.76374
-279.76379
-279.76384
-279.76388
-279.76391
-279.76394
-279.76396
-279.76398
-279.764
-279.76401
-279.76403
-279.76404
-279.76405
-279.76406
-279.76406
-279.76407
-279.76407
-279.76408
-279.76408
-279.76409
-279.76409
-279.76409
-279.76409
-279.76409
-279.7641
-279.7641
-279.7641
-279.7641
-279.7641
-279.7641
-279.7641
-279.7641
-279.7641
-279.7641
-279.7641
-279.7641
-279.7641
-279.7641
-279.7641
-279.7641
-279.7641
-279.7641
-279.7641
-279.7641
-279.7641
-279.7641
-279.7641
-279.7641
-279.7641
-279.7641
-279.7641
-279.7641
-279.7641
-279.7641
-279.7641
-279.7641
-279.7641
-279.7641
-279.7641
-279.7641
-279.7641
-279.7641
-279.7641
-279.7641
-279.7641
-279.7641
-279.7641
-279.7641
-279.7641
-279.7641
-279.7641
-279.7641
-279.7641
-279.7641
-279.7641
-279.7641
-279.7641
-279.7641
-279.7641
-279.7641
-279.7641
-279.7641
-279.7641
-279.7641
-279.7641
-279.7641
-279.7641
-279.7641
-279.7641
-279.7641
-279.7641
-279.7641
-279.7641
-279.7641
-279.7641
-279.7641
-279.7641
-279.7641
-279.7641
-279.7641
-279.7641
-279.7641
-279.7641
-279.7641
-279.7641
-279.7641
-279.7641
-279.7641
-279.7641
-279.7641
-279.7641
-279.7641
-279.7641
-279.7641
-279.7641
-279.7641
-279.7641
-279.7641
-279.7641
-279.7641
-279.7641
-279.7641
-279.7641
-279.7641
-279.7641
-279.7641
-279.7641
-279.7641
-279.7641
-279.7641
14.929329
15.276045
14.404305
12.499973
9.8714339
6.7115736
3.0870695
-0.97982372
-5.4757637
-10.407763
-15.779636
-21.581489
-27.790531
-34.380039
-41.328266
-48.64729
-56.280602
-64.096258
-71.793858
-79.774153
-88.471177
-97.572577
-105.29573
-111.23185
-118.08201
-129.33236
-146.54626
-161.64559
-172.94969
-186.7527
-200.22901
-213.58527
-234.50896
-261.92577
-279.42875
-279.94317
-279.98842
-280.02418
-280.03076
-280.03502
-280.04148
-280.04472
-280.04882
-280.0536
-280.06291
-280.08023
-280.10582
-280.1379
-280.17533
-280.21867
-280.26427
-280.30241
-280.32994
-280.35371
-280.37095
-280.38459
-280.39578
-280.40357
-280.42158
-279.95958
-279.38433
-279.62951
-280.46117
-280.57735
-280.16445
-279.73891
-279.57691
-279.53151
-279.53423
-279.55436
-279.57918
-279.60378
-279.62632
-279.64626
-279.66357
-279.67845
-279.69117
-279.70202
-279.71124
-279.71908
-279.72575
-279.73142
-279.73625
-279.74035
-279.74385
-279.74682
-279.74936
-279.75152
-279.75336
-279.75494
-279.75628
-279.75742
-279.7584
-279.75923
-279.75994
-279.76055
-279.76107
-279.76151
-279.76189
-279.76221
-279.76249
-279.76272
-279.76292
-279.7631
-279.76324
-279.76337
-279.76348
-279.76357
-279.76365
-279.76371
-279.76377
-279.76382
-279.76386
-279.76389
-279.76393
-279.76395
-279.76397
-279.76399
-279.76401
-279.76402
-279.76403
-279.76404
-279.76405
-279.76406
-279.76407
-279.76407
-279.76408
-279.76408
-279.76408
-279.76409
-279.76409
-279.76409
-279.76409
-279.7641
-279.7641
-279.7641
-279.7641
-279.7641
-279.7641
-279.7641
-279.7641
-279.7641
-279.7641
-279.7641
-279.7641
-279.7641
-279.7641
-279.7641
-279.7641
-279.7641
-279.7641
-279.7641
-279.7641
-279.7641
-279.7641
-279.7641
-279.7641
-279.7641
-279.7641
-279.7641
-279.7641
-279.7641
-279.7641
-279.7641
-279.7641
-279.7641
-279.7641
-279.7641
-279.7641
-279.7641
-279.7641
-279.7641
-279.7641
-279.7641
-279.7641
-279.7641
-279.7641
-279.7641
-279.7641
-279.7641
-279.7641
-279.7641
-279.7641
-279.7641
-279.7641
-279.7641
-279.7641
-279.7641
-279.7641
-279.7641
-279.7641
-279.7641
-279.7641
-279.7641
-279.7641
-279.7641
-279.7641
-279.7641
-279.7641
-279.7641
-279.7641
-279.7641
-279.7641
-279.7641
-279.7641
-279.7641
-279.7641
-279.7641
-279.7641
-279.7641
-279.7641
-279.7641
-279.7641
-279.7641
-279.7641
-279.7641
-279.7641
-279.7641
-279.7641
-279.7641
-279.7641
-279.7641
-279.7641
-279.7641
-279.7641
-279.7641
-279.7641
-279.7641
-279.7641
-279.7641
-279.7641
-279.7641
-279.7641
-279.7641
-279.7641
-279.7641
-279.7641
-279.7641
-279.7641
-279.7641
13.372142
13.553599
12.436118
10.319973
7.569194
4.3333389
0.63117316
-3.5229857
-8.0954869
-13.11717
-18.603224
-24.54805
-30.925176
-37.671427
-44.805998
-52.552273
-60.950283
-69.800244
-77.448874
-86.122812
-100.01313
-122.47209
-144.8739
-168.31277
-191.18546
-221.41966
-260.59471
-279.90684
-280.05816
-280.10274
-280.11693
-280.11046
-280.10168
-280.1031
-280.03621
-279.98345
-279.98859
-280.00798
-280.02454
-280.03641
-280.0453
-280.04843
-280.05322
-280.0591
-280.06913
-280.08642
-280.11113
-280.14202
-280.17839
-280.22085
-280.26651
-280.30584
-280.33125
-280.35348
-280.37838
-280.4057
-280.43529
-280.47458
-280.56273
-280.77886
-281.05156
-281.29355
-281.40148
-281.019
-280.37463
-279.97662
-279.76513
-279.67151
-279.63656
-279.62901
-279.63423
-279.64498
-279.65763
-279.67038
-279.6824
-279.69331
-279.70302
-279.71154
-279.71896
-279.72538
-279.73093
-279.7357
-279.73979
-279.7433
-279.74631
-279.74889
-279.7511
-279.75299
-279.7546
-279.75598
-279.75716
-279.75817
-279.75903
-279.75977
-279.7604
-279.76094
-279.7614
-279.76179
-279.76213
-279.76242
-279.76266
-279.76287
-279.76305
-279.76321
-279.76334
-279.76345
-279.76354
-279.76363
-279.7637
-279.76375
-279.76381
-279.76385
-279.76389
-279.76392
-279.76394
-279.76397
-279.76399
-279.764
-279.76402
-279.76403
-279.76404
-279.76405
-279.76406
-279.76406
-279.76407
-279.76408
-279.76408
-279.76408
-279.76409
-279.76409
-279.76409
-279.76409
-279.76409
-279.7641
-279.7641
-279.7641
-279.7641
-279.7641
-279.7641
-279.7641
-279.7641
-279.7641
-279.7641
-279.7641
-279.7641
-279.7641
-279.7641
-279.7641
-279.7641
-279.7641
-279.7641
-279.7641
-279.7641
-279.7641
-279.7641
-279.7641
-279.7641
-279.7641
-279.7641
-279.7641
-279.7641
-279.7641
-279.7641
-279.7641
-279.7641
-279.7641
-279.7641
-279.7641
-279.7641
-279.7641
-279.7641
-279.7641
-279.7641
-279.7641
-279.7641
-279.7641
-279.7641
-279.7641
-279.7641
-279.7641
-279.7641
-279.7641
-279.7641
-279.7641
-279.7641
-279.7641
-279.7641
-279.7641
-279.7641
-279.7641
-279.7641
-279.7641
-279.7641
-279.7641
-279.7641
-279.7641
-279.7641
-279.7641
-279.7641
-279.7641
-279.7641
-279.7641
-279.7641
-279.7641
-279.7641
-279.7641
-279.7641
-279.7641
-279.7641
-279.7641
-279.7641
-279.7641
-279.7641
-279.7641
-279.7641
-279.7641
-279.7641
-279.7641
-279.7641
-279.7641
-279.7641
-279.7641
-279.7641
-279.7641
-279.7641
-279.7641
-279.7641
-279.7641
-279.7641
-279.7641
-279.7641
-279.7641
-279.7641
-279.7641
-279.7641
-279.7641
-279.7641
-279.7641
-279.7641
-279.7641
11.696778
11.497125
10.020356
7.5757912
4.6881569
1.3918203
-2.4012098
-6.6686271
-11.290849
-16.415393
-22.085428
-28.325521
-35.132114
-42.48649
-50.802728
-63.89482
-83.745468
-114.1439
-147.21109
-182.79587
-221.68288
-265.66591
-280.01886
-280.07873
-280.09
-280.08591
-280.08988
-280.04905
-280.04674
-280.06904
-280.08733
-280.09347
-280.09645
-280.08772
-280.03632
-280.00952
-280.01445
-280.02523
-280.03449
-280.04369
-280.05177
-280.05803
-280.06363
-280.07125
-280.08244
-280.09881
-280.12052
-280.14692
-280.17951
-280.21651
-280.25525
-280.28973
-280.31644
-280.33911
-280.36227
-280.38845
-280.42066
-280.46774
-280.56205
-280.7509
-280.96752
-281.05715
-280.99398
-280.72066
-280.33736
-280.05275
-279.87523
-279.77546
-279.72318
-279.69768
-279.68793
-279.68692
-279.69052
-279.69635
-279.70305
-279.70986
-279.71638
-279.7224
-279.72784
-279.73268
-279.73696
-279.7407
-279.74396
-279.74679
-279.74924
-279.75135
-279.75317
-279.75473
-279.75608
-279.75723
-279.75822
-279.75907
-279.7598
-279.76042
-279.76096
-279.76141
-279.7618
-279.76214
-279.76242
-279.76267
-279.76288
-279.76305
-279.76321
-279.76334
-279.76345
-279.76354
-279.76363
-279.7637
-279.76376
-279.76381
-279.76385
-279.76389
-279.76392
-279.76394
-279.76397
-279.76399
-279.764
-279.76402
-279.76403
-279.76404
-279.76405
-279.76406
-279.76406
-279.76407
-279.76408
-279.76408
-279.76408
-279.76409
-279.76409
-279.76409
-279.76409
-279.76409
-279.7641
-279.7641
-279.7641
-279.7641
-279.7641
-279.7641
-279.7641
-279.7641
-279.7641
-279.7641
-279.7641
-279.7641
-279.7641
-279.7641
-279.7641
-279.7641
-279.7641
-279.7641
-279.7641
-279.7641
-279.7641
-279.7641
-279.7641
-279.7641
-279.7641
-279.7641
-279.7641
-279.7641
-279.7641
-279.7641
-279.7641
-279.7641
-279.7641
-279.7641
-279.7641
-279.7641
-279.7641
-279.7641
-279.7641
-279.7641
-279.7641
-279.7641
-279.7641
-279.7641
-279.7641
-279.7641
-279.7641
-279.7641
-279.7641
-279.7641
-279.7641
-279.7641
-279.7641
-279.7641
-279.7641
-279.7641
-279.7641
-279.7641
-279.7641
-279.7641
-279.7641
-279.7641
-279.7641
-279.7641
-279.7641
-279.7641
-279.7641
-279.7641
-279.7641
-279.7641
-279.7641
-279.7641
-279.7641
-279.7641
-279.7641
-279.7641
-279.7641
-279.7641
-279.7641
-279.7641
-279.7641
-279.7641
-279.7641
-279.7641
-279.7641
-279.7641
-279.7641
-279.7641
-279.7641
-279.7641
-279.7641
-279.7641
-279.7641
-279.7641
-279.7641
-279.7641
-279.7641
-279.7641
-279.7641
-279.7641
-279.7641
-279.7641
-279.7641
-279.7641
-279.7641
-279.7641
-279.7641
-279.7641
10.300216
8.8961314
6.8096276
4.0082621
1.0750773
-2.2138039
-6.109179
-10.697951
-16.647109
-25.776473
-39.465495
-58.905316
-84.983417
-121.66207
-163.66378
-205.41306
-242.00597
-277.63187
-280.11922
-280.0939
-280.07602
-280.0894
-280.07004
-280.06268
-280.07252
-280.07455
-280.07299
-280.04488
-280.05667
-280.07071
-280.07988
-280.08199
-280.079
-280.06852
-280.04286
-280.03168
-280.03092
-280.03695
-280.0446
-280.05242
-280.05998
-280.06727
-280.07518
-280.08456
-280.09654
-280.1121
-280.13182
-280.15569
-280.18333
-280.2137
-280.24485
-280.2741
-280.30019
-280.32417
-280.34786
-280.37345
-280.40386
-280.44375
-280.50029
-280.58329
-280.69094
-280.73639
-280.66127
-280.47609
-280.25382
-280.07061
-279.93599
-279.84464
-279.79073
-279.75547
-279.73607
-279.72632
-279.72255
-279.72237
-279.72422
-279.72714
-279.73053
-279.73404
-279.73746
-279.74066
-279.7436
-279.74624
-279.7486
-279.75069
-279.75251
-279.75411
-279.7555
-279.75671
-279.75775
-279.75865
-279.75943
-279.7601
-279.76067
-279.76116
-279.76159
-279.76195
-279.76226
-279.76253
-279.76276
-279.76295
-279.76312
-279.76326
-279.76338
-279.76349
-279.76358
-279.76365
-279.76372
-279.76378
-279.76382
-279.76386
-279.7639
-279.76393
-279.76395
-279.76398
-279.76399
-279.76401
-279.76402
-279.76404
-279.76404
-279.76405
-279.76406
-279.76407
-279.76407
-279.76408
-279.76408
-279.76408
-279.76409
-279.76409
-279.76409
-279.76409
-279.76409
-279.7641
-279.7641
-279.7641
-279.7641
-279.7641
-279.7641
-279.7641
-279.7641
-279.7641
-279.7641
-279.7641
-279.7641
-279.7641
-279.7641
-279.7641
-279.7641
-279.7641
-279.7641
-279.7641
-279.7641
-279.7641
-279.7641
-279.7641
-279.7641
-279.7641
-279.7641
-279.7641
-279.7641
-279.7641
-279.7641
-279.7641
-279.7641
-279.7641
-279.7641
-279.7641
-279.7641
-279.7641
-279.7641
-279.7641
-279.7641
-279.7641
-279.7641
-279.7641
-279.7641
-279.7641
-279.7641
-279.7641
-279.7641
-279.7641
-279.7641
-279.7641
-279.7641
-279.7641
-279.7641
-279.7641
-279.7641
-279.7641
-279.7641
-279.7641
-279.7641
-279.7641
-279.7641
-279.7641
-279.7641
-279.7641
-279.7641
-279.7641
-279.7641
-279.7641
-279.7641
-279.7641
-279.7641
-279.7641
-279.7641
-279.7641
-279.7641
-279.7641
-279.7641
-279.7641
-279.7641
-279.7641
-279.7641
-279.7641
-279.7641
-279.7641
-279.7641
-279.7641
-279.7641
-279.7641
-279.7641
-279.7641
-279.7641
-279.7641
-279.7641
-279.7641
-279.7641
-279.7641
-279.7641
-279.7641
-279.7641
-279.7641
-279.7641
-279.7641
-279.7641
-279.7641
-279.7641
-279.7641
-279.7641
-279.7641
3.2775155
-15.528895
-25.470283
-38.733415
-52.615227
-69.409619
-89.782386
-118.12013
-150.02005
-182.51205
-213.83748
-241.88394
-266.91428
-280.01698
-280.0837
-280.07083
-280.05906
-280.05502
-280.07165
-280.06968
-280.07124
-280.07145
-280.05777
-280.0634
-280.06956
-280.06971
-280.06523
-280.05477
-280.05867
-280.06532
-280.07133
-280.07358
-280.07106
-280.06342
-280.05276
-280.04691
-280.04636
-280.04916
-280.05431
-280.06068
-280.06769
-280.07526
-280.08375
-280.09372
-280.10579
-280.12051
-280.1382
-280.15884
-280.18207
-280.20714
-280.23281
-280.2577
-280.28117
-280.30373
-280.32644
-280.35062
-280.37829
-280.41261
-280.45526
-280.49393
-280.52593
-280.5222
-280.45832
-280.33985
-280.20064
-280.07393
-279.9707
-279.89306
-279.83866
-279.80089
-279.77695
-279.76138
-279.75213
-279.74712
-279.74486
-279.74432
-279.74484
-279.74598
-279.74742
-279.749
-279.75059
-279.75212
-279.75355
-279.75486
-279.75604
-279.7571
-279.75803
-279.75885
-279.75957
-279.7602
-279.76074
-279.76122
-279.76162
-279.76198
-279.76228
-279.76254
-279.76276
-279.76296
-279.76312
-279.76326
-279.76338
-279.76349
-279.76358
-279.76365
-279.76372
-279.76378
-279.76382
-279.76386
-279.7639
-279.76393
-279.76395
-279.76398
-279.76399
-279.76401
-279.76402
-279.76404
-279.76405
-279.76405
-279.76406
-279.76407
-279.76407
-279.76408
-279.76408
-279.76408
-279.76409
-279.76409
-279.76409
-279.76409
-279.76409
-279.7641
-279.7641
-279.7641
-279.7641
-279.7641
-279.7641
-279.7641
-279.7641
-279.7641
-279.7641
-279.7641
-279.7641
-279.7641
-279.7641
-279.7641
-279.7641
-279.7641
-279.7641
-279.7641
-279.7641
-279.7641
-279.7641
-279.7641
-279.7641
-279.7641
-279.7641
-279.7641
-279.7641
-279.7641
-279.7641
-279.7641
-279.7641
-279.7641
-279.7641
-279.7641
-279.7641
-279.7641
-279.7641
-279.7641
-279.7641
-279.7641
-279.7641
-279.7641
-279.7641
-279.7641
-279.7641
-279.7641
-279.7641
-279.7641
-279.7641
-279.7641
-279.7641
-279.7641
-279.7641
-279.7641
-279.7641
-279.7641
-279.7641
-279.7641
-279.7641
-279.7641
-279.7641
-279.7641
-279.7641
-279.7641
-279.7641
-279.7641
-279.7641
-279.7641
-279.7641
-279.7641
-279.7641
-279.7641
-279.7641
-279.7641
-279.7641
-279.7641
-279.7641
-279.7641
-279.7641
-279.7641
-279.7641
-279.7641
-279.7641
-279.7641
-279.7641
-279.7641
-279.7641
-279.7641
-279.7641
-279.7641
-279.7641
-279.7641
-279.7641
-279.7641
-279.7641
-279.7641
-279.7641
-279.7641
-279.7641
-279.7641
-279.7641
-279.7641
-279.7641
-279.7641
-279.7641
-279.7641
-279.7641
-279.7641
-279.7641
-279.7641
-175.29856
-211.33318
-225.60089
-243.00572
-255.3926
-266.56952
-276.48252
-279.97275
-280.01782
-280.03281
-280.04666
-280.05888
-280.06785
-280.0697
-280.07391
-280.07064
-280.06396
-280.0588
-280.06319
-280.06575
-280.06874
-280.06777
-280.05789
-280.06073
-280.06482
-280.06577
-280.0636
-280.06133
-280.06323
-280.06651
-280.06905
-280.06966
-280.06775
-280.06335
-280.05831
-280.05541
-280.05545
-280.05809
-280.06248
-280.06816
-280.07479
-280.08232
-280.09091
-280.10089
-280.1126
-280.12634
-280.14226
-280.16027
-280.18007
-280.20106
-280.22244
-280.24347
-280.26379
-280.28355
-280.30325
-280.32359
-280.34548
-280.36972
-280.3961
-280.41661
-280.42265
-280.4019
-280.34722
-280.26319
-280.16578
-280.07195
-279.99056
-279.92478
-279.87438
-279.83693
-279.81018
-279.79132
-279.77839
-279.76976
-279.76423
-279.76078
-279.75878
-279.75776
-279.75739
-279.75743
-279.75772
-279.75815
-279.75866
-279.75919
-279.75972
-279.76022
-279.76068
-279.76111
-279.76149
-279.76183
-279.76214
-279.7624
-279.76263
-279.76284
-279.76301
-279.76317
-279.7633
-279.76341
-279.76351
-279.7636
-279.76367
-279.76373
-279.76379
-279.76383
-279.76387
-279.7639
-279.76393
-279.76396
-279.76398
-279.764
-279.76401
-279.76403
-279.76404
-279.76405
-279.76406
-279.76406
-279.76407
-279.76407
-279.76408
-279.76408
-279.76408
-279.76409
-279.76409
-279.76409
-279.76409
-279.76409
-279.7641
-279.7641
-279.7641
-279.7641
-279.7641
-279.7641
-279.7641
-279.7641
-279.7641
-279.7641
-279.7641
-279.7641
-279.7641
-279.7641
-279.7641
-279.7641
-279.7641
-279.7641
-279.7641
-279.7641
-279.7641
-279.7641
-279.7641
-279.7641
-279.7641
-279.7641
-279.7641
-279.7641
-279.7641
-279.7641
-279.7641
-279.7641
-279.7641
-279.7641
-279.7641
-279.7641
-279.7641
-279.7641
-279.7641
-279.7641
-279.7641
-279.7641
-279.7641
-279.7641
-279.7641
-279.7641
-279.7641
-279.7641
-279.7641
-279.7641
-279.7641
-279.7641
-279.7641
-279.7641
-279.7641
-279.7641
-279.7641
-279.7641
-279.7641
-279.7641
-279.7641
-279.7641
-279.7641
-279.7641
-279.7641
-279.7641
-279.7641
-279.7641
-279.7641
-279.7641
-279.7641
-279.7641
-279.7641
-279.7641
-279.7641
-279.7641
-279.7641
-279.7641
-279.7641
-279.7641
-279.7641
-279.7641
-279.7641
-279.7641
-279.7641
-279.7641
-279.7641
-279.7641
-279.7641
-279.7641
-279.7641
-279.7641
-279.7641
-279.7641
-279.7641
-279.7641
-279.7641
-279.7641
-279.7641
-279.7641
-279.7641
-279.7641
-279.7641
-279.7641
-279.7641
-279.7641
-279.7641
-279.7641
-279.7641
-279.7641
-279.7641
-279.7641
-279.7641
-279.7641
-279.91193
-279.90372
-279.90568
-279.91303
-279.92827
-279.95012
-279.97644
-279.98996
-280.01322
-280.03306
-280.05017
-280.06356
-280.07269
-280.0744
-280.07324
-280.06976
-280.06613
-280.06392
-280.06303
-280.06272
-280.06404
-280.06321
-280.06014
-280.0611
-280.0625
-280.06296
-280.06242
-280.06225
-280.06368
-280.06578
-280.0675
-280.06803
-280.0671
-280.06502
-280.06295
-280.06214
-280.06284
-280.06539
-280.06946
-280.07476
-280.08111
-280.08846
-280.0969
-280.10658
-280.1177
-280.13041
-280.14473
-280.16058
-280.17766
-280.19556
-280.21371
-280.23164
-280.24905
-280.2659
-280.28232
-280.29849
-280.31436
-280.33025
-280.34385
-280.35083
-280.34516
-280.32057
-280.27466
-280.21112
-280.13869
-280.06672
-280.00135
-279.94562
-279.90026
-279.86452
-279.83712
-279.81647
-279.80117
-279.78996
-279.78187
-279.77607
-279.77195
-279.76906
-279.76705
-279.76568
-279.76476
-279.76416
-279.76378
-279.76356
-279.76344
-279.76339
-279.76339
-279.76341
-279.76346
-279.76351
-279.76357
-279.76362
-279.76368
-279.76373
-279.76377
-279.76381
-279.76385
-279.76389
-279.76392
-279.76394
-279.76396
-279.76398
-279.764
-279.76401
-279.76403
-279.76404
-279.76405
-279.76406
-279.76406
-279.76407
-279.76407
-279.76408
-279.76408
-279.76409
-279.76409
-279.76409
-279.76409
-279.76409
-279.76409
-279.7641
-279.7641
-279.7641
-279.7641
-279.7641
-279.7641
-279.7641
-279.7641
-279.7641
-279.7641
-279.7641
-279.7641
-279.7641
-279.7641
-279.7641
-279.7641
-279.7641
-279.7641
-279.7641
-279.7641
-279.7641
-279.7641
-279.7641
-279.7641
-279.7641
-279.7641
-279.7641
-279.7641
-279.7641
-279.7641
-279.7641
-279.7641
-279.7641
-279.7641
-279.7641
-279.7641
-279.7641
-279.7641
-279.7641
-279.7641
-279.7641
-279.7641
-279.7641
-279.7641
-279.7641
-279.7641
-279.7641
-279.7641
-279.7641
-279.7641
-279.7641
-279.7641
-279.7641
-279.7641
-279.7641
-279.7641
-279.7641
-279.7641
-279.7641
-279.7641
-279.7641
-279.7641
-279.7641
-279.7641
-279.7641
-279.7641
-279.7641
-279.7641
-279.7641
-279.7641
-279.7641
-279.7641
-279.7641
-279.7641
-279.7641
-279.7641
-279.7641
-279.7641
-279.7641
-279.7641
-279.7641
-279.7641
-279.7641
-279.7641
-279.7641
-279.7641
-279.7641
-279.7641
-279.7641
-279.7641
-279.7641
-279.7641
-279.7641
-279.7641
-279.7641
-279.7641
-279.7641
-279.7641
-279.7641
-279.7641
-279.7641
-279.7641
-279.7641
-279.7641
-279.7641
-279.7641
-279.7641
-279.7641
-279.7641
-279.7641
-279.7641
-279.7641
-279.7641
-279.7641
-279.7641
-279.7641
-279.7641
-279.7641
-279.7641
-279.7641
-279.7641
-279.90781
-279.90663
-279.90818
-279.90577
-279.92382
-279.95213
-279.97358
-279.9919
-280.01236
-280.03143
-280.04709
-280.05841
-280.06514
-280.06731
-280.06708
-280.06494
-280.06094
-280.05863
-280.05807
-280.05842
-280.0591
-280.05889
-280.05881
-280.0599
-280.06087
-280.06146
-280.06185
-280.06257
-280.06392
-280.06552
-280.06686
-280.06754
-280.06747
-280.06694
-280.06655
-280.06694
-280.06849
-280.0713
-280.07532
-280.08044
-280.08657
-280.09367
-280.1018
-280.11103
-280.12145
-280.13311
-280.14598
-280.15994
-280.17476
-280.19009
-280.20555
-280.22076
-280.23546
-280.24946
-280.26268
-280.275
-280.28627
-280.29499
-280.30008
-280.29853
-280.28681
-280.26194
-280.22323
-280.17327
-280.11709
-280.06018
-280.00672
-279.95926
-279.91884
-279.88546
-279.85855
-279.83721
-279.82051
-279.80756
-279.79759
-279.78995
-279.7841
-279.77962
-279.77619
-279.77356
-279.77154
-279.76998
-279.76877
-279.76783
-279.7671
-279.76652
-279.76607
-279.76571
-279.76542
-279.76519
-279.765
-279.76485
-279.76472
-279.76462
-279.76454
-279.76447
-279.76441
-279.76436
-279.76432
-279.76429
-279.76426
-279.76424
-279.76422
-279.7642
-279.76419
-279.76417
-279.76416
-279.76416
-279.76415
-279.76414
-279.76414
-279.76413
-279.76413
-279.76412
-279.76412
-279.76412
-279.76412
-279.76411
-279.76411
-279.76411
-279.76411
-279.76411
-279.76411
-279.76411
-279.76411
-279.76411
-279.76411
-279.76411
-279.76411
-279.76411
-279.76411
-279.76411
-279.7641
-279.7641
-279.7641
-279.7641
-279.7641
-279.7641
-279.7641
-279.7641
-279.7641
-279.7641
-279.7641
-279.7641
-279.7641
-279.7641
-279.7641
-279.7641
-279.7641
-279.7641
-279.7641
-279.7641
-279.7641
-279.7641
-279.7641
-279.7641
-279.7641
-279.7641
-279.7641
-279.7641
-279.7641
-279.7641
-279.7641
-279.7641
-279.7641
-279.7641
-279.7641
-279.7641
-279.7641
-279.7641
-279.7641
-279.7641
-279.7641
-279.7641
-279.7641
-279.7641
-279.7641
-279.7641
-279.7641
-279.7641
-279.7641
-279.7641
-279.7641
-279.7641
-279.7641
-279.7641
-279.7641
-279.7641
-279.7641
-279.7641
-279.7641
-279.7641
-279.7641
-279.7641
-279.7641
-279.7641
-279.7641
-279.7641
-279.7641
-279.7641
-279.7641
-279.7641
-279.7641
-279.7641
-279.7641
-279.7641
-279.7641
-279.7641
-279.7641
-279.7641
-279.7641
-279.7641
-279.7641
-279.7641
-279.7641
-279.7641
-279.7641
-279.7641
-279.7641
-279.7641
-279.7641
-279.7641
-279.7641
-279.7641
-279.7641
-279.7641
-279.7641
-279.7641
-279.7641
-279.7641
-279.7641
-279.7641
-279.7641
-279.7641
-279.7641
-279.7641
-279.7641
-279.7641
-279.7641
-279.7641
-279.90819
-279.90891
-279.89527
-279.88493
-279.90711
-279.9569
-279.97465
-279.99139
-280.00752
-280.02183
-280.03351
-280.04233
-280.04787
-280.05014
-280.05087
-280.05087
-280.05119
-280.05154
-280.05243
-280.05372
-280.05487
-280.05561
-280.05661
-280.058
-280.05927
-280.06032
-280.0613
-280.06247
-280.0639
-280.0654
-280.06674
-280.06774
-280.06838
-280.06888
-280.06959
-280.07089
-280.07303
-280.07613
-280.08022
-280.08525
-280.0912
-280.09805
-280.10582
-280.11454
-280.12424
-280.1349
-280.14647
-280.15881
-280.17172
-280.18491
-280.19807
-280.21089
-280.22311
-280.23445
-280.24467
-280.25345
-280.26042
-280.26437
-280.26409
-280.25772
-280.24328
-280.21943
-280.18619
-280.14536
-280.10004
-280.05363
-280.00901
-279.96817
-279.93215
-279.90128
-279.87541
-279.85406
-279.83666
-279.82261
-279.81132
-279.80227
-279.79504
-279.78926
-279.78462
-279.7809
-279.77791
-279.77549
-279.77353
-279.77193
-279.77062
-279.76955
-279.76867
-279.76794
-279.76733
-279.76682
-279.7664
-279.76605
-279.76575
-279.7655
-279.76529
-279.76511
-279.76496
-279.76483
-279.76472
-279.76463
-279.76455
-279.76449
-279.76443
-279.76438
-279.76434
-279.76431
-279.76428
-279.76425
-279.76423
-279.76421
-279.7642
-279.76418
-279.76417
-279.76416
-279.76415
-279.76415
-279.76414
-279.76413
-279.76413
-279.76413
-279.76412
-279.76412
-279.76412
-279.76412
-279.76411
-279.76411
-279.76411
-279.76411
-279.76411
-279.76411
-279.76411
-279.76411
-279.76411
-279.76411
-279.76411
-279.76411
-279.76411
-279.76411
-279.7641
-279.7641
-279.7641
-279.7641
-279.7641
-279.7641
-279.7641
-279.7641
-279.7641
-279.7641
-279.7641
-279.7641
-279.7641
-279.7641
-279.7641
-279.7641
-279.7641
-279.7641
-279.7641
-279.7641
-279.7641
-279.7641
-279.7641
-279.7641
-279.7641
-279.7641
-279.7641
-279.7641
-279.7641
-279.7641
-279.7641
-279.7641
-279.7641
-279.7641
-279.7641
-279.7641
-279.7641
-279.7641
-279.7641
-279.7641
-279.7641
-279.7641
-279.7641
-279.7641
-279.7641
-279.7641
-279.7641
-279.7641
-279.7641
-279.7641
-279.7641
-279.7641
-279.7641
-279.7641
-279.7641
-279.7641
-279.7641
-279.7641
-279.7641
-279.7641
-279.7641
-279.7641
-279.7641
-279.7641
-279.7641
-279.7641
-279.7641
-279.7641
-279.7641
-279.7641
-279.7641
-279.7641
-279.7641
-279.7641
-279.7641
-279.7641
-279.7641
-279.7641
-279.7641
-279.7641
-279.7641
-279.7641
-279.7641
-279.7641
-279.7641
-279.7641
-279.7641
-279.7641
-279.7641
-279.7641
-279.7641
-279.7641
-279.7641
-279.7641
-279.7641
-279.7641
-279.7641
-279.7641
-279.7641
-279.7641
-279.7641
-279.7641
-279.91336
-279.91284
-279.88326
-279.88906
-279.93384
-279.96282
-279.97797
-279.99108
-280.00244
-280.01223
-280.02051
-280.02743
-280.03299
-280.03709
-280.03995
-280.04202
-280.04384
-280.04564
-280.04762
-280.04962
-280.05142
-280.05299
-280.05459
-280.05625
-280.05783
-280.05928
-280.0607
-280.0622
-280.06378
-280.06538
-280.06689
-280.06822
-280.06943
-280.07066
-280.07213
-280.07408
-280.07669
-280.08006
-280.08424
-280.08922
-280.09502
-280.10163
-280.10903
-280.11724
-280.12624
-280.13599
-280.14641
-280.15736
-280.16864
-280.18002
-280.19122
-280.20197
-280.21198
-280.22095
-280.22852
-280.23421
-280.23796
-280.23844
-280.23475
-280.22573
-280.21032
-280.18792
-280.15885
-280.12439
-280.08657
-280.04763
-280.0096
-279.97396
-279.94168
-279.9132
-279.88857
-279.86761
-279.84997
-279.83526
-279.82307
-279.813
-279.8047
-279.79787
-279.79224
-279.7876
-279.78376
-279.78058
-279.77795
-279.77576
-279.77393
-279.7724
-279.77112
-279.77004
-279.76914
-279.76838
-279.76773
-279.76719
-279.76673
-279.76634
-279.76601
-279.76573
-279.76549
-279.76528
-279.76511
-279.76496
-279.76484
-279.76473
-279.76464
-279.76456
-279.76449
-279.76444
-279.76439
-279.76435
-279.76431
-279.76428
-279.76426
-279.76423
-279.76421
-279.7642
-279.76418
-279.76417
-279.76416
-279.76415
-279.76415
-279.76414
-279.76414
-279.76413
-279.76413
-279.76412
-279.76412
-279.76412
-279.76412
-279.76411
-279.76411
-279.76411
-279.76411
-279.76411
-279.76411
-279.76411
-279.76411
-279.76411
-279.76411
-279.76411
-279.76411
-279.76411
-279.76411
-279.7641
-279.7641
-279.7641
-279.7641
-279.7641
-279.7641
-279.7641
-279.7641
-279.7641
-279.7641
-279.7641
-279.7641
-279.7641
-279.7641
-279.7641
-279.7641
-279.7641
-279.7641
-279.7641
-279.7641
-279.7641
-279.7641
-279.7641
-279.7641
-279.7641
-279.7641
-279.7641
-279.7641
-279.7641
-279.7641
-279.7641
-279.7641
-279.7641
-279.7641
-279.7641
-279.7641
-279.7641
-279.7641
-279.7641
-279.7641
-279.7641
-279.7641
-279.7641
-279.7641
-279.7641
-279.7641
-279.7641
-279.7641
-279.7641
-279.7641
-279.7641
-279.7641
-279.7641
-279.7641
-279.7641
-279.7641
-279.7641
-279.7641
-279.7641
-279.7641
-279.7641
-279.7641
-279.7641
-279.7641
-279.7641
-279.7641
-279.7641
-279.7641
-279.7641
-279.7641
-279.7641
-279.7641
-279.7641
-279.7641
-279.7641
-279.7641
-279.7641
-279.7641
-279.7641
-279.7641
-279.7641
-279.7641
-279.7641
-279.7641
-279.7641
-279.7641
-279.7641
-279.7641
-279.7641
-279.7641
-279.7641
-279.7641
-279.7641
-279.7641
-279.7641
-279.7641
-279.7641
-279.7641
-279.7641
-279.92254
-279.92225
-279.89381
-279.9064
-279.95741
-279.97242
-279.98473
-279.99396
-280.00111
-280.00727
-280.01296
-280.01829
-280.02315
-280.02749
-280.03135
-280.03475
-280.03782
-280.04073
-280.04344
-280.04603
-280.04839
-280.05058
-280.05267
-280.05467
-280.05656
-280.05836
-280.06011
-280.06188
-280.06366
-280.06543
-280.06716
-280.06883
-280.07049
-280.07226
-280.07427
-280.0767
-280.07966
-280.08325
-280.08751
-280.09248
-280.09814
-280.10451
-280.11157
-280.11929
-280.12766
-280.1366
-280.14601
-280.15577
-280.16568
-280.17554
-280.18508
-280.19405
-280.20216
-280.20909
-280.21453
-280.21817
-280.21907
-280.21698
-280.21109
-280.20065
-280.18506
-280.16415
-280.13827
-280.1084
-280.07592
-280.04239
-280.00927
-279.9777
-279.94851
-279.92214
-279.89877
-279.87838
-279.86078
-279.84574
-279.83296
-279.82216
-279.81305
-279.80539
-279.79896
-279.79355
-279.789
-279.78517
-279.78195
-279.77924
-279.77695
-279.77501
-279.77338
-279.77199
-279.77081
-279.76982
-279.76897
-279.76825
-279.76764
-279.76712
-279.76668
-279.7663
-279.76598
-279.7657
-279.76547
-279.76527
-279.7651
-279.76495
-279.76483
-279.76472
-279.76463
-279.76456
-279.76449
-279.76443
-279.76439
-279.76434
-279.76431
-279.76428
-279.76425
-279.76423
-279.76421
-279.7642
-279.76418
-279.76417
-279.76416
-279.76415
-279.76415
-279.76414
-279.76414
-279.76413
-279.76413
-279.76412
-279.76412
-279.76412
-279.76412
-279.76411
-279.76411
-279.76411
-279.76411
-279.76411
-279.76411
-279.76411
-279.76411
-279.76411
-279.76411
-279.76411
-279.76411
-279.76411
-279.7641
-279.7641
-279.7641
-279.7641
-279.7641
-279.7641
-279.7641
-279.7641
-279.7641
-279.7641
-279.7641
-279.7641
-279.7641
-279.7641
-279.7641
-279.7641
-279.7641
-279.7641
-279.7641
-279.7641
-279.7641
-279.7641
-279.7641
-279.7641
-279.7641
-279.7641
-279.7641
-279.7641
-279.7641
-279.7641
-279.7641
-279.7641
-279.7641
-279.7641
-279.7641
-279.7641
-279.7641
-279.7641
-279.7641
-279.7641
-279.7641
-279.7641
-279.7641
-279.7641
-279.7641
-279.7641
-279.7641
-279.7641
-279.7641
-279.7641
-279.7641
-279.7641
-279.7641
-279.7641
-279.7641
-279.7641
-279.7641
-279.7641
-279.7641
-279.7641
-279.7641
-279.7641
-279.7641
-279.7641
-279.7641
-279.7641
-279.7641
-279.7641
-279.7641
-279.7641
-279.7641
-279.7641
-279.7641
-279.7641
-279.7641
-279.7641
-279.7641
-279.7641
-279.7641
-279.7641
-279.7641
-279.7641
-279.7641
-279.7641
-279.7641
-279.7641
-279.7641
-279.7641
-279.7641
-279.7641
-279.7641
-279.7641
-279.7641
-279.7641
-279.7641
-279.7641
-279.7641
-279.7641
-279.93406
-279.93545
-279.91709
-279.93078
-279.97247
-279.98597
-279.99487
-279.99946
-280.0018
-280.00412
-280.00718
-280.01103
-280.01537
-280.01987
-280.02431
-280.02854
-280.03249
-280.03619
-280.03962
-280.04279
-280.04569
-280.04837
-280.05088
-280.05322
-280.05543
-280.05753
-280.05956
-280.06156
-280.06355
-280.06552
-280.06748
-280.06944
-280.07146
-280.07362
-280.07604
-280.07882
-280.08205
-280.08581
-280.09015
-280.09509
-280.10064
-280.10679
-280.11353
-280.12083
-280.12863
-280.13687
-280.14543
-280.15418
-280.16295
-280.17153
-280.17969
-280.18716
-280.19367
-280.19891
-280.20256
-280.20423
-280.20335
-280.19954
-280.19227
-280.18109
-280.1657
-280.14611
-280.12267
-280.09614
-280.06753
-280.03796
-280.00851
-279.98009
-279.95337
-279.9288
-279.9066
-279.88683
-279.86943
-279.85425
-279.84112
-279.8298
-279.8201
-279.8118
-279.80473
-279.7987
-279.79356
-279.78919
-279.78548
-279.78232
-279.77963
-279.77734
-279.77539
-279.77373
-279.77232
-279.77111
-279.77008
-279.76921
-279.76846
-279.76782
-279.76728
-279.76682
-279.76642
-279.76608
-279.76579
-279.76555
-279.76534
-279.76516
-279.765
-279.76487
-279.76476
-279.76467
-279.76458
-279.76451
-279.76445
-279.7644
-279.76436
-279.76432
-279.76429
-279.76426
-279.76424
-279.76422
-279.7642
-279.76419
-279.76418
-279.76417
-279.76416
-279.76415
-279.76414
-279.76414
-279.76413
-279.76413
-279.76412
-279.76412
-279.76412
-279.76412
-279.76412
-279.76411
-279.76411
-279.76411
-279.76411
-279.76411
-279.76411
-279.76411
-279.76411
-279.76411
-279.76411
-279.76411
-279.76411
-279.7641
-279.7641
-279.7641
-279.7641
-279.7641
-279.7641
-279.7641
-279.7641
-279.7641
-279.7641
-279.7641
-279.7641
-279.7641
-279.7641
-279.7641
-279.7641
-279.7641
-279.7641
-279.7641
-279.7641
-279.7641
-279.7641
-279.7641
-279.7641
-279.7641
-279.7641
-279.7641
-279.7641
-279.7641
-279.7641
-279.7641
-279.7641
-279.7641
-279.7641
-279.7641
-279.7641
-279.7641
-279.7641
-279.7641
-279.7641
-279.7641
-279.7641
-279.7641
-279.7641
-279.7641
-279.7641
-279.7641
-279.7641
-279.7641
-279.7641
-279.7641
-279.7641
-279.7641
-279.7641
-279.7641
-279.7641
-279.7641
-279.7641
-279.7641
-279.7641
-279.7641
-279.7641
-279.7641
-279.7641
-279.7641
-279.7641
-279.7641
-279.7641
-279.7641
-279.7641
-279.7641
-279.7641
-279.7641
-279.7641
-279.7641
-279.7641
-279.7641
-279.7641
-279.7641
-279.7641
-279.7641
-279.7641
-279.7641
-279.7641
-279.7641
-279.7641
-279.7641
-279.7641
-279.7641
-279.7641
-279.7641
-279.7641
-279.7641
-279.7641
-279.7641
-279.7641
-279.7641
-279.94527
-279.94843
-279.94604
-279.95722
-279.99076
-280.00334
-280.00905
-280.00789
-280.00378
-280.00134
-280.00178
-280.00443
-280.00845
-280.01319
-280.01818
-280.02311
-280.02781
-280.0322
-280.03625
-280.03995
-280.04333
-280.04643
-280.04929
-280.05195
-280.05444
-280.0568
-280.05907
-280.06128
-280.06346
-280.06562
-280.0678
-280.07001
-280.07231
-280.07477
-280.07748
-280.08051
-280.08395
-280.08784
-280.09224
-280.09715
-280.10259
-280.10856
-280.11502
-280.12195
-280.12928
-280.13692
-280.14478
-280.15271
-280.16054
-280.16808
-280.1751
-280.18135
-280.18657
-280.19045
-280.19267
-280.19289
-280.19068
-280.18569
-280.17757
-280.16605
-280.15099
-280.13248
-280.1109
-280.08681
-280.061
-280.03433
-280.00761
-279.98158
-279.95681
-279.9337
-279.91251
-279.89333
-279.87619
-279.86101
-279.84766
-279.83601
-279.82587
-279.8171
-279.80953
-279.80301
-279.7974
-279.7926
-279.78847
-279.78494
-279.78192
-279.77933
-279.77712
-279.77523
-279.77361
-279.77223
-279.77105
-279.77004
-279.76917
-279.76844
-279.76781
-279.76727
-279.76681
-279.76641
-279.76608
-279.76579
-279.76554
-279.76534
-279.76516
-279.765
-279.76487
-279.76476
-279.76466
-279.76458
-279.76451
-279.76445
-279.7644
-279.76436
-279.76432
-279.76429
-279.76426
-279.76424
-279.76422
-279.7642
-279.76419
-279.76418
-279.76417
-279.76416
-279.76415
-279.76414
-279.76414
-279.76413
-279.76413
-279.76413
-279.76412
-279.76412
-279.76412
-279.76412
-279.76411
-279.76411
-279.76411
-279.76411
-279.76411
-279.76411
-279.76411
-279.76411
-279.76411
-279.76411
-279.76411
-279.76411
-279.7641
-279.7641
-279.7641
-279.7641
-279.7641
-279.7641
-279.7641
-279.7641
-279.7641
-279.7641
-279.7641
-279.7641
-279.7641
-279.7641
-279.7641
-279.7641
-279.7641
-279.7641
-279.7641
-279.7641
-279.7641
-279.7641
-279.7641
-279.7641
-279.7641
-279.7641
-279.7641
-279.7641
-279.7641
-279.7641
-279.7641
-279.7641
-279.7641
-279.7641
-279.7641
-279.7641
-279.7641
-279.7641
-279.7641
-279.7641
-279.7641
-279.7641
-279.7641
-279.7641
-279.7641
-279.7641
-279.7641
-279.7641
-279.7641
-279.7641
-279.7641
-279.7641
-279.7641
-279.7641
-279.7641
-279.7641
-279.7641
-279.7641
-279.7641
-279.7641
-279.7641
-279.7641
-279.7641
-279.7641
-279.7641
-279.7641
-279.7641
-279.7641
-279.7641
-279.7641
-279.7641
-279.7641
-279.7641
-279.7641
-279.7641
-279.7641
-279.7641
-279.7641
-279.7641
-279.7641
-279.7641
-279.7641
-279.7641
-279.7641
-279.7641
-279.7641
-279.7641
-279.7641
-279.7641
-279.7641
-279.7641
-279.7641
-279.7641
-279.7641
-279.7641
-279.7641
-279.95322
-279.95709
-279.96661
-279.98265
-280.00349
-280.01715
-280.02064
-280.01441
-280.00327
-279.99615
-279.99465
-279.99709
-280.00161
-280.00703
-280.01275
-280.01839
-280.02376
-280.02876
-280.03335
-280.03753
-280.04133
-280.04479
-280.04796
-280.05088
-280.05361
-280.05619
-280.05865
-280.06104
-280.06339
-280.06572
-280.06807
-280.07048
-280.073
-280.07569
-280.07861
-280.08183
-280.08541
-280.0894
-280.09383
-280.09872
-280.10408
-280.10989
-280.11613
-280.12275
-280.12969
-280.13686
-280.14416
-280.15143
-280.15853
-280.16524
-280.17137
-280.17667
-280.18087
-280.1837
-280.18485
-280.18401
-280.18084
-280.17506
-280.16642
-280.15475
-280.14003
-280.12239
-280.10217
-280.07985
-280.05605
-280.03146
-280.00673
-279.98248
-279.95918
-279.93722
-279.91685
-279.8982
-279.88131
-279.86618
-279.85273
-279.84085
-279.83041
-279.82129
-279.81335
-279.80646
-279.8005
-279.79535
-279.7909
-279.78708
-279.78379
-279.78096
-279.77854
-279.77646
-279.77468
-279.77315
-279.77184
-279.77072
-279.76976
-279.76894
-279.76824
-279.76764
-279.76713
-279.76669
-279.76631
-279.76599
-279.76572
-279.76548
-279.76528
-279.76511
-279.76496
-279.76484
-279.76473
-279.76464
-279.76456
-279.7645
-279.76444
-279.76439
-279.76435
-279.76431
-279.76428
-279.76426
-279.76423
-279.76422
-279.7642
-279.76419
-279.76417
-279.76416
-279.76416
-279.76415
-279.76414
-279.76414
-279.76413
-279.76413
-279.76412
-279.76412
-279.76412
-279.76412
-279.76411
-279.76411
-279.76411
-279.76411
-279.76411
-279.76411
-279.76411
-279.76411
-279.76411
-279.76411
-279.76411
-279.76411
-279.7641
-279.7641
-279.7641
-279.7641
-279.7641
-279.7641
-279.7641
-279.7641
-279.7641
-279.7641
-279.7641
-279.7641
-279.7641
-279.7641
-279.7641
-279.7641
-279.7641
-279.7641
-279.7641
-279.7641
-279.7641
-279.7641
-279.7641
-279.7641
-279.7641
-279.7641
-279.7641
-279.7641
-279.7641
-279.7641
-279.7641
-279.7641
-279.7641
-279.7641
-279.7641
-279.7641
-279.7641
-279.7641
-279.7641
-279.7641
-279.7641
-279.7641
-279.7641
-279.7641
-279.7641
-279.7641
-279.7641
-279.7641
-279.7641
-279.7641
-279.7641
-279.7641
-279.7641
-279.7641
-279.7641
-279.7641
-279.7641
-279.7641
-279.7641
-279.7641
-279.7641
-279.7641
-279.7641
-279.7641
-279.7641
-279.7641
-279.7641
-279.7641
-279.7641
-279.7641
-279.7641
-279.7641
-279.7641
-279.7641
-279.7641
-279.7641
-279.7641
-279.7641
-279.7641
-279.7641
-279.7641
-279.7641
-279.7641
-279.7641
-279.7641
-279.7641
-279.7641
-279.7641
-279.7641
-279.7641
-279.7641
-279.7641
-279.7641
-279.7641
-279.7641
-279.7641
-279.95753
-279.9609
-279.96917
-279.98344
-280.0016
-280.01488
-280.01831
-280.01212
-279.996
-279.98765
-279.98595
-279.98896
-279.99448
-280.00102
-280.00773
-280.01422
-280.0203
-280.02589
-280.03097
-280.03557
-280.03972
-280.04347
-280.04689
-280.05004
-280.05296
-280.05571
-280.05833
-280.06086
-280.06334
-280.06581
-280.06831
-280.07087
-280.07354
-280.07638
-280.07945
-280.0828
-280.08648
-280.09054
-280.095
-280.09987
-280.10516
-280.11085
-280.11691
-280.1233
-280.12995
-280.13676
-280.14363
-280.15042
-280.15697
-280.16308
-280.16855
-280.17314
-280.1766
-280.17866
-280.17905
-280.17746
-280.17363
-280.16733
-280.15838
-280.14668
-280.13224
-280.11524
-280.09598
-280.07488
-280.05248
-280.02932
-280.00599
-279.98299
-279.96076
-279.93964
-279.91988
-279.90164
-279.88498
-279.86992
-279.85642
-279.8444
-279.83376
-279.82441
-279.81621
-279.80905
-279.80282
-279.79742
-279.79274
-279.7887
-279.78521
-279.7822
-279.77962
-279.7774
-279.77549
-279.77385
-279.77245
-279.77124
-279.77021
-279.76933
-279.76857
-279.76793
-279.76737
-279.7669
-279.76649
-279.76615
-279.76585
-279.7656
-279.76538
-279.76519
-279.76504
-279.7649
-279.76478
-279.76469
-279.7646
-279.76453
-279.76447
-279.76441
-279.76437
-279.76433
-279.7643
-279.76427
-279.76425
-279.76422
-279.76421
-279.76419
-279.76418
-279.76417
-279.76416
-279.76415
-279.76414
-279.76414
-279.76413
-279.76413
-279.76413
-279.76412
-279.76412
-279.76412
-279.76412
-279.76411
-279.76411
-279.76411
-279.76411
-279.76411
-279.76411
-279.76411
-279.76411
-279.76411
-279.76411
-279.76411
-279.7641
-279.7641
-279.7641
-279.7641
-279.7641
-279.7641
-279.7641
-279.7641
-279.7641
-279.7641
-279.7641
-279.7641
-279.7641
-279.7641
-279.7641
-279.7641
-279.7641
-279.7641
-279.7641
-279.7641
-279.7641
-279.7641
-279.7641
-279.7641
-279.7641
-279.7641
-279.7641
-279.7641
-279.7641
-279.7641
-279.7641
-279.7641
-279.7641
-279.7641
-279.7641
-279.7641
-279.7641
-279.7641
-279.7641
-279.7641
-279.7641
-279.7641
-279.7641
-279.7641
-279.7641
-279.7641
-279.7641
-279.7641
-279.7641
-279.7641
-279.7641
-279.7641
-279.7641
-279.7641
-279.7641
-279.7641
-279.7641
-279.7641
-279.7641
-279.7641
-279.7641
-279.7641
-279.7641
-279.7641
-279.7641
-279.7641
-279.7641
-279.7641
-279.7641
-279.7641
-279.7641
-279.7641
-279.7641
-279.7641
-279.7641
-279.7641
-279.7641
-279.7641
-279.7641
-279.7641
-279.7641
-279.7641
-279.7641
-279.7641
-279.7641
-279.7641
-279.7641
-279.7641
-279.7641
-279.7641
-279.7641
-279.7641
-279.7641
-279.7641
-279.7641
-279.7641
-279.95898
-279.96132
-279.96729
-279.97738
-279.99029
-280.00134
-280.00611
-280.0017
-279.99024
-279.98221
-279.98119
-279.98405
-279.98912
-279.99596
-280.00334
-280.01057
-280.01735
-280.02354
-280.02909
-280.03406
-280.0385
-280.0425
-280.04612
-280.04943
-280.05249
-280.05537
-280.0581
-280.06073
-280.0633
-280.06587
-280.06845
-280.07111
-280.07387
-280.07683
-280.08001
-280.08346
-280.08721
-280.09132
-280.09579
-280.10065
-280.10589
-280.1115
-280.11744
-280.12367
-280.13012
-280.13669
-280.14328
-280.14974
-280.15592
-280.16162
-280.16665
-280.17077
-280.17374
-280.1753
-280.17519
-280.17313
-280.16888
-280.16227
-280.15315
-280.14145
-280.12722
-280.11064
-280.09199
-280.07167
-280.05013
-280.02789
-280.00544
-279.98324
-279.96169
-279.94113
-279.92178
-279.90382
-279.88732
-279.87233
-279.85881
-279.84671
-279.83596
-279.82645
-279.81809
-279.81076
-279.80436
-279.7988
-279.79396
-279.78978
-279.78616
-279.78304
-279.78034
-279.77803
-279.77604
-279.77433
-279.77286
-279.7716
-279.77052
-279.76959
-279.7688
-279.76812
-279.76754
-279.76704
-279.76661
-279.76625
-279.76594
-279.76567
-279.76544
-279.76525
-279.76508
-279.76494
-279.76482
-279.76472
-279.76463
-279.76455
-279.76449
-279.76443
-279.76438
-279.76434
-279.76431
-279.76428
-279.76425
-279.76423
-279.76421
-279.7642
-279.76418
-279.76417
-279.76416
-279.76415
-279.76415
-279.76414
-279.76414
-279.76413
-279.76413
-279.76412
-279.76412
-279.76412
-279.76412
-279.76411
-279.76411
-279.76411
-279.76411
-279.76411
-279.76411
-279.76411
-279.76411
-279.76411
-279.76411
-279.76411
-279.7641
-279.7641
-279.7641
-279.7641
-279.7641
-279.7641
-279.7641
-279.7641
-279.7641
-279.7641
-279.7641
-279.7641
-279.7641
-279.7641
-279.7641
-279.7641
-279.7641
-279.7641
-279.7641
-279.7641
-279.7641
-279.7641
-279.7641
-279.7641
-279.7641
-279.7641
-279.7641
-279.7641
-279.7641
-279.7641
-279.7641
-279.7641
-279.7641
-279.7641
-279.7641
-279.7641
-279.7641
-279.7641
-279.7641
-279.7641
-279.7641
-279.7641
-279.7641
-279.7641
-279.7641
-279.7641
-279.7641
-279.7641
-279.7641
-279.7641
-279.7641
-279.7641
-279.7641
-279.7641
-279.7641
-279.7641
-279.7641
-279.7641
-279.7641
-279.7641
-279.7641
-279.7641
-279.7641
-279.7641
-279.7641
-279.7641
-279.7641
-279.7641
-279.7641
-279.7641
-279.7641
-279.7641
-279.7641
-279.7641
-279.7641
-279.7641
-279.7641
-279.7641
-279.7641
-279.7641
-279.7641
-279.7641
-279.7641
-279.7641
-279.7641
-279.7641
-279.7641
-279.7641
-279.7641
-279.7641
-279.7641
-279.7641
-279.7641
-279.7641
-279.7641
-279.7641
-279.95891
-279.96053
-279.96558
-279.97382
-279.98432
-279.99351
-279.99746
-279.99552
-279.98984
-279.98522
-279.98381
-279.98541
-279.98934
-279.99512
-280.00183
-280.00886
-280.01569
-280.02206
-280.02785
-280.03305
-280.0377
-280.04188
-280.04566
-280.04909
-280.05225
-280.0552
-280.05799
-280.06067
-280.0633
-280.06592
-280.06856
-280.07129
-280.07415
-280.07717
-280.08039
-280.08388
-280.08767
-280.09179
-280.09626
-280.10111
-280.10632
-280.11188
-280.11775
-280.12389
-280.13022
-280.13666
-280.14308
-280.14935
-280.15532
-280.16079
-280.16557
-280.16944
-280.17215
-280.17345
-280.17311
-280.17087
-280.16649
-280.15976
-280.15056
-280.13887
-280.12475
-280.10837
-280.09002
-280.07007
-280.04896
-280.02715
-280.00513
-279.98332
-279.96211
-279.94182
-279.92268
-279.90486
-279.88845
-279.87349
-279.85997
-279.84784
-279.83703
-279.82746
-279.81902
-279.81161
-279.80513
-279.79948
-279.79457
-279.79031
-279.78663
-279.78345
-279.78071
-279.77834
-279.77631
-279.77456
-279.77306
-279.77177
-279.77067
-279.76972
-279.76891
-279.76821
-279.76762
-279.76711
-279.76667
-279.7663
-279.76598
-279.76571
-279.76548
-279.76528
-279.76511
-279.76496
-279.76484
-279.76473
-279.76464
-279.76456
-279.76449
-279.76444
-279.76439
-279.76435
-279.76431
-279.76428
-279.76426
-279.76423
-279.76422
-279.7642
-279.76419
-279.76417
-279.76416
-279.76416
-279.76415
-279.76414
-279.76414
-279.76413
-279.76413
-279.76412
-279.76412
-279.76412
-279.76412
-279.76411
-279.76411
-279.76411
-279.76411
-279.76411
-279.76411
-279.76411
-279.76411
-279.76411
-279.76411
-279.76411
-279.7641
-279.7641
-279.7641
-279.7641
-279.7641
-279.7641
-279.7641
-279.7641
-279.7641
-279.7641
-279.7641
-279.7641
-279.7641
-279.7641
-279.7641
-279.7641
-279.7641
-279.7641
-279.7641
-279.7641
-279.7641
-279.7641
-279.7641
-279.7641
-279.7641
-279.7641
-279.7641
-279.7641
-279.7641
-279.7641
-279.7641
-279.7641
-279.7641
-279.7641
-279.7641
-279.7641
-279.7641
-279.7641
-279.7641
-279.7641
-279.7641
-279.7641
-279.7641
-279.7641
-279.7641
-279.7641
-279.7641
-279.7641
-279.7641
-279.7641
-279.7641
-279.7641
-279.7641
-279.7641
-279.7641
-279.7641
-279.7641
-279.7641
-279.7641
-279.7641
-279.7641
-279.7641
-279.7641
-279.7641
-279.7641
-279.7641
-279.7641
-279.7641
-279.7641
-279.7641
-279.7641
-279.7641
-279.7641
-279.7641
-279.7641
-279.7641
-279.7641
-279.7641
-279.7641
-279.7641
-279.7641
-279.7641
-279.7641
-279.7641
-279.7641
-279.7641
-279.7641
-279.7641
-279.7641
-279.7641
-279.7641
-279.7641
-279.7641
-279.7641
-279.7641
-279.7641
)
;

boundaryField
{
    leftWall
    {
        type            fixedFluxPressure;
        gradient        uniform 0;
        value           nonuniform List<scalar> 
20
(
17.521059
17.067501
16.188004
14.929329
13.372142
11.696778
10.300216
3.2775155
-175.29856
-279.91193
-279.90781
-279.90819
-279.91336
-279.92254
-279.93406
-279.94527
-279.95322
-279.95753
-279.95898
-279.95891
)
;
    }
    rightWall
    {
        type            fixedFluxPressure;
        gradient        uniform 0;
        value           uniform -279.7641;
    }
    lowerWall
    {
        type            fixedFluxPressure;
        gradient        uniform 0;
        value           nonuniform List<scalar> 
240
(
17.521059
18.081833
17.573388
15.979943
13.494385
10.380432
6.8022854
2.8187153
-1.5575274
-6.3283715
-11.499039
-17.068839
-23.026698
-29.352443
-36.019104
-42.993242
-50.23254
-57.68437
-65.286522
-72.991172
-80.771859
-88.576525
-96.280802
-103.75656
-111.02
-118.2227
-125.41555
-132.24294
-138.24088
-143.57653
-148.84348
-154.32939
-160.0583
-165.94028
-171.368
-175.40631
-178.45263
-181.60001
-185.12838
-188.88019
-192.69337
-195.9263
-197.79415
-198.76181
-199.78129
-201.39088
-203.7743
-206.62036
-209.28078
-211.18415
-212.23189
-212.87854
-213.3494
-213.82825
-214.36927
-215.46537
-218.46615
-222.98832
-223.75036
-221.2073
-227.76749
-258.64457
-274.74694
-278.06702
-278.82705
-279.03545
-279.15659
-279.26238
-279.35111
-279.42424
-279.48432
-279.53331
-279.57316
-279.60562
-279.63212
-279.65384
-279.67172
-279.68649
-279.69874
-279.70894
-279.71747
-279.72461
-279.73062
-279.73568
-279.73996
-279.74357
-279.74663
-279.74923
-279.75143
-279.7533
-279.75489
-279.75625
-279.7574
-279.75839
-279.75922
-279.75994
-279.76055
-279.76107
-279.76151
-279.76189
-279.76221
-279.76249
-279.76272
-279.76293
-279.7631
-279.76324
-279.76337
-279.76348
-279.76357
-279.76365
-279.76371
-279.76377
-279.76382
-279.76386
-279.76389
-279.76393
-279.76395
-279.76397
-279.76399
-279.76401
-279.76402
-279.76403
-279.76404
-279.76405
-279.76406
-279.76407
-279.76407
-279.76408
-279.76408
-279.76408
-279.76409
-279.76409
-279.76409
-279.76409
-279.7641
-279.7641
-279.7641
-279.7641
-279.7641
-279.7641
-279.7641
-279.7641
-279.7641
-279.7641
-279.7641
-279.7641
-279.7641
-279.7641
-279.7641
-279.7641
-279.7641
-279.7641
-279.7641
-279.7641
-279.7641
-279.7641
-279.7641
-279.7641
-279.7641
-279.7641
-279.7641
-279.7641
-279.7641
-279.7641
-279.7641
-279.7641
-279.7641
-279.7641
-279.7641
-279.7641
-279.7641
-279.7641
-279.7641
-279.7641
-279.7641
-279.7641
-279.7641
-279.7641
-279.7641
-279.7641
-279.7641
-279.7641
-279.7641
-279.7641
-279.7641
-279.7641
-279.7641
-279.7641
-279.7641
-279.7641
-279.7641
-279.7641
-279.7641
-279.7641
-279.7641
-279.7641
-279.7641
-279.7641
-279.7641
-279.7641
-279.7641
-279.7641
-279.7641
-279.7641
-279.7641
-279.7641
-279.7641
-279.7641
-279.7641
-279.7641
-279.7641
-279.7641
-279.7641
-279.7641
-279.7641
-279.7641
-279.7641
-279.7641
-279.7641
-279.7641
-279.7641
-279.7641
-279.7641
-279.7641
-279.7641
-279.7641
-279.7641
-279.7641
-279.7641
-279.7641
-279.7641
-279.7641
-279.7641
-279.7641
-279.7641
-279.7641
-279.7641
-279.7641
-279.7641
-279.7641
)
;
    }
    atmosphere
    {
        type            fixedFluxPressure;
        gradient        uniform 0;
        value           nonuniform List<scalar> 
240
(
-279.95891
-279.96053
-279.96558
-279.97382
-279.98432
-279.99351
-279.99746
-279.99552
-279.98984
-279.98522
-279.98381
-279.98541
-279.98934
-279.99512
-280.00183
-280.00886
-280.01569
-280.02206
-280.02785
-280.03305
-280.0377
-280.04188
-280.04566
-280.04909
-280.05225
-280.0552
-280.05799
-280.06067
-280.0633
-280.06592
-280.06856
-280.07129
-280.07415
-280.07717
-280.08039
-280.08388
-280.08767
-280.09179
-280.09626
-280.10111
-280.10632
-280.11188
-280.11775
-280.12389
-280.13022
-280.13666
-280.14308
-280.14935
-280.15532
-280.16079
-280.16557
-280.16944
-280.17215
-280.17345
-280.17311
-280.17087
-280.16649
-280.15976
-280.15056
-280.13887
-280.12475
-280.10837
-280.09002
-280.07007
-280.04896
-280.02715
-280.00513
-279.98332
-279.96211
-279.94182
-279.92268
-279.90486
-279.88845
-279.87349
-279.85997
-279.84784
-279.83703
-279.82746
-279.81902
-279.81161
-279.80513
-279.79948
-279.79457
-279.79031
-279.78663
-279.78345
-279.78071
-279.77834
-279.77631
-279.77456
-279.77306
-279.77177
-279.77067
-279.76972
-279.76891
-279.76821
-279.76762
-279.76711
-279.76667
-279.7663
-279.76598
-279.76571
-279.76548
-279.76528
-279.76511
-279.76496
-279.76484
-279.76473
-279.76464
-279.76456
-279.76449
-279.76444
-279.76439
-279.76435
-279.76431
-279.76428
-279.76426
-279.76423
-279.76422
-279.7642
-279.76419
-279.76417
-279.76416
-279.76416
-279.76415
-279.76414
-279.76414
-279.76413
-279.76413
-279.76412
-279.76412
-279.76412
-279.76412
-279.76411
-279.76411
-279.76411
-279.76411
-279.76411
-279.76411
-279.76411
-279.76411
-279.76411
-279.76411
-279.76411
-279.7641
-279.7641
-279.7641
-279.7641
-279.7641
-279.7641
-279.7641
-279.7641
-279.7641
-279.7641
-279.7641
-279.7641
-279.7641
-279.7641
-279.7641
-279.7641
-279.7641
-279.7641
-279.7641
-279.7641
-279.7641
-279.7641
-279.7641
-279.7641
-279.7641
-279.7641
-279.7641
-279.7641
-279.7641
-279.7641
-279.7641
-279.7641
-279.7641
-279.7641
-279.7641
-279.7641
-279.7641
-279.7641
-279.7641
-279.7641
-279.7641
-279.7641
-279.7641
-279.7641
-279.7641
-279.7641
-279.7641
-279.7641
-279.7641
-279.7641
-279.7641
-279.7641
-279.7641
-279.7641
-279.7641
-279.7641
-279.7641
-279.7641
-279.7641
-279.7641
-279.7641
-279.7641
-279.7641
-279.7641
-279.7641
-279.7641
-279.7641
-279.7641
-279.7641
-279.7641
-279.7641
-279.7641
-279.7641
-279.7641
-279.7641
-279.7641
-279.7641
-279.7641
-279.7641
-279.7641
-279.7641
-279.7641
-279.7641
-279.7641
-279.7641
-279.7641
-279.7641
-279.7641
-279.7641
-279.7641
-279.7641
-279.7641
-279.7641
-279.7641
-279.7641
-279.7641
)
;
    }
    defaultFaces
    {
        type            empty;
    }
}


// ************************************************************************* //
