/*--------------------------------*- C++ -*----------------------------------*\
| =========                 |                                                 |
| \\      /  F ield         | OpenFOAM: The Open Source CFD Toolbox           |
|  \\    /   O peration     | Version:  2606                                  |
|   \\  /    A nd           | Website:  www.openfoam.com                      |
|    \\/     M anipulation  |                                                 |
\*---------------------------------------------------------------------------*/
FoamFile
{
    version     2.0;
    format      ascii;
    arch        "LSB;label=32;scalar=64";
    class       volScalarField;
    location    "0.2";
    object      p;
}
// * * * * * * * * * * * * * * * * * * * * * * * * * * * * * * * * * * * * * //

dimensions      [1 -1 -2 0 0 0 0];

internalField   nonuniform List<scalar> 
1200
(
0
1.283667
-1.5974861
-7.6924725
-15.221491
-23.30047
-31.813836
-40.749286
-50.076035
-59.666949
-69.358613
-79.573894
-90.856045
-103.19732
-114.36655
-121.55515
-126.76272
-132.284
-138.34326
-144.50125
-150.99401
-158.28195
-165.98769
-172.91907
-178.21843
-181.72234
-183.68023
-184.92024
-185.52442
-187.37419
-189.85366
-190.02391
-189.14911
-192.03245
-209.80877
-215.48037
-217.44652
-218.18569
-218.43627
-218.58049
-218.70585
-218.80422
-218.87986
-218.93745
-218.98057
-219.01254
-219.0361
-219.05341
-219.06611
-219.07541
-219.08223
-219.08722
-219.09087
-219.09355
-219.09552
-219.09696
-219.09801
-219.09878
-219.09935
-219.09976
-219.10007
-219.10029
-219.10045
-219.10057
-219.10066
-219.10072
-219.10077
-219.1008
-219.10083
-219.10084
-219.10086
-219.10087
-219.10088
-219.10088
-219.10089
-219.10089
-219.10089
-219.10089
-219.10089
-219.1009
-219.1009
-219.1009
-219.1009
-219.1009
-219.1009
-219.1009
-219.1009
-219.1009
-219.1009
-219.10089
-219.1009
-219.1009
-219.1009
-219.1009
-219.1009
-219.1009
-219.1009
-219.1009
-219.1009
-219.1009
-219.1009
-219.1009
-219.1009
-219.1009
-219.1009
-219.1009
-219.1009
-219.1009
-219.1009
-219.1009
-219.1009
-219.1009
-219.1009
-219.1009
-219.1009
-219.1009
-219.1009
-219.1009
-219.1009
-219.1009
-71.570205
-71.479719
-75.433245
-81.820675
-89.052059
-96.820305
-105.32888
-114.63088
-124.524
-133.65088
-142.45996
-152.03199
-164.19199
-178.92303
-190.65465
-192.39068
-194.51161
-197.07425
-199.64579
-202.32922
-205.4794
-209.13924
-212.74712
-215.58881
-217.44341
-218.60775
-219.54002
-220.16259
-220.42681
-220.57624
-220.69875
-220.81278
-220.92675
-221.09361
-221.2124
-219.40705
-218.90872
-218.70178
-218.59018
-218.67829
-218.8029
-218.89915
-218.97062
-219.02369
-219.0628
-219.09159
-219.11275
-219.12828
-219.13967
-219.14803
-219.15416
-219.15865
-219.16194
-219.16436
-219.16612
-219.16742
-219.16837
-219.16907
-219.16958
-219.16995
-219.17023
-219.17043
-219.17057
-219.17068
-219.17076
-219.17082
-219.17086
-219.17089
-219.17091
-219.17093
-219.17094
-219.17095
-219.17096
-219.17096
-219.17097
-219.17097
-219.17097
-219.17097
-219.17097
-219.17098
-219.17098
-219.17098
-219.17098
-219.17098
-219.17098
-219.17098
-219.17098
-219.17098
-219.17098
-219.17098
-219.17098
-219.17098
-219.17098
-219.17098
-219.17098
-219.17098
-219.17098
-219.17098
-219.17098
-219.17098
-219.17098
-219.17098
-219.17098
-219.17098
-219.17098
-219.17098
-219.17098
-219.17098
-219.17098
-219.17098
-219.17098
-219.17098
-219.17098
-219.17098
-219.17098
-219.17098
-219.17098
-219.17098
-219.17098
-219.17098
-144.14837
-147.18653
-153.07094
-158.99438
-164.89707
-171.22229
-178.31363
-186.23655
-194.50153
-198.40224
-202.1194
-205.53132
-210.45244
-216.47128
-219.74679
-219.88087
-219.90968
-219.91923
-219.92003
-219.92144
-219.92701
-219.94051
-219.96629
-220.00759
-220.06799
-220.15152
-220.25276
-220.35536
-220.48227
-220.61176
-220.73303
-220.84696
-220.98392
-221.3062
-222.14893
-222.41654
-220.82188
-219.55629
-219.04178
-218.96826
-219.00336
-219.05151
-219.09564
-219.13145
-219.15919
-219.18024
-219.19604
-219.20783
-219.21657
-219.22304
-219.22781
-219.23133
-219.23392
-219.23582
-219.23721
-219.23824
-219.23899
-219.23954
-219.23995
-219.24024
-219.24046
-219.24062
-219.24074
-219.24082
-219.24089
-219.24093
-219.24097
-219.24099
-219.24101
-219.24102
-219.24103
-219.24104
-219.24104
-219.24105
-219.24105
-219.24105
-219.24105
-219.24105
-219.24106
-219.24106
-219.24106
-219.24106
-219.24106
-219.24106
-219.24106
-219.24106
-219.24106
-219.24106
-219.24106
-219.24106
-219.24106
-219.24106
-219.24106
-219.24106
-219.24106
-219.24106
-219.24106
-219.24106
-219.24106
-219.24106
-219.24106
-219.24106
-219.24106
-219.24106
-219.24106
-219.24106
-219.24106
-219.24106
-219.24106
-219.24106
-219.24106
-219.24106
-219.24106
-219.24106
-219.24106
-219.24106
-219.24106
-219.24106
-219.24106
-219.24106
-199.36836
-204.70733
-207.65528
-209.6231
-211.5138
-213.49976
-215.62576
-218.03787
-219.89056
-220.00622
-219.9842
-220.01382
-220.0216
-220.09472
-220.02153
-219.97276
-219.97969
-219.98762
-219.99484
-220.0016
-220.01122
-220.02815
-220.05644
-220.0986
-220.15765
-220.23721
-220.33323
-220.43614
-220.55635
-220.69899
-220.84532
-220.99586
-221.19916
-221.71081
-222.46764
-222.57021
-221.26882
-220.06993
-219.53013
-219.31631
-219.24722
-219.23417
-219.24094
-219.25288
-219.26498
-219.27551
-219.28408
-219.2908
-219.29596
-219.29986
-219.30279
-219.30498
-219.3066
-219.3078
-219.30868
-219.30934
-219.30982
-219.31017
-219.31043
-219.31062
-219.31076
-219.31086
-219.31093
-219.31099
-219.31103
-219.31106
-219.31108
-219.31109
-219.31111
-219.31111
-219.31112
-219.31112
-219.31113
-219.31113
-219.31113
-219.31113
-219.31114
-219.31114
-219.31114
-219.31114
-219.31114
-219.31114
-219.31114
-219.31114
-219.31114
-219.31114
-219.31114
-219.31114
-219.31114
-219.31114
-219.31114
-219.31114
-219.31114
-219.31114
-219.31114
-219.31114
-219.31114
-219.31114
-219.31114
-219.31114
-219.31114
-219.31114
-219.31114
-219.31114
-219.31114
-219.31114
-219.31114
-219.31114
-219.31114
-219.31114
-219.31114
-219.31114
-219.31114
-219.31114
-219.31114
-219.31114
-219.31114
-219.31114
-219.31114
-219.31114
-219.94809
-219.97062
-219.96497
-219.99034
-220.01744
-220.03404
-220.04573
-220.0848
-220.07402
-220.0591
-220.05856
-220.07657
-220.09549
-220.10856
-220.06995
-220.06459
-220.07053
-220.07797
-220.08612
-220.09598
-220.10945
-220.12955
-220.15928
-220.20063
-220.2558
-220.32733
-220.41453
-220.51469
-220.63044
-220.76214
-220.90328
-221.06222
-221.27711
-221.59241
-221.88864
-221.82793
-221.12318
-220.30235
-219.83445
-219.59013
-219.47048
-219.41361
-219.3893
-219.37837
-219.37453
-219.37389
-219.37456
-219.37565
-219.37677
-219.37776
-219.37857
-219.37922
-219.37972
-219.38011
-219.38039
-219.38061
-219.38077
-219.38089
-219.38097
-219.38104
-219.38109
-219.38112
-219.38115
-219.38117
-219.38118
-219.38119
-219.3812
-219.3812
-219.38121
-219.38121
-219.38121
-219.38121
-219.38121
-219.38122
-219.38122
-219.38122
-219.38122
-219.38122
-219.38122
-219.38122
-219.38122
-219.38122
-219.38122
-219.38122
-219.38122
-219.38122
-219.38122
-219.38122
-219.38122
-219.38122
-219.38122
-219.38122
-219.38122
-219.38122
-219.38122
-219.38122
-219.38122
-219.38122
-219.38122
-219.38122
-219.38122
-219.38122
-219.38122
-219.38122
-219.38122
-219.38122
-219.38122
-219.38122
-219.38122
-219.38122
-219.38122
-219.38122
-219.38122
-219.38122
-219.38122
-219.38122
-219.38122
-219.38122
-219.38122
-219.38122
-220.01622
-220.02732
-220.04037
-220.06711
-220.0907
-220.10459
-220.11789
-220.13667
-220.12156
-220.12547
-220.13154
-220.14257
-220.15354
-220.15671
-220.1448
-220.1469
-220.15187
-220.16039
-220.17094
-220.18416
-220.20154
-220.22502
-220.2562
-220.29671
-220.34809
-220.41151
-220.48703
-220.57428
-220.6736
-220.78428
-220.9054
-221.04224
-221.20047
-221.35179
-221.39873
-221.21923
-220.7973
-220.32949
-219.99952
-219.78555
-219.6539
-219.57481
-219.52805
-219.49985
-219.48264
-219.47195
-219.46518
-219.46078
-219.45788
-219.45592
-219.45458
-219.45364
-219.45298
-219.45251
-219.45218
-219.45194
-219.45176
-219.45164
-219.45155
-219.45148
-219.45143
-219.45139
-219.45137
-219.45135
-219.45134
-219.45133
-219.45132
-219.45131
-219.45131
-219.45131
-219.4513
-219.4513
-219.4513
-219.4513
-219.4513
-219.4513
-219.4513
-219.4513
-219.4513
-219.4513
-219.4513
-219.4513
-219.4513
-219.4513
-219.4513
-219.4513
-219.4513
-219.4513
-219.4513
-219.4513
-219.4513
-219.4513
-219.4513
-219.4513
-219.4513
-219.4513
-219.4513
-219.4513
-219.4513
-219.4513
-219.4513
-219.4513
-219.4513
-219.4513
-219.4513
-219.4513
-219.4513
-219.4513
-219.4513
-219.4513
-219.4513
-219.4513
-219.4513
-219.4513
-219.4513
-219.4513
-219.4513
-219.4513
-219.4513
-219.4513
-220.08639
-220.0955
-220.112
-220.135
-220.15365
-220.16621
-220.17789
-220.18804
-220.18873
-220.19469
-220.20183
-220.21022
-220.21746
-220.22104
-220.22158
-220.22565
-220.23196
-220.24105
-220.25298
-220.26826
-220.28788
-220.31314
-220.34526
-220.3853
-220.43418
-220.49248
-220.56015
-220.63647
-220.72011
-220.80921
-220.90211
-220.99685
-221.08407
-221.1329
-221.09219
-220.91783
-220.63892
-220.34642
-220.1075
-219.928
-219.80049
-219.7128
-219.65343
-219.61321
-219.58581
-219.56697
-219.55388
-219.54469
-219.53819
-219.53354
-219.53021
-219.5278
-219.52606
-219.5248
-219.52388
-219.5232
-219.52271
-219.52236
-219.52209
-219.5219
-219.52176
-219.52166
-219.52158
-219.52153
-219.52149
-219.52146
-219.52144
-219.52142
-219.52141
-219.5214
-219.5214
-219.52139
-219.52139
-219.52139
-219.52138
-219.52138
-219.52138
-219.52138
-219.52138
-219.52138
-219.52138
-219.52138
-219.52138
-219.52138
-219.52138
-219.52138
-219.52138
-219.52138
-219.52138
-219.52138
-219.52138
-219.52138
-219.52138
-219.52138
-219.52138
-219.52138
-219.52138
-219.52138
-219.52138
-219.52138
-219.52138
-219.52138
-219.52138
-219.52138
-219.52138
-219.52138
-219.52138
-219.52138
-219.52138
-219.52138
-219.52138
-219.52138
-219.52138
-219.52138
-219.52138
-219.52138
-219.52138
-219.52138
-219.52138
-219.52138
-220.1688
-220.17893
-220.19247
-220.20426
-220.21387
-220.22503
-220.23699
-220.24712
-220.25415
-220.26222
-220.27051
-220.27852
-220.28546
-220.29038
-220.29434
-220.30008
-220.30805
-220.31853
-220.33184
-220.34857
-220.36953
-220.39569
-220.42799
-220.46723
-220.51403
-220.56875
-220.63118
-220.70036
-220.77445
-220.85071
-220.92526
-220.99164
-221.03694
-221.03959
-220.96879
-220.81694
-220.60858
-220.39082
-220.19802
-220.04114
-219.92015
-219.82993
-219.76399
-219.71625
-219.68184
-219.65703
-219.63912
-219.62616
-219.61676
-219.60993
-219.60495
-219.60132
-219.59867
-219.59674
-219.59532
-219.59429
-219.59353
-219.59298
-219.59257
-219.59227
-219.59205
-219.59189
-219.59178
-219.59169
-219.59163
-219.59158
-219.59155
-219.59153
-219.59151
-219.5915
-219.59149
-219.59148
-219.59147
-219.59147
-219.59147
-219.59146
-219.59146
-219.59146
-219.59146
-219.59146
-219.59146
-219.59146
-219.59146
-219.59146
-219.59146
-219.59146
-219.59146
-219.59146
-219.59146
-219.59146
-219.59146
-219.59146
-219.59146
-219.59146
-219.59146
-219.59146
-219.59146
-219.59146
-219.59146
-219.59146
-219.59146
-219.59146
-219.59146
-219.59146
-219.59146
-219.59146
-219.59146
-219.59146
-219.59146
-219.59146
-219.59146
-219.59146
-219.59146
-219.59146
-219.59146
-219.59146
-219.59146
-219.59146
-219.59146
-219.59146
-220.25415
-220.26739
-220.27776
-220.28036
-220.27946
-220.28782
-220.30009
-220.31122
-220.32093
-220.33015
-220.33878
-220.34673
-220.35391
-220.36034
-220.36672
-220.37418
-220.38328
-220.39481
-220.40913
-220.4268
-220.44855
-220.47515
-220.50732
-220.54567
-220.59064
-220.64237
-220.70053
-220.76404
-220.83088
-220.89775
-220.95944
-221.00754
-221.02925
-221.00886
-220.93148
-220.79796
-220.62674
-220.44604
-220.27868
-220.13572
-220.01993
-219.92939
-219.86025
-219.80827
-219.76956
-219.74092
-219.71981
-219.70428
-219.69288
-219.68451
-219.67838
-219.67388
-219.67058
-219.66816
-219.66639
-219.6651
-219.66415
-219.66345
-219.66294
-219.66256
-219.66229
-219.66209
-219.66194
-219.66183
-219.66175
-219.6617
-219.66165
-219.66162
-219.6616
-219.66159
-219.66157
-219.66156
-219.66156
-219.66155
-219.66155
-219.66154
-219.66154
-219.66154
-219.66154
-219.66154
-219.66154
-219.66154
-219.66154
-219.66154
-219.66154
-219.66154
-219.66154
-219.66154
-219.66154
-219.66154
-219.66154
-219.66154
-219.66154
-219.66154
-219.66154
-219.66154
-219.66154
-219.66154
-219.66154
-219.66154
-219.66154
-219.66154
-219.66154
-219.66154
-219.66154
-219.66154
-219.66154
-219.66154
-219.66154
-219.66154
-219.66154
-219.66154
-219.66154
-219.66154
-219.66154
-219.66154
-219.66154
-219.66154
-219.66154
-219.66154
-220.32671
-220.33482
-220.34463
-220.34694
-220.34749
-220.35493
-220.3663
-220.37748
-220.38826
-220.39851
-220.40774
-220.41602
-220.42355
-220.43065
-220.43805
-220.44655
-220.45683
-220.46907
-220.48397
-220.50217
-220.52437
-220.55126
-220.58348
-220.62149
-220.66554
-220.71557
-220.771
-220.83063
-220.89228
-220.95252
-221.00596
-221.04441
-221.05654
-221.02885
-220.95129
-220.8271
-220.67228
-220.50816
-220.35281
-220.21675
-220.10381
-220.01348
-219.94309
-219.88921
-219.8485
-219.81801
-219.79532
-219.7785
-219.76608
-219.75693
-219.7502
-219.74525
-219.74161
-219.73895
-219.73699
-219.73556
-219.7345
-219.73373
-219.73317
-219.73275
-219.73245
-219.73223
-219.73206
-219.73194
-219.73186
-219.73179
-219.73175
-219.73171
-219.73169
-219.73167
-219.73166
-219.73165
-219.73164
-219.73163
-219.73163
-219.73163
-219.73162
-219.73162
-219.73162
-219.73162
-219.73162
-219.73162
-219.73162
-219.73162
-219.73162
-219.73162
-219.73162
-219.73162
-219.73162
-219.73162
-219.73162
-219.73162
-219.73162
-219.73162
-219.73162
-219.73162
-219.73162
-219.73162
-219.73162
-219.73162
-219.73162
-219.73162
-219.73162
-219.73162
-219.73162
-219.73162
-219.73162
-219.73162
-219.73162
-219.73162
-219.73162
-219.73162
-219.73162
-219.73162
-219.73162
-219.73162
-219.73162
-219.73162
-219.73162
-219.73162
)
;

boundaryField
{
    leftWall
    {
        type            calculated;
        value           nonuniform List<scalar> 10(7.1054274e-15 -71.570205 -144.14837 -199.36836 -219.94809 -220.01622 -220.08639 -220.1688 -220.25415 -220.32671);
    }
    rightWall
    {
        type            calculated;
        value           nonuniform List<scalar> 10(-219.1009 -219.17098 -219.24106 -219.31114 -219.38122 -219.4513 -219.52138 -219.59146 -219.66154 -219.73162);
    }
    lowerWall
    {
        type            calculated;
        value           nonuniform List<scalar> 
120
(
35.039761
36.323428
33.441994
27.346596
19.817146
11.737761
3.2239104
-5.7122012
-15.039921
-24.632509
-34.325901
-44.544195
-55.831566
-68.184463
-79.375553
-86.595046
-91.844902
-97.431365
-103.58026
-109.85384
-116.52802
-124.17108
-132.4854
-140.28687
-146.65803
-151.0014
-153.02695
-154.27795
-155.20484
-158.41247
-162.73093
-163.12289
-162.31829
-167.73019
-200.9418
-215.04153
-217.32716
-218.13689
-218.3995
-218.54529
-218.6708
-218.76918
-218.84482
-218.90241
-218.94553
-218.9775
-219.00106
-219.01837
-219.03107
-219.04037
-219.04719
-219.05218
-219.05583
-219.05851
-219.06048
-219.06192
-219.06297
-219.06374
-219.06431
-219.06472
-219.06503
-219.06525
-219.06541
-219.06553
-219.06562
-219.06568
-219.06573
-219.06576
-219.06579
-219.0658
-219.06582
-219.06583
-219.06584
-219.06584
-219.06585
-219.06585
-219.06585
-219.06585
-219.06585
-219.06586
-219.06586
-219.06586
-219.06586
-219.06586
-219.06586
-219.06586
-219.06586
-219.06586
-219.06585
-219.06585
-219.06586
-219.06586
-219.06586
-219.06586
-219.06586
-219.06586
-219.06586
-219.06586
-219.06586
-219.06586
-219.06586
-219.06586
-219.06586
-219.06586
-219.06586
-219.06586
-219.06586
-219.06586
-219.06586
-219.06586
-219.06585
-219.06586
-219.06586
-219.06586
-219.06586
-219.06586
-219.06586
-219.06586
-219.06586
-219.06586
)
;
    }
    atmosphere
    {
        type            calculated;
        value           nonuniform List<scalar> 
120
(
-220.36175
-220.36986
-220.37967
-220.38198
-220.38314
-220.39003
-220.40134
-220.41252
-220.4233
-220.43355
-220.44278
-220.45106
-220.45859
-220.46569
-220.47309
-220.48159
-220.49187
-220.50411
-220.51901
-220.53721
-220.55941
-220.5863
-220.61852
-220.65653
-220.70058
-220.75061
-220.80604
-220.86567
-220.92732
-220.98756
-221.041
-221.07945
-221.09158
-221.06389
-220.98633
-220.86214
-220.70732
-220.5432
-220.38785
-220.25179
-220.13885
-220.04852
-219.97813
-219.92425
-219.88354
-219.85305
-219.83036
-219.81354
-219.80112
-219.79197
-219.78524
-219.78029
-219.77666
-219.77399
-219.77203
-219.7706
-219.76955
-219.76877
-219.76821
-219.76779
-219.76749
-219.76727
-219.7671
-219.76698
-219.7669
-219.76683
-219.76679
-219.76675
-219.76673
-219.76671
-219.7667
-219.76669
-219.76668
-219.76667
-219.76667
-219.76667
-219.76666
-219.76666
-219.76666
-219.76666
-219.76666
-219.76666
-219.76666
-219.76666
-219.76666
-219.76666
-219.76666
-219.76666
-219.76666
-219.76666
-219.76666
-219.76666
-219.76666
-219.76666
-219.76666
-219.76666
-219.76666
-219.76666
-219.76666
-219.76666
-219.76666
-219.76666
-219.76666
-219.76666
-219.76666
-219.76666
-219.76666
-219.76666
-219.76666
-219.76666
-219.76666
-219.76666
-219.76666
-219.76666
-219.76666
-219.76666
-219.76666
-219.76666
-219.76666
-219.76666
)
;
    }
    defaultFaces
    {
        type            empty;
    }
}


// ************************************************************************* //
