/*--------------------------------*- C++ -*----------------------------------*\
| =========                 |                                                 |
| \\      /  F ield         | OpenFOAM: The Open Source CFD Toolbox           |
|  \\    /   O peration     | Version:  2606                                  |
|   \\  /    A nd           | Website:  www.openfoam.com                      |
|    \\/     M anipulation  |                                                 |
\*---------------------------------------------------------------------------*/
FoamFile
{
    version     2.0;
    format      ascii;
    arch        "LSB;label=32;scalar=64";
    class       surfaceScalarField;
    location    "0.8004";
    object      phi;
}
// * * * * * * * * * * * * * * * * * * * * * * * * * * * * * * * * * * * * * //

dimensions      [0 3 -1 0 0 0 0];

oriented        oriented;

internalField   nonuniform List<scalar> 
5885
(
2.3658e-08
-2.35831e-08
5.10959e-08
-2.74379e-08
7.75506e-08
-2.64548e-08
1.05205e-07
-2.76545e-08
1.34801e-07
-2.95963e-08
1.6642e-07
-3.16186e-08
1.99821e-07
-3.3401e-08
2.34535e-07
-3.47135e-08
2.70096e-07
-3.55614e-08
3.06269e-07
-3.61735e-08
3.42903e-07
-3.66336e-08
3.79806e-07
-3.69025e-08
4.1674e-07
-3.69345e-08
4.53483e-07
-3.6743e-08
4.89936e-07
-3.64526e-08
5.26152e-07
-3.62163e-08
5.62238e-07
-3.60861e-08
5.98248e-07
-3.60102e-08
6.3417e-07
-3.59215e-08
6.69956e-07
-3.57861e-08
7.05506e-07
-3.55504e-08
7.40706e-07
-3.51994e-08
7.755e-07
-3.47944e-08
8.09851e-07
-3.43507e-08
8.43741e-07
-3.389e-08
8.77179e-07
-3.34384e-08
9.10188e-07
-3.30089e-08
9.42801e-07
-3.26129e-08
9.75053e-07
-3.22515e-08
1.00697e-06
-3.19168e-08
1.03857e-06
-3.16048e-08
1.06992e-06
-3.13414e-08
1.10108e-06
-3.11678e-08
1.13219e-06
-3.11023e-08
1.16329e-06
-3.11076e-08
1.19438e-06
-3.10889e-08
1.22538e-06
-3.10023e-08
1.25621e-06
-3.08283e-08
1.2868e-06
-3.05908e-08
1.31727e-06
-3.04688e-08
1.34774e-06
-3.04647e-08
1.37828e-06
-3.0543e-08
1.409e-06
-3.07197e-08
1.44001e-06
-3.10138e-08
1.47138e-06
-3.13628e-08
1.50306e-06
-3.16786e-08
1.53504e-06
-3.19858e-08
1.56725e-06
-3.22096e-08
1.5995e-06
-3.22544e-08
1.63179e-06
-3.22882e-08
1.66411e-06
-3.23207e-08
1.69638e-06
-3.22614e-08
1.72848e-06
-3.21035e-08
1.76035e-06
-3.1872e-08
1.79195e-06
-3.15956e-08
1.8232e-06
-3.12549e-08
1.85412e-06
-3.09197e-08
1.88475e-06
-3.06314e-08
1.91502e-06
-3.02641e-08
1.94481e-06
-2.97945e-08
1.97407e-06
-2.92625e-08
2.00279e-06
-2.87165e-08
2.031e-06
-2.82145e-08
2.05882e-06
-2.7818e-08
2.0864e-06
-2.75825e-08
2.11396e-06
-2.75523e-08
2.14175e-06
-2.77878e-08
2.17003e-06
-2.82859e-08
2.1991e-06
-2.90684e-08
2.22923e-06
-3.01261e-08
2.26025e-06
-3.1029e-08
2.29203e-06
-3.17752e-08
2.32447e-06
-3.24404e-08
2.3574e-06
-3.29328e-08
-3.31575e-08
5.57949e-08
-7.9378e-08
1.03838e-07
-7.5481e-08
1.53256e-07
-7.58726e-08
1.99533e-07
-7.39321e-08
2.40717e-07
-7.07795e-08
2.76497e-07
-6.73993e-08
3.07486e-07
-6.43898e-08
3.34694e-07
-6.19212e-08
3.59057e-07
-5.99248e-08
3.81231e-07
-5.83474e-08
4.01722e-07
-5.71242e-08
4.21372e-07
-5.65524e-08
4.41122e-07
-5.66847e-08
4.61601e-07
-5.72225e-08
4.8327e-07
-5.81208e-08
5.06529e-07
-5.94759e-08
5.3164e-07
-6.11966e-08
5.58711e-07
-6.30818e-08
5.87732e-07
-6.49424e-08
6.18648e-07
-6.67026e-08
6.51222e-07
-6.81237e-08
6.85152e-07
-6.91301e-08
7.20268e-07
-6.99094e-08
7.56241e-07
-7.03241e-08
7.92681e-07
-7.03302e-08
8.2919e-07
-6.99475e-08
8.65419e-07
-6.92376e-08
9.01141e-07
-6.83351e-08
9.36248e-07
-6.73585e-08
9.70724e-07
-6.6393e-08
1.00458e-06
-6.54608e-08
1.03788e-06
-6.46401e-08
1.07076e-06
-6.40478e-08
1.10343e-06
-6.37722e-08
1.13611e-06
-6.37871e-08
1.16888e-06
-6.38559e-08
1.20174e-06
-6.38668e-08
1.23457e-06
-6.36621e-08
1.2671e-06
-6.3114e-08
1.29961e-06
-6.29775e-08
1.33226e-06
-6.31184e-08
1.3652e-06
-6.34812e-08
1.39863e-06
-6.41513e-08
1.43281e-06
-6.51966e-08
1.4678e-06
-6.63542e-08
1.50335e-06
-6.72263e-08
1.53936e-06
-6.79963e-08
1.5756e-06
-6.84451e-08
1.61154e-06
-6.82017e-08
1.64736e-06
-6.81005e-08
1.68315e-06
-6.81187e-08
1.71888e-06
-6.7984e-08
1.75447e-06
-6.76994e-08
1.78993e-06
-6.733e-08
1.82535e-06
-6.70113e-08
1.86068e-06
-6.65839e-08
1.89617e-06
-6.64101e-08
1.93216e-06
-6.66291e-08
1.96866e-06
-6.67602e-08
2.00565e-06
-6.67824e-08
2.0431e-06
-6.67141e-08
2.08097e-06
-6.65909e-08
2.1192e-06
-6.64418e-08
2.15767e-06
-6.62826e-08
2.1962e-06
-6.61166e-08
2.23457e-06
-6.59261e-08
2.27262e-06
-6.58365e-08
2.31011e-06
-6.57745e-08
2.34698e-06
-6.59348e-08
2.38368e-06
-6.68249e-08
2.41959e-06
-6.69441e-08
2.45499e-06
-6.71713e-08
2.49044e-06
-6.78958e-08
2.52637e-06
-6.88648e-08
-6.96282e-08
3.99851e-08
-1.19363e-07
8.36583e-08
-1.19154e-07
1.27811e-07
-1.20025e-07
1.6724e-07
-1.13362e-07
2.00626e-07
-1.04165e-07
2.2858e-07
-9.53535e-08
2.52133e-07
-8.79431e-08
2.71813e-07
-8.16007e-08
2.8649e-07
-7.46017e-08
2.95777e-07
-6.76348e-08
3.055e-07
-6.68471e-08
3.22437e-07
-7.34891e-08
3.46173e-07
-8.04207e-08
3.75403e-07
-8.64528e-08
4.06285e-07
-8.90032e-08
4.32136e-07
-8.53269e-08
4.55607e-07
-8.46674e-08
4.78325e-07
-8.57999e-08
5.03865e-07
-9.04819e-08
5.33043e-07
-9.58803e-08
5.64775e-07
-9.98562e-08
5.97599e-07
-1.01954e-07
6.28396e-07
-1.00706e-07
6.57972e-07
-9.99e-08
6.87893e-07
-1.00252e-07
7.18232e-07
-1.00286e-07
7.48537e-07
-9.95425e-08
7.78303e-07
-9.81013e-08
8.0847e-07
-9.75252e-08
8.43801e-07
-1.01724e-07
8.79706e-07
-1.01366e-07
9.11024e-07
-9.59584e-08
9.3574e-07
-8.87635e-08
9.52855e-07
-8.0887e-08
9.7551e-07
-8.64425e-08
1.00946e-06
-9.78102e-08
1.04648e-06
-1.00886e-07
1.0864e-06
-1.03575e-07
1.12717e-06
-1.03891e-07
1.16275e-06
-9.85521e-08
1.19636e-06
-9.6726e-08
1.23023e-06
-9.73595e-08
1.26512e-06
-9.90391e-08
1.30243e-06
-1.025e-07
1.34091e-06
-1.04836e-07
1.37115e-06
-9.7467e-08
1.39533e-06
-9.21824e-08
1.41642e-06
-8.95322e-08
1.43671e-06
-8.8487e-08
1.45722e-06
-8.8612e-08
1.47878e-06
-8.9681e-08
1.50189e-06
-9.1095e-08
1.5267e-06
-9.25046e-08
1.55381e-06
-9.44452e-08
1.58453e-06
-9.77276e-08
1.62099e-06
-1.03042e-07
1.66589e-06
-1.11309e-07
1.72248e-06
-1.23227e-07
1.79405e-06
-1.38328e-07
1.88256e-06
-1.55291e-07
1.98756e-06
-1.71711e-07
2.10498e-06
-1.84017e-07
2.22685e-06
-1.88306e-07
2.34189e-06
-1.8132e-07
2.43722e-06
-1.61453e-07
2.50117e-06
-1.29871e-07
2.52625e-06
-9.09251e-08
2.51104e-06
-5.05595e-08
2.4617e-06
-1.65918e-08
2.3922e-06
2.66683e-09
2.32491e-06
3.50274e-10
2.28227e-06
-2.45329e-08
2.27295e-06
-5.85773e-08
2.29422e-06
-9.01293e-08
-1.11714e-07
-2.65999e-08
-9.27632e-08
-2.80488e-08
-1.17705e-07
-2.36861e-08
-1.24388e-07
-2.38064e-08
-1.13241e-07
-2.97641e-08
-9.82075e-08
-4.23601e-08
-8.27576e-08
-6.23938e-08
-6.79094e-08
-9.06808e-08
-5.33137e-08
-1.2531e-07
-3.99724e-08
-1.57805e-07
-3.51395e-08
-1.73442e-07
-5.12103e-08
-1.62992e-07
-8.39394e-08
-1.34262e-07
-1.0915e-07
-9.67412e-08
-1.23974e-07
-6.24546e-08
-1.2329e-07
-4.34871e-08
-1.04294e-07
-3.5092e-08
-9.30624e-08
-3.08614e-08
-9.00305e-08
-2.14015e-08
-9.99418e-08
-8.30959e-09
-1.08972e-07
5.58638e-09
-1.13752e-07
1.68463e-08
-1.13214e-07
2.13167e-08
-1.05176e-07
2.27486e-08
-1.01332e-07
2.55826e-08
-1.03086e-07
3.09756e-08
-1.05679e-07
3.81862e-08
-1.06753e-07
4.76528e-08
-1.07568e-07
6.44029e-08
-1.14275e-07
9.52074e-08
-1.32529e-07
1.2229e-07
-1.28449e-07
1.33774e-07
-1.07442e-07
1.22956e-07
-7.79451e-08
1.03386e-07
-6.13175e-08
1.13827e-07
-9.68832e-08
1.52061e-07
-1.36044e-07
1.94338e-07
-1.43163e-07
2.39148e-07
-1.48385e-07
2.79394e-07
-1.44137e-07
2.96612e-07
-1.1577e-07
3.05846e-07
-1.0596e-07
3.1649e-07
-1.08003e-07
3.27325e-07
-1.09874e-07
3.4446e-07
-1.19636e-07
3.6419e-07
-1.24567e-07
3.64802e-07
-9.80787e-08
3.55247e-07
-8.26276e-08
3.4125e-07
-7.55345e-08
3.2868e-07
-7.59167e-08
3.20532e-07
-8.0464e-08
3.19537e-07
-8.86863e-08
3.27927e-07
-9.94846e-08
3.47073e-07
-1.11651e-07
3.78789e-07
-1.26162e-07
4.25872e-07
-1.4481e-07
4.91344e-07
-1.68514e-07
5.78126e-07
-1.98091e-07
6.88582e-07
-2.33683e-07
8.24119e-07
-2.73865e-07
9.84512e-07
-3.15684e-07
1.16742e-06
-3.5462e-07
1.3679e-06
-3.84495e-07
1.57823e-06
-3.98635e-07
1.78794e-06
-3.91034e-07
1.98401e-06
-3.57518e-07
2.15191e-06
-2.97773e-07
2.27749e-06
-2.16507e-07
2.34801e-06
-1.2108e-07
2.35441e-06
-2.29916e-08
2.29335e-06
6.37313e-08
2.18426e-06
1.09436e-07
2.04952e-06
1.10201e-07
1.91307e-06
7.78755e-08
1.79341e-06
2.95277e-08
-1.65946e-08
-3.79269e-08
-5.48363e-08
-6.5471e-08
-9.01611e-08
-9.09133e-08
-9.89453e-08
-1.19236e-07
-8.49188e-08
-1.53806e-07
-6.36372e-08
-1.94267e-07
-4.22962e-08
-2.37796e-07
-2.43803e-08
-2.78966e-07
-1.21445e-08
-3.08657e-07
-1.02809e-08
-3.17501e-07
-2.62953e-08
-3.04392e-07
-6.43192e-08
-2.78123e-07
-1.10209e-07
-2.48177e-07
-1.39096e-07
-2.23055e-07
-1.49096e-07
-2.07927e-07
-1.38418e-07
-1.98838e-07
-1.13383e-07
-1.95419e-07
-9.64812e-08
-1.9183e-07
-9.36195e-08
-1.86667e-07
-1.05105e-07
-1.8301e-07
-1.12629e-07
-1.83774e-07
-1.12988e-07
-1.8915e-07
-1.07837e-07
-1.94146e-07
-1.00181e-07
-1.9668e-07
-9.87978e-08
-1.9583e-07
-1.03935e-07
-1.91559e-07
-1.0995e-07
-1.83773e-07
-1.14539e-07
-1.70589e-07
-1.20752e-07
-1.50359e-07
-1.34505e-07
-1.33745e-07
-1.49143e-07
-1.33516e-07
-1.28677e-07
-1.48671e-07
-9.22872e-08
-1.56682e-07
-6.99346e-08
-1.33309e-07
-8.46903e-08
-9.43716e-08
-1.35821e-07
-7.43586e-08
-1.56057e-07
-6.61037e-08
-1.51418e-07
-6.75552e-08
-1.46934e-07
-8.13796e-08
-1.30312e-07
-1.01639e-07
-9.55107e-08
-1.17811e-07
-8.9788e-08
-1.30379e-07
-9.54344e-08
-1.39561e-07
-1.00693e-07
-1.40862e-07
-1.18334e-07
-1.51681e-07
-1.13748e-07
-1.53563e-07
-9.61965e-08
-1.51534e-07
-8.46563e-08
-1.44875e-07
-8.21936e-08
-1.34393e-07
-8.63991e-08
-1.21463e-07
-9.33939e-08
-1.05993e-07
-1.04156e-07
-8.72253e-08
-1.18252e-07
-6.34517e-08
-1.35424e-07
-3.2586e-08
-1.57028e-07
6.95076e-09
-1.84347e-07
5.73663e-08
-2.18929e-07
1.20375e-07
-2.611e-07
1.96976e-07
-3.10284e-07
2.87792e-07
-3.64682e-07
3.92876e-07
-4.20768e-07
5.11292e-07
-4.73036e-07
6.40688e-07
-5.13891e-07
7.77101e-07
-5.35048e-07
9.14854e-07
-5.28787e-07
1.04629e-06
-4.88953e-07
1.16251e-06
-4.13992e-07
1.25452e-06
-3.08522e-07
1.31585e-06
-1.82404e-07
1.34414e-06
-5.12873e-08
1.33488e-06
7.29956e-08
1.28743e-06
1.56883e-07
1.20885e-06
1.88778e-07
1.11167e-06
1.75054e-07
1.00568e-06
1.35527e-07
8.66194e-08
-3.49681e-08
-1.98682e-08
-6.99364e-08
-5.51929e-08
-1.04653e-07
-6.42282e-08
-1.43375e-07
-4.61977e-08
-1.87256e-07
-1.9756e-08
-2.31048e-07
1.49605e-09
-2.67799e-07
1.23709e-08
-2.89775e-07
9.83172e-09
-2.92573e-07
-7.48328e-09
-2.79245e-07
-3.96232e-08
-2.58936e-07
-8.46288e-08
-2.39973e-07
-1.29171e-07
-2.23958e-07
-1.55111e-07
-2.1353e-07
-1.59523e-07
-2.06371e-07
-1.45578e-07
-1.96676e-07
-1.23078e-07
-1.87541e-07
-1.05617e-07
-1.80431e-07
-1.00729e-07
-1.79129e-07
-1.06408e-07
-1.82241e-07
-1.09516e-07
-1.88748e-07
-1.06482e-07
-1.9776e-07
-9.88253e-08
-2.03869e-07
-9.40722e-08
-2.07757e-07
-9.49099e-08
-2.11308e-07
-1.00384e-07
-2.14052e-07
-1.07206e-07
-2.14511e-07
-1.1408e-07
-2.1252e-07
-1.22743e-07
-2.11204e-07
-1.35821e-07
-2.20306e-07
-1.40041e-07
-2.33743e-07
-1.1524e-07
-2.38642e-07
-8.7388e-08
-2.1181e-07
-9.67667e-08
-1.76103e-07
-1.20397e-07
-1.6978e-07
-1.42144e-07
-1.9584e-07
-1.29997e-07
-2.20003e-07
-1.27254e-07
-2.38681e-07
-1.28256e-07
-2.59507e-07
-1.09487e-07
-2.72618e-07
-8.23989e-08
-2.82095e-07
-8.03111e-08
-2.91213e-07
-8.63162e-08
-2.99181e-07
-9.27248e-08
-3.14238e-07
-1.03277e-07
-3.24164e-07
-1.03823e-07
-3.22095e-07
-9.82651e-08
-3.13094e-07
-9.3658e-08
-3.01718e-07
-9.35696e-08
-2.90419e-07
-9.76974e-08
-2.7863e-07
-1.05183e-07
-2.66057e-07
-1.16729e-07
-2.52378e-07
-1.31931e-07
-2.36901e-07
-1.50901e-07
-2.19033e-07
-1.74896e-07
-1.98355e-07
-2.05024e-07
-1.75202e-07
-2.42082e-07
-1.49948e-07
-2.86354e-07
-1.22763e-07
-3.37469e-07
-9.35873e-08
-3.93858e-07
-6.21931e-08
-4.52163e-07
-2.82874e-08
-5.06941e-07
8.54044e-09
-5.50719e-07
4.84453e-08
-5.74953e-07
9.09945e-08
-5.71336e-07
1.34897e-07
-5.32855e-07
1.76917e-07
-4.56012e-07
2.12004e-07
-3.4361e-07
2.35928e-07
-2.06328e-07
2.43487e-07
-5.88466e-08
2.50472e-07
6.60102e-08
2.47463e-07
1.59892e-07
2.26951e-07
2.09289e-07
1.90202e-07
2.11801e-07
1.4311e-07
1.82619e-07
1.35819e-07
-2.52148e-08
5.34659e-09
-5.6764e-08
-2.36436e-08
-8.72921e-08
-3.37001e-08
-1.17272e-07
-1.62175e-08
-1.48202e-07
1.1174e-08
-1.79302e-07
3.25961e-08
-2.04354e-07
3.74222e-08
-2.18036e-07
2.35144e-08
-2.18528e-07
-6.99092e-09
-2.08351e-07
-4.98009e-08
-1.94867e-07
-9.81126e-08
-1.84071e-07
-1.39967e-07
-1.7589e-07
-1.63293e-07
-1.70042e-07
-1.65371e-07
-1.64167e-07
-1.51453e-07
-1.55808e-07
-1.31438e-07
-1.46441e-07
-1.14984e-07
-1.40408e-07
-1.06763e-07
-1.41791e-07
-1.05024e-07
-1.47584e-07
-1.03723e-07
-1.55257e-07
-9.88091e-08
-1.62335e-07
-9.17468e-08
-1.68483e-07
-8.79252e-08
-1.75175e-07
-8.82176e-08
-1.83486e-07
-9.20729e-08
-1.92734e-07
-9.7958e-08
-2.02161e-07
-1.04654e-07
-2.12596e-07
-1.12308e-07
-2.27891e-07
-1.20526e-07
-2.46664e-07
-1.21268e-07
-2.52965e-07
-1.08939e-07
-2.41563e-07
-9.87898e-08
-2.3222e-07
-1.0611e-07
-2.36145e-07
-1.16472e-07
-2.54906e-07
-1.23383e-07
-2.64985e-07
-1.19917e-07
-2.74965e-07
-1.17275e-07
-2.88266e-07
-1.14954e-07
-2.95554e-07
-1.02199e-07
-2.91413e-07
-8.65395e-08
-2.88954e-07
-8.27702e-08
-2.90765e-07
-8.45059e-08
-2.94488e-07
-8.90011e-08
-3.02407e-07
-9.53587e-08
-3.08345e-07
-9.78845e-08
-3.09153e-07
-9.74567e-08
-3.05469e-07
-9.73423e-08
-2.99188e-07
-9.98506e-08
-2.91511e-07
-1.05374e-07
-2.82758e-07
-1.13937e-07
-2.73601e-07
-1.25886e-07
-2.64584e-07
-1.40947e-07
-2.56088e-07
-1.59397e-07
-2.48894e-07
-1.8209e-07
-2.44202e-07
-2.09716e-07
-2.4338e-07
-2.42904e-07
-2.47673e-07
-2.82061e-07
-2.58168e-07
-3.26974e-07
-2.75747e-07
-3.76279e-07
-3.00926e-07
-4.26983e-07
-3.33531e-07
-4.74336e-07
-3.72232e-07
-5.12018e-07
-4.14453e-07
-5.32732e-07
-4.56736e-07
-5.29053e-07
-4.9538e-07
-4.94211e-07
-5.26315e-07
-4.25078e-07
-5.4532e-07
-3.24604e-07
-5.48982e-07
-2.02667e-07
-5.35104e-07
-7.2725e-08
-5.09288e-07
4.01946e-08
-4.73258e-07
1.23862e-07
-4.36332e-07
1.72362e-07
-4.07872e-07
1.83341e-07
-3.9049e-07
1.65235e-07
1.29184e-07
-1.9399e-08
2.47456e-08
-4.44321e-08
1.38958e-09
-6.52451e-08
-1.28871e-08
-8.17457e-08
2.83119e-10
-9.58976e-08
2.53259e-08
-1.0935e-07
4.60486e-08
-1.21476e-07
4.95486e-08
-1.29713e-07
3.17512e-08
-1.32749e-07
-3.9557e-09
-1.31394e-07
-5.11559e-08
-1.28974e-07
-1.00532e-07
-1.27268e-07
-1.41673e-07
-1.25967e-07
-1.64593e-07
-1.24937e-07
-1.664e-07
-1.23147e-07
-1.53243e-07
-1.19419e-07
-1.35166e-07
-1.14752e-07
-1.19651e-07
-1.11942e-07
-1.09572e-07
-1.13104e-07
-1.03863e-07
-1.17525e-07
-9.93013e-08
-1.22745e-07
-9.35889e-08
-1.26931e-07
-8.7561e-08
-1.3128e-07
-8.35762e-08
-1.37051e-07
-8.24468e-08
-1.44958e-07
-8.41653e-08
-1.54835e-07
-8.80818e-08
-1.662e-07
-9.32884e-08
-1.79158e-07
-9.93502e-08
-1.94169e-07
-1.05515e-07
-2.07613e-07
-1.07824e-07
-2.12345e-07
-1.04207e-07
-2.09118e-07
-1.02016e-07
-2.08494e-07
-1.06734e-07
-2.11519e-07
-1.13447e-07
-2.16841e-07
-1.18062e-07
-2.2e-07
-1.16758e-07
-2.24241e-07
-1.13035e-07
-2.30974e-07
-1.08221e-07
-2.34441e-07
-9.87318e-08
-2.32173e-07
-8.8807e-08
-2.30091e-07
-8.48522e-08
-2.29545e-07
-8.50524e-08
-2.30689e-07
-8.78572e-08
-2.34082e-07
-9.19651e-08
-2.37016e-07
-9.49508e-08
-2.37409e-07
-9.7064e-08
-2.34938e-07
-9.98132e-08
-2.30395e-07
-1.04393e-07
-2.24571e-07
-1.11198e-07
-2.18102e-07
-1.20406e-07
-2.1184e-07
-1.32148e-07
-2.06432e-07
-1.46355e-07
-2.02645e-07
-1.63184e-07
-2.01669e-07
-1.83066e-07
-2.04911e-07
-2.06474e-07
-2.13952e-07
-2.33863e-07
-2.30547e-07
-2.65466e-07
-2.56576e-07
-3.00946e-07
-2.93833e-07
-3.39022e-07
-3.43568e-07
-3.77248e-07
-4.05872e-07
-4.12032e-07
-4.79075e-07
-4.38815e-07
-5.59507e-07
-4.523e-07
-6.41697e-07
-4.46863e-07
-7.18514e-07
-4.17395e-07
-7.82023e-07
-3.61569e-07
-8.24656e-07
-2.81972e-07
-8.40635e-07
-1.86688e-07
-8.25935e-07
-8.74257e-08
-7.86607e-07
8.66357e-10
-7.29366e-07
6.66203e-08
-6.63453e-07
1.06449e-07
-5.99357e-07
1.19245e-07
-5.44275e-07
1.10154e-07
8.64662e-08
-1.39763e-08
3.87219e-08
-3.25962e-08
2.00095e-08
-4.61878e-08
7.04513e-10
-5.23306e-08
6.42593e-09
-5.2271e-08
2.52664e-08
-4.92845e-08
4.30621e-08
-4.72271e-08
4.74912e-08
-4.79544e-08
3.24786e-08
-5.16148e-08
-2.95341e-10
-5.71623e-08
-4.56084e-08
-6.46777e-08
-9.30171e-08
-7.31607e-08
-1.3319e-07
-8.09969e-08
-1.56757e-07
-8.72489e-08
-1.60149e-07
-9.12722e-08
-1.49219e-07
-9.28189e-08
-1.33619e-07
-9.2742e-08
-1.19727e-07
-9.27246e-08
-1.09589e-07
-9.40777e-08
-1.0251e-07
-9.66568e-08
-9.67222e-08
-9.9254e-08
-9.09917e-08
-1.01227e-07
-8.5588e-08
-1.03241e-07
-8.15625e-08
-1.06173e-07
-7.95148e-08
-1.10687e-07
-7.96509e-08
-1.16968e-07
-8.18011e-08
-1.2476e-07
-8.54963e-08
-1.33817e-07
-9.02932e-08
-1.43851e-07
-9.54807e-08
-1.52538e-07
-9.91364e-08
-1.56347e-07
-1.00398e-07
-1.56217e-07
-1.02147e-07
-1.56522e-07
-1.06429e-07
-1.5877e-07
-1.11198e-07
-1.62899e-07
-1.13933e-07
-1.66835e-07
-1.12821e-07
-1.70681e-07
-1.09189e-07
-1.7484e-07
-1.04061e-07
-1.76603e-07
-9.69688e-08
-1.75066e-07
-9.03446e-08
-1.72881e-07
-8.70371e-08
-1.71255e-07
-8.66777e-08
-1.70652e-07
-8.84603e-08
-1.71154e-07
-9.14638e-08
-1.71513e-07
-9.4591e-08
-1.70692e-07
-9.78852e-08
-1.68468e-07
-1.02037e-07
-1.65191e-07
-1.0767e-07
-1.61325e-07
-1.15065e-07
-1.57383e-07
-1.24347e-07
-1.53967e-07
-1.35564e-07
-1.51632e-07
-1.4869e-07
-1.51017e-07
-1.638e-07
-1.52979e-07
-1.81104e-07
-1.58599e-07
-2.00854e-07
-1.69223e-07
-2.23238e-07
-1.86486e-07
-2.48203e-07
-2.12233e-07
-2.75199e-07
-2.48285e-07
-3.02969e-07
-2.96018e-07
-3.29515e-07
-3.55788e-07
-3.52262e-07
-4.26361e-07
-3.68242e-07
-5.04517e-07
-3.74145e-07
-5.84948e-07
-3.66431e-07
-6.60374e-07
-3.41969e-07
-7.22536e-07
-2.99407e-07
-7.6378e-07
-2.40728e-07
-7.78757e-07
-1.71711e-07
-7.65334e-07
-1.00849e-07
-7.26904e-07
-3.75636e-08
-6.72521e-07
1.2236e-08
-6.09589e-07
4.35175e-08
-5.47428e-07
5.70833e-08
-4.92862e-07
5.55878e-08
4.32737e-08
-9.75342e-09
4.84753e-08
-2.35134e-08
3.37695e-08
-3.17239e-08
8.91506e-09
-3.19936e-08
6.69562e-09
-2.45849e-08
1.78577e-08
-1.21396e-08
3.06168e-08
2.45909e-11
3.5327e-08
7.77487e-09
2.47283e-08
8.31517e-09
-8.35622e-10
1.29592e-09
-3.85891e-08
-1.15105e-08
-8.02106e-08
-2.74691e-08
-1.17231e-07
-4.33006e-08
-1.40925e-07
-5.67913e-08
-1.46658e-07
-6.67951e-08
-1.39216e-07
-7.32115e-08
-1.27203e-07
-7.69355e-08
-1.16003e-07
-7.93302e-08
-1.07195e-07
-8.14385e-08
-1.00401e-07
-8.34633e-08
-9.46974e-08
-8.49987e-08
-8.94563e-08
-8.58318e-08
-8.4755e-08
-8.63137e-08
-8.10805e-08
-8.70035e-08
-7.88249e-08
-8.84473e-08
-7.82071e-08
-9.10018e-08
-7.92466e-08
-9.47434e-08
-8.17546e-08
-9.96064e-08
-8.54303e-08
-1.05346e-07
-8.97414e-08
-1.10794e-07
-9.36883e-08
-1.14425e-07
-9.67667e-08
-1.16695e-07
-9.98765e-08
-1.19518e-07
-1.03607e-07
-1.23741e-07
-1.06975e-07
-1.29083e-07
-1.08591e-07
-1.34249e-07
-1.07655e-07
-1.38662e-07
-1.04777e-07
-1.42049e-07
-1.00674e-07
-1.43275e-07
-9.57429e-08
-1.42247e-07
-9.13723e-08
-1.40337e-07
-8.8947e-08
-1.3846e-07
-8.8555e-08
-1.37087e-07
-8.98333e-08
-1.36283e-07
-9.22669e-08
-1.35524e-07
-9.53503e-08
-1.34337e-07
-9.90726e-08
-1.32631e-07
-1.03743e-07
-1.30622e-07
-1.09678e-07
-1.28634e-07
-1.17053e-07
-1.27032e-07
-1.25949e-07
-1.26204e-07
-1.36391e-07
-1.26526e-07
-1.48368e-07
-1.28418e-07
-1.61907e-07
-1.32437e-07
-1.77085e-07
-1.39321e-07
-1.93969e-07
-1.50031e-07
-2.12528e-07
-1.65737e-07
-2.32497e-07
-1.87718e-07
-2.53219e-07
-2.17152e-07
-2.73535e-07
-2.54837e-07
-2.9183e-07
-3.0088e-07
-3.06219e-07
-3.5439e-07
-3.14732e-07
-4.13154e-07
-3.15382e-07
-4.73389e-07
-3.06196e-07
-5.29802e-07
-2.85557e-07
-5.76244e-07
-2.52965e-07
-6.07047e-07
-2.09925e-07
-6.18538e-07
-1.60221e-07
-6.1007e-07
-1.09317e-07
-5.84696e-07
-6.29376e-08
-5.46971e-07
-2.549e-08
-5.04043e-07
5.88683e-10
-4.61601e-07
1.46409e-08
-4.23982e-07
1.79688e-08
1.3063e-08
-6.75528e-09
5.52306e-08
-1.64858e-08
4.35e-08
-2.08092e-08
1.32384e-08
-1.81041e-08
3.99057e-09
-8.77939e-09
8.53304e-09
5.75771e-09
1.60798e-08
2.18511e-08
1.92336e-08
3.40384e-08
1.2541e-08
3.88044e-08
-5.60157e-09
3.41087e-08
-3.38934e-08
2.13423e-08
-6.74442e-08
3.43192e-09
-9.93206e-08
-1.63676e-08
-1.21126e-07
-3.42558e-08
-1.2877e-07
-4.8261e-08
-1.2521e-07
-5.80576e-08
-1.17406e-07
-6.45168e-08
-1.09544e-07
-6.88806e-08
-1.02831e-07
-7.20932e-08
-9.71886e-08
-7.4528e-08
-9.22626e-08
-7.61572e-08
-8.78271e-08
-7.69662e-08
-8.39459e-08
-7.71728e-08
-8.0874e-08
-7.71388e-08
-7.88589e-08
-7.72765e-08
-7.80693e-08
-7.79615e-08
-7.85617e-08
-7.94556e-08
-8.02605e-08
-8.19098e-08
-8.2976e-08
-8.52949e-08
-8.63563e-08
-8.91411e-08
-8.9842e-08
-9.28476e-08
-9.30603e-08
-9.65748e-08
-9.61493e-08
-1.01031e-07
-9.91509e-08
-1.06481e-07
-1.01525e-07
-1.12507e-07
-1.02565e-07
-1.18209e-07
-1.01953e-07
-1.22968e-07
-1.00018e-07
-1.26394e-07
-9.72484e-08
-1.28018e-07
-9.41184e-08
-1.27951e-07
-9.14391e-08
-1.26951e-07
-8.99478e-08
-1.2567e-07
-8.98355e-08
-1.24514e-07
-9.09896e-08
-1.23608e-07
-9.31721e-08
-1.22797e-07
-9.61622e-08
-1.21921e-07
-9.99485e-08
-1.20991e-07
-1.04673e-07
-1.20174e-07
-1.10495e-07
-1.19708e-07
-1.17519e-07
-1.19859e-07
-1.25799e-07
-1.20903e-07
-1.35347e-07
-1.2312e-07
-1.46152e-07
-1.26826e-07
-1.58201e-07
-1.32429e-07
-1.71482e-07
-1.40463e-07
-1.85935e-07
-1.51594e-07
-2.01397e-07
-1.66581e-07
-2.1751e-07
-1.86172e-07
-2.33628e-07
-2.10929e-07
-2.48777e-07
-2.41069e-07
-2.61691e-07
-2.76335e-07
-2.70953e-07
-3.15907e-07
-2.7516e-07
-3.58253e-07
-2.73036e-07
-4.00963e-07
-2.63486e-07
-4.40735e-07
-2.45786e-07
-4.73734e-07
-2.19966e-07
-4.96412e-07
-1.87247e-07
-5.06469e-07
-1.50165e-07
-5.03567e-07
-1.12219e-07
-4.89426e-07
-7.70795e-08
-4.67155e-07
-4.77608e-08
-4.40472e-07
-2.60949e-08
-4.13159e-07
-1.26733e-08
-3.88225e-07
-6.96633e-09
-7.71746e-09
-4.47584e-09
5.97064e-08
-1.11216e-08
5.01458e-08
-1.30144e-08
1.51313e-08
-9.23643e-09
2.12617e-10
-5.16203e-10
-1.87176e-10
1.21684e-08
3.39513e-09
2.66113e-08
4.79077e-09
3.89886e-08
1.63759e-10
4.55225e-08
-1.21355e-08
4.39451e-08
-3.2316e-08
3.4216e-08
-5.77151e-08
1.80761e-08
-8.31807e-08
-1.10603e-09
-1.01944e-07
-1.98153e-08
-1.1006e-07
-3.50922e-08
-1.09933e-07
-4.63426e-08
-1.06156e-07
-5.42972e-08
-1.0159e-07
-6.00049e-08
-9.71232e-08
-6.42618e-08
-9.29317e-08
-6.74658e-08
-8.90585e-08
-6.97464e-08
-8.55466e-08
-7.11883e-08
-8.25039e-08
-7.19636e-08
-8.00987e-08
-7.23277e-08
-7.84948e-08
-7.25874e-08
-7.78096e-08
-7.30603e-08
-7.80887e-08
-7.40307e-08
-7.92902e-08
-7.57199e-08
-8.12867e-08
-7.8228e-08
-8.38482e-08
-8.1433e-08
-8.6637e-08
-8.51247e-08
-8.93686e-08
-8.93283e-08
-9.19457e-08
-9.42223e-08
-9.42569e-08
-9.97521e-08
-9.59948e-08
-1.05502e-07
-9.68152e-08
-1.10863e-07
-9.65918e-08
-1.15369e-07
-9.55119e-08
-1.18724e-07
-9.38935e-08
-1.20734e-07
-9.21083e-08
-1.21522e-07
-9.06512e-08
-1.2151e-07
-8.99594e-08
-1.21121e-07
-9.02244e-08
-1.20656e-07
-9.1455e-08
-1.20259e-07
-9.35689e-08
-1.19939e-07
-9.64824e-08
-1.19691e-07
-1.00196e-07
-1.19583e-07
-1.04781e-07
-1.19758e-07
-1.1032e-07
-1.20405e-07
-1.16872e-07
-1.21737e-07
-1.24467e-07
-1.2398e-07
-1.33104e-07
-1.27374e-07
-1.42758e-07
-1.32192e-07
-1.53383e-07
-1.38769e-07
-1.64905e-07
-1.47513e-07
-1.77191e-07
-1.58896e-07
-1.90014e-07
-1.73413e-07
-2.02993e-07
-1.91484e-07
-2.15557e-07
-2.13343e-07
-2.26918e-07
-2.38923e-07
-2.36112e-07
-2.67789e-07
-2.42086e-07
-2.99127e-07
-2.43823e-07
-3.31714e-07
-2.40449e-07
-3.63875e-07
-2.31325e-07
-3.93489e-07
-2.16172e-07
-4.18186e-07
-1.95268e-07
-4.3579e-07
-1.69643e-07
-4.44861e-07
-1.41094e-07
-4.45114e-07
-1.11967e-07
-4.37485e-07
-8.47081e-08
-4.23865e-07
-6.13818e-08
-4.06622e-07
-4.33375e-08
-3.88205e-07
-3.10906e-08
-3.707e-07
-2.44721e-08
-2.27749e-08
-2.73879e-09
6.24452e-08
-7.11568e-09
5.45227e-08
-7.69604e-09
1.57116e-08
-3.93535e-09
-3.54807e-09
3.22689e-09
-7.34939e-09
1.30028e-08
-6.38083e-09
2.40784e-08
-6.28475e-09
3.40659e-08
-9.82379e-09
4.03755e-08
-1.8445e-08
4.07026e-08
-3.26431e-08
3.4094e-08
-5.11065e-08
2.12187e-08
-7.03055e-08
4.59837e-09
-8.53234e-08
-1.21983e-08
-9.32636e-08
-2.65524e-08
-9.55793e-08
-3.76938e-08
-9.50143e-08
-4.61004e-08
-9.3183e-08
-5.25184e-08
-9.07052e-08
-5.75202e-08
-8.793e-08
-6.14367e-08
-8.5142e-08
-6.44414e-08
-8.25418e-08
-6.66639e-08
-8.02814e-08
-6.8261e-08
-7.85016e-08
-6.94313e-08
-7.73245e-08
-7.04063e-08
-7.68347e-08
-7.14314e-08
-7.70636e-08
-7.27413e-08
-7.79803e-08
-7.45357e-08
-7.94923e-08
-7.6943e-08
-8.14409e-08
-7.99721e-08
-8.36079e-08
-8.35537e-08
-8.5787e-08
-8.76532e-08
-8.78462e-08
-9.22486e-08
-8.96614e-08
-9.71947e-08
-9.10487e-08
-1.02179e-07
-9.18306e-08
-1.06819e-07
-9.1952e-08
-1.10809e-07
-9.1522e-08
-1.13954e-07
-9.07481e-08
-1.16166e-07
-8.9897e-08
-1.17528e-07
-8.92894e-08
-1.18276e-07
-8.92109e-08
-1.18672e-07
-8.9828e-08
-1.18928e-07
-9.11994e-08
-1.19177e-07
-9.33194e-08
-1.1949e-07
-9.61696e-08
-1.19926e-07
-9.97603e-08
-1.20578e-07
-1.0413e-07
-1.21576e-07
-1.09321e-07
-1.23082e-07
-1.15366e-07
-1.25277e-07
-1.22272e-07
-1.28357e-07
-1.30024e-07
-1.32536e-07
-1.38579e-07
-1.38052e-07
-1.47867e-07
-1.4518e-07
-1.57777e-07
-1.54229e-07
-1.68143e-07
-1.65528e-07
-1.78715e-07
-1.79388e-07
-1.89133e-07
-1.96041e-07
-1.98904e-07
-2.15554e-07
-2.07405e-07
-2.37763e-07
-2.13903e-07
-2.62222e-07
-2.17627e-07
-2.88191e-07
-2.17853e-07
-3.14652e-07
-2.13989e-07
-3.40318e-07
-2.05659e-07
-3.63689e-07
-1.92801e-07
-3.83193e-07
-1.75764e-07
-3.97448e-07
-1.55388e-07
-4.05562e-07
-1.3298e-07
-4.07367e-07
-1.10163e-07
-4.03461e-07
-8.86138e-08
-3.9507e-07
-6.97735e-08
-3.83773e-07
-5.4635e-08
-3.71213e-07
-4.36511e-08
-3.58875e-07
-3.68094e-08
-3.37071e-08
-1.40007e-09
6.38453e-08
-4.09523e-09
5.72178e-08
-4.01684e-09
1.56333e-08
-7.93308e-10
-6.77159e-09
4.69873e-09
-1.28414e-08
1.17614e-08
-1.34435e-08
1.95702e-08
-1.40936e-08
2.67816e-08
-1.70351e-08
3.16549e-08
-2.33183e-08
3.23894e-08
-3.33776e-08
2.7802e-08
-4.6519e-08
1.79643e-08
-6.04678e-08
4.67571e-09
-7.20348e-08
-9.19902e-09
-7.93889e-08
-2.15535e-08
-8.32248e-08
-3.17188e-08
-8.4849e-08
-3.99119e-08
-8.49898e-08
-4.65446e-08
-8.40725e-08
-5.19494e-08
-8.25251e-08
-5.63556e-08
-8.07357e-08
-5.9926e-08
-7.89714e-08
-6.2799e-08
-7.74084e-08
-6.51193e-08
-7.61812e-08
-6.70497e-08
-7.53941e-08
-6.87691e-08
-7.51153e-08
-7.0463e-08
-7.53696e-08
-7.23087e-08
-7.61346e-08
-7.44592e-08
-7.73418e-08
-7.70208e-08
-7.88793e-08
-8.00285e-08
-8.06002e-08
-8.34567e-08
-8.23587e-08
-8.72623e-08
-8.40405e-08
-9.13827e-08
-8.5541e-08
-9.56889e-08
-8.67424e-08
-9.99742e-08
-8.75454e-08
-1.04002e-07
-8.79244e-08
-1.07574e-07
-8.79495e-08
-1.1056e-07
-8.77623e-08
-1.12904e-07
-8.75523e-08
-1.14657e-07
-8.75372e-08
-1.15952e-07
-8.79151e-08
-1.16958e-07
-8.88223e-08
-1.17826e-07
-9.0331e-08
-1.18676e-07
-9.24697e-08
-1.19596e-07
-9.52497e-08
-1.2067e-07
-9.86865e-08
-1.21996e-07
-1.02803e-07
-1.23697e-07
-1.0762e-07
-1.25914e-07
-1.13149e-07
-1.28804e-07
-1.19381e-07
-1.32539e-07
-1.26288e-07
-1.37305e-07
-1.33813e-07
-1.43301e-07
-1.41871e-07
-1.50743e-07
-1.50335e-07
-1.59858e-07
-1.59028e-07
-1.70865e-07
-1.67707e-07
-1.83951e-07
-1.76047e-07
-1.99222e-07
-1.83633e-07
-2.16656e-07
-1.89971e-07
-2.36052e-07
-1.94507e-07
-2.57e-07
-1.9668e-07
-2.78872e-07
-1.95981e-07
-3.00841e-07
-1.92019e-07
-3.21916e-07
-1.84585e-07
-3.41e-07
-1.73717e-07
-3.57008e-07
-1.59756e-07
-3.69028e-07
-1.43369e-07
-3.76487e-07
-1.25521e-07
-3.79287e-07
-1.07364e-07
-3.7783e-07
-9.00711e-08
-3.72939e-07
-7.46654e-08
-3.65693e-07
-6.18811e-08
-3.57243e-07
-5.21022e-08
-3.48665e-07
-4.5387e-08
-4.15124e-08
-3.37338e-10
6.41827e-08
-1.74119e-09
5.86217e-08
-1.36806e-09
1.52602e-08
1.16727e-09
-9.3069e-09
5.1635e-09
-1.68376e-08
1.00342e-08
-1.83142e-08
1.52246e-08
-1.92839e-08
1.99394e-08
-2.17499e-08
2.30746e-08
-2.64535e-08
2.33564e-08
-3.36595e-08
1.97922e-08
-4.29548e-08
1.22912e-08
-5.29667e-08
2.09256e-09
-6.18362e-08
-8.82468e-09
-6.84716e-08
-1.89938e-08
-7.30557e-08
-2.79052e-08
-7.59376e-08
-3.55592e-08
-7.73358e-08
-4.20855e-08
-7.75462e-08
-4.76197e-08
-7.69909e-08
-5.22941e-08
-7.60614e-08
-5.62359e-08
-7.50296e-08
-5.95687e-08
-7.40756e-08
-6.24189e-08
-7.3331e-08
-6.49211e-08
-7.28919e-08
-6.72166e-08
-7.28197e-08
-6.94474e-08
-7.31388e-08
-7.17458e-08
-7.38361e-08
-7.42239e-08
-7.48637e-08
-7.69606e-08
-7.61426e-08
-7.99892e-08
-7.75715e-08
-8.33016e-08
-7.90463e-08
-8.6866e-08
-8.04762e-08
-9.06276e-08
-8.17794e-08
-9.44925e-08
-8.28775e-08
-9.83252e-08
-8.37127e-08
-1.01974e-07
-8.4276e-08
-1.05305e-07
-8.46182e-08
-1.08227e-07
-8.48401e-08
-1.10702e-07
-8.50771e-08
-1.12758e-07
-8.54815e-08
-1.14478e-07
-8.61951e-08
-1.15974e-07
-8.73259e-08
-1.17362e-07
-8.89437e-08
-1.18743e-07
-9.10885e-08
-1.20209e-07
-9.37832e-08
-1.21851e-07
-9.70452e-08
-1.23765e-07
-1.00889e-07
-1.26063e-07
-1.05322e-07
-1.2887e-07
-1.10342e-07
-1.32322e-07
-1.15929e-07
-1.36567e-07
-1.22043e-07
-1.41759e-07
-1.28621e-07
-1.48059e-07
-1.3557e-07
-1.55633e-07
-1.42761e-07
-1.6464e-07
-1.50021e-07
-1.75223e-07
-1.57124e-07
-1.87483e-07
-1.63787e-07
-2.01449e-07
-1.69667e-07
-2.17047e-07
-1.74373e-07
-2.34067e-07
-1.77487e-07
-2.52146e-07
-1.78601e-07
-2.70764e-07
-1.77363e-07
-2.89265e-07
-1.73518e-07
-3.06888e-07
-1.66962e-07
-3.22827e-07
-1.57778e-07
-3.36314e-07
-1.46268e-07
-3.46726e-07
-1.32957e-07
-3.53688e-07
-1.18559e-07
-3.57146e-07
-1.03906e-07
-3.5738e-07
-8.98378e-08
-3.5495e-07
-7.7095e-08
-3.50605e-07
-6.6227e-08
-3.45159e-07
-5.75493e-08
-3.394e-07
-5.11476e-08
-4.69046e-08
5.6624e-10
6.36164e-08
1.7152e-10
5.90164e-08
6.27618e-10
1.48041e-08
2.45333e-09
-1.11326e-08
5.18606e-09
-1.95703e-08
8.3445e-09
-2.14726e-08
1.15398e-08
-2.24792e-08
1.42652e-08
-2.44753e-08
1.58288e-08
-2.80171e-08
1.54052e-08
-3.32359e-08
1.2324e-08
-3.98736e-08
6.51436e-09
-4.7157e-08
-1.22652e-09
-5.40953e-08
-9.69225e-09
-6.00059e-08
-1.79846e-08
-6.47634e-08
-2.57112e-08
-6.8211e-08
-3.27263e-08
-7.03207e-08
-3.89743e-08
-7.12982e-08
-4.44604e-08
-7.15048e-08
-4.92415e-08
-7.12802e-08
-5.34027e-08
-7.08683e-08
-5.70401e-08
-7.04383e-08
-6.02565e-08
-7.01145e-08
-6.31612e-08
-6.99872e-08
-6.58667e-08
-7.01142e-08
-6.84836e-08
-7.05219e-08
-7.11132e-08
-7.12065e-08
-7.384e-08
-7.21368e-08
-7.67244e-08
-7.32582e-08
-7.97961e-08
-7.44998e-08
-8.30559e-08
-7.57865e-08
-8.64825e-08
-7.70496e-08
-9.00342e-08
-7.82277e-08
-9.36433e-08
-7.92684e-08
-9.72173e-08
-8.01386e-08
-1.00655e-07
-8.08386e-08
-1.03865e-07
-8.14076e-08
-1.06786e-07
-8.19194e-08
-1.09391e-07
-8.24718e-08
-1.11699e-07
-8.31738e-08
-1.13765e-07
-8.41286e-08
-1.1567e-07
-8.54211e-08
-1.17502e-07
-8.71121e-08
-1.19348e-07
-8.9242e-08
-1.21295e-07
-9.18363e-08
-1.23429e-07
-9.49113e-08
-1.25842e-07
-9.84755e-08
-1.28636e-07
-1.02529e-07
-1.31919e-07
-1.07059e-07
-1.35808e-07
-1.12039e-07
-1.40427e-07
-1.17424e-07
-1.45902e-07
-1.23146e-07
-1.5236e-07
-1.29112e-07
-1.59925e-07
-1.35197e-07
-1.68706e-07
-1.4124e-07
-1.7879e-07
-1.4704e-07
-1.90222e-07
-1.52355e-07
-2.02984e-07
-1.56904e-07
-2.16978e-07
-1.6038e-07
-2.31998e-07
-1.62466e-07
-2.47731e-07
-1.62868e-07
-2.63751e-07
-1.61343e-07
-2.79539e-07
-1.5773e-07
-2.94516e-07
-1.51986e-07
-3.08085e-07
-1.44209e-07
-3.19697e-07
-1.34656e-07
-3.28918e-07
-1.23736e-07
-3.35493e-07
-1.11985e-07
-3.39388e-07
-1.00011e-07
-3.40799e-07
-8.84267e-08
-3.40119e-07
-7.77756e-08
-3.37872e-07
-6.84745e-08
-3.34642e-07
-6.07793e-08
-3.31008e-07
-5.47827e-08
-5.04301e-08
1.29932e-09
6.23171e-08
1.6802e-09
5.86356e-08
2.14851e-09
1.43358e-08
3.33807e-09
-1.23222e-08
4.9991e-09
-2.12314e-08
6.82109e-09
-2.32946e-08
8.52587e-09
-2.4184e-08
9.77067e-09
-2.572e-08
1.01186e-08
-2.8365e-08
9.07502e-09
-3.21923e-08
6.24863e-09
-3.70472e-08
1.61969e-09
-4.25281e-08
-4.37864e-09
-4.8097e-08
-1.10557e-08
-5.33288e-08
-1.79236e-08
-5.78955e-08
-2.46656e-08
-6.14689e-08
-3.10616e-08
-6.39247e-08
-3.6962e-08
-6.53978e-08
-4.2301e-08
-6.61657e-08
-4.70848e-08
-6.64964e-08
-5.13601e-08
-6.6593e-08
-5.51934e-08
-6.6605e-08
-5.86625e-08
-6.66454e-08
-6.1853e-08
-6.67968e-08
-6.48536e-08
-6.71136e-08
-6.77515e-08
-6.7624e-08
-7.06261e-08
-6.8332e-08
-7.35437e-08
-6.92192e-08
-7.65526e-08
-7.02493e-08
-7.96792e-08
-7.13732e-08
-8.29279e-08
-7.25378e-08
-8.62847e-08
-7.36927e-08
-8.97183e-08
-7.4794e-08
-9.31796e-08
-7.58071e-08
-9.66049e-08
-7.67133e-08
-9.99258e-08
-7.75177e-08
-1.03082e-07
-7.82516e-08
-1.06031e-07
-7.89699e-08
-1.08759e-07
-7.97442e-08
-1.11279e-07
-8.06539e-08
-1.13632e-07
-8.17758e-08
-1.15877e-07
-8.31755e-08
-1.18086e-07
-8.49036e-08
-1.20332e-07
-8.69959e-08
-1.22692e-07
-8.94761e-08
-1.25246e-07
-9.23575e-08
-1.28077e-07
-9.56445e-08
-1.31274e-07
-9.93314e-08
-1.34932e-07
-1.03401e-07
-1.39151e-07
-1.07821e-07
-1.44031e-07
-1.12544e-07
-1.49676e-07
-1.17502e-07
-1.56182e-07
-1.22605e-07
-1.6364e-07
-1.27738e-07
-1.72123e-07
-1.32756e-07
-1.81679e-07
-1.37484e-07
-1.92316e-07
-1.41718e-07
-2.03991e-07
-1.4523e-07
-2.16592e-07
-1.47778e-07
-2.29934e-07
-1.49125e-07
-2.43746e-07
-1.49056e-07
-2.57683e-07
-1.47406e-07
-2.71337e-07
-1.44076e-07
-2.84265e-07
-1.39058e-07
-2.96024e-07
-1.32451e-07
-3.06213e-07
-1.24467e-07
-3.14524e-07
-1.15426e-07
-3.20779e-07
-1.05731e-07
-3.24956e-07
-9.58347e-08
-3.27192e-07
-8.61906e-08
-3.27764e-07
-7.72039e-08
-3.27046e-07
-6.91931e-08
-3.2546e-07
-6.2365e-08
-3.23433e-07
-5.68095e-08
-5.2509e-08
1.85424e-09
6.04629e-08
2.88918e-09
5.76007e-08
3.34028e-09
1.38847e-08
3.94625e-09
-1.29281e-08
4.71207e-09
-2.19972e-08
5.48895e-09
-2.40714e-08
6.09017e-09
-2.47852e-08
6.27667e-09
-2.59065e-08
5.7694e-09
-2.78577e-08
4.28203e-09
-3.07049e-08
1.61394e-09
-3.4379e-08
-2.25741e-09
-3.86567e-08
-7.09948e-09
-4.32549e-08
-1.25857e-08
-4.78426e-08
-1.84425e-08
-5.20386e-08
-2.44122e-08
-5.54992e-08
-3.02582e-08
-5.80787e-08
-3.58015e-08
-5.98546e-08
-4.09466e-08
-6.10205e-08
-4.56689e-08
-6.17742e-08
-4.99856e-08
-6.22763e-08
-5.39371e-08
-6.26534e-08
-5.75785e-08
-6.3004e-08
-6.0974e-08
-6.34013e-08
-6.4192e-08
-6.38955e-08
-6.73007e-08
-6.45154e-08
-7.03624e-08
-6.52702e-08
-7.34302e-08
-6.61514e-08
-7.65431e-08
-6.71363e-08
-7.97241e-08
-6.81922e-08
-8.29794e-08
-6.92824e-08
-8.63006e-08
-7.03716e-08
-8.96653e-08
-7.14293e-08
-9.30391e-08
-7.24333e-08
-9.63785e-08
-7.33739e-08
-9.96381e-08
-7.42581e-08
-1.02778e-07
-7.51114e-08
-1.05773e-07
-7.59752e-08
-1.08614e-07
-7.69028e-08
-1.11315e-07
-7.79532e-08
-1.13907e-07
-7.91837e-08
-1.16437e-07
-8.06451e-08
-1.18963e-07
-8.2378e-08
-1.21547e-07
-8.44121e-08
-1.24256e-07
-8.67672e-08
-1.2716e-07
-8.94531e-08
-1.30334e-07
-9.24706e-08
-1.33855e-07
-9.58103e-08
-1.37804e-07
-9.94516e-08
-1.42264e-07
-1.03361e-07
-1.47317e-07
-1.0749e-07
-1.53045e-07
-1.11774e-07
-1.59523e-07
-1.16128e-07
-1.66812e-07
-1.20449e-07
-1.74961e-07
-1.24608e-07
-1.83989e-07
-1.28456e-07
-1.93883e-07
-1.31824e-07
-2.04587e-07
-1.34526e-07
-2.15989e-07
-1.36375e-07
-2.27923e-07
-1.37191e-07
-2.40159e-07
-1.3682e-07
-2.52419e-07
-1.35147e-07
-2.64381e-07
-1.32114e-07
-2.75705e-07
-1.27733e-07
-2.86059e-07
-1.22097e-07
-2.95148e-07
-1.15378e-07
-3.02747e-07
-1.07826e-07
-3.08729e-07
-9.97491e-08
-3.13078e-07
-9.14864e-08
-3.1589e-07
-8.33786e-08
-3.17363e-07
-7.5732e-08
-3.17764e-07
-6.87922e-08
-3.17403e-07
-6.27263e-08
-3.16596e-07
-5.76166e-08
-5.34665e-08
2.2398e-09
5.82231e-08
3.80536e-09
5.60351e-08
4.24115e-09
1.34489e-08
4.34207e-09
-1.3029e-08
4.37206e-09
-2.20271e-08
4.33157e-09
-2.40309e-08
4.11421e-09
-2.45678e-08
3.55221e-09
-2.53445e-08
2.46354e-09
-2.6769e-08
6.86731e-10
-2.89281e-08
-1.90532e-09
-3.1787e-08
-5.31223e-09
-3.52498e-08
-9.44591e-09
-3.91212e-08
-1.41741e-08
-4.31144e-08
-1.93303e-08
-4.68824e-08
-2.47055e-08
-5.0124e-08
-3.00825e-08
-5.27017e-08
-3.52894e-08
-5.46476e-08
-4.02252e-08
-5.60847e-08
-4.48484e-08
-5.7151e-08
-4.91557e-08
-5.79691e-08
-5.31672e-08
-5.86419e-08
-5.69191e-08
-5.92521e-08
-6.04573e-08
-5.98631e-08
-6.38331e-08
-6.05196e-08
-6.70987e-08
-6.12498e-08
-7.03028e-08
-6.2066e-08
-7.34875e-08
-6.29667e-08
-7.66848e-08
-6.39391e-08
-7.99145e-08
-6.49625e-08
-8.3184e-08
-6.60129e-08
-8.64893e-08
-6.70663e-08
-8.98157e-08
-6.81028e-08
-9.31403e-08
-6.91086e-08
-9.64344e-08
-7.00798e-08
-9.96684e-08
-7.10241e-08
-1.02817e-07
-7.19622e-08
-1.05867e-07
-7.29261e-08
-1.08813e-07
-7.39561e-08
-1.1167e-07
-7.50963e-08
-1.14464e-07
-7.63902e-08
-1.17232e-07
-7.78767e-08
-1.20022e-07
-7.95875e-08
-1.22888e-07
-8.15464e-08
-1.25887e-07
-8.37684e-08
-1.2908e-07
-8.62603e-08
-1.32531e-07
-8.90196e-08
-1.36306e-07
-9.20346e-08
-1.40475e-07
-9.52831e-08
-1.45105e-07
-9.87312e-08
-1.50262e-07
-1.02332e-07
-1.56011e-07
-1.06025e-07
-1.62406e-07
-1.09733e-07
-1.6949e-07
-1.13364e-07
-1.77291e-07
-1.16807e-07
-1.85812e-07
-1.19935e-07
-1.95027e-07
-1.22609e-07
-2.04873e-07
-1.24681e-07
-2.15245e-07
-1.26003e-07
-2.25996e-07
-1.2644e-07
-2.36936e-07
-1.2588e-07
-2.47837e-07
-1.24246e-07
-2.58446e-07
-1.21505e-07
-2.68501e-07
-1.17679e-07
-2.77749e-07
-1.12849e-07
-2.85972e-07
-1.07156e-07
-2.93002e-07
-1.00797e-07
-2.98745e-07
-9.40062e-08
-3.03188e-07
-8.70437e-08
-3.06399e-07
-8.01675e-08
-3.0852e-07
-7.3612e-08
-3.09744e-07
-6.75684e-08
-3.10299e-07
-6.21718e-08
-3.10421e-07
-5.74958e-08
-5.3555e-08
2.48511e-09
5.5738e-08
4.45275e-09
5.40675e-08
4.87287e-09
1.30288e-08
4.55398e-09
-1.27101e-08
3.98939e-09
-2.14625e-08
3.31126e-09
-2.33528e-08
2.47611e-09
-2.37327e-08
1.37188e-09
-2.42403e-08
-1.23003e-10
-2.52741e-08
-2.11759e-09
-2.69335e-08
-4.67443e-09
-2.92301e-08
-7.82155e-09
-3.21026e-08
-1.15465e-08
-3.53962e-08
-1.57966e-08
-3.88642e-08
-2.04632e-08
-4.22159e-08
-2.53799e-08
-4.52073e-08
-3.03652e-08
-4.77164e-08
-3.52702e-08
-4.97425e-08
-3.99999e-08
-5.13551e-08
-4.4505e-08
-5.26458e-08
-4.87689e-08
-5.37051e-08
-5.27973e-08
-5.46135e-08
-5.66113e-08
-5.54381e-08
-6.02421e-08
-5.62322e-08
-6.37271e-08
-5.70346e-08
-6.71055e-08
-5.78715e-08
-7.04148e-08
-5.87567e-08
-7.36883e-08
-5.96932e-08
-7.69519e-08
-6.06754e-08
-8.02231e-08
-6.16913e-08
-8.35099e-08
-6.2726e-08
-8.68118e-08
-6.37644e-08
-9.01204e-08
-6.47942e-08
-9.34214e-08
-6.58077e-08
-9.66967e-08
-6.68045e-08
-9.99282e-08
-6.77926e-08
-1.03101e-07
-6.8789e-08
-1.06209e-07
-6.98188e-08
-1.09252e-07
-7.09127e-08
-1.12244e-07
-7.21043e-08
-1.15208e-07
-7.34267e-08
-1.18175e-07
-7.49094e-08
-1.21185e-07
-7.65771e-08
-1.24284e-07
-7.84477e-08
-1.2752e-07
-8.05322e-08
-1.30946e-07
-8.28341e-08
-1.34617e-07
-8.53487e-08
-1.38589e-07
-8.80628e-08
-1.42918e-07
-9.09536e-08
-1.47661e-07
-9.39884e-08
-1.5287e-07
-9.7123e-08
-1.58594e-07
-1.00301e-07
-1.64872e-07
-1.03455e-07
-1.71733e-07
-1.06503e-07
-1.7919e-07
-1.0935e-07
-1.87236e-07
-1.1189e-07
-1.95836e-07
-1.14009e-07
-2.04929e-07
-1.15588e-07
-2.14418e-07
-1.16513e-07
-2.24176e-07
-1.16682e-07
-2.34044e-07
-1.16013e-07
-2.43837e-07
-1.14453e-07
-2.53355e-07
-1.11986e-07
-2.62395e-07
-1.08639e-07
-2.70762e-07
-1.04481e-07
-2.78291e-07
-9.96274e-08
-2.84857e-07
-9.42313e-08
-2.90387e-07
-8.84762e-08
-2.9487e-07
-8.25609e-08
-2.98354e-07
-7.66838e-08
-3.0094e-07
-7.10262e-08
-3.02771e-07
-6.57383e-08
-3.04013e-07
-6.09298e-08
-3.04844e-07
-5.66658e-08
-5.29665e-08
2.63974e-09
5.30983e-08
4.8775e-09
5.18297e-08
5.26579e-09
1.26405e-08
4.60483e-09
-1.20491e-08
3.56628e-09
-2.0424e-08
2.38697e-09
-2.21735e-08
1.07635e-09
-2.2422e-08
-4.3699e-10
-2.27269e-08
-2.23815e-09
-2.34729e-08
-4.39977e-09
-2.47719e-08
-6.97514e-09
-2.66547e-08
-1.00017e-08
-2.90761e-08
-1.34968e-08
-3.19011e-08
-1.74409e-08
-3.49201e-08
-2.17577e-08
-3.7899e-08
-2.63194e-08
-4.06455e-08
-3.09827e-08
-4.30531e-08
-3.56256e-08
-4.50996e-08
-4.0163e-08
-4.68177e-08
-4.4544e-08
-4.82648e-08
-4.87442e-08
-4.95049e-08
-5.27591e-08
-5.05986e-08
-5.65987e-08
-5.15985e-08
-6.02832e-08
-5.25477e-08
-6.38384e-08
-5.34793e-08
-6.72935e-08
-5.44164e-08
-7.0677e-08
-5.53731e-08
-7.4015e-08
-5.63552e-08
-7.73288e-08
-5.73616e-08
-8.06335e-08
-5.83866e-08
-8.39375e-08
-5.94219e-08
-8.7243e-08
-6.04589e-08
-9.05464e-08
-6.14908e-08
-9.38397e-08
-6.25143e-08
-9.71128e-08
-6.35314e-08
-1.00356e-07
-6.45498e-08
-1.03561e-07
-6.55838e-08
-1.06726e-07
-6.66533e-08
-1.09857e-07
-6.77821e-08
-1.12965e-07
-6.8996e-08
-1.16072e-07
-7.03201e-08
-1.19204e-07
-7.17772e-08
-1.22395e-07
-7.33856e-08
-1.25684e-07
-7.51587e-08
-1.29113e-07
-7.71039e-08
-1.32725e-07
-7.9222e-08
-1.36567e-07
-8.15066e-08
-1.40686e-07
-8.39438e-08
-1.45128e-07
-8.65111e-08
-1.49939e-07
-8.91775e-08
-1.5516e-07
-9.19022e-08
-1.60826e-07
-9.46347e-08
-1.66967e-07
-9.73143e-08
-1.736e-07
-9.98703e-08
-1.80727e-07
-1.02222e-07
-1.88334e-07
-1.04283e-07
-1.96385e-07
-1.05958e-07
-2.04819e-07
-1.07153e-07
-2.13553e-07
-1.0778e-07
-2.22475e-07
-1.0776e-07
-2.31453e-07
-1.07035e-07
-2.40338e-07
-1.05568e-07
-2.48969e-07
-1.03355e-07
-2.57188e-07
-1.0042e-07
-2.64844e-07
-9.6825e-08
-2.71811e-07
-9.26613e-08
-2.77991e-07
-8.80512e-08
-2.8333e-07
-8.31377e-08
-2.87816e-07
-7.80754e-08
-2.91482e-07
-7.3018e-08
-2.94401e-07
-6.81071e-08
-2.96678e-07
-6.34616e-08
-2.98438e-07
-5.91709e-08
-2.99811e-07
-5.52921e-08
-5.18481e-08
2.72813e-09
5.03701e-08
5.12838e-09
4.94295e-08
5.4597e-09
1.23092e-08
4.51907e-09
-1.11085e-08
3.10423e-09
-1.90091e-08
1.53099e-09
-2.06002e-08
-1.53481e-10
-2.07376e-08
-1.98983e-09
-2.08906e-08
-4.03837e-09
-2.14244e-08
-6.35386e-09
-2.24564e-08
-8.98461e-09
-2.4024e-08
-1.19719e-08
-2.60888e-08
-1.53416e-08
-2.85314e-08
-1.9086e-08
-3.11757e-08
-2.31501e-08
-3.38349e-08
-2.74386e-08
-3.6357e-08
-3.18426e-08
-3.86492e-08
-3.62642e-08
-4.0678e-08
-4.06295e-08
-4.24523e-08
-4.48892e-08
-4.40051e-08
-4.90153e-08
-4.53789e-08
-5.29968e-08
-4.6617e-08
-5.6836e-08
-4.77593e-08
-6.05443e-08
-4.88394e-08
-6.41395e-08
-4.98842e-08
-6.76423e-08
-5.09136e-08
-7.10744e-08
-5.1941e-08
-7.44563e-08
-5.29732e-08
-7.78054e-08
-5.40125e-08
-8.1135e-08
-5.5057e-08
-8.44537e-08
-5.61033e-08
-8.77654e-08
-5.71472e-08
-9.10701e-08
-5.81861e-08
-9.43647e-08
-5.92196e-08
-9.76447e-08
-6.02513e-08
-1.00906e-07
-6.12887e-08
-1.04146e-07
-6.2344e-08
-1.07366e-07
-6.3433e-08
-1.10574e-07
-6.45745e-08
-1.13781e-07
-6.57884e-08
-1.17007e-07
-6.70942e-08
-1.20275e-07
-6.85089e-08
-1.23614e-07
-7.00464e-08
-1.27057e-07
-7.17162e-08
-1.30638e-07
-7.35226e-08
-1.34396e-07
-7.54645e-08
-1.38368e-07
-7.75343e-08
-1.42594e-07
-7.97179e-08
-1.47111e-07
-8.19939e-08
-1.51955e-07
-8.43332e-08
-1.57158e-07
-8.66989e-08
-1.62747e-07
-8.90459e-08
-1.6874e-07
-9.13211e-08
-1.75147e-07
-9.34637e-08
-1.81963e-07
-9.5406e-08
-1.89171e-07
-9.7075e-08
-1.96734e-07
-9.83949e-08
-2.04596e-07
-9.92908e-08
-2.12682e-07
-9.96933e-08
-2.20899e-07
-9.95435e-08
-2.29136e-07
-9.87981e-08
-2.3727e-07
-9.74338e-08
-2.45175e-07
-9.545e-08
-2.52724e-07
-9.28715e-08
-2.59801e-07
-8.9749e-08
-2.66304e-07
-8.61578e-08
-2.72161e-07
-8.21949e-08
-2.77326e-07
-7.79729e-08
-2.81789e-07
-7.36128e-08
-2.85572e-07
-6.9235e-08
-2.88728e-07
-6.49511e-08
-2.91334e-07
-6.08559e-08
-2.93483e-07
-5.70229e-08
-2.95274e-07
-5.35014e-08
-5.03149e-08
2.77249e-09
4.75977e-08
5.24755e-09
4.69545e-08
5.49861e-09
1.20582e-08
4.32407e-09
-9.93394e-09
2.60933e-09
-1.72944e-08
7.23044e-10
-1.87139e-08
-1.25884e-09
-1.87557e-08
-3.35855e-09
-1.87908e-08
-5.61749e-09
-1.91654e-08
-8.07963e-09
-1.99942e-08
-1.07887e-08
-2.13149e-08
-1.37843e-08
-2.30932e-08
-1.70914e-08
-2.52243e-08
-2.07069e-08
-2.75602e-08
-2.45911e-08
-2.99507e-08
-2.86746e-08
-3.22734e-08
-3.28753e-08
-3.44485e-08
-3.71154e-08
-3.64378e-08
-4.13319e-08
-3.82358e-08
-4.54791e-08
-3.98579e-08
-4.95281e-08
-4.13299e-08
-5.34645e-08
-4.26807e-08
-5.72851e-08
-4.39386e-08
-6.09956e-08
-4.51289e-08
-6.46071e-08
-4.62726e-08
-6.81346e-08
-4.73861e-08
-7.15944e-08
-4.84812e-08
-7.50026e-08
-4.9565e-08
-7.83736e-08
-5.06414e-08
-8.17192e-08
-5.17114e-08
-8.50479e-08
-5.27745e-08
-8.83652e-08
-5.383e-08
-9.16734e-08
-5.48778e-08
-9.49732e-08
-5.59198e-08
-9.8264e-08
-5.69606e-08
-1.01545e-07
-5.80073e-08
-1.04819e-07
-5.90705e-08
-1.08089e-07
-6.01631e-08
-1.11363e-07
-6.13003e-08
-1.14654e-07
-6.24974e-08
-1.17978e-07
-6.37696e-08
-1.21357e-07
-6.51298e-08
-1.24815e-07
-6.65883e-08
-1.2838e-07
-6.81515e-08
-1.32081e-07
-6.98215e-08
-1.3595e-07
-7.15956e-08
-1.40018e-07
-7.34658e-08
-1.44318e-07
-7.54182e-08
-1.4888e-07
-7.74325e-08
-1.53731e-07
-7.94822e-08
-1.58895e-07
-8.15341e-08
-1.64393e-07
-8.35486e-08
-1.70234e-07
-8.54794e-08
-1.76423e-07
-8.72745e-08
-1.82952e-07
-8.88773e-08
-1.898e-07
-9.02274e-08
-1.96931e-07
-9.12634e-08
-2.04296e-07
-9.19258e-08
-2.11829e-07
-9.21607e-08
-2.19449e-07
-9.19234e-08
-2.27065e-07
-9.11822e-08
-2.34577e-07
-8.99218e-08
-2.41882e-07
-8.81448e-08
-2.4888e-07
-8.58739e-08
-2.55477e-07
-8.31516e-08
-2.61596e-07
-8.00391e-08
-2.67177e-07
-7.66141e-08
-2.72185e-07
-7.29659e-08
-2.76608e-07
-6.91898e-08
-2.80462e-07
-6.53813e-08
-2.83785e-07
-6.16287e-08
-2.86633e-07
-5.80085e-08
-2.89075e-07
-5.45814e-08
-2.91187e-07
-5.13899e-08
-4.84573e-08
2.78808e-09
4.48096e-08
5.27083e-09
4.44717e-08
5.42125e-09
1.19078e-08
4.04779e-09
-8.56047e-09
2.09294e-09
-1.53395e-08
-4.2081e-11
-1.65789e-08
-2.26391e-09
-1.65338e-08
-4.58135e-09
-1.64734e-08
-7.02338e-09
-1.67234e-08
-9.62549e-09
-1.73921e-08
-1.24256e-08
-1.85148e-08
-1.54581e-08
-2.00607e-08
-1.87445e-08
-2.19378e-08
-2.22834e-08
-2.40213e-08
-2.60465e-08
-2.61876e-08
-2.99827e-08
-2.83371e-08
-3.403e-08
-3.04013e-08
-3.81263e-08
-3.23415e-08
-4.22183e-08
-3.41437e-08
-4.62653e-08
-3.58109e-08
-5.02394e-08
-3.73557e-08
-5.41247e-08
-3.87954e-08
-5.7915e-08
-4.01483e-08
-6.16117e-08
-4.14322e-08
-6.52218e-08
-4.26626e-08
-6.87557e-08
-4.38522e-08
-7.22259e-08
-4.50109e-08
-7.56452e-08
-4.61456e-08
-7.90259e-08
-4.72607e-08
-8.23785e-08
-4.83589e-08
-8.57115e-08
-4.94416e-08
-8.90312e-08
-5.05102e-08
-9.23421e-08
-5.15669e-08
-9.56471e-08
-5.26148e-08
-9.89486e-08
-5.36591e-08
-1.02249e-07
-5.47067e-08
-1.05553e-07
-5.5767e-08
-1.08865e-07
-5.68508e-08
-1.12195e-07
-5.79702e-08
-1.15555e-07
-5.91377e-08
-1.18959e-07
-6.03649e-08
-1.22427e-07
-6.16618e-08
-1.2598e-07
-6.30359e-08
-1.2964e-07
-6.44913e-08
-1.33433e-07
-6.60285e-08
-1.37385e-07
-6.76439e-08
-1.41521e-07
-6.93291e-08
-1.45869e-07
-7.10709e-08
-1.5045e-07
-7.28506e-08
-1.55288e-07
-7.46442e-08
-1.604e-07
-7.64222e-08
-1.65799e-07
-7.81499e-08
-1.71491e-07
-7.97875e-08
-1.77474e-07
-8.12909e-08
-1.83739e-07
-8.26124e-08
-1.90264e-07
-8.37025e-08
-1.97016e-07
-8.45116e-08
-2.03949e-07
-8.49924e-08
-2.11007e-07
-8.51028e-08
-2.18121e-07
-8.48091e-08
-2.25216e-07
-8.4088e-08
-2.32208e-07
-8.29295e-08
-2.39015e-07
-8.13382e-08
-2.45555e-07
-7.9334e-08
-2.51754e-07
-7.69524e-08
-2.5755e-07
-7.42435e-08
-2.62895e-07
-7.12696e-08
-2.67759e-07
-6.81021e-08
-2.72132e-07
-6.48169e-08
-2.76024e-07
-6.14897e-08
-2.79461e-07
-5.81916e-08
-2.82486e-07
-5.49844e-08
-2.85149e-07
-5.19183e-08
-2.87509e-07
-4.90304e-08
-4.63438e-08
2.78578e-09
4.20238e-08
5.22855e-09
4.2029e-08
5.26475e-09
1.18716e-08
3.72244e-09
-7.01814e-09
1.57628e-09
-1.31933e-08
-7.56238e-10
-1.42463e-08
-3.17384e-09
-1.41162e-08
-5.67443e-09
-1.39728e-08
-8.27855e-09
-1.41192e-08
-1.10143e-08
-1.46563e-08
-1.39129e-08
-1.56162e-08
-1.70024e-08
-1.69711e-08
-2.03001e-08
-1.86401e-08
-2.3805e-08
-2.05164e-08
-2.74958e-08
-2.24968e-08
-3.1334e-08
-2.44989e-08
-3.52714e-08
-2.64639e-08
-3.92582e-08
-2.83546e-08
-4.32499e-08
-3.0152e-08
-4.72109e-08
-3.185e-08
-5.11156e-08
-3.34511e-08
-5.4948e-08
-3.49629e-08
-5.87006e-08
-3.63957e-08
-6.23724e-08
-3.77604e-08
-6.59673e-08
-3.90676e-08
-6.9493e-08
-4.03265e-08
-7.29592e-08
-4.15447e-08
-7.63766e-08
-4.27283e-08
-7.97556e-08
-4.38817e-08
-8.31061e-08
-4.50084e-08
-8.64364e-08
-4.61112e-08
-8.97538e-08
-4.71929e-08
-9.30639e-08
-4.82568e-08
-9.63715e-08
-4.93071e-08
-9.96811e-08
-5.03495e-08
-1.02997e-07
-5.13906e-08
-1.06325e-07
-5.24389e-08
-1.09672e-07
-5.35036e-08
-1.13048e-07
-5.45949e-08
-1.16463e-07
-5.57228e-08
-1.19931e-07
-5.68965e-08
-1.23469e-07
-5.81239e-08
-1.27095e-07
-5.94101e-08
-1.30828e-07
-6.0758e-08
-1.34689e-07
-6.21669e-08
-1.38701e-07
-6.36326e-08
-1.42883e-07
-6.51468e-08
-1.47257e-07
-6.66971e-08
-1.51841e-07
-6.82665e-08
-1.56651e-07
-6.98337e-08
-1.61701e-07
-7.13726e-08
-1.66998e-07
-7.2853e-08
-1.72544e-07
-7.42409e-08
-1.78336e-07
-7.54989e-08
-1.84361e-07
-7.65873e-08
-1.90598e-07
-7.74654e-08
-1.97017e-07
-7.80932e-08
-2.03576e-07
-7.8433e-08
-2.10227e-07
-7.84521e-08
-2.16911e-07
-7.81247e-08
-2.23565e-07
-7.7434e-08
-2.30121e-07
-7.63735e-08
-2.36511e-07
-7.49486e-08
-2.42669e-07
-7.31766e-08
-2.48534e-07
-7.10873e-08
-2.54056e-07
-6.87214e-08
-2.59197e-07
-6.61294e-08
-2.6393e-07
-6.33686e-08
-2.68248e-07
-6.04997e-08
-2.72154e-07
-5.75837e-08
-2.75669e-07
-5.46775e-08
-2.78821e-07
-5.18319e-08
-2.81651e-07
-4.90886e-08
-2.84202e-07
-4.64793e-08
-4.40268e-08
2.77423e-09
3.92496e-08
5.14879e-09
3.96544e-08
5.06881e-09
1.19516e-08
3.38814e-09
-5.33746e-09
1.09319e-09
-1.08984e-08
-1.39632e-09
-1.17568e-08
-3.97529e-09
-1.15372e-08
-6.63451e-09
-1.13135e-08
-9.38709e-09
-1.13667e-08
-1.22539e-08
-1.17894e-08
-1.52591e-08
-1.2611e-08
-1.84241e-08
-1.38061e-08
-2.17613e-08
-1.5303e-08
-2.52686e-08
-1.7009e-08
-2.89286e-08
-1.88368e-08
-3.27106e-08
-2.07169e-08
-3.65761e-08
-2.25984e-08
-4.04845e-08
-2.44462e-08
-4.43988e-08
-2.62376e-08
-4.82886e-08
-2.79602e-08
-5.21312e-08
-2.96084e-08
-5.59118e-08
-3.11823e-08
-5.96225e-08
-3.2685e-08
-6.32611e-08
-3.41217e-08
-6.68304e-08
-3.54984e-08
-7.03359e-08
-3.68209e-08
-7.37859e-08
-3.80947e-08
-7.71895e-08
-3.93247e-08
-8.05562e-08
-4.05149e-08
-8.38954e-08
-4.16691e-08
-8.72156e-08
-4.27909e-08
-9.05245e-08
-4.3884e-08
-9.38287e-08
-4.49525e-08
-9.71344e-08
-4.60014e-08
-1.00447e-07
-4.70364e-08
-1.03774e-07
-4.80643e-08
-1.0712e-07
-4.90927e-08
-1.10493e-07
-5.013e-08
-1.13904e-07
-5.11847e-08
-1.17361e-07
-5.22652e-08
-1.20879e-07
-5.33791e-08
-1.2447e-07
-5.45324e-08
-1.28151e-07
-5.5729e-08
-1.31938e-07
-5.69707e-08
-1.35849e-07
-5.82561e-08
-1.39901e-07
-5.95808e-08
-1.44111e-07
-6.09369e-08
-1.48495e-07
-6.23131e-08
-1.53067e-07
-6.3694e-08
-1.5784e-07
-6.50607e-08
-1.62822e-07
-6.63905e-08
-1.68018e-07
-6.76575e-08
-1.73426e-07
-6.88324e-08
-1.79041e-07
-6.98839e-08
-1.8485e-07
-7.07789e-08
-1.90831e-07
-7.14841e-08
-1.96957e-07
-7.1967e-08
-2.03192e-07
-7.21977e-08
-2.09494e-07
-7.21508e-08
-2.15812e-07
-7.18066e-08
-2.22093e-07
-7.11527e-08
-2.28281e-07
-7.01853e-08
-2.3432e-07
-6.89097e-08
-2.40156e-07
-6.73411e-08
-2.45739e-07
-6.55042e-08
-2.51028e-07
-6.34325e-08
-2.55991e-07
-6.11667e-08
-2.60607e-07
-5.87532e-08
-2.64866e-07
-5.6241e-08
-2.68771e-07
-5.36791e-08
-2.72334e-07
-5.11141e-08
-2.75579e-07
-4.85874e-08
-2.78535e-07
-4.6134e-08
-2.81234e-07
-4.37807e-08
-4.15489e-08
2.76202e-09
3.64876e-08
5.06087e-09
3.73556e-08
4.87779e-09
1.21347e-08
3.09416e-09
-3.55383e-09
6.90579e-10
-8.49477e-09
-1.92141e-09
-9.14482e-09
-4.63676e-09
-8.82185e-09
-7.43994e-09
-8.51035e-09
-1.03366e-08
-8.47002e-09
-1.33395e-08
-8.7865e-09
-1.64646e-08
-9.48588e-09
-1.97261e-08
-1.05446e-08
-2.31308e-08
-1.18983e-08
-2.66741e-08
-1.34657e-08
-3.03399e-08
-1.5171e-08
-3.4102e-08
-1.69547e-08
-3.79287e-08
-1.87717e-08
-4.17867e-08
-2.05882e-08
-4.56452e-08
-2.23791e-08
-4.94786e-08
-2.41268e-08
-5.32674e-08
-2.58196e-08
-5.69986e-08
-2.74511e-08
-6.06651e-08
-2.90185e-08
-6.42649e-08
-3.0522e-08
-6.77999e-08
-3.19634e-08
-7.12752e-08
-3.33456e-08
-7.46981e-08
-3.46718e-08
-7.80772e-08
-3.59456e-08
-8.14215e-08
-3.71706e-08
-8.47402e-08
-3.83504e-08
-8.80421e-08
-3.94891e-08
-9.13352e-08
-4.05909e-08
-9.46271e-08
-4.16606e-08
-9.7925e-08
-4.27035e-08
-1.01236e-07
-4.37259e-08
-1.04566e-07
-4.47342e-08
-1.07922e-07
-4.57359e-08
-1.11314e-07
-4.67385e-08
-1.14749e-07
-4.77496e-08
-1.18238e-07
-4.87765e-08
-1.21791e-07
-4.98255e-08
-1.25422e-07
-5.09015e-08
-1.29143e-07
-5.20078e-08
-1.32969e-07
-5.3145e-08
-1.36913e-07
-5.43118e-08
-1.4099e-07
-5.55038e-08
-1.45213e-07
-5.67137e-08
-1.49595e-07
-5.79312e-08
-1.54146e-07
-5.91427e-08
-1.58875e-07
-6.03317e-08
-1.63787e-07
-6.14785e-08
-1.68884e-07
-6.25607e-08
-1.74163e-07
-6.35536e-08
-1.79616e-07
-6.4431e-08
-1.85229e-07
-6.51653e-08
-1.90984e-07
-6.57291e-08
-1.96855e-07
-6.60964e-08
-2.02809e-07
-6.62433e-08
-2.0881e-07
-6.61499e-08
-2.14816e-07
-6.58011e-08
-2.2078e-07
-6.5188e-08
-2.26657e-07
-6.43082e-08
-2.324e-07
-6.31672e-08
-2.37963e-07
-6.17779e-08
-2.43307e-07
-6.01608e-08
-2.48396e-07
-5.83433e-08
-2.53205e-07
-5.63587e-08
-2.57713e-07
-5.42447e-08
-2.61914e-07
-5.20408e-08
-2.65806e-07
-4.9787e-08
-2.69399e-07
-4.75212e-08
-2.72709e-07
-4.52778e-08
-2.75758e-07
-4.30859e-08
-2.78572e-07
-4.09687e-08
-3.89452e-08
2.75798e-09
3.37296e-08
4.99497e-09
3.51186e-08
4.73935e-09
1.23903e-08
2.89449e-09
-1.70896e-09
4.20915e-10
-6.02118e-09
-2.28388e-09
-6.44001e-09
-5.11733e-09
-5.98839e-09
-8.05827e-09
-5.5694e-09
-1.11038e-08
-5.42447e-09
-1.42567e-08
-5.63356e-09
-1.75228e-08
-6.21985e-09
-2.09069e-08
-7.16046e-09
-2.4409e-08
-8.39614e-09
-2.80211e-08
-9.8536e-09
-3.17264e-08
-1.14657e-08
-3.55016e-08
-1.31795e-08
-3.93196e-08
-1.49537e-08
-4.31526e-08
-1.67552e-08
-4.69753e-08
-1.85565e-08
-5.07663e-08
-2.03357e-08
-5.45098e-08
-2.20762e-08
-5.81949e-08
-2.37659e-08
-6.18162e-08
-2.53972e-08
-6.53724e-08
-2.69657e-08
-6.8866e-08
-2.84698e-08
-7.23022e-08
-2.99094e-08
-7.56882e-08
-3.12858e-08
-7.90327e-08
-3.26012e-08
-8.23446e-08
-3.38586e-08
-8.56335e-08
-3.50616e-08
-8.89083e-08
-3.62142e-08
-9.21779e-08
-3.73213e-08
-9.54503e-08
-3.83881e-08
-9.87333e-08
-3.94204e-08
-1.02035e-07
-4.04246e-08
-1.05361e-07
-4.14074e-08
-1.08721e-07
-4.2376e-08
-1.12122e-07
-4.33375e-08
-1.15573e-07
-4.4299e-08
-1.19082e-07
-4.5267e-08
-1.22661e-07
-4.62471e-08
-1.26318e-07
-4.72436e-08
-1.30067e-07
-4.8259e-08
-1.33918e-07
-4.9294e-08
-1.37883e-07
-5.03469e-08
-1.41973e-07
-5.14138e-08
-1.46199e-07
-5.24881e-08
-1.50569e-07
-5.35607e-08
-1.55092e-07
-5.46196e-08
-1.59773e-07
-5.56505e-08
-1.64615e-07
-5.66364e-08
-1.69618e-07
-5.75582e-08
-1.74776e-07
-5.83953e-08
-1.80082e-07
-5.91253e-08
-1.85521e-07
-5.97257e-08
-1.91076e-07
-6.0174e-08
-1.96724e-07
-6.04491e-08
-2.02435e-07
-6.05321e-08
-2.08178e-07
-6.04072e-08
-2.13916e-07
-6.00629e-08
-2.19611e-07
-5.94926e-08
-2.25224e-07
-5.86954e-08
-2.30715e-07
-5.76761e-08
-2.36048e-07
-5.64458e-08
-2.41187e-07
-5.50215e-08
-2.46104e-07
-5.34259e-08
-2.50777e-07
-5.16861e-08
-2.55189e-07
-4.98327e-08
-2.59333e-07
-4.7898e-08
-2.63205e-07
-4.59145e-08
-2.66814e-07
-4.39133e-08
-2.70169e-07
-4.1923e-08
-2.73287e-07
-3.99682e-08
-2.76187e-07
-3.80692e-08
-3.62427e-08
2.76925e-09
3.09604e-08
4.97558e-09
3.29123e-08
4.68806e-09
1.26779e-08
2.82498e-09
1.54138e-10
3.167e-10
-3.5129e-09
-2.45624e-09
-3.66705e-09
-5.39381e-09
-3.05081e-09
-8.47103e-09
-2.49217e-09
-1.16759e-08
-2.21957e-09
-1.49987e-08
-2.3107e-09
-1.8432e-08
-2.78653e-09
-2.19689e-08
-3.62359e-09
-2.56006e-08
-4.7644e-09
-2.93139e-08
-6.14028e-09
-3.30907e-08
-7.6889e-09
-3.69092e-08
-9.36103e-09
-4.07456e-08
-1.11173e-08
-4.45768e-08
-1.2924e-08
-4.83817e-08
-1.47515e-08
-5.21434e-08
-1.6574e-08
-5.58492e-08
-1.83703e-08
-5.94914e-08
-2.01237e-08
-6.30664e-08
-2.18221e-08
-6.65748e-08
-2.34573e-08
-7.00203e-08
-2.50244e-08
-7.34088e-08
-2.65208e-08
-7.67485e-08
-2.79461e-08
-8.00483e-08
-2.93013e-08
-8.33181e-08
-3.05888e-08
-8.65675e-08
-3.18121e-08
-8.98064e-08
-3.29754e-08
-9.30439e-08
-3.40838e-08
-9.62889e-08
-3.51431e-08
-9.95496e-08
-3.61596e-08
-1.02834e-07
-3.714e-08
-1.0615e-07
-3.80913e-08
-1.09506e-07
-3.90207e-08
-1.12908e-07
-3.99352e-08
-1.16365e-07
-4.08416e-08
-1.19886e-07
-4.17461e-08
-1.23479e-07
-4.26539e-08
-1.27154e-07
-4.35689e-08
-1.3092e-07
-4.44934e-08
-1.34785e-07
-4.54281e-08
-1.38761e-07
-4.63716e-08
-1.42854e-07
-4.73202e-08
-1.47074e-07
-4.82683e-08
-1.51427e-07
-4.9208e-08
-1.55918e-07
-5.01288e-08
-1.60549e-07
-5.10184e-08
-1.65323e-07
-5.18624e-08
-1.70237e-07
-5.26446e-08
-1.75285e-07
-5.33475e-08
-1.80458e-07
-5.39525e-08
-1.85742e-07
-5.44411e-08
-1.91121e-07
-5.47948e-08
-1.96574e-07
-5.49965e-08
-2.02075e-07
-5.50311e-08
-2.07596e-07
-5.48863e-08
-2.13106e-07
-5.45532e-08
-2.18571e-07
-5.40269e-08
-2.23959e-07
-5.33073e-08
-2.29237e-07
-5.23987e-08
-2.34372e-07
-5.13106e-08
-2.39337e-07
-5.00571e-08
-2.44106e-07
-4.86568e-08
-2.48661e-07
-4.71319e-08
-2.52986e-07
-4.55075e-08
-2.57074e-07
-4.38099e-08
-2.60924e-07
-4.20657e-08
-2.64537e-07
-4.03006e-08
-2.67922e-07
-3.85382e-08
-2.71091e-07
-3.67993e-08
-2.74058e-07
-3.51019e-08
-3.34612e-08
2.79516e-09
2.81652e-08
5.00308e-09
3.07044e-08
4.71972e-09
1.29612e-08
2.85734e-09
2.01653e-09
3.35415e-10
-9.90956e-10
-2.48631e-09
-8.45312e-10
-5.51574e-09
-2.13659e-11
-8.72613e-09
7.1823e-10
-1.20979e-08
1.15223e-09
-1.56077e-08
1.19908e-09
-1.92324e-08
8.3821e-10
-2.29498e-08
9.37631e-11
-2.67405e-08
-9.73635e-10
-3.05843e-08
-2.29645e-09
-3.44609e-08
-3.81233e-09
-3.83487e-08
-5.47319e-09
-4.22268e-08
-7.23915e-09
-4.60753e-08
-9.07549e-09
-4.98774e-08
-1.09495e-08
-5.36196e-08
-1.28318e-08
-5.7293e-08
-1.46969e-08
-6.08931e-08
-1.65236e-08
-6.44191e-08
-1.8296e-08
-6.7874e-08
-2.00024e-08
-7.12633e-08
-2.16351e-08
-7.45947e-08
-2.31894e-08
-7.78776e-08
-2.46633e-08
-8.1122e-08
-2.60569e-08
-8.43387e-08
-2.73722e-08
-8.75383e-08
-2.86125e-08
-9.07312e-08
-2.97825e-08
-9.39274e-08
-3.08876e-08
-9.71362e-08
-3.19343e-08
-1.00367e-07
-3.29293e-08
-1.03627e-07
-3.38799e-08
-1.06924e-07
-3.47936e-08
-1.10267e-07
-3.56777e-08
-1.13663e-07
-3.65394e-08
-1.17119e-07
-3.73855e-08
-1.20643e-07
-3.82222e-08
-1.24242e-07
-3.90544e-08
-1.27925e-07
-3.98861e-08
-1.31699e-07
-4.07197e-08
-1.35571e-07
-4.15559e-08
-1.39549e-07
-4.23937e-08
-1.43639e-07
-4.32301e-08
-1.47847e-07
-4.40602e-08
-1.52178e-07
-4.48773e-08
-1.56634e-07
-4.56725e-08
-1.61217e-07
-4.64353e-08
-1.65926e-07
-4.71535e-08
-1.70757e-07
-4.78133e-08
-1.75704e-07
-4.84002e-08
-1.80758e-07
-4.88987e-08
-1.85906e-07
-4.92935e-08
-1.91131e-07
-4.95696e-08
-1.96414e-07
-4.9713e-08
-2.01734e-07
-4.97118e-08
-2.07064e-07
-4.9556e-08
-2.12378e-07
-4.92389e-08
-2.17648e-07
-4.87571e-08
-2.22845e-07
-4.81105e-08
-2.27941e-07
-4.73033e-08
-2.32908e-07
-4.63432e-08
-2.37723e-07
-4.52422e-08
-2.42364e-07
-4.40155e-08
-2.46815e-07
-4.26813e-08
-2.51063e-07
-4.12601e-08
-2.551e-07
-3.97733e-08
-2.58923e-07
-3.82429e-08
-2.62534e-07
-3.669e-08
-2.65938e-07
-3.51344e-08
-2.69144e-07
-3.35933e-08
-2.72163e-07
-3.20825e-08
-3.06159e-08
2.81735e-09
2.53479e-08
5.0234e-09
2.84984e-08
4.7318e-09
1.32528e-08
2.85045e-09
3.8979e-09
3.02502e-10
1.557e-09
-2.56794e-09
2.02515e-09
-5.68013e-09
3.09083e-09
-9.0147e-09
4.05282e-09
-1.25477e-08
4.68529e-09
-1.62456e-08
4.89691e-09
-2.00683e-08
4.66098e-09
-2.39793e-08
4.00477e-09
-2.79451e-08
2.99214e-09
-3.19379e-08
1.69641e-09
-3.59336e-08
1.83317e-10
-3.99089e-08
-1.49785e-09
-4.38448e-08
-3.30318e-09
-4.77233e-08
-5.19697e-09
-5.1531e-08
-7.14176e-09
-5.52578e-08
-9.10503e-09
-5.88984e-08
-1.10563e-08
-6.24518e-08
-1.29702e-08
-6.59208e-08
-1.48269e-08
-6.93115e-08
-1.66117e-08
-7.26321e-08
-1.83145e-08
-7.58925e-08
-1.99289e-08
-7.9104e-08
-2.14518e-08
-8.22783e-08
-2.28825e-08
-8.54276e-08
-2.42229e-08
-8.85636e-08
-2.54765e-08
-9.16976e-08
-2.66484e-08
-9.48405e-08
-2.77448e-08
-9.8002e-08
-2.87727e-08
-1.01191e-07
-2.97399e-08
-1.04417e-07
-3.06541e-08
-1.07687e-07
-3.15235e-08
-1.11009e-07
-3.23558e-08
-1.1439e-07
-3.31587e-08
-1.17836e-07
-3.39391e-08
-1.21355e-07
-3.47034e-08
-1.24953e-07
-3.54568e-08
-1.28635e-07
-3.62033e-08
-1.3241e-07
-3.69455e-08
-1.36281e-07
-3.76845e-08
-1.40255e-07
-3.84197e-08
-1.44336e-07
-3.91489e-08
-1.48528e-07
-3.9868e-08
-1.52834e-07
-4.05714e-08
-1.57255e-07
-4.12516e-08
-1.6179e-07
-4.18998e-08
-1.66438e-07
-4.25056e-08
-1.71194e-07
-4.30576e-08
-1.7605e-07
-4.35436e-08
-1.80998e-07
-4.39509e-08
-1.86025e-07
-4.42668e-08
-1.91116e-07
-4.4479e-08
-1.96252e-07
-4.45762e-08
-2.01415e-07
-4.45488e-08
-2.06582e-07
-4.43891e-08
-2.11729e-07
-4.40917e-08
-2.16832e-07
-4.36541e-08
-2.21866e-07
-4.30767e-08
-2.26807e-07
-4.23628e-08
-2.31631e-07
-4.15193e-08
-2.36318e-07
-4.05557e-08
-2.40849e-07
-3.94847e-08
-2.45209e-07
-3.83213e-08
-2.49387e-07
-3.7082e-08
-2.53376e-07
-3.57845e-08
-2.57173e-07
-3.44468e-08
-2.60777e-07
-3.30863e-08
-2.64192e-07
-3.17196e-08
-2.67425e-07
-3.03609e-08
-2.70484e-07
-2.9024e-08
-2.77204e-08
2.79016e-09
2.25577e-08
4.90274e-09
2.63858e-08
4.49293e-09
1.36627e-08
2.49382e-09
5.89702e-09
-1.59793e-10
4.21063e-09
-3.11472e-09
4.98008e-09
-6.30921e-09
6.28533e-09
-9.74288e-09
7.4865e-09
-1.34023e-08
8.34477e-09
-1.72525e-08
8.74707e-09
-2.12454e-08
8.65384e-09
-2.53304e-08
8.08983e-09
-2.94618e-08
7.12355e-09
-3.36013e-08
5.83592e-09
-3.7717e-08
4.29901e-09
-4.17846e-08
2.56974e-09
-4.5784e-08
6.96239e-10
-4.96947e-08
-1.28617e-09
-5.35078e-08
-3.32867e-09
-5.7214e-08
-5.39885e-09
-6.0812e-08
-7.45827e-09
-6.43048e-08
-9.47746e-09
-6.76997e-08
-1.1432e-08
-7.10065e-08
-1.33049e-08
-7.42368e-08
-1.50841e-08
-7.74038e-08
-1.6762e-08
-8.0521e-08
-1.83345e-08
-8.36026e-08
-1.98009e-08
-8.66626e-08
-2.1163e-08
-8.9714e-08
-2.2425e-08
-9.27696e-08
-2.35928e-08
-9.58408e-08
-2.46736e-08
-9.89381e-08
-2.56754e-08
-1.02071e-07
-2.66069e-08
-1.05248e-07
-2.74768e-08
-1.08478e-07
-2.82941e-08
-1.11766e-07
-2.90673e-08
-1.1512e-07
-2.98045e-08
-1.18546e-07
-3.05132e-08
-1.2205e-07
-3.12001e-08
-1.25636e-07
-3.18707e-08
-1.2931e-07
-3.25294e-08
-1.33076e-07
-3.31792e-08
-1.36939e-07
-3.38215e-08
-1.40902e-07
-3.44564e-08
-1.44969e-07
-3.50823e-08
-1.49141e-07
-3.56961e-08
-1.53419e-07
-3.6293e-08
-1.57804e-07
-3.68669e-08
-1.62293e-07
-3.74105e-08
-1.66883e-07
-3.79152e-08
-1.7157e-07
-3.83713e-08
-1.76344e-07
-3.87689e-08
-1.81198e-07
-3.90975e-08
-1.86118e-07
-3.93464e-08
-1.91091e-07
-3.95058e-08
-1.96101e-07
-3.95666e-08
-2.01129e-07
-3.95208e-08
-2.06155e-07
-3.93625e-08
-2.1116e-07
-3.90874e-08
-2.1612e-07
-3.86937e-08
-2.21015e-07
-3.81817e-08
-2.25824e-07
-3.75546e-08
-2.30525e-07
-3.68178e-08
-2.35102e-07
-3.59793e-08
-2.39537e-07
-3.50494e-08
-2.43819e-07
-3.40402e-08
-2.47935e-07
-3.29655e-08
-2.51881e-07
-3.18395e-08
-2.55651e-07
-3.0677e-08
-2.59245e-07
-2.94925e-08
-2.62665e-07
-2.82995e-08
-2.65916e-07
-2.71103e-08
-2.69005e-07
-2.59365e-08
-2.47868e-08
2.64125e-09
1.99165e-08
4.4355e-09
2.45916e-08
3.66723e-09
1.44309e-08
1.34381e-09
8.22045e-09
-1.55184e-09
7.1063e-09
-4.66554e-09
8.09379e-09
-7.96017e-09
9.57998e-09
-1.14605e-08
1.09869e-08
-1.51792e-08
1.20635e-08
-1.90992e-08
1.2667e-08
-2.31795e-08
1.27342e-08
-2.73671e-08
1.22774e-08
-3.16074e-08
1.13639e-08
-3.58523e-08
1.00809e-08
-4.00595e-08
8.50617e-09
-4.41962e-08
6.70643e-09
-4.82362e-08
4.73634e-09
-5.21649e-08
2.64248e-09
-5.59695e-08
4.75909e-10
-5.96366e-08
-1.73171e-09
-6.3171e-08
-3.9238e-09
-6.65785e-08
-6.06999e-09
-6.98723e-08
-8.1382e-09
-7.30668e-08
-1.01104e-08
-7.61775e-08
-1.19734e-08
-7.92211e-08
-1.37184e-08
-8.22143e-08
-1.53412e-08
-8.51742e-08
-1.6841e-08
-8.81167e-08
-1.82204e-08
-9.10572e-08
-1.94846e-08
-9.40093e-08
-2.06407e-08
-9.69856e-08
-2.16972e-08
-9.99973e-08
-2.26637e-08
-1.03054e-07
-2.355e-08
-1.06165e-07
-2.43661e-08
-1.09337e-07
-2.51221e-08
-1.12577e-07
-2.58273e-08
-1.1589e-07
-2.64908e-08
-1.19283e-07
-2.71206e-08
-1.22759e-07
-2.77239e-08
-1.26323e-07
-2.8307e-08
-1.29978e-07
-2.88744e-08
-1.33727e-07
-2.94298e-08
-1.37574e-07
-2.9975e-08
-1.41519e-07
-3.05108e-08
-1.45565e-07
-3.10361e-08
-1.49713e-07
-3.15487e-08
-1.53961e-07
-3.20449e-08
-1.58308e-07
-3.25196e-08
-1.62752e-07
-3.29668e-08
-1.67287e-07
-3.33794e-08
-1.71909e-07
-3.37495e-08
-1.76609e-07
-3.40687e-08
-1.81378e-07
-3.43285e-08
-1.86204e-07
-3.45202e-08
-1.91074e-07
-3.46357e-08
-1.95973e-07
-3.46676e-08
-2.00885e-07
-3.46095e-08
-2.05791e-07
-3.44566e-08
-2.10673e-07
-3.42056e-08
-2.15511e-07
-3.38552e-08
-2.20287e-07
-3.34056e-08
-2.24983e-07
-3.28594e-08
-2.29579e-07
-3.22212e-08
-2.34061e-07
-3.14975e-08
-2.38414e-07
-3.06966e-08
-2.42626e-07
-2.98283e-08
-2.46688e-07
-2.89038e-08
-2.50593e-07
-2.79347e-08
-2.54338e-07
-2.69329e-08
-2.5792e-07
-2.59105e-08
-2.61341e-07
-2.48786e-08
-2.64604e-07
-2.38476e-08
-2.67714e-07
-2.28274e-08
-2.18245e-08
2.30686e-09
1.76096e-08
3.46053e-09
2.34379e-08
2.01529e-09
1.58762e-08
-8.73172e-10
1.11089e-08
-4.1701e-09
1.04032e-08
-7.53064e-09
1.14544e-08
-1.09355e-08
1.29849e-08
-1.44417e-08
1.44931e-08
-1.81013e-08
1.5723e-08
-2.19364e-08
1.65022e-08
-2.59365e-08
1.67343e-08
-3.00656e-08
1.64065e-08
-3.42721e-08
1.55704e-08
-3.84991e-08
1.43079e-08
-4.2695e-08
1.27021e-08
-4.68152e-08
1.08266e-08
-5.08229e-08
8.74409e-09
-5.46962e-08
6.51578e-09
-5.84191e-08
4.19883e-09
-6.19945e-08
1.84366e-09
-6.54193e-08
-4.98905e-10
-6.86993e-08
-2.79002e-09
-7.18572e-08
-4.98024e-09
-7.491e-08
-7.05762e-09
-7.78772e-08
-9.00621e-09
-8.07781e-08
-1.08175e-08
-8.36325e-08
-1.24868e-08
-8.64595e-08
-1.4014e-08
-8.92772e-08
-1.54027e-08
-9.2102e-08
-1.66598e-08
-9.49486e-08
-1.7794e-08
-9.78302e-08
-1.88156e-08
-1.00758e-07
-1.97359e-08
-1.03742e-07
-2.05661e-08
-1.0679e-07
-2.1318e-08
-1.09909e-07
-2.20027e-08
-1.13106e-07
-2.26307e-08
-1.16385e-07
-2.32119e-08
-1.1975e-07
-2.37554e-08
-1.23205e-07
-2.42691e-08
-1.26752e-07
-2.47596e-08
-1.30394e-07
-2.52323e-08
-1.34133e-07
-2.56912e-08
-1.37969e-07
-2.61388e-08
-1.41904e-07
-2.65762e-08
-1.45936e-07
-2.70034e-08
-1.50066e-07
-2.74185e-08
-1.54292e-07
-2.78189e-08
-1.58612e-07
-2.82005e-08
-1.6302e-07
-2.85583e-08
-1.67513e-07
-2.88866e-08
-1.72083e-07
-2.9179e-08
-1.76723e-07
-2.94285e-08
-1.81424e-07
-2.96281e-08
-1.86173e-07
-2.97707e-08
-1.90959e-07
-2.98497e-08
-1.95768e-07
-2.98589e-08
-2.00584e-07
-2.97935e-08
-2.05391e-07
-2.96495e-08
-2.10172e-07
-2.94242e-08
-2.14911e-07
-2.91166e-08
-2.1959e-07
-2.87269e-08
-2.24192e-07
-2.82572e-08
-2.28702e-07
-2.77111e-08
-2.33106e-07
-2.70938e-08
-2.37391e-07
-2.64121e-08
-2.41546e-07
-2.56739e-08
-2.45562e-07
-2.48879e-08
-2.49433e-07
-2.40637e-08
-2.53155e-07
-2.32109e-08
-2.56727e-07
-2.23391e-08
-2.60148e-07
-2.14576e-08
-2.63421e-07
-2.05751e-08
-2.66548e-07
-1.97e-08
-1.8838e-08
1.82811e-09
1.57815e-08
2.14494e-09
2.31211e-08
-1.19462e-10
1.81406e-08
-3.62146e-09
1.46109e-08
-7.31676e-09
1.40985e-08
-1.08736e-08
1.50112e-08
-1.42777e-08
1.6389e-08
-1.76073e-08
1.78227e-08
-2.09542e-08
1.90699e-08
-2.43938e-08
1.99417e-08
-2.79685e-08
2.03091e-08
-3.16822e-08
2.01201e-08
-3.55039e-08
1.93921e-08
-3.93818e-08
1.81859e-08
-4.32572e-08
1.65776e-08
-4.7075e-08
1.46443e-08
-5.07926e-08
1.24617e-08
-5.43802e-08
1.01034e-08
-5.78229e-08
7.64158e-09
-6.11234e-08
5.14414e-09
-6.42884e-08
2.66605e-09
-6.73226e-08
2.44205e-10
-7.02764e-08
-2.02637e-09
-7.31523e-08
-4.18174e-09
-7.59717e-08
-6.1868e-09
-7.87529e-08
-8.03629e-09
-8.15143e-08
-9.72532e-09
-8.42739e-08
-1.12544e-08
-8.70477e-08
-1.26289e-08
-8.98499e-08
-1.38576e-08
-9.26928e-08
-1.49511e-08
-9.55871e-08
-1.59213e-08
-9.8542e-08
-1.6781e-08
-1.01565e-07
-1.7543e-08
-1.04663e-07
-1.82203e-08
-1.0784e-07
-1.88252e-08
-1.11102e-07
-1.93691e-08
-1.14451e-07
-1.98628e-08
-1.1789e-07
-2.03161e-08
-1.21422e-07
-2.07376e-08
-1.25047e-07
-2.11346e-08
-1.28766e-07
-2.1513e-08
-1.3258e-07
-2.18771e-08
-1.36489e-07
-2.22299e-08
-1.40492e-07
-2.25734e-08
-1.44587e-07
-2.29077e-08
-1.48774e-07
-2.32319e-08
-1.53049e-07
-2.35439e-08
-1.57409e-07
-2.38407e-08
-1.61849e-07
-2.41182e-08
-1.66363e-07
-2.43717e-08
-1.70946e-07
-2.45961e-08
-1.75589e-07
-2.47857e-08
-1.80282e-07
-2.49347e-08
-1.85016e-07
-2.50375e-08
-1.89777e-07
-2.50885e-08
-1.94553e-07
-2.50827e-08
-1.9933e-07
-2.50162e-08
-2.04094e-07
-2.4886e-08
-2.08828e-07
-2.46898e-08
-2.13518e-07
-2.44266e-08
-2.18149e-07
-2.40967e-08
-2.22704e-07
-2.37016e-08
-2.27171e-07
-2.32442e-08
-2.31537e-07
-2.27284e-08
-2.35789e-07
-2.21597e-08
-2.39919e-07
-2.15441e-08
-2.43919e-07
-2.08888e-08
-2.47782e-07
-2.0201e-08
-2.51504e-07
-1.94887e-08
-2.55084e-07
-1.87594e-08
-2.58522e-07
-1.80205e-08
-2.61818e-07
-1.72792e-08
-2.64974e-07
-1.65425e-08
-1.58167e-08
1.50573e-09
1.42758e-08
1.41679e-09
2.32101e-08
-1.09547e-09
2.06529e-08
-4.59953e-09
1.8115e-08
-8.10089e-09
1.75999e-08
-1.12932e-08
1.82035e-08
-1.41448e-08
1.92406e-08
-1.67207e-08
2.03987e-08
-1.91255e-08
2.14748e-08
-2.14751e-08
2.22913e-08
-2.38675e-08
2.27015e-08
-2.63623e-08
2.26149e-08
-2.89733e-08
2.20032e-08
-3.1677e-08
2.08896e-08
-3.44298e-08
1.93303e-08
-3.71853e-08
1.73998e-08
-3.99072e-08
1.51836e-08
-4.2575e-08
1.27712e-08
-4.51841e-08
1.02507e-08
-4.77429e-08
7.70289e-09
-5.02727e-08
5.19594e-09
-5.28064e-08
2.77786e-09
-5.53143e-08
4.81582e-10
-5.78999e-08
-1.59615e-09
-6.05481e-08
-3.53862e-09
-6.32656e-08
-5.31871e-09
-6.60599e-08
-6.93104e-09
-6.89368e-08
-8.37745e-09
-7.19001e-08
-9.66565e-09
-7.49514e-08
-1.08062e-08
-7.80917e-08
-1.18108e-08
-8.13211e-08
-1.26919e-08
-8.46393e-08
-1.34627e-08
-8.8046e-08
-1.41363e-08
-9.15407e-08
-1.47257e-08
-9.51226e-08
-1.52433e-08
-9.87915e-08
-1.57002e-08
-1.02547e-07
-1.61072e-08
-1.06389e-07
-1.64745e-08
-1.10316e-07
-1.68106e-08
-1.14327e-07
-1.71229e-08
-1.18422e-07
-1.74176e-08
-1.22601e-07
-1.76989e-08
-1.2686e-07
-1.79701e-08
-1.312e-07
-1.82335e-08
-1.35618e-07
-1.84899e-08
-1.40111e-07
-1.87386e-08
-1.44677e-07
-1.89782e-08
-1.49311e-07
-1.92065e-08
-1.54009e-07
-1.94202e-08
-1.58765e-07
-1.96157e-08
-1.63573e-07
-1.97886e-08
-1.68424e-07
-1.99347e-08
-1.73309e-07
-2.00493e-08
-1.78219e-07
-2.01278e-08
-1.83142e-07
-2.01655e-08
-1.88066e-07
-2.01583e-08
-1.92979e-07
-2.01034e-08
-1.97867e-07
-1.99983e-08
-2.02715e-07
-1.98412e-08
-2.07511e-07
-1.9631e-08
-2.1224e-07
-1.93679e-08
-2.16888e-07
-1.9053e-08
-2.21444e-07
-1.86883e-08
-2.25896e-07
-1.82767e-08
-2.30234e-07
-1.78224e-08
-2.34448e-07
-1.733e-08
-2.38532e-07
-1.68048e-08
-2.42481e-07
-1.62527e-08
-2.4629e-07
-1.56797e-08
-2.49959e-07
-1.50915e-08
-2.53486e-07
-1.4494e-08
-2.56873e-07
-1.38927e-08
-2.60122e-07
-1.3293e-08
-1.27026e-08
1.96211e-09
1.23137e-08
3.14187e-09
2.20303e-08
2.31378e-09
2.1481e-08
6.92615e-10
1.97362e-08
-8.78338e-10
1.91709e-08
-2.09418e-09
1.94193e-08
-2.89278e-09
2.00392e-08
-3.28784e-09
2.07937e-08
-3.34543e-09
2.15324e-08
-3.17244e-09
2.21183e-08
-2.89304e-09
2.24221e-08
-2.6174e-09
2.23393e-08
-2.42243e-09
2.18083e-08
-2.3485e-09
2.08156e-08
-2.41083e-09
1.93927e-08
-2.6145e-09
1.76035e-08
-2.96765e-09
1.55368e-08
-3.48636e-09
1.329e-08
-4.19429e-09
1.09586e-08
-5.12047e-09
8.62908e-09
-6.29428e-09
6.36977e-09
-7.74475e-09
4.22834e-09
-9.49285e-09
2.2297e-09
-1.14883e-08
3.99365e-10
-1.38027e-08
-1.22424e-09
-1.64286e-08
-2.69278e-09
-1.93432e-08
-4.01642e-09
-2.25237e-08
-5.19699e-09
-2.59463e-08
-6.24303e-09
-2.95864e-08
-7.16607e-09
-3.34202e-08
-7.97697e-09
-3.74256e-08
-8.68647e-09
-4.15824e-08
-9.30583e-09
-4.58729e-08
-9.84585e-09
-5.02817e-08
-1.03169e-08
-5.47954e-08
-1.07296e-08
-5.94034e-08
-1.10922e-08
-6.40972e-08
-1.14134e-08
-6.88695e-08
-1.17022e-08
-7.37144e-08
-1.19657e-08
-7.86271e-08
-1.22102e-08
-8.36037e-08
-1.24409e-08
-8.86414e-08
-1.26612e-08
-9.37375e-08
-1.28739e-08
-9.88894e-08
-1.30816e-08
-1.04094e-07
-1.3285e-08
-1.09349e-07
-1.34835e-08
-1.14651e-07
-1.36763e-08
-1.19996e-07
-1.38617e-08
-1.25379e-07
-1.40374e-08
-1.30794e-07
-1.42002e-08
-1.36236e-07
-1.43471e-08
-1.41696e-07
-1.44748e-08
-1.47165e-07
-1.45796e-08
-1.52635e-07
-1.46583e-08
-1.58093e-07
-1.47067e-08
-1.63531e-07
-1.47211e-08
-1.68934e-07
-1.46999e-08
-1.74291e-07
-1.4642e-08
-1.79587e-07
-1.45447e-08
-1.84811e-07
-1.44074e-08
-1.89949e-07
-1.42301e-08
-1.94988e-07
-1.40133e-08
-1.99919e-07
-1.37581e-08
-2.04729e-07
-1.34665e-08
-2.0941e-07
-1.31416e-08
-2.13954e-07
-1.27865e-08
-2.18354e-07
-1.24051e-08
-2.22605e-07
-1.20015e-08
-2.26705e-07
-1.15801e-08
-2.30652e-07
-1.11452e-08
-2.34445e-07
-1.07011e-08
-2.38087e-07
-1.02515e-08
-2.41581e-07
-9.80032e-09
-9.35534e-09
3.65165e-09
8.66207e-09
8.76535e-09
1.69166e-08
1.26807e-08
1.75657e-08
1.58676e-08
1.65493e-08
1.90037e-08
1.60348e-08
2.23616e-08
1.60614e-08
2.60492e-08
1.63517e-08
3.01093e-08
1.67336e-08
3.45352e-08
1.71065e-08
3.92677e-08
1.73857e-08
4.42038e-08
1.7486e-08
4.92136e-08
1.73295e-08
5.41609e-08
1.6861e-08
5.89174e-08
1.60592e-08
6.33702e-08
1.49398e-08
6.74202e-08
1.35535e-08
7.09812e-08
1.19758e-08
7.39779e-08
1.02932e-08
7.63473e-08
8.5893e-09
7.80418e-08
6.93456e-09
7.90325e-08
5.37909e-09
7.93099e-08
3.95094e-09
7.88787e-08
2.66096e-09
7.77697e-08
1.5084e-09
7.60551e-08
4.90355e-10
7.37904e-08
-4.28077e-10
7.10102e-08
-1.23624e-09
6.77473e-08
-1.93402e-09
6.4052e-08
-2.54772e-09
5.99775e-08
-3.09155e-09
5.55741e-08
-3.57355e-09
5.08884e-08
-4.00074e-09
4.59617e-08
-4.3791e-09
4.0831e-08
-4.71516e-09
3.55285e-08
-5.01434e-09
3.00813e-08
-5.28236e-09
2.45125e-08
-5.52333e-09
1.88407e-08
-5.74157e-09
1.3081e-08
-5.94256e-09
7.24693e-09
-6.13162e-09
1.34734e-09
-6.31059e-09
-4.60919e-09
-6.48438e-09
-1.06171e-08
-6.65318e-09
-1.66722e-08
-6.81885e-09
-2.27703e-08
-6.98348e-09
-2.89073e-08
-7.14791e-09
-3.50798e-08
-7.31093e-09
-4.12843e-08
-7.47169e-09
-4.75165e-08
-7.62948e-09
-5.3771e-08
-7.78279e-09
-6.0042e-08
-7.92917e-09
-6.63231e-08
-8.06586e-09
-7.26056e-08
-8.19224e-09
-7.8881e-08
-8.30424e-09
-8.51379e-08
-8.40138e-09
-9.13652e-08
-8.47937e-09
-9.75531e-08
-8.53317e-09
-1.03689e-07
-8.56399e-09
-1.09757e-07
-8.57396e-09
-1.15745e-07
-8.55708e-09
-1.21639e-07
-8.51296e-09
-1.27426e-07
-8.44318e-09
-1.33094e-07
-8.346e-09
-1.3863e-07
-8.22218e-09
-1.44024e-07
-8.07285e-09
-1.49265e-07
-7.89984e-09
-1.54347e-07
-7.70503e-09
-1.59262e-07
-7.49065e-09
-1.64004e-07
-7.25918e-09
-1.68571e-07
-7.01331e-09
-1.72961e-07
-6.75588e-09
-1.77173e-07
-6.48949e-09
-1.81209e-07
-6.21633e-09
-1.85073e-07
-5.93901e-09
-5.66312e-09
5.33909e-09
3.32299e-09
1.4963e-08
7.29272e-09
2.45901e-08
7.93861e-09
3.35567e-08
7.58271e-09
4.22478e-08
7.34372e-09
5.09756e-08
7.33362e-09
5.98907e-08
7.43663e-09
6.90536e-08
7.57067e-09
7.84702e-08
7.68996e-09
8.80975e-08
7.7585e-09
9.7843e-08
7.74055e-09
1.07569e-07
7.60339e-09
1.17105e-07
7.32473e-09
1.26266e-07
6.89906e-09
1.34865e-07
6.34015e-09
1.42739e-07
5.67998e-09
1.49752e-07
4.9631e-09
1.55807e-07
4.23742e-09
1.60851e-07
3.54551e-09
1.64867e-07
2.91847e-09
1.67874e-07
2.37274e-09
1.69914e-07
1.91068e-09
1.7105e-07
1.52475e-09
1.71356e-07
1.20266e-09
1.70914e-07
9.32042e-10
1.69785e-07
7.01519e-10
1.68054e-07
4.94751e-10
1.65812e-07
3.07222e-10
1.63129e-07
1.3593e-10
1.60058e-07
-2.09885e-11
1.56642e-07
-1.57793e-10
1.52923e-07
-2.81329e-10
1.48938e-07
-3.94476e-10
1.44723e-07
-4.99514e-10
1.40307e-07
-5.98057e-10
1.35716e-07
-6.91451e-10
1.30973e-07
-7.80674e-10
1.26098e-07
-8.66849e-10
1.21108e-07
-9.51768e-10
1.16012e-07
-1.03638e-09
1.10823e-07
-1.12153e-09
1.05547e-07
-1.20784e-09
1.00189e-07
-1.29553e-09
9.47556e-08
-1.38523e-09
8.92496e-08
-1.47747e-09
8.36738e-08
-1.57202e-09
7.80313e-08
-1.66846e-09
7.23261e-08
-1.76645e-09
6.65621e-08
-1.86547e-09
6.0744e-08
-1.9646e-09
5.48777e-08
-2.06283e-09
4.89715e-08
-2.1596e-09
4.30326e-08
-2.25338e-09
3.70716e-08
-2.34316e-09
3.10972e-08
-2.42702e-09
2.51218e-08
-2.50391e-09
1.91629e-08
-2.57429e-09
1.32354e-08
-2.6365e-09
7.34867e-09
-2.68722e-09
1.51906e-09
-2.7275e-09
-4.23699e-09
-2.75697e-09
-9.90748e-09
-2.77276e-09
-1.54765e-08
-2.77703e-09
-2.09296e-08
-2.76928e-09
-2.62536e-08
-2.74897e-09
-3.14367e-08
-2.71689e-09
-3.64682e-08
-2.67374e-09
-4.1339e-08
-2.62016e-09
-4.60414e-08
-2.55701e-09
-5.05697e-08
-2.48533e-09
-5.49197e-08
-2.40614e-09
-5.90886e-08
-2.32065e-09
-6.30756e-08
-2.22966e-09
-6.68829e-08
-2.13427e-09
-2.03675e-09
3.32299e-09
1.06157e-08
1.85543e-08
2.61371e-08
3.34808e-08
4.08144e-08
4.8251e-08
5.58217e-08
6.35117e-08
7.12702e-08
7.90107e-08
8.66141e-08
9.39389e-08
1.00838e-07
1.07178e-07
1.12858e-07
1.17821e-07
1.22059e-07
1.25604e-07
1.28523e-07
1.30895e-07
1.32806e-07
1.34331e-07
1.35533e-07
1.36465e-07
1.37167e-07
1.37662e-07
1.37969e-07
1.38105e-07
1.38084e-07
1.37926e-07
1.37645e-07
1.3725e-07
1.36751e-07
1.36153e-07
1.35461e-07
1.34681e-07
1.33814e-07
1.32862e-07
1.31826e-07
1.30704e-07
1.29496e-07
1.28201e-07
1.26816e-07
1.25338e-07
1.23766e-07
1.22098e-07
1.20331e-07
1.18466e-07
1.16501e-07
1.14438e-07
1.12279e-07
1.10026e-07
1.07682e-07
1.05255e-07
1.02751e-07
1.00177e-07
9.75406e-08
9.48534e-08
9.21258e-08
8.93688e-08
8.6596e-08
8.38189e-08
8.10496e-08
7.83005e-08
7.55835e-08
7.29097e-08
7.02894e-08
6.77322e-08
6.52467e-08
6.28403e-08
6.05197e-08
5.82906e-08
5.61556e-08
)
;

boundaryField
{
    leftWall
    {
        type            calculated;
        value           uniform 0;
    }
    rightWall
    {
        type            calculated;
        value           nonuniform List<scalar> 0();
    }
    lowerWall
    {
        type            calculated;
        value           uniform 0;
    }
    atmosphere
    {
        type            calculated;
        value           uniform 0;
    }
    defaultFaces
    {
        type            empty;
    }
    procBoundary0to1
    {
        type            processor;
        value           nonuniform List<scalar> 
40
(
2.39056e-06
2.56284e-06
2.3363e-06
1.69829e-06
9.0246e-07
9.39126e-08
-3.83857e-07
-5.01562e-07
-4.49671e-07
-3.9377e-07
-3.67445e-07
-3.55647e-07
-3.47944e-07
-3.40857e-07
-3.34007e-07
-3.27486e-07
-3.21357e-07
-3.15638e-07
-3.10333e-07
-3.05435e-07
-3.0093e-07
-2.96807e-07
-2.93047e-07
-2.89625e-07
-2.8652e-07
-2.83709e-07
-2.81174e-07
-2.78893e-07
-2.76844e-07
-2.7501e-07
-2.73378e-07
-2.71938e-07
-2.70681e-07
-2.69542e-07
-2.68e-07
-2.63233e-07
-2.44921e-07
-1.88758e-07
-7.0508e-08
5.41137e-08
)
;
    }
}


// ************************************************************************* //
