/*--------------------------------*- C++ -*----------------------------------*\
| =========                 |                                                 |
| \\      /  F ield         | OpenFOAM: The Open Source CFD Toolbox           |
|  \\    /   O peration     | Version:  2606                                  |
|   \\  /    A nd           | Website:  www.openfoam.com                      |
|    \\/     M anipulation  |                                                 |
\*---------------------------------------------------------------------------*/
FoamFile
{
    version     2.0;
    format      ascii;
    arch        "LSB;label=32;scalar=64";
    class       surfaceScalarField;
    location    "0.2496";
    object      phi;
}
// * * * * * * * * * * * * * * * * * * * * * * * * * * * * * * * * * * * * * //

dimensions      [0 3 -1 0 0 0 0];

oriented        oriented;

internalField   nonuniform List<scalar> 
5885
(
2.79163e-10
2.27319e-11
2.58043e-10
2.10444e-11
2.38512e-10
1.95847e-11
2.20484e-10
1.8157e-11
2.03799e-10
1.68167e-11
1.88311e-10
1.55514e-11
1.73921e-10
1.43612e-11
1.60588e-10
1.32424e-11
1.48285e-10
1.22129e-11
1.36963e-10
1.12781e-11
1.26545e-10
1.04292e-11
1.16938e-10
9.64965e-12
1.08061e-10
8.92636e-12
9.98492e-11
8.25084e-12
9.22561e-11
7.61963e-12
8.52489e-11
7.03288e-12
7.88003e-11
6.49486e-12
7.28769e-11
6.00978e-12
6.74284e-11
5.57772e-12
6.23908e-11
5.18676e-12
5.7704e-11
4.81963e-12
5.33319e-11
4.46319e-12
4.92682e-11
4.11527e-12
4.55143e-11
3.78787e-12
4.20585e-11
3.48859e-12
3.88712e-11
3.21378e-12
3.59198e-11
2.95474e-12
3.31901e-11
2.70601e-12
3.069e-11
2.47375e-12
2.84268e-11
2.27198e-12
2.63814e-11
2.10904e-12
2.45075e-11
1.97455e-12
2.27544e-11
1.84639e-12
2.10945e-11
1.70827e-12
1.95292e-11
1.56357e-12
1.80719e-11
1.42886e-12
1.6723e-11
1.31851e-12
1.54602e-11
1.23223e-12
1.42563e-11
1.15226e-12
1.30996e-11
1.06462e-12
1.20067e-11
9.67843e-13
1.10173e-11
8.68556e-13
1.01615e-11
7.85577e-13
9.43871e-12
7.28798e-13
8.81479e-12
6.96307e-13
8.23881e-12
6.76305e-13
7.67115e-12
6.50806e-13
7.09358e-12
6.1226e-13
6.51317e-12
5.58684e-13
5.95327e-12
4.94949e-13
5.43801e-12
4.33822e-13
4.99172e-12
3.79403e-13
4.63096e-12
3.33997e-13
4.35018e-12
3.04658e-13
4.12087e-12
2.93694e-13
3.90539e-12
2.92555e-13
3.67083e-12
2.90818e-13
3.39275e-12
2.88501e-13
3.06812e-12
2.79963e-13
2.704e-12
2.67051e-13
2.3081e-12
2.5182e-13
1.90203e-12
2.18634e-13
1.50602e-12
1.73613e-13
1.15787e-12
1.15482e-13
9.04307e-13
5.4859e-14
7.76891e-13
1.18948e-14
7.60973e-13
9.93942e-15
8.12462e-13
3.2835e-14
8.45479e-13
7.80165e-14
7.95172e-13
1.09885e-13
6.40981e-13
1.11563e-13
4.26076e-13
7.40011e-14
2.16409e-13
2.26226e-14
6.4524e-14
-1.76741e-14
-5.46036e-14
3.028e-10
4.77581e-11
2.79766e-10
4.41196e-11
2.58575e-10
4.08887e-11
2.39028e-10
3.78489e-11
2.20926e-10
3.49941e-11
2.0411e-10
3.23218e-11
1.88505e-10
2.98391e-11
1.74072e-10
2.75541e-11
1.60767e-10
2.54656e-11
1.48517e-10
2.35522e-11
1.37228e-10
2.17865e-11
1.26805e-10
2.01479e-11
1.17169e-10
1.86274e-11
1.08257e-10
1.72201e-11
1.00019e-10
1.59228e-11
9.24224e-11
1.47322e-11
8.54371e-11
1.36424e-11
7.90213e-11
1.26469e-11
7.31122e-11
1.17323e-11
6.76364e-11
1.0879e-11
6.25358e-11
1.00702e-11
5.77851e-11
9.29898e-12
5.33818e-11
8.56928e-12
4.93233e-11
7.88906e-12
4.55853e-11
7.25999e-12
4.21282e-11
6.67732e-12
3.89246e-11
6.13698e-12
3.59732e-11
5.6428e-12
3.32854e-11
5.20329e-12
3.08563e-11
4.82106e-12
2.8649e-11
4.48329e-12
2.66057e-11
4.16477e-12
2.46787e-11
3.84594e-12
2.2855e-11
3.52393e-12
2.11502e-11
3.21537e-12
1.9579e-11
2.94027e-12
1.81287e-11
2.70651e-12
1.67617e-11
2.50616e-12
1.54435e-11
2.32052e-12
1.41742e-11
2.13946e-12
1.29889e-11
1.96953e-12
1.19307e-11
1.82137e-12
1.10224e-11
1.70315e-12
1.02489e-11
1.60918e-12
9.56516e-12
1.5255e-12
8.92177e-12
1.43582e-12
8.28286e-12
1.33131e-12
7.64134e-12
1.21199e-12
7.00717e-12
1.09084e-12
6.40432e-12
9.7712e-13
5.85913e-12
8.8467e-13
5.3996e-12
8.05171e-13
5.029e-12
7.42753e-13
4.731e-12
6.94953e-13
4.47783e-12
6.51625e-13
4.23268e-12
6.06123e-13
3.96314e-12
5.55776e-13
3.65537e-12
5.04205e-13
3.30591e-12
4.52965e-13
2.91582e-12
4.05022e-13
2.49365e-12
3.5531e-13
2.04675e-12
2.9839e-13
1.61039e-12
2.35925e-13
1.241e-12
1.71239e-13
9.94364e-13
1.18876e-13
8.92566e-13
9.6401e-14
9.09694e-13
1.07897e-13
9.62629e-13
1.31066e-13
9.69534e-13
1.42702e-13
8.69217e-13
1.27625e-13
6.60001e-13
8.90734e-14
4.1152e-13
1.64732e-14
1.91254e-13
-4.5343e-14
2.80825e-14
-7.56942e-14
-8.87322e-14
3.00291e-10
7.25983e-11
2.77457e-10
6.70461e-11
2.56453e-10
6.19969e-11
2.37051e-10
5.73346e-11
2.19073e-10
5.29863e-11
2.02383e-10
4.89532e-11
1.86917e-10
4.52204e-11
1.72626e-10
4.17893e-11
1.59447e-10
3.86363e-11
1.47298e-10
3.57281e-11
1.36093e-10
3.3035e-11
1.25748e-10
3.05404e-11
1.1619e-10
2.82367e-11
1.07353e-10
2.61154e-11
9.91886e-11
2.41634e-11
9.16638e-11
2.237e-11
8.47461e-11
2.07212e-11
7.83867e-11
1.92035e-11
7.25164e-11
1.77967e-11
6.70632e-11
1.64792e-11
6.19799e-11
1.52349e-11
5.72528e-11
1.406e-11
5.28838e-11
1.29587e-11
4.88628e-11
1.1936e-11
4.5158e-11
1.09901e-11
4.17314e-11
1.01167e-11
3.85635e-11
9.31439e-12
3.56577e-11
8.58822e-12
3.30179e-11
7.94187e-12
3.06249e-11
7.36411e-12
2.84297e-11
6.83148e-12
2.63787e-11
6.31567e-12
2.44425e-11
5.80606e-12
2.26271e-11
5.31079e-12
2.09514e-11
4.85282e-12
1.94168e-11
4.44846e-12
1.79924e-11
4.09764e-12
1.66344e-11
3.78522e-12
1.53169e-11
3.49486e-12
1.4053e-11
3.2228e-12
1.28846e-11
2.9807e-12
1.18529e-11
2.7758e-12
1.09674e-11
2.60906e-12
1.02007e-11
2.4648e-12
9.50699e-12
2.32162e-12
8.84488e-12
2.16334e-12
8.19321e-12
1.9864e-12
7.54605e-12
1.80382e-12
6.91804e-12
1.62759e-12
6.33074e-12
1.46863e-12
5.8023e-12
1.3437e-12
5.35564e-12
1.23062e-12
4.99167e-12
1.13844e-12
4.69775e-12
1.05742e-12
4.44273e-12
9.80375e-13
4.19503e-12
8.98547e-13
3.92453e-12
8.17948e-13
3.61786e-12
7.39042e-13
3.26824e-12
6.64179e-13
2.87605e-12
5.89781e-13
2.44359e-12
5.12567e-13
1.98619e-12
4.31533e-13
1.54881e-12
3.48062e-13
1.19366e-12
2.70948e-13
9.72891e-13
2.17539e-13
8.98062e-13
2.00112e-13
9.29627e-13
2.07303e-13
9.78361e-13
2.16653e-13
9.55648e-13
2.03785e-13
8.21202e-13
1.5766e-13
6.04575e-13
8.66346e-14
3.61188e-13
5.88872e-15
1.6314e-13
-5.86833e-14
2.74224e-14
-8.16872e-14
-8.56489e-14
2.94753e-10
9.6774e-11
2.72424e-10
8.94603e-11
2.51816e-10
8.27046e-11
2.32745e-10
7.64619e-11
2.15069e-10
7.06559e-11
1.98681e-10
6.52961e-11
1.83512e-10
6.03433e-11
1.69497e-10
5.5781e-11
1.5656e-10
5.15697e-11
1.44625e-10
4.76747e-11
1.33617e-10
4.40712e-11
1.23461e-10
4.07462e-11
1.14083e-10
3.76861e-11
1.05415e-10
3.48697e-11
9.74062e-11
3.22744e-11
9.00251e-11
2.98797e-11
8.3237e-11
2.76687e-11
7.69876e-11
2.56242e-11
7.12051e-11
2.3723e-11
6.58241e-11
2.19435e-11
6.08085e-11
2.02728e-11
5.61548e-11
1.87073e-11
5.18637e-11
1.72513e-11
4.79193e-11
1.59049e-11
4.42862e-11
1.46624e-11
4.0931e-11
1.3518e-11
3.78397e-11
1.24697e-11
3.50131e-11
1.15188e-11
3.24424e-11
1.06607e-11
3.00943e-11
9.87397e-12
2.7917e-11
9.13259e-12
2.58712e-11
8.41324e-12
2.39499e-11
7.7169e-12
2.21715e-11
7.05968e-12
2.05499e-11
6.46348e-12
1.90683e-11
5.93602e-12
1.76818e-11
5.46757e-12
1.63464e-11
5.04035e-12
1.50469e-11
4.64607e-12
1.38107e-11
4.28507e-12
1.26819e-11
3.97297e-12
1.16875e-11
3.7137e-12
1.08241e-11
3.49498e-12
1.00583e-11
3.29408e-12
9.35024e-12
3.08619e-12
8.67083e-12
2.86013e-12
8.00868e-12
2.6189e-12
7.36754e-12
2.37864e-12
6.75804e-12
2.15256e-12
6.19282e-12
1.9515e-12
5.69138e-12
1.78475e-12
5.2592e-12
1.63948e-12
4.90631e-12
1.50903e-12
4.61719e-12
1.39385e-12
4.36294e-12
1.28808e-12
4.11432e-12
1.18073e-12
3.84494e-12
1.08078e-12
3.54193e-12
9.81998e-13
3.19578e-12
8.85944e-13
2.8008e-12
7.86832e-13
2.36087e-12
6.82656e-13
1.90133e-12
5.76597e-13
1.4741e-12
4.74793e-13
1.14481e-12
3.87583e-13
9.54104e-13
3.36919e-13
9.04108e-13
3.1824e-13
9.37828e-13
3.15103e-13
9.65451e-13
3.02702e-13
9.0912e-13
2.62405e-13
7.49885e-13
1.86678e-13
5.252e-13
9.73452e-14
2.99452e-13
1.77076e-14
1.32711e-13
-4.06509e-14
2.79157e-14
-4.96843e-14
-4.73104e-14
2.87403e-10
1.20279e-10
2.65653e-10
1.11236e-10
2.45557e-10
1.02856e-10
2.26947e-10
9.51024e-11
2.09701e-10
8.78935e-11
1.93728e-10
8.12417e-11
1.78947e-10
7.5094e-11
1.65284e-10
6.94174e-11
1.52663e-10
6.41681e-11
1.4102e-10
5.93154e-11
1.3029e-10
5.48381e-11
1.20399e-10
5.07181e-11
1.11265e-10
4.69275e-11
1.02818e-10
4.34302e-11
9.50097e-11
4.01956e-11
8.78128e-11
3.72e-11
8.11908e-11
3.4427e-11
7.50853e-11
3.18575e-11
6.94241e-11
2.94678e-11
6.41505e-11
2.72373e-11
5.92416e-11
2.51555e-11
5.46974e-11
2.32203e-11
5.05165e-11
2.14318e-11
4.66762e-11
1.97841e-11
4.31408e-11
1.82655e-11
3.98819e-11
1.6866e-11
3.68882e-11
1.55804e-11
3.41533e-11
1.44042e-11
3.16552e-11
1.33259e-11
2.93513e-11
1.23202e-11
2.71974e-11
1.13654e-11
2.51739e-11
1.04475e-11
2.32923e-11
9.5772e-12
2.15747e-11
8.77223e-12
2.00217e-11
8.0466e-12
1.85992e-11
7.39667e-12
1.72541e-11
6.80736e-12
1.59495e-11
6.26337e-12
1.4687e-11
5.76514e-12
1.34983e-11
5.32134e-12
1.24211e-11
4.94352e-12
1.14683e-11
4.62804e-12
1.0622e-11
4.35268e-12
9.84987e-12
4.08814e-12
9.12275e-12
3.81357e-12
8.42863e-12
3.52168e-12
7.7669e-12
3.22146e-12
7.14153e-12
2.92963e-12
6.55656e-12
2.65738e-12
6.01703e-12
2.41417e-12
5.53881e-12
2.20166e-12
5.13013e-12
2.01589e-12
4.79051e-12
1.85237e-12
4.50869e-12
1.70922e-12
4.26044e-12
1.5813e-12
4.01222e-12
1.462e-12
3.74597e-12
1.34651e-12
3.44485e-12
1.2305e-12
3.09667e-12
1.11301e-12
2.69728e-12
9.86408e-13
2.25318e-12
8.56136e-13
1.79943e-12
7.26902e-13
1.39255e-12
6.11428e-13
1.09122e-12
5.22244e-13
9.32775e-13
4.70219e-13
8.99869e-13
4.45978e-13
9.24432e-13
4.28147e-13
9.22782e-13
3.89585e-13
8.35942e-13
3.20105e-13
6.56909e-13
2.25976e-13
4.38728e-13
1.27838e-13
2.46835e-13
5.36432e-14
1.13529e-13
1.65152e-14
4.03949e-14
1.97494e-14
3.16614e-14
2.7836e-10
1.43136e-10
2.57274e-10
1.32335e-10
2.37786e-10
1.22349e-10
2.19746e-10
1.13135e-10
2.03041e-10
1.04577e-10
1.87578e-10
9.66716e-11
1.73267e-10
8.93603e-11
1.60031e-10
8.2601e-11
1.47807e-10
7.63535e-11
1.36541e-10
7.05897e-11
1.26168e-10
6.52838e-11
1.16606e-10
6.04019e-11
1.07766e-10
5.58994e-11
9.95803e-11
5.17288e-11
9.20123e-11
4.78584e-11
8.50383e-11
4.4268e-11
7.862e-11
4.09422e-11
7.26944e-11
3.78604e-11
6.71922e-11
3.49981e-11
6.20667e-11
3.23364e-11
5.73048e-11
2.98663e-11
5.29079e-11
2.75858e-11
4.8868e-11
2.54877e-11
4.51568e-11
2.35578e-11
4.17403e-11
2.17769e-11
3.85954e-11
2.01301e-11
3.57115e-11
1.86085e-11
3.30736e-11
1.72037e-11
3.06495e-11
1.59006e-11
2.83952e-11
1.46766e-11
2.628e-11
1.35166e-11
2.43031e-11
1.24162e-11
2.24871e-11
1.13897e-11
2.08484e-11
1.04492e-11
1.93715e-11
9.59771e-12
1.80092e-11
8.82282e-12
1.67098e-11
8.10964e-12
1.54495e-11
7.45011e-12
1.42424e-11
6.85316e-12
1.31198e-11
6.33172e-12
1.21044e-11
5.88983e-12
1.11926e-11
5.51267e-12
1.03584e-11
5.17237e-12
9.57457e-12
4.83958e-12
8.83078e-12
4.49624e-12
8.12976e-12
4.14186e-12
7.47485e-12
3.79032e-12
6.86937e-12
3.45099e-12
6.31181e-12
3.13246e-12
5.80187e-12
2.8449e-12
5.35014e-12
2.58789e-12
4.9652e-12
2.36449e-12
4.64744e-12
2.17233e-12
4.38051e-12
2.0115e-12
4.13926e-12
1.87164e-12
3.89713e-12
1.74114e-12
3.63223e-12
1.61148e-12
3.32629e-12
1.47833e-12
2.97245e-12
1.33438e-12
2.56617e-12
1.18097e-12
2.12374e-12
1.02517e-12
1.68411e-12
8.7844e-13
1.30536e-12
7.54796e-13
1.03879e-12
6.6636e-13
9.05728e-13
6.13691e-13
8.78594e-13
5.79185e-13
8.87188e-13
5.41654e-13
8.55535e-13
4.78609e-13
7.41784e-13
3.88549e-13
5.59524e-13
2.83846e-13
3.60764e-13
1.89783e-13
1.99874e-13
1.31855e-13
1.04976e-13
1.10105e-13
5.72869e-14
1.24715e-13
1.46987e-13
2.67558e-10
1.6513e-10
2.47294e-10
1.52662e-10
2.28545e-10
1.41097e-10
2.11191e-10
1.30452e-10
1.95127e-10
1.20588e-10
1.80263e-10
1.11472e-10
1.66504e-10
1.03043e-10
1.5378e-10
9.52523e-11
1.4204e-10
8.80622e-11
1.31232e-10
8.144e-11
1.21283e-10
7.53458e-11
1.121e-10
6.97263e-11
1.03593e-10
6.45233e-11
9.57077e-11
5.96889e-11
8.84201e-11
5.51955e-11
8.17106e-11
5.1029e-11
7.55364e-11
4.71722e-11
6.98305e-11
4.36018e-11
6.45287e-11
4.02919e-11
5.95952e-11
3.7225e-11
5.50227e-11
3.43934e-11
5.08091e-11
3.17907e-11
4.69371e-11
2.9401e-11
4.33749e-11
2.71999e-11
4.00923e-11
2.51617e-11
3.70729e-11
2.32685e-11
3.43059e-11
2.15102e-11
3.17693e-11
1.98776e-11
2.94253e-11
1.83557e-11
2.72343e-11
1.69268e-11
2.51801e-11
1.55814e-11
2.32758e-11
1.432e-11
2.1546e-11
1.31536e-11
1.99964e-11
1.20847e-11
1.85965e-11
1.11075e-11
1.7295e-11
1.02055e-11
1.60502e-11
9.36934e-12
1.4852e-11
8.60062e-12
1.37201e-11
7.91326e-12
1.26769e-11
7.31806e-12
1.17272e-11
6.80829e-12
1.08515e-11
6.36147e-12
1.00241e-11
5.94679e-12
9.23064e-12
5.54029e-12
8.47733e-12
5.129e-12
7.776e-12
4.71866e-12
7.13635e-12
4.31788e-12
6.55433e-12
3.93437e-12
6.02285e-12
3.57272e-12
5.54394e-12
3.24092e-12
5.12573e-12
2.94458e-12
4.77549e-12
2.69121e-12
4.48604e-12
2.48235e-12
4.24034e-12
2.30978e-12
4.0095e-12
2.16085e-12
3.76583e-12
2.0191e-12
3.49314e-12
1.86924e-12
3.17974e-12
1.70975e-12
2.81797e-12
1.53781e-12
2.4097e-12
1.35919e-12
1.97656e-12
1.1835e-12
1.56081e-12
1.02592e-12
1.21573e-12
9.00391e-13
9.82528e-13
8.14786e-13
8.70403e-13
7.58886e-13
8.4038e-13
7.13996e-13
8.26459e-13
6.58517e-13
7.66618e-13
5.7821e-13
6.39334e-13
4.76587e-13
4.6663e-13
3.73429e-13
2.98514e-13
2.91412e-13
1.75021e-13
2.52274e-13
1.0952e-13
2.42337e-13
7.37336e-14
2.64915e-13
2.90175e-13
2.55048e-10
1.86014e-10
2.35753e-10
1.72033e-10
2.17879e-10
1.58985e-10
2.01327e-10
1.46956e-10
1.86006e-10
1.3583e-10
1.71829e-10
1.25553e-10
1.58709e-10
1.16064e-10
1.46586e-10
1.07304e-10
1.35414e-10
9.92301e-11
1.25134e-10
9.17965e-11
1.1566e-10
8.49443e-11
1.06893e-10
7.86047e-11
9.87562e-11
7.27163e-11
9.12124e-11
6.72383e-11
8.42511e-11
6.21507e-11
7.78523e-11
5.74404e-11
7.1964e-11
5.30867e-11
6.65186e-11
4.90592e-11
6.14599e-11
4.53324e-11
5.67619e-11
4.18897e-11
5.24181e-11
3.8722e-11
4.84182e-11
3.58153e-11
4.47349e-11
3.31435e-11
4.13356e-11
3.06737e-11
3.8198e-11
2.83774e-11
3.53137e-11
2.62375e-11
3.26721e-11
2.42468e-11
3.02464e-11
2.23967e-11
2.79958e-11
2.0674e-11
2.58885e-11
1.90627e-11
2.392e-11
1.75561e-11
2.21088e-11
1.61549e-11
2.04771e-11
1.48599e-11
1.90182e-11
1.36661e-11
1.76941e-11
1.25631e-11
1.64579e-11
1.15363e-11
1.52811e-11
1.05846e-11
1.41642e-11
9.71727e-12
1.31236e-11
8.9474e-12
1.21668e-11
8.27823e-12
1.128e-11
7.69322e-12
1.04361e-11
7.16609e-12
9.61563e-12
6.66888e-12
8.82082e-12
6.18515e-12
8.06811e-12
5.71047e-12
7.37751e-12
5.24784e-12
6.7531e-12
4.80479e-12
6.19302e-12
4.37824e-12
5.69028e-12
3.97576e-12
5.24797e-12
3.60613e-12
4.87274e-12
3.28116e-12
4.56652e-12
3.00915e-12
4.315e-12
2.79017e-12
4.09193e-12
2.60833e-12
3.86651e-12
2.44627e-12
3.6167e-12
2.28317e-12
3.33116e-12
2.10465e-12
3.00531e-12
1.91355e-12
2.63594e-12
1.71516e-12
2.2344e-12
1.51323e-12
1.82061e-12
1.32696e-12
1.43594e-12
1.16715e-12
1.12731e-12
1.0447e-12
9.25182e-13
9.62348e-13
8.25122e-13
9.0452e-13
7.85551e-13
8.51273e-13
7.4693e-13
7.8548e-13
6.65592e-13
6.97617e-13
5.35551e-13
5.95527e-13
3.85278e-13
5.01256e-13
2.55598e-13
4.3396e-13
1.73625e-13
4.06933e-13
1.2848e-13
4.09194e-13
9.29375e-14
4.36861e-13
4.58104e-13
2.40995e-10
2.0577e-10
2.22733e-10
1.903e-10
2.05831e-10
1.75867e-10
1.90195e-10
1.62532e-10
1.75724e-10
1.50212e-10
1.62333e-10
1.3884e-10
1.49944e-10
1.28355e-10
1.38508e-10
1.18688e-10
1.27976e-10
1.09783e-10
1.18278e-10
1.01574e-10
1.09317e-10
9.39884e-11
1.01001e-10
8.69506e-11
9.32749e-11
8.04048e-11
8.61227e-11
7.43202e-11
7.95387e-11
6.86828e-11
7.34956e-11
6.34723e-11
6.79344e-11
5.86607e-11
6.27895e-11
5.42119e-11
5.80151e-11
5.01014e-11
5.35924e-11
4.63116e-11
4.95098e-11
4.28295e-11
4.5745e-11
3.96303e-11
4.22637e-11
3.6679e-11
3.9038e-11
3.39386e-11
3.60573e-11
3.13838e-11
3.33219e-11
2.90031e-11
3.08206e-11
2.67936e-11
2.8522e-11
2.47462e-11
2.63849e-11
2.2847e-11
2.43827e-11
2.1079e-11
2.25177e-11
1.94346e-11
2.08132e-11
1.79072e-11
1.92834e-11
1.64905e-11
1.79137e-11
1.51754e-11
1.66671e-11
1.39505e-11
1.55058e-11
1.28085e-11
1.44135e-11
1.17546e-11
1.33939e-11
1.08001e-11
1.24533e-11
9.95242e-12
1.15817e-11
9.20526e-12
1.07524e-11
8.53548e-12
9.93841e-12
7.91864e-12
9.13173e-12
7.33435e-12
8.34689e-12
6.77534e-12
7.60707e-12
6.24281e-12
6.93165e-12
5.73411e-12
6.32735e-12
5.24952e-12
5.7902e-12
4.78496e-12
5.31983e-12
4.34811e-12
4.92236e-12
3.95117e-12
4.6017e-12
3.60867e-12
4.34728e-12
3.3279e-12
4.13497e-12
3.09928e-12
3.92978e-12
2.90231e-12
3.70289e-12
2.71537e-12
3.44119e-12
2.51779e-12
3.141e-12
2.30377e-12
2.80184e-12
2.08464e-12
2.43569e-12
1.85936e-12
2.04628e-12
1.64752e-12
1.66006e-12
1.4578e-12
1.31293e-12
1.30198e-12
1.04153e-12
1.18692e-12
8.66768e-13
1.10812e-12
7.72891e-13
1.05201e-12
7.19355e-13
9.96413e-13
6.58381e-13
9.29092e-13
5.63754e-13
8.43158e-13
4.41332e-13
7.49013e-13
3.18556e-13
6.69038e-13
2.26645e-13
6.14194e-13
1.76202e-13
5.93047e-13
1.44962e-13
6.01115e-13
1.08297e-13
6.28571e-13
6.43267e-13
2.25465e-10
2.24393e-10
2.08315e-10
2.07377e-10
1.9248e-10
1.91619e-10
1.77867e-10
1.77066e-10
1.6435e-10
1.63647e-10
1.5184e-10
1.51261e-10
1.40272e-10
1.39849e-10
1.29597e-10
1.2933e-10
1.19763e-10
1.19635e-10
1.10688e-10
1.10684e-10
1.02275e-10
1.02394e-10
9.4452e-11
9.46929e-11
8.71875e-11
8.75355e-11
8.0481e-11
8.08975e-11
7.43253e-11
7.47614e-11
6.86805e-11
6.90975e-11
6.34837e-11
6.38684e-11
5.86762e-11
5.90353e-11
5.42237e-11
5.45738e-11
5.01082e-11
5.04641e-11
4.6309e-11
4.66841e-11
4.2792e-11
4.3199e-11
3.95219e-11
3.99685e-11
3.64818e-11
3.69586e-11
3.3676e-11
3.41526e-11
3.11105e-11
3.15473e-11
2.87719e-11
2.91408e-11
2.66218e-11
2.69215e-11
2.46171e-11
2.4871e-11
2.27362e-11
2.29683e-11
2.09882e-11
2.12004e-11
1.93957e-11
1.95554e-11
1.79676e-11
1.80231e-11
1.66877e-11
1.65933e-11
1.55245e-11
1.52577e-11
1.44514e-11
1.40156e-11
1.34587e-11
1.28748e-11
1.25457e-11
1.1843e-11
1.17047e-11
1.09185e-11
1.09117e-11
1.00868e-11
1.01351e-11
9.3246e-12
9.35427e-12
8.61416e-12
8.57321e-12
7.9443e-12
7.81184e-12
7.31764e-12
7.09743e-12
6.73167e-12
6.4452e-12
6.18121e-12
5.86352e-12
5.65794e-12
5.35278e-12
5.16259e-12
4.92265e-12
4.7001e-12
4.5797e-12
4.28773e-12
4.31983e-12
3.93683e-12
4.11915e-12
3.64813e-12
3.93886e-12
3.4041e-12
3.7417e-12
3.17875e-12
3.50595e-12
2.95226e-12
3.23038e-12
2.70991e-12
2.91545e-12
2.46436e-12
2.57821e-12
2.21711e-12
2.2223e-12
1.97962e-12
1.8576e-12
1.76672e-12
1.5052e-12
1.5833e-12
1.19586e-12
1.43771e-12
9.62649e-13
1.32828e-12
8.08538e-13
1.25849e-12
7.19372e-13
1.20366e-12
6.52476e-13
1.15306e-12
5.72891e-13
1.09263e-12
4.7162e-13
1.01428e-12
3.59136e-13
9.35102e-13
2.65969e-13
8.66393e-13
2.10549e-13
8.17468e-13
1.80262e-13
8.03061e-13
1.56066e-13
8.08689e-13
1.16169e-13
8.31677e-13
8.35738e-13
2.08419e-10
2.41615e-10
1.92556e-10
2.23157e-10
1.77919e-10
2.0616e-10
1.64432e-10
1.90483e-10
1.51961e-10
1.76059e-10
1.4042e-10
1.62742e-10
1.29747e-10
1.5047e-10
1.19897e-10
1.39151e-10
1.10807e-10
1.28707e-10
1.02392e-10
1.1905e-10
9.45699e-11
1.10098e-10
8.72903e-11
1.01786e-10
8.05459e-11
9.40749e-11
7.4341e-11
8.69424e-11
6.86583e-11
8.036e-11
6.34477e-11
7.42876e-11
5.86482e-11
6.86798e-11
5.42115e-11
6.34991e-11
5.01114e-11
5.87185e-11
4.6326e-11
5.43125e-11
4.28224e-11
5.02482e-11
3.95598e-11
4.64833e-11
3.65105e-11
4.29789e-11
3.36745e-11
3.97101e-11
3.10691e-11
3.66719e-11
2.87019e-11
3.38666e-11
2.65514e-11
3.12889e-11
2.45698e-11
2.89221e-11
2.27142e-11
2.67385e-11
2.09667e-11
2.47149e-11
1.9342e-11
2.28318e-11
1.78628e-11
2.1076e-11
1.6537e-11
1.94361e-11
1.53513e-11
1.79033e-11
1.42819e-11
1.64735e-11
1.331e-11
1.51489e-11
1.24263e-11
1.39349e-11
1.16209e-11
1.28317e-11
1.08723e-11
1.18293e-11
1.01495e-11
1.09092e-11
9.42384e-12
1.00528e-11
8.68529e-12
9.25199e-12
7.94438e-12
8.50556e-12
7.22488e-12
7.81779e-12
6.54641e-12
7.1857e-12
5.92357e-12
6.59666e-12
5.36688e-12
6.04107e-12
4.89067e-12
5.52041e-12
4.50975e-12
5.04241e-12
4.22889e-12
4.62246e-12
4.03014e-12
4.26573e-12
3.8744e-12
3.96244e-12
3.71563e-12
3.68792e-12
3.51579e-12
3.4215e-12
3.26822e-12
3.1443e-12
2.97843e-12
2.86106e-12
2.66617e-12
2.5851e-12
2.34234e-12
2.32381e-12
2.00888e-12
2.08871e-12
1.67514e-12
1.88482e-12
1.35952e-12
1.71404e-12
1.09001e-12
1.57988e-12
8.87589e-13
1.4801e-12
7.57832e-13
1.41241e-12
6.69298e-13
1.36623e-12
5.89238e-13
1.32336e-12
4.96771e-13
1.27005e-12
3.8977e-13
1.20404e-12
2.91412e-13
1.13582e-12
2.2472e-13
1.07569e-12
1.88137e-13
1.0377e-12
1.76007e-13
1.01777e-12
1.59541e-13
1.01655e-12
1.20313e-13
1.03425e-12
1.02955e-12
1.89941e-10
2.57102e-10
1.75543e-10
2.37484e-10
1.62249e-10
2.19414e-10
1.49987e-10
2.0273e-10
1.38643e-10
1.87385e-10
1.28139e-10
1.7321e-10
1.18422e-10
1.60141e-10
1.09447e-10
1.48075e-10
1.01145e-10
1.36932e-10
9.34347e-11
1.26621e-10
8.62528e-11
1.17063e-10
7.95759e-11
1.08202e-10
7.34095e-11
1.00001e-10
6.77549e-11
9.24305e-11
6.25824e-11
8.54497e-11
5.7837e-11
7.90098e-11
5.34643e-11
7.30623e-11
4.94277e-11
6.75693e-11
4.57028e-11
6.24998e-11
4.22595e-11
5.78188e-11
3.90556e-11
5.34839e-11
3.60532e-11
4.94504e-11
3.32401e-11
4.56878e-11
3.06348e-11
4.21833e-11
2.82616e-11
3.89426e-11
2.61227e-11
3.59661e-11
2.41827e-11
3.32417e-11
2.23864e-11
3.07432e-11
2.06892e-11
2.84384e-11
1.90824e-11
2.62993e-11
1.75851e-11
2.4307e-11
1.62221e-11
2.2448e-11
1.50034e-11
2.0712e-11
1.39204e-11
1.90922e-11
1.29565e-11
1.7586e-11
1.20955e-11
1.61949e-11
1.13228e-11
1.4918e-11
1.06181e-11
1.3747e-11
9.95148e-12
1.26672e-11
9.29279e-12
1.16601e-11
8.62216e-12
1.07161e-11
7.93885e-12
9.83601e-12
7.2557e-12
9.02507e-12
6.59005e-12
8.28638e-12
5.95619e-12
7.61303e-12
5.36838e-12
6.98881e-12
4.84517e-12
6.40608e-12
4.41299e-12
5.86631e-12
4.08947e-12
5.37962e-12
3.87227e-12
4.95323e-12
3.72648e-12
4.58543e-12
3.60181e-12
4.25392e-12
3.44731e-12
3.93693e-12
3.24002e-12
3.61737e-12
2.98355e-12
3.29134e-12
2.69868e-12
2.9741e-12
2.40506e-12
2.68277e-12
2.10741e-12
2.42517e-12
1.80539e-12
2.20396e-12
1.50481e-12
2.01678e-12
1.22545e-12
1.86009e-12
9.94356e-13
1.73504e-12
8.26055e-13
1.64213e-12
7.11824e-13
1.58062e-12
6.26134e-13
1.53759e-12
5.37819e-13
1.49884e-12
4.32494e-13
1.45207e-12
3.21098e-13
1.39479e-12
2.3026e-13
1.33499e-12
1.79009e-13
1.28172e-12
1.67251e-13
1.2439e-12
1.68432e-13
1.22267e-12
1.58624e-13
1.21388e-12
1.19593e-13
1.23033e-12
1.2173e-12
1.70295e-10
2.7084e-10
1.5744e-10
2.50261e-10
1.45577e-10
2.31291e-10
1.3462e-10
2.13734e-10
1.24468e-10
1.97557e-10
1.15058e-10
1.826e-10
1.0635e-10
1.68799e-10
9.82973e-11
1.56049e-10
9.08277e-11
1.4427e-10
8.38714e-11
1.33367e-10
7.73874e-11
1.23269e-10
7.13714e-11
1.13925e-10
6.58347e-11
1.05295e-10
6.07699e-11
9.73358e-11
5.61381e-11
8.99999e-11
5.1886e-11
8.32318e-11
4.79681e-11
7.69829e-11
4.43548e-11
7.12127e-11
4.10192e-11
6.5882e-11
3.79221e-11
6.09466e-11
3.50203e-11
5.63582e-11
3.2288e-11
5.20772e-11
2.97344e-11
4.80845e-11
2.73912e-11
4.43799e-11
2.5283e-11
4.09705e-11
2.33969e-11
3.78509e-11
2.16828e-11
3.49975e-11
2.00797e-11
3.23765e-11
1.85493e-11
2.99536e-11
1.7089e-11
2.77041e-11
1.57253e-11
2.56088e-11
1.44853e-11
2.36572e-11
1.33827e-11
2.18391e-11
1.24134e-11
2.01488e-11
1.15646e-11
1.85819e-11
1.08182e-11
1.71365e-11
1.0152e-11
1.58041e-11
9.53768e-12
1.45693e-11
8.94388e-12
1.34172e-11
8.34822e-12
1.23322e-11
7.74113e-12
1.13149e-11
7.12848e-12
1.03705e-11
6.51695e-12
9.50975e-12
5.91521e-12
8.72918e-12
5.33224e-12
8.01889e-12
4.78542e-12
7.3632e-12
4.30538e-12
6.75666e-12
3.92618e-12
6.20217e-12
3.66434e-12
5.7072e-12
3.503e-12
5.27061e-12
3.39521e-12
4.87936e-12
3.28338e-12
4.50692e-12
3.12416e-12
4.13903e-12
2.91252e-12
3.76544e-12
2.66485e-12
3.40133e-12
2.40497e-12
3.06882e-12
2.14728e-12
2.78106e-12
1.88749e-12
2.5413e-12
1.61868e-12
2.34246e-12
1.34831e-12
2.17355e-12
1.10111e-12
2.02746e-12
9.03288e-13
1.90793e-12
7.64475e-13
1.81784e-12
6.70032e-13
1.75628e-12
5.87551e-13
1.71186e-12
4.94267e-13
1.66642e-12
3.77574e-13
1.6224e-12
2.60057e-13
1.5688e-12
1.75453e-13
1.51137e-12
1.38949e-13
1.46245e-12
1.42827e-13
1.42575e-12
1.58379e-13
1.40274e-12
1.50248e-13
1.39721e-12
1.13626e-13
1.41232e-12
1.39117e-12
1.49715e-10
2.82991e-10
1.38431e-10
2.61502e-10
1.28034e-10
2.41725e-10
1.1842e-10
2.23412e-10
1.09509e-10
2.065e-10
1.01246e-10
1.90848e-10
9.35962e-11
1.76396e-10
8.65098e-11
1.63038e-10
7.99195e-11
1.50694e-10
7.37703e-11
1.3927e-10
6.8038e-11
1.28703e-10
6.27359e-11
1.18938e-10
5.78724e-11
1.09931e-10
5.34296e-11
1.01632e-10
4.93662e-11
9.39822e-11
4.56333e-11
8.69264e-11
4.21945e-11
8.04138e-11
3.90219e-11
7.43984e-11
3.60816e-11
6.88327e-11
3.33314e-11
6.36647e-11
3.0737e-11
5.8847e-11
2.8293e-11
5.43504e-11
2.60281e-11
5.01674e-11
2.39794e-11
4.63042e-11
2.21611e-11
4.276e-11
2.05423e-11
3.95193e-11
1.90608e-11
3.65477e-11
1.76556e-11
3.38088e-11
1.62968e-11
3.12716e-11
1.49927e-11
2.89162e-11
1.37727e-11
2.67279e-11
1.26668e-11
2.46962e-11
1.16914e-11
2.28099e-11
1.08459e-11
2.1063e-11
1.0118e-11
1.94474e-11
9.48538e-12
1.79564e-11
8.91843e-12
1.65748e-11
8.38456e-12
1.52843e-11
7.85911e-12
1.40698e-11
7.32965e-12
1.29231e-11
6.79716e-12
1.18503e-11
6.26583e-12
1.086e-11
5.736e-12
9.96066e-12
5.2041e-12
9.14598e-12
4.67661e-12
8.40293e-12
4.17868e-12
7.71832e-12
3.75073e-12
7.0907e-12
3.43096e-12
6.52153e-12
3.22743e-12
6.01447e-12
3.11122e-12
5.55686e-12
3.02503e-12
5.13059e-12
2.91225e-12
4.71225e-12
2.75084e-12
4.292e-12
2.54748e-12
3.87949e-12
2.3301e-12
3.49692e-12
2.11672e-12
3.17064e-12
1.90829e-12
2.90294e-12
1.68882e-12
2.68916e-12
1.44957e-12
2.51202e-12
1.20488e-12
2.35481e-12
9.82419e-13
2.21566e-12
8.14237e-13
2.09429e-12
7.02642e-13
2.00163e-12
6.2694e-13
1.93149e-12
5.57686e-13
1.86833e-12
4.49283e-13
1.82404e-12
3.22517e-13
1.76681e-12
2.03204e-13
1.70866e-12
1.2517e-13
1.65197e-12
1.0139e-13
1.60844e-12
1.16348e-13
1.57832e-12
1.37329e-13
1.55996e-12
1.36188e-13
1.55631e-12
1.05114e-13
1.57265e-12
1.54652e-12
1.28247e-10
2.9351e-10
1.18615e-10
2.71194e-10
1.09727e-10
2.50677e-10
1.01488e-10
2.31697e-10
9.38543e-11
2.14149e-10
8.67805e-11
1.97906e-10
8.0233e-11
1.82897e-10
7.41573e-11
1.69016e-10
6.84915e-11
1.56185e-10
6.31944e-11
1.44315e-10
5.82667e-11
1.33344e-10
5.37231e-11
1.23218e-10
4.95675e-11
1.13888e-10
4.57764e-11
1.05295e-10
4.23062e-11
9.73762e-11
3.91166e-11
9.00735e-11
3.61756e-11
8.33329e-11
3.34526e-11
7.71016e-11
3.09103e-11
7.13246e-11
2.85114e-11
6.59489e-11
2.62381e-11
6.09354e-11
2.4108e-11
5.62652e-11
2.21622e-11
5.19381e-11
2.04333e-11
4.79569e-11
1.89181e-11
4.43073e-11
1.75695e-11
4.09613e-11
1.63204e-11
3.78791e-11
1.51167e-11
3.50274e-11
1.39395e-11
3.23825e-11
1.28034e-11
2.99317e-11
1.17401e-11
2.76623e-11
1.07807e-11
2.55625e-11
9.94319e-12
2.36198e-11
9.22964e-12
2.18264e-11
8.62592e-12
2.01709e-11
8.10409e-12
1.86417e-11
7.62921e-12
1.72192e-11
7.16999e-12
1.58843e-11
6.71265e-12
1.46218e-11
6.25588e-12
1.34321e-11
5.80713e-12
1.23221e-11
5.36553e-12
1.13014e-11
4.92014e-12
1.03737e-11
4.45971e-12
9.53042e-12
3.99178e-12
8.75792e-12
3.54961e-12
8.04718e-12
3.18184e-12
7.39842e-12
2.9227e-12
6.81267e-12
2.77054e-12
6.28581e-12
2.68406e-12
5.79851e-12
2.60493e-12
5.33178e-12
2.49109e-12
4.86885e-12
2.33738e-12
4.411e-12
2.1646e-12
3.98227e-12
2.00012e-12
3.60539e-12
1.84934e-12
3.30245e-12
1.69607e-12
3.0615e-12
1.51261e-12
2.8724e-12
1.29408e-12
2.70834e-12
1.06313e-12
2.55499e-12
8.63346e-13
2.40996e-12
7.19509e-13
2.28426e-12
6.34301e-13
2.17989e-12
5.79556e-13
2.08999e-12
4.98636e-13
2.01967e-12
3.90593e-13
1.94794e-12
2.62048e-13
1.87369e-12
1.47144e-13
1.80908e-12
8.02523e-14
1.75508e-12
7.09011e-14
1.72049e-12
9.85204e-14
1.70096e-12
1.27002e-13
1.6914e-12
1.29327e-13
1.69239e-12
9.92029e-14
1.71261e-12
1.68482e-12
1.05977e-10
3.02136e-10
9.80623e-11
2.79229e-10
9.07423e-11
2.58093e-10
8.39271e-11
2.38545e-10
7.76069e-11
2.20464e-10
7.17588e-11
2.03735e-10
6.63478e-11
1.88268e-10
6.13174e-11
1.73954e-10
5.66132e-11
1.60718e-10
5.22166e-11
1.48474e-10
4.81361e-11
1.37168e-10
4.43879e-11
1.26745e-10
4.09693e-11
1.17147e-10
3.78528e-11
1.08311e-10
3.49991e-11
1.00168e-10
3.23719e-11
9.26582e-11
2.99409e-11
8.57214e-11
2.76726e-11
7.93002e-11
2.55321e-11
7.3337e-11
2.3495e-11
6.77855e-11
2.15659e-11
6.26171e-11
1.9779e-11
5.78214e-11
1.81777e-11
5.33962e-11
1.67816e-11
4.93325e-11
1.55697e-11
4.55999e-11
1.4486e-11
4.21613e-11
1.34671e-11
3.89774e-11
1.24707e-11
3.60233e-11
1.1487e-11
3.32837e-11
1.05332e-11
3.07515e-11
9.64042e-12
2.84135e-11
8.83852e-12
2.62571e-11
8.14836e-12
2.42671e-11
7.57343e-12
2.24348e-11
7.09594e-12
2.07472e-11
6.68205e-12
1.91882e-11
6.29688e-12
1.77325e-11
5.91098e-12
1.63677e-11
5.52229e-12
1.50753e-11
5.14597e-12
1.38562e-11
4.7871e-12
1.27252e-11
4.43733e-12
1.16859e-11
4.07585e-12
1.07373e-11
3.68648e-12
9.87031e-12
3.28116e-12
9.07201e-12
2.90032e-12
8.33814e-12
2.59626e-12
7.6675e-12
2.3952e-12
7.06195e-12
2.28451e-12
6.50931e-12
2.217e-12
5.98866e-12
2.14348e-12
5.48336e-12
2.03389e-12
4.99429e-12
1.90715e-12
4.51983e-12
1.7885e-12
4.09964e-12
1.69337e-12
3.74923e-12
1.61105e-12
3.47542e-12
1.50473e-12
3.25886e-12
1.34735e-12
3.07923e-12
1.13883e-12
2.91496e-12
9.18822e-13
2.75155e-12
7.3195e-13
2.59848e-12
6.11348e-13
2.45965e-12
5.46811e-13
2.34032e-12
4.98119e-13
2.23163e-12
4.28078e-13
2.1349e-12
3.19771e-13
2.03998e-12
1.96195e-13
1.94712e-12
9.44499e-14
1.87797e-12
4.35851e-14
1.83295e-12
5.04366e-14
1.80988e-12
8.71018e-14
1.80432e-12
1.16473e-13
1.80545e-12
1.15972e-13
1.81045e-12
8.8275e-14
1.82841e-12
1.80098e-12
8.31056e-11
3.08739e-10
7.69047e-11
2.85468e-10
7.11801e-11
2.63893e-10
6.58348e-11
2.43915e-10
6.08713e-11
2.25414e-10
5.62799e-11
2.08303e-10
5.20315e-11
1.92473e-10
4.8071e-11
1.77818e-10
4.43647e-11
1.64258e-10
4.09038e-11
1.51722e-10
3.77062e-11
1.40156e-10
3.47841e-11
1.29503e-10
3.21273e-11
1.19698e-10
2.97057e-11
1.10671e-10
2.74843e-11
1.02349e-10
2.54313e-11
9.46669e-11
2.35164e-11
8.75622e-11
2.17078e-11
8.09767e-11
1.99784e-11
7.48584e-11
1.83244e-11
6.91696e-11
1.6768e-11
6.38937e-11
1.53522e-11
5.90199e-11
1.41109e-11
5.4537e-11
1.30475e-11
5.04188e-11
1.21287e-11
4.66209e-11
1.13007e-11
4.31024e-11
1.0512e-11
3.9831e-11
9.73182e-12
3.67914e-11
8.95364e-12
3.39772e-11
8.19473e-12
3.13794e-11
7.48371e-12
2.89844e-11
6.84984e-12
2.67811e-11
6.31535e-12
2.47535e-11
5.88539e-12
2.28901e-11
5.53677e-12
2.11789e-11
5.23138e-12
1.95979e-11
4.92791e-12
1.81245e-11
4.61729e-12
1.67355e-11
4.30627e-12
1.54243e-11
4.01399e-12
1.41913e-11
3.74701e-12
1.30499e-11
3.4895e-12
1.19984e-11
3.20878e-12
1.10364e-11
2.88849e-12
1.01516e-11
2.54694e-12
9.33251e-12
2.23151e-12
8.57775e-12
1.98979e-12
7.88785e-12
1.84223e-12
7.25949e-12
1.76469e-12
6.68158e-12
1.71409e-12
6.13021e-12
1.64579e-12
5.60656e-12
1.56546e-12
5.10284e-12
1.48486e-12
4.64527e-12
1.43652e-12
4.25142e-12
1.41756e-12
3.93481e-12
1.40107e-12
3.67981e-12
1.33142e-12
3.47487e-12
1.18228e-12
3.29128e-12
9.7771e-13
3.10572e-12
7.63045e-13
2.92512e-12
5.90081e-13
2.76023e-12
4.903e-13
2.60458e-12
4.44132e-13
2.46855e-12
4.0618e-13
2.34054e-12
3.40502e-13
2.22003e-12
2.41733e-13
2.10293e-12
1.3087e-13
2.00242e-12
4.80841e-14
1.93647e-12
2.17023e-14
1.9005e-12
4.47074e-14
1.89173e-12
8.61902e-14
1.89883e-12
1.12294e-13
1.90643e-12
1.07383e-13
1.91003e-12
7.68384e-14
1.92401e-12
1.89536e-12
5.98234e-11
3.13535e-10
5.53201e-11
2.89901e-10
5.11809e-11
2.68021e-10
4.73283e-11
2.47754e-10
4.37507e-11
2.28965e-10
4.04389e-11
2.11577e-10
3.73681e-11
1.95478e-10
3.45015e-11
1.80569e-10
3.182e-11
1.66776e-10
2.93306e-11
1.54036e-10
2.70468e-11
1.42294e-10
2.49745e-11
1.31483e-10
2.30944e-11
1.21534e-10
2.13793e-11
1.12366e-10
1.97984e-11
1.03906e-10
1.83238e-11
9.6085e-11
1.6927e-11
8.88425e-11
1.55849e-11
8.21228e-11
1.42875e-11
7.5885e-11
1.30454e-11
7.01054e-11
1.18943e-11
6.47686e-11
1.08694e-11
5.98611e-11
9.9895e-12
5.53541e-11
9.24793e-12
5.12003e-11
8.60843e-12
4.73526e-11
8.02839e-12
4.37711e-11
7.47166e-12
4.04331e-11
6.91564e-12
3.73321e-11
6.35465e-12
3.44638e-11
5.80091e-12
3.18166e-11
5.27675e-12
2.93805e-11
4.81852e-12
2.71394e-11
4.45033e-12
2.50833e-11
4.17213e-12
2.32005e-11
3.95466e-12
2.14756e-11
3.75319e-12
1.98827e-11
3.53921e-12
1.83916e-11
3.30317e-12
1.69911e-11
3.07353e-12
1.56656e-11
2.87156e-12
1.44266e-11
2.70172e-12
1.32795e-11
2.53002e-12
1.22283e-11
2.3245e-12
1.12588e-11
2.07072e-12
1.03623e-11
1.79298e-12
9.52863e-12
1.5437e-12
8.75629e-12
1.36359e-12
8.05136e-12
1.26297e-12
7.40573e-12
1.22053e-12
6.80392e-12
1.18558e-12
6.24335e-12
1.14412e-12
5.71417e-12
1.1013e-12
5.22666e-12
1.08668e-12
4.79847e-12
1.11764e-12
4.43664e-12
1.17271e-12
4.14509e-12
1.19488e-12
3.9036e-12
1.14277e-12
3.68356e-12
1.0003e-12
3.47198e-12
7.94108e-13
3.26064e-12
5.87523e-13
3.05736e-12
4.35479e-13
2.87634e-12
3.54018e-13
2.70945e-12
3.17387e-13
2.56259e-12
2.86463e-13
2.41652e-12
2.28999e-13
2.2793e-12
1.46106e-13
2.15098e-12
5.80013e-14
2.05719e-12
1.41453e-14
1.99102e-12
1.3948e-14
1.97414e-12
5.12276e-14
1.97521e-12
9.25429e-14
1.98834e-12
1.09489e-13
1.99561e-12
9.53075e-14
1.99253e-12
6.15432e-14
1.99946e-12
1.96576e-12
3.61868e-11
3.16587e-10
3.34405e-11
2.92612e-10
3.08922e-11
2.70488e-10
2.85337e-11
2.5003e-10
2.63525e-11
2.3107e-10
2.43314e-11
2.13513e-10
2.24534e-11
1.97245e-10
2.07e-11
1.82181e-10
1.90722e-11
1.68256e-10
1.75821e-11
1.55407e-10
1.62355e-11
1.43574e-10
1.50208e-11
1.32683e-10
1.39219e-11
1.22647e-10
1.29137e-11
1.13385e-10
1.19722e-11
1.04825e-10
1.1076e-11
9.68987e-11
1.02046e-11
8.95511e-11
9.34554e-12
8.27372e-11
8.50432e-12
7.64271e-11
7.70565e-12
7.06046e-11
6.98145e-12
6.5253e-11
6.35686e-12
6.03438e-11
5.83473e-12
5.58332e-11
5.39912e-12
5.1662e-11
5.02551e-12
4.77813e-11
4.68969e-12
4.41583e-11
4.3687e-12
4.07806e-11
4.0452e-12
3.76435e-11
3.70709e-12
3.4744e-11
3.36162e-12
3.20655e-11
3.0334e-12
2.9602e-11
2.76033e-12
2.73377e-11
2.56518e-12
2.5269e-11
2.44378e-12
2.33783e-11
2.35979e-12
2.16462e-11
2.26399e-12
2.0046e-11
2.1296e-12
1.85455e-11
1.97753e-12
1.71258e-11
1.83318e-12
1.57946e-11
1.72882e-12
1.45507e-11
1.64949e-12
1.34117e-11
1.56537e-12
1.23616e-11
1.42967e-12
1.13972e-11
1.23926e-12
1.04953e-11
1.02611e-12
9.65229e-12
8.392e-13
8.87234e-12
7.18686e-13
8.15789e-12
6.70124e-13
7.50037e-12
6.5801e-13
6.89759e-12
6.55429e-13
6.34e-12
6.59655e-13
5.82092e-12
6.7845e-13
5.36652e-12
7.35545e-13
4.97635e-12
8.27248e-13
4.64864e-12
9.26004e-13
4.36341e-12
9.72893e-13
4.10705e-12
9.26917e-13
3.85205e-12
7.84807e-13
3.60179e-12
5.8935e-13
3.35864e-12
4.00666e-13
3.13848e-12
2.75704e-13
2.94077e-12
2.07657e-13
2.77621e-12
1.77022e-13
2.62325e-12
1.45381e-13
2.47092e-12
9.82984e-14
2.32404e-12
3.71184e-14
2.19939e-12
-3.85581e-15
2.10868e-12
-9.22468e-15
2.05647e-12
2.2667e-14
2.05109e-12
6.44894e-14
2.06334e-12
9.36878e-14
2.07376e-12
9.9745e-14
2.06552e-12
7.82047e-14
2.05219e-12
4.50473e-14
2.05226e-12
2.01335e-12
1.21876e-11
3.17721e-10
1.12945e-11
2.93584e-10
1.04125e-11
2.71295e-10
9.56922e-12
2.50735e-10
8.78039e-12
2.31706e-10
8.05245e-12
2.14083e-10
7.38061e-12
1.97753e-10
6.76504e-12
1.82647e-10
6.21831e-12
1.68696e-10
5.74313e-12
1.55838e-10
5.33577e-12
1.43998e-10
4.97988e-12
1.3309e-10
4.65653e-12
1.23021e-10
4.34809e-12
1.13711e-10
4.04217e-12
1.0509e-10
3.72401e-12
9.70995e-11
3.3866e-12
8.96903e-11
3.0321e-12
8.28308e-11
2.67887e-12
7.64989e-11
2.3515e-12
7.06817e-11
2.07159e-12
6.53516e-11
1.84338e-12
6.04673e-11
1.66174e-12
5.59683e-11
1.51575e-12
5.17938e-11
1.40007e-12
4.78985e-11
1.3098e-12
4.42588e-11
1.23218e-12
4.08685e-11
1.1443e-12
3.77242e-11
1.03251e-12
3.48142e-11
8.9629e-13
3.21278e-11
7.71171e-13
2.96516e-11
6.92012e-13
2.73844e-11
6.81008e-13
2.53175e-11
7.18288e-13
2.34338e-11
7.56815e-13
2.17049e-11
7.59341e-13
2.00924e-11
7.09821e-13
1.85782e-11
6.36554e-13
1.71456e-11
5.88035e-13
1.58045e-11
5.81812e-13
1.45658e-11
6.02574e-13
1.34361e-11
5.97097e-13
1.24029e-11
5.33319e-13
1.14442e-11
4.07204e-13
1.05452e-11
2.47494e-13
9.71216e-12
1.1464e-13
8.93446e-12
5.21846e-14
8.21417e-12
5.83775e-14
7.55394e-12
1.02985e-13
6.95813e-12
1.56353e-13
6.42218e-12
2.06789e-13
5.94442e-12
2.84337e-13
5.52337e-12
3.99889e-13
5.16328e-12
5.43763e-13
4.84424e-12
6.65018e-13
4.5509e-12
7.20236e-13
4.2563e-12
6.73375e-13
3.9597e-12
5.38726e-13
3.67028e-12
3.6755e-13
3.39873e-12
2.13073e-13
3.16837e-12
1.0223e-13
2.97776e-12
4.60616e-14
2.8117e-12
1.98126e-14
2.65628e-12
-1.34577e-15
2.50079e-12
-3.04316e-14
2.35988e-12
-5.26149e-14
2.24458e-12
-4.78494e-14
2.1654e-12
-2.24684e-14
2.13626e-12
3.13461e-14
2.12643e-12
7.35277e-14
2.14013e-12
9.09242e-14
2.13697e-12
7.84199e-14
2.11363e-12
5.33386e-14
2.08344e-12
2.62455e-14
2.08063e-12
2.03866e-12
-1.1983e-11
3.16612e-10
-1.09899e-11
2.92655e-10
-1.01693e-11
2.70414e-10
-9.47544e-12
2.49875e-10
-8.85931e-12
2.3087e-10
-8.28856e-12
2.13285e-10
-7.73921e-12
1.9701e-10
-7.19674e-12
1.81978e-10
-6.64931e-12
1.68108e-10
-6.1077e-12
1.55335e-10
-5.58404e-12
1.43558e-10
-5.09907e-12
1.3269e-10
-4.66327e-12
1.22637e-10
-4.28239e-12
1.13326e-10
-3.95925e-12
1.04692e-10
-3.69375e-12
9.66866e-11
-3.48208e-12
8.92715e-11
-3.30762e-12
8.24222e-11
-3.15014e-12
7.61234e-11
-2.98982e-12
7.0352e-11
-2.82599e-12
6.50722e-11
-2.66905e-12
6.02285e-11
-2.52382e-12
5.57504e-11
-2.38742e-12
5.15865e-11
-2.24653e-12
4.77009e-11
-2.08722e-12
4.40714e-11
-1.92148e-12
4.0699e-11
-1.77212e-12
3.75709e-11
-1.66087e-12
3.46752e-11
-1.58275e-12
3.20018e-11
-1.50368e-12
2.95398e-11
-1.38447e-12
2.72896e-11
-1.214e-12
2.52406e-11
-1.02083e-12
2.33681e-11
-8.56872e-13
2.16389e-11
-7.61588e-13
2.00175e-11
-7.26103e-13
1.84871e-11
-7.08279e-13
1.70454e-11
-6.58421e-13
1.57054e-11
-5.64734e-13
1.44824e-11
-4.51078e-13
1.33675e-11
-3.74995e-13
1.23523e-11
-3.74521e-13
1.14079e-11
-4.51492e-13
1.05279e-11
-5.45828e-13
9.69836e-12
-6.0604e-13
8.92913e-12
-6.01732e-13
8.22118e-12
-5.43694e-13
7.58419e-12
-4.49346e-13
7.00936e-12
-3.40716e-13
6.50137e-12
-2.22703e-13
6.0575e-12
-8.03182e-14
5.66148e-12
8.48295e-14
5.31639e-12
2.46788e-13
4.99595e-12
3.70179e-13
4.67449e-12
4.18833e-13
4.33627e-12
3.73293e-13
4.0031e-12
2.6528e-13
3.67936e-12
1.29594e-13
3.39956e-12
1.18376e-14
3.17059e-12
-6.65647e-14
2.98558e-12
-1.12345e-13
2.82656e-12
-1.34037e-13
2.66867e-12
-1.51941e-13
2.52186e-12
-1.55892e-13
2.3876e-12
-1.356e-13
2.28465e-12
-8.94651e-14
2.22181e-12
-2.3866e-14
2.19921e-12
3.41496e-14
2.18976e-12
6.86063e-14
2.18763e-12
7.0014e-14
2.16523e-12
4.71944e-14
2.12616e-12
1.68754e-14
2.09101e-12
5.52528e-15
2.08096e-12
2.04241e-12
-3.60233e-11
3.13458e-10
-3.32276e-11
2.89772e-10
-3.07305e-11
2.67796e-10
-2.84851e-11
2.47431e-10
-2.64536e-11
2.28583e-10
-2.45695e-11
2.11153e-10
-2.27841e-11
1.95049e-10
-2.10706e-11
1.80199e-10
-1.94333e-11
1.6651e-10
-1.78886e-11
1.53893e-10
-1.64604e-11
1.42243e-10
-1.51573e-11
1.31467e-10
-1.39796e-11
1.21481e-10
-1.29192e-11
1.12221e-10
-1.19671e-11
1.03633e-10
-1.11117e-11
9.56738e-11
-1.0334e-11
8.83139e-11
-9.60974e-12
8.15329e-11
-8.92117e-12
7.53139e-11
-8.26835e-12
6.96241e-11
-7.66925e-12
6.44154e-11
-7.14091e-12
5.96224e-11
-6.68728e-12
5.51828e-11
-6.27871e-12
5.1047e-11
-5.87545e-12
4.71892e-11
-5.46464e-12
4.3602e-11
-5.05278e-12
4.0272e-11
-4.67156e-12
3.71869e-11
-4.34075e-12
3.43302e-11
-4.04774e-12
3.16926e-11
-3.75787e-12
2.9269e-11
-3.43664e-12
2.7054e-11
-3.08694e-12
2.50334e-11
-2.75044e-12
2.31759e-11
-2.47858e-12
2.1446e-11
-2.29286e-12
1.9813e-11
-2.16665e-12
1.82711e-11
-2.04436e-12
1.68296e-11
-1.88017e-12
1.55044e-11
-1.67245e-12
1.43061e-11
-1.46422e-12
1.32168e-11
-1.31397e-12
1.22233e-11
-1.25759e-12
1.13002e-11
-1.27456e-12
1.04359e-11
-1.31245e-12
9.62501e-12
-1.31196e-12
8.87548e-12
-1.24808e-12
8.19505e-12
-1.11949e-12
7.581e-12
-9.59598e-13
7.03872e-12
-7.87347e-13
6.55968e-12
-6.08284e-13
6.13831e-12
-4.34985e-13
5.76761e-12
-2.57133e-13
5.41569e-12
-9.05667e-14
5.06625e-12
3.25526e-14
4.70698e-12
7.97814e-14
4.34131e-12
6.26824e-14
3.97987e-12
-1.08013e-14
3.65847e-12
-9.98091e-14
3.38546e-12
-1.77641e-13
3.16661e-12
-2.29877e-13
2.98378e-12
-2.63411e-13
2.82594e-12
-2.83888e-13
2.66971e-12
-2.84908e-13
2.52595e-12
-2.61154e-13
2.4053e-12
-2.00555e-13
2.31203e-12
-1.16481e-13
2.2593e-12
-3.16185e-14
2.23605e-12
2.16294e-14
2.22037e-12
4.28001e-14
2.19084e-12
2.90753e-14
2.15034e-12
-7.54263e-16
2.10362e-12
-1.91724e-14
2.06645e-12
-1.47826e-14
2.06049e-12
2.02628e-12
-5.97419e-11
3.08563e-10
-5.52164e-11
2.85102e-10
-5.11014e-11
2.63468e-10
-4.73454e-11
2.43423e-10
-4.38939e-11
2.2487e-10
-4.06791e-11
2.07726e-10
-3.76431e-11
1.91908e-10
-3.47659e-11
1.77339e-10
-3.20583e-11
1.63907e-10
-2.9545e-11
1.51509e-10
-2.72428e-11
1.40038e-10
-2.5148e-11
1.29407e-10
-2.32446e-11
1.19548e-10
-2.15121e-11
1.10403e-10
-1.99301e-11
1.01926e-10
-1.84754e-11
9.40808e-11
-1.71184e-11
8.68396e-11
-1.58338e-11
8.01822e-11
-1.46141e-11
7.40838e-11
-1.34799e-11
6.85029e-11
-1.24637e-11
6.33805e-11
-1.15842e-11
5.86517e-11
-1.08233e-11
5.42618e-11
-1.01333e-11
5.01751e-11
-9.46487e-12
4.63762e-11
-8.79473e-12
4.28548e-11
-8.13881e-12
3.95943e-11
-7.52885e-12
3.65765e-11
-6.97938e-12
3.37829e-11
-6.47259e-12
3.12058e-11
-5.97194e-12
2.88394e-11
-5.45644e-12
2.66738e-11
-4.94507e-12
2.46891e-11
-4.48235e-12
2.2845e-11
-4.11131e-12
2.11139e-11
-3.8355e-12
1.94769e-11
-3.60887e-12
1.79377e-11
-3.36912e-12
1.65137e-11
-3.08026e-12
1.5219e-11
-2.75593e-12
1.40539e-11
-2.45629e-12
1.29971e-11
-2.23907e-12
1.20276e-11
-2.126e-12
1.11238e-11
-2.08663e-12
1.0278e-11
-2.06238e-12
9.49279e-12
-1.99492e-12
8.77314e-12
-1.85828e-12
8.12559e-12
-1.66367e-12
7.54594e-12
-1.43681e-12
7.0317e-12
-1.20588e-12
6.57536e-12
-9.85481e-13
6.16631e-12
-7.7725e-13
5.79036e-12
-5.93676e-13
5.42576e-12
-4.41618e-13
5.05022e-12
-3.36683e-13
4.66852e-12
-2.81125e-13
4.28813e-12
-2.7264e-13
3.93242e-12
-2.87113e-13
3.62107e-12
-3.16344e-13
3.369e-12
-3.49257e-13
3.16271e-12
-3.85158e-13
2.98436e-12
-4.1483e-13
2.81868e-12
-4.32788e-13
2.66048e-12
-4.1896e-13
2.51707e-12
-3.53421e-13
2.39445e-12
-2.52975e-13
2.31208e-12
-1.41241e-13
2.2638e-12
-4.73657e-14
2.23083e-12
4.11895e-15
2.19651e-12
5.99062e-15
2.15052e-12
-1.86922e-14
2.09581e-12
-4.40732e-14
2.04871e-12
-4.7392e-14
2.01908e-12
-2.87843e-14
2.02643e-12
1.99522e-12
-8.3168e-11
3.0185e-10
-7.68696e-11
2.7879e-10
-7.11516e-11
2.57538e-10
-6.59095e-11
2.3791e-10
-6.1049e-11
2.19775e-10
-5.65022e-11
2.03045e-10
-5.22228e-11
1.8762e-10
-4.82035e-11
1.73412e-10
-4.44642e-11
1.603e-10
-4.10228e-11
1.48174e-10
-3.78793e-11
1.36937e-10
-3.50134e-11
1.26515e-10
-3.23943e-11
1.16849e-10
-2.99931e-11
1.07891e-10
-2.778e-11
9.95957e-11
-2.57204e-11
9.19302e-11
-2.37792e-11
8.48669e-11
-2.19357e-11
7.83813e-11
-2.01988e-11
7.24385e-11
-1.86057e-11
6.69878e-11
-1.71959e-11
6.19672e-11
-1.5977e-11
5.7317e-11
-1.49113e-11
5.29968e-11
-1.39347e-11
4.8986e-11
-1.29895e-11
4.5272e-11
-1.2057e-11
4.18424e-11
-1.11585e-11
3.86757e-11
-1.03235e-11
3.57482e-11
-9.55894e-12
3.30397e-11
-8.84084e-12
3.05419e-11
-8.13824e-12
2.82465e-11
-7.4437e-12
2.6137e-11
-6.78633e-12
2.41884e-11
-6.21271e-12
2.2362e-11
-5.74899e-12
2.06393e-11
-5.37568e-12
1.9015e-11
-5.03421e-12
1.75016e-11
-4.66434e-12
1.61164e-11
-4.24656e-12
1.48675e-11
-3.81168e-12
1.37415e-11
-3.42595e-12
1.2715e-11
-3.14334e-12
1.17665e-11
-2.97269e-12
1.08806e-11
-2.87396e-12
1.00574e-11
-2.78238e-12
9.3026e-12
-2.64592e-12
8.62188e-12
-2.43829e-12
8.00888e-12
-2.17735e-12
7.46353e-12
-1.89161e-12
6.97124e-12
-1.61314e-12
6.52603e-12
-1.36253e-12
6.11615e-12
-1.14592e-12
5.72594e-12
-9.67401e-13
5.34341e-12
-8.25783e-13
4.95255e-12
-7.1785e-13
4.56766e-12
-6.39356e-13
4.20257e-12
-5.80817e-13
3.87287e-12
-5.38932e-13
3.59108e-12
-5.15647e-13
3.36036e-12
-5.20001e-13
3.16574e-12
-5.44551e-13
2.98052e-12
-5.73858e-13
2.80196e-12
-5.78271e-13
2.62997e-12
-5.32581e-13
2.4792e-12
-4.36659e-13
2.36185e-12
-3.07161e-13
2.28289e-12
-1.76856e-13
2.22781e-12
-8.27871e-14
2.18037e-12
-4.32081e-14
2.12831e-12
-4.7927e-14
2.06756e-12
-6.90128e-14
2.0089e-12
-7.90707e-14
1.97137e-12
-6.34545e-14
1.95705e-12
-3.29672e-14
1.98221e-12
1.95458e-12
-1.06224e-10
2.93129e-10
-9.81332e-11
2.70785e-10
-9.0788e-11
2.50076e-10
-8.40528e-11
2.3097e-10
-7.77938e-11
2.13361e-10
-7.19336e-11
1.97148e-10
-6.64411e-11
1.82203e-10
-6.13234e-11
1.68425e-10
-5.65972e-11
1.55688e-10
-5.22657e-11
1.43891e-10
-4.83072e-11
1.32952e-10
-4.46847e-11
1.2281e-10
-4.1359e-11
1.13412e-10
-3.82927e-11
1.04711e-10
-3.54499e-11
9.66663e-11
-3.27874e-11
8.92414e-11
-3.02683e-11
8.2408e-11
-2.78816e-11
7.61345e-11
-2.5653e-11
7.03766e-11
-2.36303e-11
6.50767e-11
-2.1848e-11
6.0175e-11
-2.02984e-11
5.56255e-11
-1.89245e-11
5.14024e-11
-1.76497e-11
4.74955e-11
-1.64203e-11
4.38949e-11
-1.52258e-11
4.05823e-11
-1.40894e-11
3.75302e-11
-1.30336e-11
3.47102e-11
-1.20584e-11
3.21035e-11
-1.11384e-11
2.9698e-11
-1.02488e-11
2.74794e-11
-9.39581e-12
2.54289e-11
-8.61134e-12
2.35181e-11
-7.93564e-12
2.17205e-11
-7.37435e-12
2.00259e-11
-6.88998e-12
1.84409e-11
-6.41996e-12
1.69807e-11
-5.91513e-12
1.56551e-11
-5.37355e-12
1.4461e-11
-4.83865e-12
1.33731e-11
-4.376e-12
1.23702e-11
-4.02894e-12
1.14369e-11
-3.79535e-12
1.05692e-11
-3.62869e-12
9.77316e-12
-3.46535e-12
9.05481e-12
-3.25614e-12
8.41453e-12
-2.98694e-12
7.84065e-12
-2.66766e-12
7.31907e-12
-2.33596e-12
6.84232e-12
-2.02439e-12
6.39887e-12
-1.75399e-12
5.97925e-12
-1.53251e-12
5.57476e-12
-1.35634e-12
5.18308e-12
-1.21559e-12
4.79864e-12
-1.08921e-12
4.43162e-12
-9.70524e-13
4.10318e-12
-8.61815e-13
3.81769e-12
-7.72448e-13
3.57048e-12
-7.21316e-13
3.35984e-12
-7.0625e-13
3.15565e-12
-7.26243e-13
2.95738e-12
-7.46185e-13
2.75812e-12
-7.28378e-13
2.57098e-12
-6.51458e-13
2.41683e-12
-5.1936e-13
2.30142e-12
-3.61745e-13
2.22063e-12
-2.24667e-13
2.1596e-12
-1.34733e-13
2.09436e-12
-1.01004e-13
2.02796e-12
-1.02918e-13
1.96063e-12
-1.09117e-13
1.90743e-12
-9.74975e-14
1.88574e-12
-6.62802e-14
1.8904e-12
-3.03802e-14
1.92904e-12
1.90442e-12
-1.28609e-10
2.82404e-10
-1.18858e-10
2.60999e-10
-1.09902e-10
2.41068e-10
-1.01667e-10
2.22653e-10
-9.40208e-11
2.05681e-10
-8.68824e-11
1.90068e-10
-8.02295e-11
1.75675e-10
-7.40677e-11
1.62386e-10
-6.84012e-11
1.50083e-10
-6.32106e-11
1.38682e-10
-5.84555e-11
1.28115e-10
-5.40876e-11
1.18329e-10
-5.00638e-11
1.09272e-10
-4.63433e-11
1.00897e-10
-4.28796e-11
9.31601e-11
-3.96246e-11
8.60282e-11
-3.65453e-11
7.94689e-11
-3.36429e-11
7.34419e-11
-3.0956e-11
6.78948e-11
-2.85341e-11
6.27683e-11
-2.63998e-11
5.80103e-11
-2.45237e-11
5.35904e-11
-2.28336e-11
4.94962e-11
-2.12521e-11
4.57247e-11
-1.97339e-11
4.22639e-11
-1.82784e-11
3.90896e-11
-1.69087e-11
3.61684e-11
-1.56411e-11
3.34703e-11
-1.44661e-11
3.09747e-11
-1.33571e-11
2.86653e-11
-1.23006e-11
2.65274e-11
-1.13078e-11
2.45385e-11
-1.04099e-11
2.26761e-11
-9.63087e-12
2.09258e-11
-8.96009e-12
1.92878e-11
-8.35075e-12
1.77728e-11
-7.74606e-12
1.63908e-11
-7.11264e-12
1.51377e-11
-6.46178e-12
1.39978e-11
-5.84126e-12
1.29407e-11
-5.30982e-12
1.19552e-11
-4.8967e-12
1.10345e-11
-4.59049e-12
1.01876e-11
-4.34581e-12
9.42493e-12
-4.10578e-12
8.74766e-12
-3.82925e-12
8.14869e-12
-3.50377e-12
7.60841e-12
-3.14443e-12
7.10807e-12
-2.78124e-12
6.63872e-12
-2.44543e-12
6.19157e-12
-2.15917e-12
5.76413e-12
-1.92773e-12
5.35502e-12
-1.73817e-12
4.96807e-12
-1.57468e-12
4.60994e-12
-1.41896e-12
4.28635e-12
-1.25671e-12
4.00188e-12
-1.10252e-12
3.75919e-12
-9.83539e-13
3.54178e-12
-9.20156e-13
3.33817e-12
-9.12325e-13
3.12057e-12
-9.2959e-13
2.8951e-12
-9.33195e-13
2.6765e-12
-8.85148e-13
2.4827e-12
-7.65939e-13
2.32764e-12
-5.9961e-13
2.22022e-12
-4.24616e-13
2.13916e-12
-2.85536e-13
2.07151e-12
-2.01743e-13
1.99255e-12
-1.67379e-13
1.91711e-12
-1.5248e-13
1.84789e-12
-1.32827e-13
1.80695e-12
-9.6206e-14
1.80177e-12
-5.46674e-14
1.8231e-12
-2.22666e-14
1.86537e-12
1.84376e-12
-1.50047e-10
2.69988e-10
-1.38796e-10
2.49531e-10
-1.28335e-10
2.30534e-10
-1.18643e-10
2.12974e-10
-1.09646e-10
1.96764e-10
-1.01281e-10
1.81834e-10
-9.35274e-11
1.68055e-10
-8.63755e-11
1.55317e-10
-7.98081e-11
1.43518e-10
-7.37834e-11
1.3259e-10
-6.82477e-11
1.22473e-10
-6.31494e-11
1.13116e-10
-5.84436e-11
1.04466e-10
-5.40833e-11
9.64725e-11
-5.00152e-11
8.90962e-11
-4.61877e-11
8.23017e-11
-4.25756e-11
7.60539e-11
-3.91933e-11
7.03039e-11
-3.60857e-11
6.4994e-11
-3.32947e-11
6.00673e-11
-3.08226e-11
5.54842e-11
-2.86198e-11
5.12287e-11
-2.66074e-11
4.72996e-11
-2.47145e-11
4.36944e-11
-2.29099e-11
4.03974e-11
-2.12007e-11
3.73776e-11
-1.96079e-11
3.45984e-11
-1.81384e-11
3.20292e-11
-1.67758e-11
2.96485e-11
-1.54967e-11
2.74391e-11
-1.42909e-11
2.53848e-11
-1.31713e-11
2.3467e-11
-1.21611e-11
2.16719e-11
-1.12695e-11
1.99961e-11
-1.04755e-11
1.84454e-11
-9.73385e-12
1.70263e-11
-9.00004e-12
1.57366e-11
-8.25542e-12
1.45574e-11
-7.51665e-12
1.34636e-11
-6.82804e-12
1.24312e-11
-6.23114e-12
1.14593e-11
-5.74414e-12
1.05553e-11
-5.35371e-12
9.7373e-12
-5.02215e-12
9.01496e-12
-4.70554e-12
8.38234e-12
-4.36964e-12
7.82219e-12
-4.00297e-12
7.31051e-12
-3.61489e-12
6.82627e-12
-3.22959e-12
6.36299e-12
-2.87416e-12
5.91637e-12
-2.56898e-12
5.49207e-12
-2.3148e-12
5.09229e-12
-2.0968e-12
4.72729e-12
-1.89524e-12
4.40786e-12
-1.69245e-12
4.13042e-12
-1.49315e-12
3.89335e-12
-1.3174e-12
3.68348e-12
-1.1955e-12
3.47982e-12
-1.13493e-12
3.26146e-12
-1.13345e-12
3.02759e-12
-1.15081e-12
2.7866e-12
-1.12844e-12
2.5548e-12
-1.03718e-12
2.36633e-12
-8.78338e-13
2.22618e-12
-6.81977e-13
2.1292e-12
-4.98763e-13
2.05319e-12
-3.60415e-13
1.97714e-12
-2.814e-13
1.8934e-12
-2.32912e-13
1.80853e-12
-1.93891e-13
1.74712e-12
-1.42614e-13
1.71745e-12
-7.95971e-14
1.72059e-12
-3.16631e-14
1.7509e-12
-1.61599e-14
1.79287e-12
1.76726e-12
-1.70555e-10
2.56148e-10
-1.57791e-10
2.36586e-10
-1.45915e-10
2.18572e-10
-1.3486e-10
2.0197e-10
-1.24588e-10
1.86631e-10
-1.15066e-10
1.72471e-10
-1.06273e-10
1.59379e-10
-9.81795e-11
1.47265e-10
-9.0743e-11
1.36049e-10
-8.39057e-11
1.25673e-10
-7.76101e-11
1.16081e-10
-7.18047e-11
1.07217e-10
-6.64413e-11
9.90275e-11
-6.14642e-11
9.14639e-11
-5.6813e-11
8.44908e-11
-5.24391e-11
7.80729e-11
-4.83287e-11
7.21702e-11
-4.45062e-11
6.67257e-11
-4.10154e-11
6.16809e-11
-3.78803e-11
5.69853e-11
-3.50808e-11
5.26138e-11
-3.25516e-11
4.85614e-11
-3.02147e-11
4.4833e-11
-2.80133e-11
4.14221e-11
-2.59314e-11
3.83077e-11
-2.39815e-11
3.54535e-11
-2.21788e-11
3.28226e-11
-2.05207e-11
3.03861e-11
-1.89865e-11
2.81243e-11
-1.75522e-11
2.60195e-11
-1.62099e-11
2.40595e-11
-1.49675e-11
2.22302e-11
-1.38379e-11
2.05277e-11
-1.2821e-11
1.89548e-11
-1.18951e-11
1.75157e-11
-1.1025e-11
1.6206e-11
-1.01808e-11
1.50097e-11
-9.35085e-12
1.38953e-11
-8.5484e-12
1.28392e-11
-7.80191e-12
1.1829e-11
-7.13578e-12
1.08758e-11
-6.5631e-12
1.00012e-11
-6.0772e-12
9.22463e-12
-5.65458e-12
8.54917e-12
-5.26553e-12
7.9614e-12
-4.88164e-12
7.43623e-12
-4.48604e-12
6.94806e-12
-4.07944e-12
6.47939e-12
-3.67794e-12
6.02853e-12
-3.30116e-12
5.59264e-12
-2.967e-12
5.18533e-12
-2.67749e-12
4.81101e-12
-2.41895e-12
4.48033e-12
-2.1705e-12
4.19887e-12
-1.92723e-12
3.96163e-12
-1.70066e-12
3.75438e-12
-1.5196e-12
3.55861e-12
-1.40903e-12
3.3507e-12
-1.37103e-12
3.11612e-12
-1.37804e-12
2.86811e-12
-1.37471e-12
2.62053e-12
-1.3163e-12
2.40238e-12
-1.17625e-12
2.23403e-12
-9.74781e-13
2.11865e-12
-7.56713e-13
2.03818e-12
-5.72229e-13
1.96974e-12
-4.42183e-13
1.88917e-12
-3.58745e-13
1.79971e-12
-2.97608e-13
1.71858e-12
-2.23604e-13
1.6584e-12
-1.37331e-13
1.63749e-12
-5.71465e-14
1.64453e-12
-1.06262e-14
1.67104e-12
-1.42642e-14
1.70627e-12
1.67274e-12
-1.90157e-10
2.4076e-10
-1.75799e-10
2.22277e-10
-1.62534e-10
2.0531e-10
-1.50205e-10
1.8972e-10
-1.3876e-10
1.75331e-10
-1.28166e-10
1.62022e-10
-1.18395e-10
1.497e-10
-1.09402e-10
1.38294e-10
-1.01126e-10
1.27743e-10
-9.35035e-11
1.17993e-10
-8.64786e-11
1.08989e-10
-7.9999e-11
1.00672e-10
-7.40084e-11
9.29874e-11
-6.84414e-11
8.58955e-11
-6.3234e-11
7.93646e-11
-5.8346e-11
7.33585e-11
-5.3776e-11
6.78308e-11
-4.95544e-11
6.27201e-11
-4.57135e-11
5.797e-11
-4.22548e-11
5.35408e-11
-3.91354e-11
4.94198e-11
-3.62828e-11
4.56096e-11
-3.36272e-11
4.21134e-11
-3.11301e-11
3.89195e-11
-2.87875e-11
3.60002e-11
-2.6614e-11
3.3319e-11
-2.46166e-11
3.08411e-11
-2.27845e-11
2.85431e-11
-2.10917e-11
2.64078e-11
-1.95147e-11
2.44209e-11
-1.80404e-11
2.25719e-11
-1.66713e-11
2.0855e-11
-1.5412e-11
1.92704e-11
-1.42613e-11
1.78219e-11
-1.32055e-11
1.65054e-11
-1.22238e-11
1.53038e-11
-1.12951e-11
1.4189e-11
-1.04083e-11
1.31297e-11
-9.55936e-12
1.21071e-11
-8.75652e-12
1.11261e-11
-8.01307e-12
1.02091e-11
-7.34302e-12
9.38188e-12
-6.75354e-12
8.65831e-12
-6.24275e-12
8.0356e-12
-5.79046e-12
7.48896e-12
-5.36985e-12
6.99402e-12
-4.9543e-12
6.52679e-12
-4.53442e-12
6.07915e-12
-4.11231e-12
5.64767e-12
-3.70953e-12
5.23986e-12
-3.33962e-12
4.8633e-12
-3.00669e-12
4.52432e-12
-2.7002e-12
4.22877e-12
-2.40862e-12
3.97807e-12
-2.13313e-12
3.76145e-12
-1.89614e-12
3.56331e-12
-1.72589e-12
3.36258e-12
-1.63974e-12
3.14281e-12
-1.62374e-12
2.8984e-12
-1.62728e-12
2.64744e-12
-1.59444e-12
2.41619e-12
-1.48338e-12
2.22851e-12
-1.29201e-12
2.09692e-12
-1.05571e-12
2.01212e-12
-8.28585e-13
1.94997e-12
-6.49432e-13
1.88479e-12
-5.29114e-13
1.80348e-12
-4.45905e-13
1.71587e-12
-3.54007e-13
1.62982e-12
-2.48652e-13
1.58192e-12
-1.29901e-13
1.56057e-12
-3.50804e-14
1.56488e-12
4.98881e-15
1.5811e-12
-1.64681e-14
1.60498e-12
1.56353e-12
-2.08657e-10
2.23582e-10
-1.92764e-10
2.06555e-10
-1.78135e-10
1.90813e-10
-1.64603e-10
1.76316e-10
-1.52075e-10
1.6294e-10
-1.40493e-10
1.50557e-10
-1.29808e-10
1.39089e-10
-1.19958e-10
1.28476e-10
-1.1088e-10
1.18666e-10
-1.02513e-10
1.09609e-10
-9.48011e-11
1.01245e-10
-8.76878e-11
9.35156e-11
-8.11043e-11
8.63769e-11
-7.49765e-11
7.97956e-11
-6.92431e-11
7.37438e-11
-6.38773e-11
6.81818e-11
-5.88894e-11
6.30571e-11
-5.43074e-11
5.83075e-11
-5.01449e-11
5.38833e-11
-4.63785e-11
4.97573e-11
-4.29477e-11
4.5925e-11
-3.97808e-11
4.23914e-11
-3.68226e-11
3.91529e-11
-3.40514e-11
3.61917e-11
-3.14714e-11
3.34765e-11
-2.9093e-11
3.09742e-11
-2.69161e-11
2.8658e-11
-2.49215e-11
2.65098e-11
-2.308e-11
2.45164e-11
-2.13647e-11
2.26665e-11
-1.97586e-11
2.09521e-11
-1.82568e-11
1.93705e-11
-1.68621e-11
1.79222e-11
-1.55792e-11
1.66063e-11
-1.44082e-11
1.54083e-11
-1.33399e-11
1.43008e-11
-1.23551e-11
1.32526e-11
-1.14308e-11
1.22428e-11
-1.05408e-11
1.1261e-11
-9.67525e-12
1.03288e-11
-8.84297e-12
9.47224e-12
-8.06748e-12
8.71073e-12
-7.37856e-12
8.05138e-12
-6.78871e-12
7.47984e-12
-6.28608e-12
6.96942e-12
-5.83598e-12
6.49835e-12
-5.40377e-12
6.05491e-12
-4.96503e-12
5.63378e-12
-4.52031e-12
5.2366e-12
-4.08668e-12
4.86972e-12
-3.6786e-12
4.53317e-12
-3.30168e-12
4.23053e-12
-2.95152e-12
3.96337e-12
-2.62411e-12
3.72831e-12
-2.33036e-12
3.51408e-12
-2.09699e-12
3.30853e-12
-1.94775e-12
3.0943e-12
-1.88414e-12
2.864e-12
-1.87602e-12
2.62379e-12
-1.85948e-12
2.38917e-12
-1.78226e-12
2.19559e-12
-1.61667e-12
2.05277e-12
-1.37815e-12
1.96043e-12
-1.11944e-12
1.90388e-12
-8.94283e-13
1.85348e-12
-7.30781e-13
1.78867e-12
-6.17435e-13
1.70361e-12
-5.22796e-13
1.62108e-12
-4.13275e-13
1.54618e-12
-2.6834e-13
1.4972e-12
-1.24806e-13
1.48056e-12
-2.10646e-14
1.4773e-12
9.49474e-15
1.48322e-12
-2.32137e-14
1.4919e-12
1.44546e-12
-2.25703e-10
2.04833e-10
-2.0851e-10
1.89427e-10
-1.92639e-10
1.75107e-10
-1.77992e-10
1.6183e-10
-1.64463e-10
1.49543e-10
-1.51968e-10
1.38162e-10
-1.40428e-10
1.27625e-10
-1.29774e-10
1.17881e-10
-1.19943e-10
1.0888e-10
-1.10882e-10
1.00568e-10
-1.02534e-10
9.28864e-11
-9.48308e-11
8.57858e-11
-8.76892e-11
7.92319e-11
-8.1032e-11
7.32003e-11
-7.48078e-11
6.76621e-11
-6.90055e-11
6.25734e-11
-6.36417e-11
5.78771e-11
-5.87343e-11
5.35154e-11
-5.42735e-11
4.94489e-11
-5.02131e-11
4.56614e-11
-4.64835e-11
4.21517e-11
-4.30207e-11
3.89216e-11
-3.97854e-11
3.59587e-11
-3.67683e-11
3.32408e-11
-3.3975e-11
3.07377e-11
-3.14105e-11
2.84251e-11
-2.90654e-11
2.62849e-11
-2.69162e-11
2.43056e-11
-2.49314e-11
2.24764e-11
-2.30802e-11
2.07866e-11
-2.13412e-11
1.92286e-11
-1.97059e-11
1.77983e-11
-1.81815e-11
1.64938e-11
-1.67808e-11
1.53033e-11
-1.55162e-11
1.42066e-11
-1.43877e-11
1.31776e-11
-1.33681e-11
1.21884e-11
-1.24115e-11
1.12312e-11
-1.14737e-11
1.03108e-11
-1.05327e-11
9.454e-12
-9.60233e-12
8.68236e-12
-8.72628e-12
8.0038e-12
-7.95155e-12
7.41212e-12
-7.29965e-12
6.88536e-12
-6.75712e-12
6.40314e-12
-6.28145e-12
5.95398e-12
-5.8257e-12
5.53727e-12
-5.36113e-12
5.15266e-12
-4.88804e-12
4.80223e-12
-4.42184e-12
4.48326e-12
-3.98107e-12
4.19095e-12
-3.57025e-12
3.91955e-12
-3.18824e-12
3.66947e-12
-2.837e-12
3.43558e-12
-2.53653e-12
3.21385e-12
-2.31163e-12
2.99447e-12
-2.17916e-12
2.77064e-12
-2.12656e-12
2.54348e-12
-2.10557e-12
2.32275e-12
-2.05634e-12
2.12813e-12
-1.92527e-12
1.97958e-12
-1.70667e-12
1.88293e-12
-1.43574e-12
1.82381e-12
-1.17079e-12
1.78262e-12
-9.59704e-13
1.73287e-12
-8.13448e-13
1.66223e-12
-7.07654e-13
1.57734e-12
-5.99102e-13
1.50359e-12
-4.57144e-13
1.442e-12
-2.87916e-13
1.40574e-12
-1.26292e-13
1.39112e-12
-2.13358e-14
1.38337e-12
5.39036e-15
1.37658e-12
-3.31333e-14
1.37597e-12
1.32465e-12
-2.41097e-10
1.85006e-10
-2.22842e-10
1.71128e-10
-2.05923e-10
1.58279e-10
-1.90288e-10
1.46324e-10
-1.75849e-10
1.35217e-10
-1.6251e-10
1.24917e-10
-1.50178e-10
1.15384e-10
-1.3878e-10
1.06574e-10
-1.2826e-10
9.84358e-11
-1.18568e-10
9.09131e-11
-1.09639e-10
8.39553e-11
-1.01388e-10
7.75239e-11
-9.37243e-11
7.15961e-11
-8.65734e-11
6.61522e-11
-7.98994e-11
6.11589e-11
-7.37048e-11
5.65689e-11
-6.80058e-11
5.23245e-11
-6.28032e-11
4.8377e-11
-5.80635e-11
4.46989e-11
-5.37243e-11
4.12811e-11
-4.97158e-11
3.81211e-11
-4.59847e-11
3.52126e-11
-4.25053e-11
3.2537e-11
-3.92726e-11
3.00711e-11
-3.62892e-11
2.7792e-11
-3.35516e-11
2.56857e-11
-3.10458e-11
2.37434e-11
-2.87465e-11
2.19572e-11
-2.66223e-11
2.03164e-11
-2.46395e-11
1.88071e-11
-2.27727e-11
1.74196e-11
-2.10122e-11
1.61447e-11
-1.93716e-11
1.49775e-11
-1.78754e-11
1.38981e-11
-1.65459e-11
1.2888e-11
-1.53768e-11
1.1926e-11
-1.43274e-11
1.09988e-11
-1.33313e-11
1.01117e-11
-1.23313e-11
9.28055e-12
-1.13057e-11
8.52693e-12
-1.02806e-11
7.85782e-12
-9.319e-12
7.26847e-12
-8.47872e-12
6.73935e-12
-7.78198e-12
6.24894e-12
-7.2067e-12
5.78951e-12
-6.70032e-12
5.3635e-12
-6.20977e-12
4.97939e-12
-5.71111e-12
4.64252e-12
-5.2066e-12
4.34545e-12
-4.7149e-12
4.07684e-12
-4.2521e-12
3.82433e-12
-3.82116e-12
3.57658e-12
-3.42211e-12
3.33624e-12
-3.05939e-12
3.09795e-12
-2.75581e-12
2.86835e-12
-2.53616e-12
2.64347e-12
-2.4074e-12
2.42331e-12
-2.34664e-12
2.21732e-12
-2.29848e-12
2.03298e-12
-2.20225e-12
1.88513e-12
-2.02269e-12
1.78346e-12
-1.76737e-12
1.72099e-12
-1.48288e-12
1.67693e-12
-1.2231e-12
1.6293e-12
-1.0295e-12
1.57018e-12
-8.96511e-13
1.49231e-12
-7.92801e-13
1.41808e-12
-6.6143e-13
1.35376e-12
-4.93689e-13
1.31811e-12
-3.04123e-13
1.30072e-12
-1.36071e-13
1.2935e-12
-3.42917e-14
1.28386e-12
-1.02797e-14
1.26623e-12
-4.38954e-14
1.25947e-12
1.20504e-12
-2.54956e-10
1.64355e-10
-2.35706e-10
1.51919e-10
-2.17886e-10
1.40482e-10
-2.01402e-10
1.29887e-10
-1.86154e-10
1.20035e-10
-1.72048e-10
1.10896e-10
-1.58993e-10
1.02433e-10
-1.46923e-10
9.46136e-11
-1.35787e-10
8.73833e-11
-1.2553e-10
8.06919e-11
-1.16074e-10
7.44989e-11
-1.07319e-10
6.87801e-11
-9.91718e-11
6.35196e-11
-9.15692e-11
5.86981e-11
-8.44924e-11
5.4277e-11
-7.79518e-11
5.02074e-11
-7.19553e-11
4.6437e-11
-6.64837e-11
4.29295e-11
-6.1484e-11
3.96675e-11
-5.68859e-11
3.66443e-11
-5.2626e-11
3.38525e-11
-4.86614e-11
3.12771e-11
-4.49731e-11
2.88977e-11
-4.15531e-11
2.66946e-11
-3.83967e-11
2.46569e-11
-3.54945e-11
2.27798e-11
-3.28326e-11
2.10612e-11
-3.03888e-11
1.94922e-11
-2.81324e-11
1.80584e-11
-2.60283e-11
1.67418e-11
-2.40471e-11
1.5527e-11
-2.21826e-11
1.44038e-11
-2.04504e-11
1.33595e-11
-1.88853e-11
1.23785e-11
-1.75085e-11
1.14464e-11
-1.63042e-11
1.05542e-11
-1.52156e-11
9.70578e-12
-1.41628e-11
8.91505e-12
-1.3086e-11
8.1997e-12
-1.19736e-11
7.56761e-12
-1.08702e-11
7.0083e-12
-9.84936e-12
6.503e-12
-8.96878e-12
6.02586e-12
-8.24179e-12
5.56496e-12
-7.63311e-12
5.12766e-12
-7.08438e-12
4.73091e-12
-6.54773e-12
4.38961e-12
-6.00838e-12
4.10797e-12
-5.47483e-12
3.86457e-12
-4.96839e-12
3.6427e-12
-4.49873e-12
3.42242e-12
-4.065e-12
3.19472e-12
-3.65933e-12
2.96053e-12
-3.29073e-12
2.7245e-12
-2.98119e-12
2.49769e-12
-2.75496e-12
2.2838e-12
-2.61579e-12
2.08769e-12
-2.53085e-12
1.91637e-12
-2.44529e-12
1.7759e-12
-2.30456e-12
1.67067e-12
-2.08747e-12
1.60245e-12
-1.81066e-12
1.55151e-12
-1.52436e-12
1.4999e-12
-1.28348e-12
1.43789e-12
-1.10505e-12
1.36092e-12
-9.75678e-13
1.28134e-12
-8.55974e-13
1.2243e-12
-7.03261e-13
1.18402e-12
-5.12207e-13
1.1773e-12
-3.1232e-13
1.18392e-12
-1.48537e-13
1.18839e-12
-5.55556e-14
1.17935e-12
-3.45545e-14
1.15463e-12
-5.43491e-14
1.13978e-12
1.08593e-12
-2.67389e-10
1.42714e-10
-2.47145e-10
1.31862e-10
-2.28492e-10
1.21857e-10
-2.11258e-10
1.12635e-10
-1.953e-10
1.04087e-10
-1.80514e-10
9.61702e-11
-1.66818e-10
8.88385e-11
-1.54157e-10
8.20573e-11
-1.42482e-10
7.57775e-11
-1.31727e-10
6.99591e-11
-1.21796e-10
6.45748e-11
-1.12582e-10
5.96119e-11
-1.03997e-10
5.5057e-11
-9.59924e-11
5.08871e-11
-8.85649e-11
4.70605e-11
-8.17242e-11
4.35307e-11
-7.54648e-11
4.0256e-11
-6.9748e-11
3.72126e-11
-6.45095e-11
3.43896e-11
-5.96794e-11
3.17786e-11
-5.52024e-11
2.9366e-11
-5.10422e-11
2.71315e-11
-4.71775e-11
2.5058e-11
-4.35923e-11
2.3134e-11
-4.02744e-11
2.136e-11
-3.7214e-11
1.97375e-11
-3.44025e-11
1.82656e-11
-3.18241e-11
1.69304e-11
-2.94496e-11
1.57115e-11
-2.72424e-11
1.45883e-11
-2.51706e-11
1.35413e-11
-2.3227e-11
1.25596e-11
-2.14311e-11
1.16294e-11
-1.98177e-11
1.07426e-11
-1.8401e-11
9.89369e-12
-1.71536e-11
9.08859e-12
-1.60067e-11
8.34387e-12
-1.48786e-11
7.67522e-12
-1.37184e-11
7.093e-12
-1.25318e-11
6.58697e-12
-1.1377e-11
6.13073e-12
-1.03268e-11
5.69574e-12
-9.428e-12
5.26101e-12
-8.67838e-12
4.83014e-12
-8.02936e-12
4.42174e-12
-7.42585e-12
4.06629e-12
-6.83443e-12
3.77882e-12
-6.25e-12
3.55101e-12
-5.69512e-12
3.35853e-12
-5.18785e-12
3.17627e-12
-4.72752e-12
2.9824e-12
-4.29983e-12
2.77195e-12
-3.89417e-12
2.55178e-12
-3.51737e-12
2.33084e-12
-3.19505e-12
2.12557e-12
-2.95044e-12
1.94029e-12
-2.78785e-12
1.78406e-12
-2.67078e-12
1.65252e-12
-2.54911e-12
1.55204e-12
-2.3786e-12
1.47766e-12
-2.14016e-12
1.41768e-12
-1.86024e-12
1.35833e-12
-1.58693e-12
1.28758e-12
-1.35839e-12
1.2044e-12
-1.18226e-12
1.11568e-12
-1.03895e-12
1.04579e-12
-8.87502e-13
1.0113e-12
-7.09043e-13
1.0077e-12
-5.04086e-13
1.03062e-12
-3.0991e-13
1.06161e-12
-1.62541e-13
1.07498e-12
-8.28464e-14
1.06478e-12
-6.0586e-14
1.03318e-12
-6.64682e-14
1.01479e-12
9.60546e-13
-2.78263e-10
1.19914e-10
-2.57151e-10
1.10891e-10
-2.37724e-10
1.02465e-10
-2.19807e-10
9.46762e-11
-2.03224e-10
8.74761e-11
-1.87849e-10
8.08276e-11
-1.73604e-10
7.46722e-11
-1.6044e-10
6.8972e-11
-1.48304e-10
6.36841e-11
-1.37114e-10
5.87812e-11
-1.26762e-10
5.42489e-11
-1.1714e-10
5.00813e-11
-1.08169e-10
4.62632e-11
-9.98211e-11
4.2768e-11
-9.2097e-11
3.95543e-11
-8.50006e-11
3.65831e-11
-7.85099e-11
3.38249e-11
-7.25733e-11
3.12666e-11
-6.71224e-11
2.88995e-11
-6.20937e-11
2.67116e-11
-5.74375e-11
2.46846e-11
-5.31172e-11
2.2799e-11
-4.91025e-11
2.10451e-11
-4.53678e-11
1.94207e-11
-4.18971e-11
1.79342e-11
-3.86869e-11
1.65878e-11
-3.57385e-11
1.53765e-11
-3.30434e-11
1.42797e-11
-3.05738e-11
1.32728e-11
-2.82889e-11
1.23351e-11
-2.61532e-11
1.14478e-11
-2.41569e-11
1.06017e-11
-2.23185e-11
9.78685e-12
-2.06666e-11
9.00434e-12
-1.92061e-11
8.25833e-12
-1.78999e-11
7.56649e-12
-1.66757e-11
6.94972e-12
-1.54616e-11
6.41904e-12
-1.42248e-11
5.97211e-12
-1.29878e-11
5.58175e-12
-1.18131e-11
5.21219e-12
-1.07622e-11
4.83463e-12
-9.86028e-12
4.43986e-12
-9.0841e-12
4.04564e-12
-8.38466e-12
3.68393e-12
-7.71557e-12
3.38371e-12
-7.0633e-12
3.15602e-12
-6.44157e-12
2.98005e-12
-5.8779e-12
2.82989e-12
-5.38129e-12
2.67703e-12
-4.93805e-12
2.50616e-12
-4.52108e-12
2.31769e-12
-4.11292e-12
2.12281e-12
-3.72294e-12
1.93425e-12
-3.37932e-12
1.76673e-12
-3.11061e-12
1.62439e-12
-2.91735e-12
1.5094e-12
-2.77086e-12
1.41517e-12
-2.62326e-12
1.34107e-12
-2.43679e-12
1.27921e-12
-2.19881e-12
1.21245e-12
-1.93118e-12
1.13424e-12
-1.67153e-12
1.04316e-12
-1.44083e-12
9.42362e-13
-1.24967e-12
8.61396e-13
-1.07434e-12
8.13363e-13
-8.85348e-13
8.06748e-13
-6.79261e-13
8.36826e-13
-4.74539e-13
8.87958e-13
-2.98019e-13
9.30918e-13
-1.76064e-13
9.4572e-13
-1.14881e-13
9.32553e-13
-9.26402e-14
8.94548e-13
-8.01112e-14
8.72914e-13
8.21743e-13
-2.87318e-10
9.62359e-11
-2.65582e-10
8.90715e-11
-2.45519e-10
8.23615e-11
-2.27006e-10
7.61039e-11
-2.09879e-10
7.03104e-11
-1.94006e-10
6.49681e-11
-1.79308e-10
6.00227e-11
-1.6573e-10
5.54384e-11
-1.53209e-10
5.11802e-11
-1.41648e-10
4.72331e-11
-1.30932e-10
4.35908e-11
-1.20959e-10
4.02502e-11
-1.11667e-10
3.7193e-11
-1.03037e-10
3.43899e-11
-9.50703e-11
3.18053e-11
-8.77598e-11
2.94105e-11
-8.10698e-11
2.7188e-11
-7.49421e-11
2.51312e-11
-6.93121e-11
2.32308e-11
-6.41218e-11
2.14716e-11
-5.93235e-11
1.98363e-11
-5.48728e-11
1.83106e-11
-5.07274e-11
1.68937e-11
-4.68552e-11
1.5591e-11
-4.32433e-11
1.44114e-11
-3.98994e-11
1.33531e-11
-3.6836e-11
1.24034e-11
-3.40501e-11
1.15378e-11
-3.15123e-11
1.07322e-11
-2.91758e-11
9.97085e-12
-2.70003e-11
9.23977e-12
-2.4971e-11
8.53369e-12
-2.31023e-11
7.8491e-12
-2.14127e-11
7.19271e-12
-1.98984e-11
6.57702e-12
-1.85179e-11
6.02329e-12
-1.72061e-11
5.54954e-12
-1.59095e-11
5.15822e-12
-1.46152e-11
4.83329e-12
-1.33571e-11
4.53885e-12
-1.21913e-11
4.23918e-12
-1.11569e-11
3.91279e-12
-1.02543e-11
3.56619e-12
-9.44604e-12
3.22735e-12
-8.68584e-12
2.93122e-12
-7.94658e-12
2.69813e-12
-7.23786e-12
2.53093e-12
-6.59048e-12
2.40074e-12
-6.02986e-12
2.28189e-12
-5.55236e-12
2.15092e-12
-5.1275e-12
2.00272e-12
-4.71625e-12
1.84325e-12
-4.29938e-12
1.68665e-12
-3.89024e-12
1.54403e-12
-3.52255e-12
1.42375e-12
-3.229e-12
1.32677e-12
-3.01058e-12
1.24522e-12
-2.8444e-12
1.17683e-12
-2.68594e-12
1.11423e-12
-2.50041e-12
1.05225e-12
-2.27555e-12
9.75203e-13
-2.02394e-12
8.83207e-13
-1.76966e-12
7.84473e-13
-1.52979e-12
6.89384e-13
-1.30376e-12
6.2761e-13
-1.08002e-12
6.07198e-13
-8.52575e-13
6.29961e-13
-6.30347e-13
6.8277e-13
-4.32722e-13
7.42078e-13
-2.82901e-13
7.82252e-13
-1.9309e-13
7.91624e-13
-1.44798e-13
7.66782e-13
-1.2586e-13
7.35324e-13
-9.6156e-14
7.09065e-13
6.64178e-13
-2.94445e-10
7.21033e-11
-2.7229e-10
6.67048e-11
-2.51774e-10
6.16916e-11
-2.32796e-10
5.70207e-11
-2.15226e-10
5.26896e-11
-1.98951e-10
4.86934e-11
-1.83893e-10
4.49883e-11
-1.69989e-10
4.15488e-11
-1.57157e-10
3.83522e-11
-1.4529e-10
3.53935e-11
-1.34273e-10
3.26709e-11
-1.24016e-10
3.01798e-11
-1.1447e-10
2.78997e-11
-1.05621e-10
2.58027e-11
-9.74652e-11
2.3862e-11
-8.99815e-11
2.206e-11
-8.31265e-11
2.03887e-11
-7.68424e-11
1.88439e-11
-7.10705e-11
1.74161e-11
-6.57567e-11
1.60903e-11
-6.08482e-11
1.48545e-11
-5.62899e-11
1.37037e-11
-5.20294e-11
1.26426e-11
-4.80343e-11
1.16795e-11
-4.43006e-11
1.08168e-11
-4.08492e-11
1.0046e-11
-3.77006e-11
9.34731e-12
-3.48536e-11
8.69931e-12
-3.22736e-11
8.08452e-12
-2.99063e-11
7.49543e-12
-2.77062e-11
6.92664e-12
-2.56541e-11
6.37654e-12
-2.37579e-11
5.84625e-12
-2.20273e-11
5.3436e-12
-2.04518e-11
4.88305e-12
-1.89919e-11
4.48254e-12
-1.75968e-11
4.15286e-12
-1.62347e-11
3.88802e-12
-1.49091e-11
3.66343e-12
-1.36565e-11
3.44529e-12
-1.25162e-11
3.20554e-12
-1.15024e-11
2.93687e-12
-1.05927e-11
2.65678e-12
-9.74227e-12
2.39502e-12
-8.91753e-12
2.18142e-12
-8.11657e-12
2.0233e-12
-7.36761e-12
1.91112e-12
-6.70885e-12
1.81474e-12
-6.1595e-12
1.71701e-12
-5.701e-12
1.60463e-12
-5.28717e-12
1.48211e-12
-4.87323e-12
1.36066e-12
-4.44101e-12
1.25101e-12
-4.00997e-12
1.15903e-12
-3.62124e-12
1.08567e-12
-3.30861e-12
1.02487e-12
-3.07782e-12
9.66146e-13
-2.90557e-12
9.10115e-13
-2.75002e-12
8.50184e-13
-2.5756e-12
7.86744e-13
-2.36584e-12
7.08964e-13
-2.12399e-12
6.22103e-13
-1.86347e-12
5.38865e-13
-1.59712e-12
4.71009e-13
-1.32827e-12
4.39991e-13
-1.05769e-12
4.44291e-13
-7.98625e-13
4.83635e-13
-5.69351e-13
5.37166e-13
-3.93121e-13
5.86521e-13
-2.77122e-13
6.07341e-13
-2.18978e-13
6.05574e-13
-1.88285e-13
5.72096e-13
-1.57202e-13
5.4151e-13
-1.11744e-13
5.23869e-13
4.8895e-13
-2.99792e-10
4.77585e-11
-2.77238e-10
4.40584e-11
-2.56382e-10
4.0659e-11
-2.37071e-10
3.75654e-11
-2.1918e-10
3.47219e-11
-2.02613e-10
3.21024e-11
-1.87294e-10
2.96661e-11
-1.73149e-10
2.73981e-11
-1.60082e-10
2.52893e-11
-1.4798e-10
2.33431e-11
-1.36736e-10
2.15599e-11
-1.26269e-10
1.99319e-11
-1.16542e-10
1.84396e-11
-1.07539e-10
1.70595e-11
-9.9246e-11
1.57755e-11
-9.16327e-11
1.45792e-11
-8.46526e-11
1.34688e-11
-7.82521e-11
1.24415e-11
-7.23779e-11
1.14896e-11
-6.69755e-11
1.06032e-11
-6.19832e-11
9.77833e-12
-5.7336e-11
9.01831e-12
-5.29781e-11
8.32927e-12
-4.8883e-11
7.71481e-12
-4.50587e-11
7.16772e-12
-4.15356e-11
6.67274e-12
-3.83369e-11
6.20972e-12
-3.54563e-11
5.7665e-12
-3.28522e-11
5.33826e-12
-3.04649e-11
4.92767e-12
-2.82465e-11
4.53708e-12
-2.61749e-11
4.16559e-12
-2.42519e-11
3.81458e-12
-2.24799e-11
3.48802e-12
-2.0845e-11
3.19617e-12
-1.93146e-11
2.94992e-12
-1.78553e-11
2.75343e-12
-1.64526e-11
2.59456e-12
-1.51211e-11
2.45087e-12
-1.38903e-11
2.29805e-12
-1.27787e-11
2.12114e-12
-1.17774e-11
1.92692e-12
-1.08489e-11
1.73521e-12
-9.95218e-12
1.56955e-12
-9.07092e-12
1.44695e-12
-8.22528e-12
1.36133e-12
-7.45524e-12
1.29283e-12
-6.80126e-12
1.22141e-12
-6.26791e-12
1.1386e-12
-5.82055e-12
1.04439e-12
-5.40575e-12
9.53865e-13
-4.97864e-12
8.77029e-13
-4.52785e-12
8.17407e-13
-4.08066e-12
7.73374e-13
-3.68248e-12
7.38644e-13
-3.36311e-12
6.98184e-13
-3.13193e-12
6.51935e-13
-2.96306e-12
6.0063e-13
-2.81581e-12
5.45082e-13
-2.65192e-12
4.90508e-13
-2.45026e-12
4.31276e-13
-2.20764e-12
3.74459e-13
-1.93014e-12
3.2852e-13
-1.63192e-12
3.02628e-13
-1.31996e-12
2.99844e-13
-1.01743e-12
3.22161e-13
-7.4306e-13
3.55494e-13
-5.22384e-13
3.8751e-13
-3.72928e-13
4.09291e-13
-2.91509e-13
4.0464e-13
-2.47044e-13
3.79496e-13
-2.21362e-13
3.50389e-13
-1.8346e-13
3.29902e-13
-1.21446e-13
3.21571e-13
3.0424e-13
-3.02348e-10
2.31158e-11
-2.79486e-10
2.12892e-11
-2.5843e-10
1.95465e-11
-2.38961e-10
1.8008e-11
-2.20935e-10
1.66331e-11
-2.04247e-10
1.53825e-11
-1.8882e-10
1.42189e-11
-1.74569e-10
1.3133e-11
-1.61391e-10
1.21253e-11
-1.49173e-10
1.12026e-11
-1.37816e-10
1.03656e-11
-1.27255e-10
9.60451e-12
-1.17452e-10
8.90325e-12
-1.08388e-10
8.24572e-12
-1.0004e-10
7.62519e-12
-9.23701e-11
7.04033e-12
-8.53343e-11
6.49321e-12
-7.88835e-11
5.98356e-12
-7.29662e-11
5.50898e-12
-6.7523e-11
5.06809e-12
-6.24856e-11
4.66597e-12
-5.77847e-11
4.30916e-12
-5.33688e-11
3.9994e-12
-4.92213e-11
3.73098e-12
-4.536e-11
3.48759e-12
-4.18173e-11
3.25172e-12
-3.86114e-11
3.01095e-12
-3.57269e-11
2.76733e-12
-3.3116e-11
2.53083e-12
-3.07191e-11
2.31326e-12
-2.84902e-11
2.12013e-12
-2.64076e-11
1.9471e-12
-2.44681e-11
1.79105e-12
-2.26693e-11
1.6496e-12
-2.09955e-11
1.52505e-12
-1.94221e-11
1.42213e-12
-1.79301e-11
1.34149e-12
-1.65178e-11
1.27177e-12
-1.52011e-11
1.19889e-12
-1.39978e-11
1.11292e-12
-1.29085e-11
1.01328e-12
-1.19072e-11
9.126e-13
-1.09558e-11
8.28434e-13
-1.00227e-11
7.67431e-13
-9.10773e-12
7.3122e-13
-8.24428e-12
7.05048e-13
-7.47935e-12
6.70538e-13
-6.84124e-12
6.16432e-13
-6.31901e-12
5.46784e-13
-5.87224e-12
4.78659e-13
-5.44647e-12
4.286e-13
-5.00334e-12
4.00205e-13
-4.54042e-12
3.87516e-13
-4.09016e-12
3.81958e-13
-3.69563e-12
3.71586e-13
-3.38493e-12
3.41165e-13
-3.16061e-12
2.99832e-13
-2.99711e-12
2.55677e-13
-2.85494e-12
2.16308e-13
-2.69399e-12
1.87493e-13
-2.49215e-12
1.681e-13
-2.24252e-12
1.60403e-13
-1.94706e-12
1.61342e-13
-1.62171e-12
1.75259e-13
-1.28794e-12
1.94425e-13
-9.7165e-13
2.14445e-13
-7.02046e-13
2.24562e-13
-4.99543e-13
2.18608e-13
-3.7026e-13
2.01443e-13
-3.04212e-13
1.72403e-13
-2.73668e-13
1.41256e-13
-2.46388e-13
1.2136e-13
-1.94553e-13
1.10428e-13
-1.22734e-13
1.15458e-13
1.19172e-13
-2.78969e-10
-2.57781e-10
-2.38308e-10
-2.20341e-10
-2.03724e-10
-1.8835e-10
-1.74138e-10
-1.61001e-10
-1.48841e-10
-1.37557e-10
-1.27067e-10
-1.17318e-10
-1.08277e-10
-9.99225e-11
-9.22267e-11
-8.51559e-11
-7.86705e-11
-7.27268e-11
-6.72749e-11
-6.22549e-11
-5.75984e-11
-5.32422e-11
-4.91477e-11
-4.53092e-11
-4.17488e-11
-3.84943e-11
-3.55556e-11
-3.29101e-11
-3.05106e-11
-2.8304e-11
-2.62514e-11
-2.43356e-11
-2.25502e-11
-2.08876e-11
-1.93336e-11
-1.78707e-11
-1.64877e-11
-1.51897e-11
-1.399e-11
-1.28954e-11
-1.18955e-11
-1.09608e-11
-1.00577e-11
-9.17309e-12
-8.31823e-12
-7.52739e-12
-6.83769e-12
-6.26605e-12
-5.79593e-12
-5.38263e-12
-4.97762e-12
-4.55688e-12
-4.12946e-12
-3.72471e-12
-3.37566e-12
-3.10867e-12
-2.91762e-12
-2.77423e-12
-2.64155e-12
-2.4863e-12
-2.29026e-12
-2.04672e-12
-1.76347e-12
-1.45254e-12
-1.13835e-12
-8.48197e-13
-6.10554e-13
-4.43561e-13
-3.4233e-13
-2.90426e-13
-2.61338e-13
-2.27104e-13
-1.79938e-13
-1.19172e-13
)
;

boundaryField
{
    leftWall
    {
        type            calculated;
        value           nonuniform List<scalar> 0();
    }
    rightWall
    {
        type            calculated;
        value           uniform 0;
    }
    lowerWall
    {
        type            calculated;
        value           uniform 0;
    }
    atmosphere
    {
        type            calculated;
        value           uniform 0;
    }
    defaultFaces
    {
        type            empty;
    }
    procBoundary3to2
    {
        type            processor;
        value           nonuniform List<scalar> 
40
(
-3.02083e-10
-3.27422e-10
-3.24784e-10
-3.1904e-10
-3.11164e-10
-3.01187e-10
-2.89404e-10
-2.75969e-10
-2.60769e-10
-2.43788e-10
-2.25311e-10
-2.05577e-10
-1.84587e-10
-1.6231e-10
-1.38981e-10
-1.14942e-10
-9.0197e-11
-6.47417e-11
-3.87891e-11
-1.28683e-11
1.30266e-11
3.89409e-11
6.48639e-11
9.04075e-11
1.15034e-10
1.38907e-10
1.62321e-10
1.84956e-10
2.06094e-10
2.25548e-10
2.43668e-10
2.60719e-10
2.76268e-10
2.89704e-10
3.01048e-10
3.1074e-10
3.18924e-10
3.25013e-10
3.27483e-10
3.0174e-10
)
;
    }
}


// ************************************************************************* //
