/*--------------------------------*- C++ -*----------------------------------*\
| =========                 |                                                 |
| \\      /  F ield         | OpenFOAM: The Open Source CFD Toolbox           |
|  \\    /   O peration     | Version:  2606                                  |
|   \\  /    A nd           | Website:  www.openfoam.com                      |
|    \\/     M anipulation  |                                                 |
\*---------------------------------------------------------------------------*/
FoamFile
{
    version     2.0;
    format      ascii;
    arch        "LSB;label=32;scalar=64";
    class       volScalarField;
    location    "2";
    object      T;
}
// * * * * * * * * * * * * * * * * * * * * * * * * * * * * * * * * * * * * * //

dimensions      [0 0 0 1 0 0 0];

internalField   nonuniform List<scalar> 
400
(
0.95064040793791
0.95063700440259
0.95063019727532
0.95061998644287
0.95060637173541
0.95058935292652
0.95056892973322
0.95054510181598
0.95051786877878
0.95048723016914
0.95045318547812
0.95041573414045
0.95037487553451
0.95033060898244
0.95028293375016
0.95023184904749
0.95017735402819
0.95011944779004
0.95005812937497
0.94999339776907
0.94992525190279
0.94985369065097
0.94977871283295
0.94970031721273
0.94961850249903
0.94953326734549
0.94944461035071
0.94935253005844
0.94925702495773
0.94915809348302
0.94905573401435
0.94894994487748
0.94884072434406
0.94872807063181
0.94861198190466
0.94849245627296
0.94836949179365
0.94824308647043
0.94811323825399
0.94797994504217
0.94784320468017
0.9477030149608
0.94755937362463
0.94741227836025
0.94726172680447
0.94710771654258
0.94695024510854
0.94678930998526
0.94662490860483
0.94645703834874
0.94628569654817
0.94611088048426
0.9459325873883
0.9457508144421
0.94556555877819
0.94537681748012
0.94518458758274
0.94498886607251
0.94478964988776
0.94458693591902
0.94438072100929
0.94417100195438
0.9439577755032
0.94374103835809
0.94352078717512
0.94329701856445
0.94306972909065
0.942838915273
0.9426045735859
0.94236670045916
0.94212529227835
0.94188034538519
0.9416318560779
0.94137982061153
0.94112423519836
0.94086509600827
0.94060239916912
0.9403361407671
0.94006631684716
0.93979292341336
0.9395159564293
0.9392354118185
0.9389512854648
0.93866357321278
0.93837227086817
0.93807737419825
0.93777887893228
0.93747678076194
0.93717107534174
0.93686175828944
0.93654882518653
0.93623227157863
0.93591209297594
0.93558828485372
0.9352608426527
0.93492976177956
0.9345950376074
0.93425666547617
0.93391464069318
0.93356895853353
0.93321961424063
0.93286660302663
0.93250992007294
0.93214956053072
0.93178551952132
0.93141779213684
0.93104637344058
0.93067125846756
0.93029244222503
0.92990991969296
0.92952368582456
0.92913373554679
0.9287400637609
0.92834266534292
0.9279415351442
0.92753666799193
0.92712805868969
0.92671570201795
0.92629959273466
0.92587972557572
0.92545609525559
0.92502869646779
0.92459752388546
0.92416257216196
0.92372383593132
0.92328130980891
0.92283498839193
0.92238486626
0.92193093797572
0.92147319808524
0.92101164111883
0.92054626159145
0.92007705400334
0.91960401284059
0.91912713257571
0.91864640766824
0.91816183256531
0.91767340170226
0.91718110950318
0.91668495038157
0.91618491874088
0.91568100897513
0.91517321546951
0.91466153260098
0.91414595473889
0.91362647624554
0.91310309147684
0.9125757947829
0.91204458050861
0.91150944299431
0.91097037657639
0.91042737558786
0.90988043435902
0.90932954721809
0.90877470849176
0.9082159125059
0.90765315358612
0.90708642605845
0.90651572424991
0.90594104248918
0.90536237510724
0.90477971643796
0.90419306081877
0.90360240259126
0.90300773610186
0.90240905570245
0.90180635575098
0.90119963061215
0.90058887465804
0.8999740822687
0.89935524783288
0.89873236574859
0.89810543042378
0.89747443627701
0.89683937773803
0.89620024924849
0.89555704526254
0.8949097602475
0.89425838868451
0.89360292506915
0.89294336391211
0.89227969973985
0.89161192709521
0.8909400405381
0.89026403464611
0.8895839040152
0.88889964326031
0.88821124701604
0.88751870993728
0.88682202669986
0.88612119200122
0.88541620056102
0.88470704712184
0.88399372644978
0.88327623333513
0.88255456259303
0.88182870906409
0.88109866761506
0.88036443313946
0.87962600055824
0.87888336482042
0.87813652090373
0.87738546381526
0.87663018859211
0.87587069030201
0.87510696404398
0.87433900494899
0.87356680818054
0.87279036893538
0.87200968244406
0.87122474397164
0.87043554881831
0.86964209231998
0.86884436984897
0.86804237681461
0.86723610866389
0.86642556088208
0.86561072899334
0.86479160856138
0.86396819519008
0.86314048452408
0.86230847224945
0.86147215409428
0.86063152582931
0.85978658326852
0.85893732226981
0.85808373873554
0.85722582861319
0.85636358789596
0.85549701262335
0.85462609888181
0.85375084280531
0.85287124057596
0.85198728842459
0.85109898263139
0.85020631952645
0.84930929549038
0.8484079069549
0.84750215040344
0.8465920223717
0.84567751944824
0.84475863827508
0.84383537554825
0.84290772801839
0.84197569249132
0.84103926582857
0.84009844494801
0.83915322682437
0.83820360848981
0.83724958703451
0.83629115960716
0.83532832341559
0.83436107572725
0.83338941386981
0.83241333523168
0.83143283726255
0.83044791747392
0.82945857343966
0.82846480279652
0.82746660324465
0.82646397254816
0.82545690853559
0.82444540910049
0.82342947220185
0.82240909586469
0.82138427818054
0.82035501730791
0.81932131147284
0.81828315896937
0.81724055816002
0.81619350747631
0.81514200541921
0.81408605055965
0.81302564153898
0.81196077706944
0.81089145593465
0.80981767699004
0.80873943916336
0.80765674145506
0.80656958293885
0.80547796276202
0.80438188014602
0.80328133438677
0.8021763248552
0.80106685099761
0.79995291233616
0.79883450846921
0.79771163907183
0.79658430389613
0.79545250277175
0.79431623560618
0.79317550238525
0.79203030317343
0.7908806381143
0.78972650743091
0.78856791142613
0.78740485048309
0.78623732506548
0.78506533571798
0.78388888306659
0.78270796781899
0.7815225907649
0.78033275277643
0.7791384548084
0.77793969789872
0.77673648316869
0.77552881182333
0.77431668515171
0.77310010452728
0.77187907140818
0.7706535873375
0.76942365394366
0.76818927294064
0.76695044612834
0.76570717539279
0.76445946270648
0.76320731012863
0.76195071980547
0.76068969397047
0.75942423494464
0.75815434513675
0.75688002704363
0.75560128325034
0.7543181164305
0.75303052934644
0.75173852484947
0.75044210588011
0.74914127546826
0.74783603673348
0.74652639288513
0.74521234722262
0.74389390313558
0.74257106410403
0.74124383369862
0.73991221558075
0.73857621350278
0.73723583130816
0.73589107293164
0.73454194239937
0.7331884438291
0.73183058143029
0.73046835950426
0.7291017824443
0.72773085473585
0.72635558095655
0.72497596577641
0.7235920139579
0.72220373035604
0.72081111991852
0.71941418768575
0.71801293879102
0.7166073784605
0.71519751201335
0.71378334486178
0.71236488251115
0.71094213055994
0.70951509469989
0.70808378071599
0.70664819448653
0.70520834198314
0.7037642292708
0.70231586250788
0.70086324794615
0.69940639193077
0.6979453009003
0.69647998138672
0.69501044001539
0.69353668350503
0.69205871866773
0.69057655240892
0.68909019172728
0.68759964371477
0.68610491555656
0.68460601453095
0.68310294800936
0.68159572345623
0.68008434842896
0.67856883057785
0.67704917764599
0.6755253974692
0.67399749797592
0.67246548718711
0.67092937321616
0.66938916426875
0.66784486864278
0.66629649472818
0.66474405100686
0.66318754605248
0.66162698853041
0.66006238719752
0.65849375090202
0.65692108858335
0.65534440927198
0.65376372208923
0.65217903624715
0.65059036104825
0.6489977058854
0.64740108024158
0.64580049368969
0.64419595589237
)
;

boundaryField
{
    centre
    {
        type            zeroGradient;
    }
    surface
    {
        type            mixed;
        refValue        uniform 0;
        refGradient     uniform 0;
        valueFraction   uniform 0.0012484394506866;
        source          uniform 0;
        value           uniform 0.64339171624706;
    }
    sides
    {
        type            empty;
    }
}


// ************************************************************************* //
