/*--------------------------------*- C++ -*----------------------------------*\
| =========                 |                                                 |
| \\      /  F ield         | OpenFOAM: The Open Source CFD Toolbox           |
|  \\    /   O peration     | Version:  2606                                  |
|   \\  /    A nd           | Website:  www.openfoam.com                      |
|    \\/     M anipulation  |                                                 |
\*---------------------------------------------------------------------------*/
FoamFile
{
    version     2.0;
    format      ascii;
    arch        "LSB;label=32;scalar=64";
    class       surfaceScalarField;
    location    "0.25";
    object      phi;
}
// * * * * * * * * * * * * * * * * * * * * * * * * * * * * * * * * * * * * * //

dimensions      [0 3 -1 0 0 0 0];

oriented        oriented;

internalField   nonuniform List<scalar> 
5885
(
2.4778e-10
2.0513e-11
2.29071e-10
1.8828e-11
2.11762e-10
1.73808e-11
1.95761e-10
1.60733e-11
1.80923e-10
1.48747e-11
1.67168e-10
1.37444e-11
1.54447e-10
1.26924e-11
1.42711e-10
1.17195e-11
1.31892e-10
1.08282e-11
1.21908e-10
1.00095e-11
1.12674e-10
9.25411e-12
1.04114e-10
8.55218e-12
9.61709e-11
7.89538e-12
8.88083e-11
7.27595e-12
8.20151e-11
6.69611e-12
7.57865e-11
6.16625e-12
7.00996e-11
5.69635e-12
6.48977e-11
5.28557e-12
6.01037e-11
4.91567e-12
5.56491e-11
4.56596e-12
5.14951e-11
4.2264e-12
4.76282e-11
3.90179e-12
4.40366e-11
3.60226e-12
4.0694e-11
3.32905e-12
3.75683e-11
3.07131e-12
3.46431e-11
2.81871e-12
3.19301e-11
2.57244e-12
2.94514e-11
2.34872e-12
2.72092e-11
2.16345e-12
2.51703e-11
2.01521e-12
2.32806e-11
1.88561e-12
2.15006e-11
1.75099e-12
1.98298e-11
1.60275e-12
1.83008e-11
1.45082e-12
1.69432e-11
1.31868e-12
1.57528e-11
1.22116e-12
1.46878e-11
1.15316e-12
1.36919e-11
1.09619e-12
1.27281e-11
1.02969e-12
1.17939e-11
9.46431e-13
1.09131e-11
8.53447e-13
1.01138e-11
7.64402e-13
9.40884e-12
6.90312e-13
8.79e-12
6.34685e-13
8.23085e-12
5.96012e-13
7.6956e-12
5.69451e-13
7.14965e-12
5.46699e-13
6.56575e-12
5.21896e-13
5.93795e-12
4.86075e-13
5.28517e-12
4.36944e-13
4.64664e-12
3.79014e-13
4.06314e-12
3.24517e-13
3.56165e-12
2.80874e-13
3.14426e-12
2.50177e-13
2.7976e-12
2.244e-13
2.50521e-12
1.98659e-13
2.26512e-12
1.69485e-13
2.08494e-12
1.44348e-13
1.9643e-12
1.3535e-13
1.87951e-12
1.48271e-13
1.78925e-12
1.72177e-13
1.653e-12
1.89663e-13
1.45956e-12
1.84268e-13
1.23465e-12
1.57702e-13
1.03288e-12
1.20981e-13
8.97134e-13
9.83366e-14
8.24388e-13
1.09515e-13
7.73747e-13
1.43336e-13
6.8483e-13
1.80902e-13
5.19199e-13
2.00578e-13
3.02534e-13
1.79534e-13
1.02134e-13
1.32114e-13
-1.3198e-14
8.9455e-14
-2.40732e-14
8.60624e-14
1.54125e-13
2.68436e-10
4.2419e-11
2.48245e-10
3.92147e-11
2.29523e-10
3.6278e-11
2.12168e-10
3.35279e-11
1.96066e-10
3.09855e-11
1.81151e-10
2.86241e-11
1.67371e-10
2.64469e-11
1.54663e-10
2.44339e-11
1.42945e-10
2.25692e-11
1.32125e-10
2.08389e-11
1.22115e-10
1.9236e-11
1.12833e-10
1.77539e-11
1.04217e-10
1.63868e-11
9.62365e-11
1.51276e-11
8.88856e-11
1.39758e-11
8.21547e-11
1.29317e-11
7.60052e-11
1.19858e-11
7.03634e-11
1.11187e-11
6.51463e-11
1.03039e-11
6.02949e-11
9.52437e-12
5.57837e-11
8.78103e-12
5.15992e-11
8.08496e-12
4.77165e-11
7.44215e-12
4.40943e-11
6.84777e-12
4.06984e-11
6.29122e-12
3.75255e-11
5.77104e-12
3.46002e-11
5.29575e-12
3.19434e-11
4.87845e-12
2.95397e-11
4.51958e-12
2.73342e-11
4.20201e-12
2.5267e-11
3.90105e-12
2.33121e-11
3.60249e-12
2.14907e-11
3.31181e-12
1.98433e-11
3.04745e-12
1.83913e-11
2.82316e-12
1.71115e-11
2.63664e-12
1.59468e-11
2.46879e-12
1.48401e-11
2.30068e-12
1.37658e-11
2.12099e-12
1.27341e-11
1.93632e-12
1.17751e-11
1.75942e-12
1.09151e-11
1.60058e-12
1.01607e-11
1.46219e-12
9.49698e-12
1.3398e-12
8.89372e-12
1.2268e-12
8.31255e-12
1.11892e-12
7.71415e-12
1.01372e-12
7.0728e-12
9.1125e-13
6.38887e-12
8.08744e-13
5.68847e-12
7.12556e-13
5.01633e-12
6.27478e-13
4.41384e-12
5.60411e-13
3.89852e-12
5.11297e-13
3.46161e-12
4.75754e-13
3.08614e-12
4.41646e-13
2.76407e-12
4.08242e-13
2.5039e-12
3.76716e-13
2.31733e-12
3.55222e-13
2.19754e-12
3.49558e-13
2.10741e-12
3.57182e-13
1.99324e-12
3.62819e-13
1.81497e-12
3.55433e-13
1.57744e-12
3.28669e-13
1.32897e-12
2.96105e-13
1.12914e-12
2.73701e-13
1.00958e-12
2.75691e-13
9.50474e-13
3.04419e-13
8.8805e-13
3.39944e-13
7.61931e-13
3.62125e-13
5.60002e-13
3.60064e-13
3.14114e-13
3.44954e-13
1.14327e-13
3.16605e-13
2.49881e-14
3.08754e-13
5.49799e-14
3.33517e-13
3.41681e-13
2.66264e-10
6.418e-11
2.46232e-10
5.9389e-11
2.27659e-10
5.49519e-11
2.10426e-10
5.08134e-11
1.94451e-10
4.69642e-11
1.79659e-10
4.33949e-11
1.65993e-10
4.00931e-11
1.53384e-10
3.70343e-11
1.41755e-10
3.41968e-11
1.31021e-10
3.15682e-11
1.21093e-10
2.91406e-11
1.11889e-10
2.69039e-11
1.03349e-10
2.48463e-11
9.54465e-11
2.2957e-11
8.81752e-11
2.12291e-11
8.15175e-11
1.96543e-11
7.5422e-11
1.82108e-11
6.98103e-11
1.68705e-11
6.46096e-11
1.56057e-11
5.97768e-11
1.44051e-11
5.52958e-11
1.32736e-11
5.11496e-11
1.22217e-11
4.73015e-11
1.12501e-11
4.37058e-11
1.03491e-11
4.03346e-11
9.51125e-12
3.71968e-11
8.73867e-12
3.43194e-11
8.04123e-12
3.17111e-11
7.42542e-12
2.93395e-11
6.87934e-12
2.71426e-11
6.38003e-12
2.50704e-11
5.90414e-12
2.31159e-11
5.44676e-12
2.13135e-11
5.01952e-12
1.97002e-11
4.64038e-12
1.82797e-11
4.31276e-12
1.70133e-11
4.02203e-12
1.58408e-11
3.74466e-12
1.47172e-11
3.46507e-12
1.36322e-11
3.18076e-12
1.26045e-11
2.90529e-12
1.16614e-11
2.65177e-12
1.08197e-11
2.42543e-12
1.00788e-11
2.2215e-12
9.42211e-12
2.03159e-12
8.82122e-12
1.84924e-12
8.23917e-12
1.67366e-12
7.64149e-12
1.50323e-12
7.00357e-12
1.34381e-12
6.32619e-12
1.19467e-12
5.63832e-12
1.06202e-12
4.9823e-12
9.49981e-13
4.39497e-12
8.5977e-13
3.88703e-12
7.90576e-13
3.45092e-12
7.33752e-13
3.07163e-12
6.82184e-13
2.74984e-12
6.35095e-13
2.49858e-12
5.95771e-13
2.32652e-12
5.69979e-13
2.21681e-12
5.58833e-13
2.12415e-12
5.54902e-13
1.99418e-12
5.43812e-13
1.79859e-12
5.18685e-13
1.55432e-12
4.81439e-13
1.31768e-12
4.47623e-13
1.14175e-12
4.35172e-13
1.04444e-12
4.47252e-13
9.91588e-13
4.77086e-13
9.14718e-13
5.05552e-13
7.63493e-13
5.13958e-13
5.36689e-13
5.04453e-13
2.95232e-13
4.90081e-13
1.12813e-13
4.79806e-13
4.39948e-14
4.88556e-13
7.1864e-14
5.21156e-13
5.19273e-13
2.61521e-10
8.5706e-11
2.4183e-10
7.92697e-11
2.23562e-10
7.32893e-11
2.06612e-10
6.77701e-11
1.90917e-10
6.264e-11
1.76389e-10
5.78882e-11
1.62963e-10
5.34784e-11
1.50573e-10
4.93905e-11
1.3915e-10
4.5604e-11
1.28614e-10
4.21071e-11
1.18876e-10
3.88849e-11
1.09849e-10
3.59182e-11
1.01476e-10
3.31865e-11
9.37344e-11
3.06748e-11
8.66137e-11
2.83717e-11
8.00868e-11
2.62601e-11
7.40924e-11
2.43115e-11
6.85555e-11
2.24935e-11
6.34184e-11
2.07817e-11
5.8655e-11
1.91697e-11
5.42523e-11
1.76654e-11
5.01859e-11
1.6273e-11
4.64093e-11
1.4987e-11
4.28758e-11
1.37951e-11
3.95694e-11
1.26901e-11
3.65066e-11
1.16769e-11
3.37097e-11
1.07629e-11
3.11718e-11
9.94618e-12
2.88463e-11
9.20675e-12
2.66732e-11
8.52064e-12
2.46189e-11
7.87092e-12
2.2695e-11
7.26038e-12
2.09391e-11
6.70308e-12
1.93766e-11
6.20919e-12
1.79927e-11
5.77158e-12
1.67396e-11
5.36635e-12
1.55638e-11
4.97219e-12
1.44363e-11
4.58071e-12
1.33594e-11
4.19833e-12
1.2353e-11
3.84164e-12
1.14359e-11
3.5196e-12
1.06171e-11
3.22805e-12
9.8903e-12
2.95992e-12
9.24147e-12
2.70445e-12
8.64667e-12
2.45819e-12
8.073e-12
2.22325e-12
7.48501e-12
1.99991e-12
6.8591e-12
1.79458e-12
6.197e-12
1.60649e-12
5.52881e-12
1.43943e-12
4.89639e-12
1.29605e-12
4.32874e-12
1.17864e-12
3.83314e-12
1.08462e-12
3.40249e-12
1.00356e-12
3.02674e-12
9.34106e-13
2.713e-12
8.73324e-13
2.47558e-12
8.24921e-13
2.31777e-12
7.90959e-13
2.21337e-12
7.69733e-13
2.11417e-12
7.4913e-13
1.96957e-12
7.20292e-13
1.76332e-12
6.79605e-13
1.5228e-12
6.35468e-13
1.30449e-12
6.02783e-13
1.15389e-12
5.95217e-13
1.0739e-12
6.07702e-13
1.01868e-12
6.29773e-13
9.25294e-13
6.42465e-13
7.53664e-13
6.36779e-13
5.18135e-13
6.22452e-13
2.85081e-13
6.1106e-13
1.22676e-13
6.14475e-13
6.1135e-14
6.39878e-13
7.85093e-14
6.77846e-13
6.67883e-13
2.55063e-10
1.06686e-10
2.35856e-10
9.86948e-11
2.18033e-10
9.12009e-11
2.01485e-10
8.43064e-11
1.8616e-10
7.791e-11
1.71978e-10
7.19985e-11
1.58873e-10
6.65108e-11
1.46785e-10
6.1429e-11
1.35652e-10
5.67328e-11
1.25391e-10
5.24048e-11
1.15909e-10
4.84181e-11
1.07117e-10
4.47418e-11
9.89636e-11
4.13482e-11
9.14301e-11
3.82206e-11
8.45013e-11
3.53441e-11
7.81381e-11
3.26954e-11
7.22739e-11
3.02417e-11
6.68431e-11
2.79503e-11
6.18061e-11
2.5802e-11
5.71493e-11
2.37949e-11
5.28591e-11
2.19356e-11
4.88993e-11
2.02204e-11
4.52171e-11
1.8636e-11
4.17713e-11
1.71679e-11
3.85562e-11
1.58091e-11
3.55923e-11
1.45642e-11
3.28922e-11
1.34364e-11
3.04327e-11
1.24164e-11
2.816e-11
1.14805e-11
2.60235e-11
1.06081e-11
2.40081e-11
9.79008e-12
2.21375e-11
9.03365e-12
2.04447e-11
8.3499e-12
1.89378e-11
7.73826e-12
1.75879e-11
7.18183e-12
1.63457e-11
6.65468e-12
1.51717e-11
6.14181e-12
1.4054e-11
5.64353e-12
1.30013e-11
5.17309e-12
1.20297e-11
4.74323e-12
1.11461e-11
4.35736e-12
1.03492e-11
4.00421e-12
9.63479e-12
3.67329e-12
8.99502e-12
3.35598e-12
8.41044e-12
3.0545e-12
7.85088e-12
2.7704e-12
7.27843e-12
2.50553e-12
6.67062e-12
2.26095e-12
6.02971e-12
2.03671e-12
5.38644e-12
1.8342e-12
4.77918e-12
1.65782e-12
4.23271e-12
1.5115e-12
3.75315e-12
1.39027e-12
3.3322e-12
1.28632e-12
2.96604e-12
1.19905e-12
2.66487e-12
1.12434e-12
2.44247e-12
1.06389e-12
2.29568e-12
1.01724e-12
2.19299e-12
9.80156e-13
2.0846e-12
9.40122e-13
1.92844e-12
8.92732e-13
1.71847e-12
8.38613e-13
1.49003e-12
7.87797e-13
1.29479e-12
7.54481e-13
1.16731e-12
7.44815e-13
1.09653e-12
7.49811e-13
1.03268e-12
7.57317e-13
9.2136e-13
7.50687e-13
7.35775e-13
7.32478e-13
5.04131e-13
7.12857e-13
2.87754e-13
7.05404e-13
1.40832e-13
7.20788e-13
8.18387e-14
7.55946e-13
8.38027e-14
7.93654e-13
7.80541e-13
2.47021e-10
1.26819e-10
2.28376e-10
1.17403e-10
2.1112e-10
1.08524e-10
1.95096e-10
1.00315e-10
1.8024e-10
9.26878e-11
1.66489e-10
8.56449e-11
1.53788e-10
7.91192e-11
1.42086e-10
7.30891e-11
1.31321e-10
6.75278e-11
1.21403e-10
6.24048e-11
1.1223e-10
5.76784e-11
1.03721e-10
5.3309e-11
9.5834e-11
4.92659e-11
8.85516e-11
4.55327e-11
8.18514e-11
4.20915e-11
7.5683e-11
3.89137e-11
6.99811e-11
3.59632e-11
6.46933e-11
3.32111e-11
5.97978e-11
3.06439e-11
5.52882e-11
2.8262e-11
5.11427e-11
2.60678e-11
4.73144e-11
2.40471e-11
4.3748e-11
2.21794e-11
4.04119e-11
2.04475e-11
3.73106e-11
1.88449e-11
3.44639e-11
1.73744e-11
3.18708e-11
1.60353e-11
2.94972e-11
1.4811e-11
2.72873e-11
1.36813e-11
2.52051e-11
1.26287e-11
2.32514e-11
1.16509e-11
2.14537e-11
1.07551e-11
1.98328e-11
9.94589e-12
1.83806e-11
9.21131e-12
1.70607e-11
8.52946e-12
1.58322e-11
7.87814e-12
1.46729e-11
7.25123e-12
1.35826e-11
6.65667e-12
1.25708e-11
6.10835e-12
1.16418e-11
5.61236e-12
1.07927e-11
5.16365e-12
1.0018e-11
4.749e-12
9.31929e-12
4.35644e-12
8.69302e-12
3.98583e-12
8.12619e-12
3.63813e-12
7.58675e-12
3.31505e-12
7.03479e-12
3.01593e-12
6.44651e-12
2.73694e-12
5.82794e-12
2.47686e-12
5.21039e-12
2.2388e-12
4.63018e-12
2.02988e-12
4.10925e-12
1.85483e-12
3.6498e-12
1.70823e-12
3.24367e-12
1.58351e-12
2.89131e-12
1.47827e-12
2.60482e-12
1.38742e-12
2.39648e-12
1.31004e-12
2.25764e-12
1.24525e-12
2.15361e-12
1.18755e-12
2.03618e-12
1.12671e-12
1.87395e-12
1.05954e-12
1.66821e-12
9.92804e-13
1.45699e-12
9.33968e-13
1.28478e-12
8.95799e-13
1.17287e-12
8.78789e-13
1.10267e-12
8.7037e-13
1.02702e-12
8.59414e-13
9.01846e-13
8.34283e-13
7.14328e-13
8.05381e-13
4.97808e-13
7.80806e-13
3.02988e-13
7.76901e-13
1.68939e-13
7.99782e-13
1.0613e-13
8.34668e-13
8.27148e-14
8.69022e-13
8.53082e-13
2.3756e-10
1.46189e-10
2.19517e-10
1.35307e-10
2.02885e-10
1.2512e-10
1.87477e-10
1.15673e-10
1.73188e-10
1.0688e-10
1.59961e-10
9.87554e-11
1.47754e-10
9.12409e-11
1.36522e-10
8.43102e-11
1.26195e-10
7.7925e-11
1.16674e-10
7.20372e-11
1.07858e-10
6.65928e-11
9.96764e-11
6.15484e-11
9.20989e-11
5.68743e-11
8.51081e-11
5.25552e-11
7.86717e-11
4.85666e-11
7.27314e-11
4.48756e-11
6.72272e-11
4.14456e-11
6.21244e-11
3.82526e-11
5.74152e-11
3.52891e-11
5.30915e-11
3.25557e-11
4.91206e-11
3.00458e-11
4.54462e-11
2.77339e-11
4.20151e-11
2.5595e-11
3.88086e-11
2.36087e-11
3.58392e-11
2.17699e-11
3.31225e-11
2.00792e-11
3.06466e-11
1.85312e-11
2.83667e-11
1.71086e-11
2.62343e-11
1.5792e-11
2.42267e-11
1.45697e-11
2.23554e-11
1.34413e-11
2.06431e-11
1.24116e-11
1.90975e-11
1.14754e-11
1.7698e-11
1.06142e-11
1.64096e-11
9.80563e-12
1.52052e-11
9.03558e-12
1.40779e-11
8.30579e-12
1.30335e-11
7.62709e-12
1.20745e-11
7.00864e-12
1.11923e-11
6.449e-12
1.03768e-11
5.93659e-12
9.62652e-12
5.45841e-12
8.94822e-12
5.00903e-12
8.34597e-12
4.59178e-12
7.80601e-12
4.20626e-12
7.2894e-12
3.85371e-12
6.75618e-12
3.52449e-12
6.18677e-12
3.21097e-12
5.5908e-12
2.91562e-12
5.00105e-12
2.64478e-12
4.45251e-12
2.40653e-12
3.96136e-12
2.20692e-12
3.52569e-12
2.03846e-12
3.13756e-12
1.89435e-12
2.80046e-12
1.76962e-12
2.52885e-12
1.65804e-12
2.33375e-12
1.55715e-12
2.19873e-12
1.47202e-12
2.09163e-12
1.38943e-12
1.96847e-12
1.30575e-12
1.80513e-12
1.2187e-12
1.61093e-12
1.13677e-12
1.41851e-12
1.06959e-12
1.26652e-12
1.02167e-12
1.16548e-12
9.92796e-13
1.09185e-12
9.69555e-13
1.00533e-12
9.41175e-13
8.70866e-13
9.04318e-13
6.91264e-13
8.65395e-13
4.96873e-13
8.35841e-13
3.2238e-13
8.35441e-13
2.00799e-13
8.53351e-13
1.28814e-13
8.80612e-13
7.74016e-14
9.0898e-13
8.90825e-13
2.26643e-10
1.64875e-10
2.09348e-10
1.52446e-10
1.93416e-10
1.40927e-10
1.78691e-10
1.30285e-10
1.65053e-10
1.20397e-10
1.52443e-10
1.11253e-10
1.40819e-10
1.02807e-10
1.30133e-10
9.50228e-11
1.20304e-10
8.78494e-11
1.11226e-10
8.12241e-11
1.0281e-10
7.50862e-11
9.50003e-11
6.93928e-11
8.77763e-11
6.41173e-11
8.11173e-11
5.92398e-11
7.49785e-11
5.47295e-11
6.92993e-11
5.05485e-11
6.40319e-11
4.66626e-11
5.91593e-11
4.30548e-11
5.46805e-11
3.97216e-11
5.05792e-11
3.66597e-11
4.68087e-11
3.38504e-11
4.33062e-11
3.12592e-11
4.00276e-11
2.88569e-11
3.69686e-11
2.6623e-11
3.41476e-11
2.4555e-11
3.15736e-11
2.2651e-11
2.92231e-11
2.09021e-11
2.7049e-11
1.92902e-11
2.50112e-11
1.77982e-11
2.30985e-11
1.64179e-11
2.13251e-11
1.51484e-11
1.97058e-11
1.39887e-11
1.82355e-11
1.29255e-11
1.68889e-11
1.19384e-11
1.56393e-11
1.10091e-11
1.44749e-11
1.01319e-11
1.3399e-11
9.31278e-12
1.24148e-11
8.56033e-12
1.15141e-11
7.87569e-12
1.06791e-11
7.25066e-12
9.89885e-12
6.67176e-12
9.17769e-12
6.13153e-12
8.53029e-12
5.6303e-12
7.96136e-12
5.17396e-12
7.45101e-12
4.75813e-12
6.95818e-12
4.37756e-12
6.44403e-12
4.01675e-12
5.89124e-12
3.67144e-12
5.31973e-12
3.34262e-12
4.76324e-12
3.04433e-12
4.25115e-12
2.78413e-12
3.79261e-12
2.56595e-12
3.38129e-12
2.37874e-12
3.01154e-12
2.21348e-12
2.6901e-12
2.0651e-12
2.4344e-12
1.92619e-12
2.24623e-12
1.80301e-12
2.11606e-12
1.69019e-12
2.00715e-12
1.58179e-12
1.88232e-12
1.47374e-12
1.72325e-12
1.36678e-12
1.54307e-12
1.26855e-12
1.37199e-12
1.18975e-12
1.23763e-12
1.13066e-12
1.14265e-12
1.08994e-12
1.06316e-12
1.05446e-12
9.66525e-13
1.01422e-12
8.31527e-13
9.69361e-13
6.66818e-13
9.22389e-13
4.91747e-13
8.92544e-13
3.41461e-13
8.83199e-13
2.29489e-13
8.88338e-13
1.46895e-13
9.02488e-13
6.88916e-14
9.25869e-13
9.04318e-13
2.14159e-10
1.82607e-10
1.97847e-10
1.68722e-10
1.82753e-10
1.55899e-10
1.68804e-10
1.4409e-10
1.55901e-10
1.33158e-10
1.43992e-10
1.23058e-10
1.3303e-10
1.13738e-10
1.22956e-10
1.05148e-10
1.13674e-10
9.72224e-11
1.05085e-10
8.9891e-11
9.71125e-11
8.30926e-11
8.97217e-11
7.67872e-11
8.28957e-11
7.09476e-11
7.66046e-11
6.55464e-11
7.0795e-11
6.05448e-11
6.54111e-11
5.59023e-11
6.04218e-11
5.15907e-11
5.58243e-11
4.75993e-11
5.16163e-11
4.39251e-11
4.77671e-11
4.05559e-11
4.42168e-11
3.74599e-11
4.09017e-11
3.45975e-11
3.77927e-11
3.19377e-11
3.48991e-11
2.94637e-11
3.22423e-11
2.71756e-11
2.98236e-11
2.50681e-11
2.76104e-11
2.31301e-11
2.55564e-11
2.13417e-11
2.36301e-11
1.96881e-11
2.18288e-11
1.81615e-11
2.0164e-11
1.67597e-11
1.86417e-11
1.54735e-11
1.72478e-11
1.42873e-11
1.59597e-11
1.31809e-11
1.4762e-11
1.21432e-11
1.36555e-11
1.11732e-11
1.26461e-11
1.02771e-11
1.173e-11
9.45672e-12
1.08883e-11
8.70577e-12
1.01001e-11
8.01209e-12
9.3586e-12
7.36637e-12
8.67725e-12
6.76714e-12
8.07264e-12
6.22107e-12
7.54654e-12
5.72999e-12
7.06848e-12
5.28748e-12
6.59721e-12
4.87659e-12
6.0968e-12
4.48414e-12
5.5639e-12
4.1062e-12
5.02119e-12
3.75154e-12
4.5038e-12
3.4334e-12
4.03164e-12
3.15953e-12
3.60602e-12
2.92691e-12
3.21713e-12
2.72108e-12
2.86213e-12
2.53175e-12
2.55431e-12
2.35393e-12
2.30847e-12
2.18714e-12
2.13218e-12
2.03478e-12
2.00745e-12
1.89458e-12
1.89862e-12
1.76131e-12
1.77574e-12
1.62818e-12
1.62594e-12
1.50112e-12
1.46292e-12
1.38724e-12
1.31451e-12
1.29493e-12
1.19692e-12
1.22637e-12
1.10687e-12
1.17713e-12
1.02295e-12
1.13363e-12
9.19892e-13
1.08778e-12
7.87207e-13
1.03896e-12
6.35611e-13
9.86506e-13
4.82777e-13
9.51456e-13
3.50943e-13
9.27475e-13
2.43052e-13
9.15277e-13
1.46858e-13
9.16052e-13
5.60684e-14
9.26461e-13
9.03128e-13
2.00213e-10
1.99009e-10
1.8503e-10
1.839e-10
1.70926e-10
1.69913e-10
1.57869e-10
1.5701e-10
1.45794e-10
1.45093e-10
1.34666e-10
1.34097e-10
1.24435e-10
1.23957e-10
1.15026e-10
1.14608e-10
1.06339e-10
1.05972e-10
9.82827e-11
9.79753e-11
9.08031e-11
9.056e-11
8.38787e-11
8.36874e-11
7.74912e-11
7.73259e-11
7.16003e-11
7.14378e-11
6.61502e-11
6.59783e-11
6.10968e-11
6.09088e-11
5.6428e-11
5.62073e-11
5.21482e-11
5.1867e-11
4.82447e-11
4.78804e-11
4.46696e-11
4.42219e-11
4.13528e-11
4.08498e-11
3.82397e-11
3.77224e-11
3.53178e-11
3.48128e-11
3.2609e-11
3.21093e-11
3.0134e-11
2.96135e-11
2.78843e-11
2.73167e-11
2.58211e-11
2.52037e-11
2.39015e-11
2.32533e-11
2.2103e-11
2.14513e-11
2.04254e-11
1.97905e-11
1.8877e-11
1.82636e-11
1.74544e-11
1.68579e-11
1.61411e-11
1.55567e-11
1.49214e-11
1.43428e-11
1.37918e-11
1.32106e-11
1.27589e-11
1.21615e-11
1.18255e-11
1.11967e-11
1.09786e-11
1.03104e-11
1.01938e-11
9.49121e-12
9.45343e-12
8.7277e-12
8.75964e-12
8.01761e-12
8.13093e-12
7.36586e-12
7.58141e-12
6.78071e-12
7.10212e-12
6.2581e-12
6.65709e-12
5.78577e-12
6.2039e-12
5.34259e-12
5.71877e-12
4.91745e-12
5.20927e-12
4.51158e-12
4.70363e-12
4.13861e-12
4.23017e-12
3.80959e-12
3.7985e-12
3.52712e-12
3.40209e-12
3.28007e-12
3.02995e-12
3.05295e-12
2.68466e-12
2.83626e-12
2.38842e-12
2.62412e-12
2.15643e-12
2.42766e-12
1.99114e-12
2.24807e-12
1.87283e-12
2.08186e-12
1.76767e-12
1.92453e-12
1.64897e-12
1.76936e-12
1.51118e-12
1.62366e-12
1.37067e-12
1.49385e-12
1.2468e-12
1.39092e-12
1.1473e-12
1.31639e-12
1.06407e-12
1.26238e-12
9.77347e-13
1.21527e-12
8.69548e-13
1.16766e-12
7.3945e-13
1.11555e-12
5.96565e-13
1.05941e-12
4.6029e-13
1.01259e-12
3.40319e-13
9.71462e-13
2.34115e-13
9.40823e-13
1.38601e-13
9.21228e-13
4.33409e-14
9.23903e-13
8.98005e-13
1.85062e-10
2.14037e-10
1.71038e-10
1.97831e-10
1.58014e-10
1.82826e-10
1.45947e-10
1.68946e-10
1.34792e-10
1.56126e-10
1.2452e-10
1.44299e-10
1.15079e-10
1.33396e-10
1.06385e-10
1.23339e-10
9.83375e-11
1.14042e-10
9.08628e-11
1.0543e-10
8.39258e-11
9.74477e-11
7.75132e-11
9.00555e-11
7.15995e-11
8.32146e-11
6.61376e-11
7.68776e-11
6.10771e-11
7.09976e-11
5.63924e-11
6.55406e-11
5.20854e-11
6.049e-11
4.81588e-11
5.58372e-11
4.45837e-11
5.15644e-11
4.12959e-11
4.76321e-11
3.82235e-11
4.39934e-11
3.53274e-11
4.06098e-11
3.26135e-11
3.74626e-11
3.01112e-11
3.45455e-11
2.78359e-11
3.18589e-11
2.57694e-11
2.93888e-11
2.38698e-11
2.71159e-11
2.2099e-11
2.50179e-11
2.0441e-11
2.30809e-11
1.88972e-11
2.12968e-11
1.74703e-11
1.96538e-11
1.61516e-11
1.81378e-11
1.49271e-11
1.67318e-11
1.37892e-11
1.5424e-11
1.27426e-11
1.42105e-11
1.17936e-11
1.30925e-11
1.0939e-11
1.2063e-11
1.01589e-11
1.11105e-11
9.42975e-12
1.02228e-11
8.74253e-12
9.39239e-12
8.10822e-12
8.62442e-12
7.54552e-12
7.92773e-12
7.06036e-12
7.30678e-12
6.62877e-12
6.75421e-12
6.21344e-12
6.24743e-12
5.77812e-12
5.76949e-12
5.31344e-12
5.3132e-12
4.83658e-12
4.88634e-12
4.37651e-12
4.50214e-12
3.94838e-12
4.16944e-12
3.55218e-12
3.87812e-12
3.17417e-12
3.61439e-12
2.81076e-12
3.3595e-12
2.47684e-12
3.10755e-12
2.19091e-12
2.86637e-12
1.97506e-12
2.64073e-12
1.82416e-12
2.43793e-12
1.71354e-12
2.25081e-12
1.61458e-12
2.07083e-12
1.50304e-12
1.8991e-12
1.38339e-12
1.73635e-12
1.26842e-12
1.59606e-12
1.17194e-12
1.48664e-12
1.09446e-12
1.40782e-12
1.01992e-12
1.35243e-12
9.30345e-13
1.30375e-12
8.163e-13
1.25381e-12
6.84119e-13
1.19601e-12
5.47136e-13
1.13173e-12
4.21165e-13
1.06996e-12
3.10869e-13
1.01052e-12
2.10117e-13
9.63768e-13
1.18921e-13
9.26474e-13
3.16365e-14
9.23175e-13
8.95973e-13
1.68848e-10
2.27813e-10
1.5602e-10
2.10527e-10
1.44128e-10
1.94569e-10
1.33118e-10
1.79813e-10
1.22957e-10
1.66181e-10
1.13611e-10
1.53602e-10
1.05016e-10
1.42002e-10
9.70821e-11
1.31294e-10
8.97201e-11
1.2139e-10
8.28759e-11
1.12216e-10
7.65296e-11
1.03719e-10
7.0668e-11
9.58547e-11
6.52589e-11
8.85761e-11
6.02542e-11
8.18305e-11
5.56167e-11
7.55725e-11
5.13389e-11
6.9773e-11
4.74302e-11
6.44164e-11
4.38827e-11
5.9486e-11
4.06494e-11
5.49493e-11
3.76557e-11
5.07576e-11
3.4838e-11
4.68648e-11
3.21773e-11
4.324e-11
2.96956e-11
3.98741e-11
2.74226e-11
3.67651e-11
2.5365e-11
3.39072e-11
2.34949e-11
3.12813e-11
2.17708e-11
2.88634e-11
2.01614e-11
2.66314e-11
1.8655e-11
2.45726e-11
1.72532e-11
2.26756e-11
1.59532e-11
2.09267e-11
1.47448e-11
1.93104e-11
1.36188e-11
1.78114e-11
1.25758e-11
1.6421e-11
1.16229e-11
1.51368e-11
1.07638e-11
1.39549e-11
9.98695e-12
1.28628e-11
9.27079e-12
1.18457e-11
8.59923e-12
1.08929e-11
7.97403e-12
1.0003e-11
7.41195e-12
9.18602e-12
6.92497e-12
8.45194e-12
6.5052e-12
7.79829e-12
6.12168e-12
7.21097e-12
5.73483e-12
6.66749e-12
5.32145e-12
6.15497e-12
4.88725e-12
5.67151e-12
4.45388e-12
5.23106e-12
4.04262e-12
4.84205e-12
3.65796e-12
4.5041e-12
3.28645e-12
4.20093e-12
2.91915e-12
3.9115e-12
2.56008e-12
3.62405e-12
2.23338e-12
3.33823e-12
1.9653e-12
3.07005e-12
1.77028e-12
2.82287e-12
1.63715e-12
2.60297e-12
1.53812e-12
2.39956e-12
1.44185e-12
2.20733e-12
1.34097e-12
2.02089e-12
1.24207e-12
1.84718e-12
1.15823e-12
1.70056e-12
1.09473e-12
1.58768e-12
1.04016e-12
1.50727e-12
9.74778e-13
1.44889e-12
8.79923e-13
1.39746e-12
7.58191e-13
1.33775e-12
6.21074e-13
1.26877e-12
4.83879e-13
1.1936e-12
3.62359e-13
1.11599e-12
2.56715e-13
1.04271e-12
1.69005e-13
9.7792e-13
8.93922e-14
9.32908e-13
2.2801e-14
9.22787e-13
9.01913e-13
1.51562e-10
2.40241e-10
1.40049e-10
2.21971e-10
1.29365e-10
2.05121e-10
1.19478e-10
1.89564e-10
1.10371e-10
1.75204e-10
1.02004e-10
1.61955e-10
9.43018e-11
1.49728e-10
8.71718e-11
1.38433e-10
8.05409e-11
1.27979e-10
7.43739e-11
1.18298e-10
6.86608e-11
1.09338e-10
6.33851e-11
1.01047e-10
5.85095e-11
9.33747e-11
5.39924e-11
8.6265e-11
4.98135e-11
7.96769e-11
4.59795e-11
7.35824e-11
4.24969e-11
6.79621e-11
3.9343e-11
6.2784e-11
3.64554e-11
5.80039e-11
3.37602e-11
5.3569e-11
3.12112e-11
4.94403e-11
2.88091e-11
4.55983e-11
2.65851e-11
4.20405e-11
2.45629e-11
3.8765e-11
2.27378e-11
3.5757e-11
2.10755e-11
3.29925e-11
1.9538e-11
3.0444e-11
1.81006e-11
2.80921e-11
1.67565e-11
2.59231e-11
1.55034e-11
2.39247e-11
1.43357e-11
2.20798e-11
1.32448e-11
2.03728e-11
1.22285e-11
1.87901e-11
1.12914e-11
1.73267e-11
1.044e-11
1.59785e-11
9.67167e-12
1.47363e-11
8.96999e-12
1.35844e-11
8.31779e-12
1.25065e-11
7.70937e-12
1.14967e-11
7.15681e-12
1.05577e-11
6.67639e-12
9.70175e-12
6.2702e-12
8.93498e-12
5.91678e-12
8.24791e-12
5.57772e-12
7.6242e-12
5.2211e-12
7.04331e-12
4.8395e-12
6.4983e-12
4.44598e-12
5.99604e-12
4.06532e-12
5.54495e-12
3.70375e-12
5.1521e-12
3.35279e-12
4.80369e-12
2.99677e-12
4.4782e-12
2.63134e-12
4.1573e-12
2.27507e-12
3.83608e-12
1.9611e-12
3.52205e-12
1.71915e-12
3.23263e-12
1.54897e-12
2.97647e-12
1.43439e-12
2.74655e-12
1.34195e-12
2.53599e-12
1.25427e-12
2.33262e-12
1.1681e-12
2.13847e-12
1.09542e-12
1.96065e-12
1.04667e-12
1.81249e-12
1.01506e-12
1.69998e-12
9.81056e-13
1.61595e-12
9.1969e-13
1.55002e-12
8.20142e-13
1.48471e-12
6.8869e-13
1.40808e-12
5.43836e-13
1.32281e-12
4.05997e-13
1.2333e-12
2.88313e-13
1.14289e-12
1.91826e-13
1.06033e-12
1.15623e-13
9.86754e-13
5.49539e-14
9.38413e-13
8.95886e-15
9.28576e-13
9.10742e-13
1.33306e-10
2.51107e-10
1.23191e-10
2.32052e-10
1.13798e-10
2.14434e-10
1.05107e-10
1.98169e-10
9.71117e-11
1.83162e-10
8.97704e-11
1.69319e-10
8.29992e-11
1.56537e-10
7.67122e-11
1.44717e-10
7.08542e-11
1.33773e-10
6.54076e-11
1.2364e-10
6.03657e-11
1.14267e-10
5.57079e-11
1.05599e-10
5.1396e-11
9.75802e-11
4.74001e-11
9.01566e-11
4.37158e-11
8.32887e-11
4.03551e-11
7.6946e-11
3.7316e-11
7.1098e-11
3.45596e-11
6.56985e-11
3.2018e-11
6.06949e-11
2.96286e-11
5.60387e-11
2.73671e-11
5.17015e-11
2.52497e-11
4.76749e-11
2.33072e-11
4.39582e-11
2.15533e-11
4.05431e-11
1.99714e-11
3.74061e-11
1.85259e-11
3.45195e-11
1.71849e-11
3.18554e-11
1.59304e-11
2.93976e-11
1.47563e-11
2.71312e-11
1.36576e-11
2.50415e-11
1.26275e-11
2.31092e-11
1.16619e-11
2.13192e-11
1.07643e-11
1.96609e-11
9.94209e-12
1.81312e-11
9.19712e-12
1.67241e-11
8.52012e-12
1.54256e-11
7.8929e-12
1.42197e-11
7.30695e-12
1.30889e-11
6.77049e-12
1.20312e-11
6.3003e-12
1.10545e-11
5.90853e-12
1.01668e-11
5.5835e-12
9.37042e-12
5.29197e-12
8.65006e-12
4.99632e-12
7.9894e-12
4.67571e-12
7.37372e-12
4.33571e-12
6.80222e-12
3.99683e-12
6.28417e-12
3.67138e-12
5.82557e-12
3.35433e-12
5.42261e-12
3.0274e-12
5.05343e-12
2.67568e-12
4.69809e-12
2.30989e-12
4.34206e-12
1.96334e-12
3.9906e-12
1.67141e-12
3.66097e-12
1.46007e-12
3.36249e-12
1.32018e-12
3.10479e-12
1.22261e-12
2.87411e-12
1.13934e-12
2.65973e-12
1.05833e-12
2.45246e-12
9.90072e-13
2.25461e-12
9.47017e-13
2.07879e-12
9.33256e-13
1.93287e-12
9.3183e-13
1.81951e-12
9.13815e-13
1.72683e-12
8.52581e-13
1.64542e-12
7.4425e-13
1.55628e-12
6.02252e-13
1.4558e-12
4.52347e-13
1.34992e-12
3.16115e-13
1.24692e-12
2.04901e-13
1.14935e-12
1.22369e-13
1.06189e-12
5.83097e-14
9.93819e-13
1.83425e-14
9.45079e-13
-3.3303e-15
9.39458e-13
9.23777e-13
1.14274e-10
2.60364e-10
1.05576e-10
2.40671e-10
9.75229e-11
2.22433e-10
9.00909e-11
2.05577e-10
8.32615e-11
1.90018e-10
7.69822e-11
1.75659e-10
7.11722e-11
1.62389e-10
6.57615e-11
1.50106e-10
6.07158e-11
1.38731e-10
5.60289e-11
1.28205e-10
5.16943e-11
1.18474e-10
4.76842e-11
1.09483e-10
4.39682e-11
1.01171e-10
4.05281e-11
9.34864e-11
3.73697e-11
8.63884e-11
3.4503e-11
7.98385e-11
3.19135e-11
7.37931e-11
2.95529e-11
6.81955e-11
2.73591e-11
6.2992e-11
2.5289e-11
5.81447e-11
2.33385e-11
5.36363e-11
2.15311e-11
4.94641e-11
1.98899e-11
4.56231e-11
1.84149e-11
4.20953e-11
1.70824e-11
3.88498e-11
1.58608e-11
3.58575e-11
1.47255e-11
3.3094e-11
1.36628e-11
3.05448e-11
1.26651e-11
2.81931e-11
1.17246e-11
2.60212e-11
1.08364e-11
2.40085e-11
1.0003e-11
2.2142e-11
9.23327e-12
2.04151e-11
8.53365e-12
1.88257e-11
7.89927e-12
1.73654e-11
7.31424e-12
1.60174e-11
6.76485e-12
1.4764e-11
6.25087e-12
1.35914e-11
5.7927e-12
1.24969e-11
5.4119e-12
1.14893e-11
5.10978e-12
1.05755e-11
4.86305e-12
9.75005e-12
4.6304e-12
8.99777e-12
4.37996e-12
8.30309e-12
4.10391e-12
7.658e-12
3.81746e-12
7.06557e-12
3.53777e-12
6.53496e-12
3.26677e-12
6.06393e-12
2.98573e-12
5.6414e-12
2.67146e-12
5.24306e-12
2.31994e-12
4.85327e-12
1.95802e-12
4.46572e-12
1.62865e-12
4.09667e-12
1.37393e-12
3.75987e-12
1.20018e-12
3.46769e-12
1.08995e-12
3.21526e-12
1.00785e-12
2.98819e-12
9.3157e-13
2.77287e-12
8.6125e-13
2.56433e-12
8.13266e-13
2.36855e-12
8.01575e-13
2.19738e-12
8.19448e-13
2.05521e-12
8.39791e-13
1.93772e-12
8.2863e-13
1.8292e-12
7.62179e-13
1.72368e-12
6.44789e-13
1.60345e-12
4.96274e-13
1.47704e-12
3.47866e-13
1.35104e-12
2.18554e-13
1.24049e-12
1.18404e-13
1.1425e-12
4.80565e-14
1.05893e-12
3.5795e-15
9.98466e-13
-1.59998e-14
9.57073e-13
-1.37778e-14
9.57711e-13
9.43405e-13
9.4577e-11
2.6814e-10
8.73293e-11
2.47821e-10
8.06504e-11
2.29062e-10
7.45191e-11
2.11731e-10
6.88926e-11
1.9572e-10
6.37038e-11
1.80926e-10
5.88821e-11
1.67237e-10
5.43799e-11
1.54557e-10
5.01835e-11
1.42818e-10
4.6293e-11
1.31963e-10
4.26963e-11
1.21937e-10
3.93673e-11
1.12681e-10
3.62791e-11
1.04133e-10
3.34255e-11
9.62395e-11
3.08163e-11
8.89555e-11
2.8453e-11
8.22333e-11
2.63128e-11
7.60158e-11
2.43468e-11
7.02452e-11
2.25089e-11
6.48727e-11
2.07782e-11
5.98734e-11
1.91644e-11
5.52371e-11
1.76882e-11
5.09609e-11
1.63599e-11
4.70287e-11
1.5168e-11
4.34133e-11
1.40882e-11
4.00788e-11
1.30963e-11
3.69988e-11
1.21741e-11
3.41533e-11
1.13098e-11
3.1527e-11
1.04918e-11
2.91011e-11
9.71128e-12
2.6855e-11
8.96907e-12
2.47685e-11
8.27533e-12
2.28332e-11
7.64272e-12
2.1046e-11
7.07237e-12
1.94061e-11
6.55177e-12
1.79007e-11
6.05865e-12
1.65134e-11
5.5885e-12
1.52197e-11
5.15525e-12
1.40113e-11
4.78589e-12
1.28872e-11
4.49743e-12
1.18569e-11
4.28442e-12
1.09187e-11
4.11082e-12
1.00672e-11
3.9352e-12
9.28593e-12
3.7344e-12
8.56266e-12
3.51183e-12
7.89466e-12
3.28635e-12
7.2855e-12
3.06777e-12
6.74077e-12
2.84388e-12
6.25088e-12
2.58906e-12
5.79889e-12
2.28171e-12
5.36755e-12
1.9343e-12
4.94522e-12
1.58684e-12
4.53809e-12
1.29135e-12
4.16419e-12
1.07966e-12
3.8349e-12
9.48388e-13
3.55439e-12
8.63354e-13
3.31328e-12
7.92136e-13
3.08972e-12
7.2264e-13
2.87254e-12
6.64997e-13
2.66453e-12
6.40305e-13
2.47327e-12
6.58608e-13
2.30677e-12
7.02347e-13
2.16567e-12
7.34215e-13
2.04026e-12
7.1844e-13
1.91225e-12
6.43788e-13
1.7751e-12
5.19215e-13
1.62492e-12
3.73163e-13
1.47554e-12
2.36616e-13
1.33585e-12
1.22169e-13
1.22754e-12
4.08233e-14
1.13295e-12
-1.87941e-14
1.06595e-12
-4.53073e-14
1.01008e-12
-4.58711e-14
9.79661e-13
-2.13489e-14
9.86911e-13
9.735e-13
7.4257e-11
2.74345e-10
6.85625e-11
2.53493e-10
6.33065e-11
2.34299e-10
5.85012e-11
2.16587e-10
5.40906e-11
2.00217e-10
5.00068e-11
1.85068e-10
4.61951e-11
1.71034e-10
4.26339e-11
1.58033e-10
3.9323e-11
1.46004e-10
3.62618e-11
1.34894e-10
3.34348e-11
1.24641e-10
3.08138e-11
1.15183e-10
2.83814e-11
1.06455e-10
2.61378e-11
9.84009e-11
2.40897e-11
9.097e-11
2.22325e-11
8.41039e-11
2.05391e-11
7.77411e-11
1.89722e-11
7.18276e-11
1.75064e-11
6.63253e-11
1.614e-11
6.12189e-11
1.48863e-11
5.64999e-11
1.37545e-11
5.21589e-11
1.27419e-11
4.81651e-11
1.18324e-11
4.44838e-11
1.10067e-11
4.10805e-11
1.0249e-11
3.79323e-11
9.5461e-12
3.50222e-11
8.88289e-12
3.23331e-11
8.24416e-12
2.98435e-11
7.62448e-12
2.7531e-11
7.03261e-12
2.53798e-11
6.48773e-12
2.33861e-11
6.00079e-12
2.1552e-11
5.56697e-12
1.98723e-11
5.161e-12
1.8334e-11
4.76421e-12
1.69132e-11
4.37833e-12
1.55867e-11
4.02994e-12
1.43485e-11
3.75226e-12
1.31998e-11
3.55975e-12
1.21481e-11
3.43204e-12
1.11904e-11
3.32902e-12
1.03157e-11
3.21169e-12
9.51066e-12
3.06566e-12
8.7664e-12
2.90316e-12
8.08087e-12
2.74106e-12
7.45651e-12
2.57856e-12
6.89414e-12
2.39499e-12
6.37659e-12
2.15698e-12
5.89429e-12
1.85808e-12
5.43062e-12
1.52796e-12
4.98279e-12
1.21409e-12
4.57116e-12
9.69613e-13
4.20408e-12
8.05606e-13
3.89708e-12
7.06134e-13
3.63483e-12
6.39573e-13
3.39844e-12
5.75859e-13
3.17383e-12
5.13382e-13
2.95315e-12
4.73829e-13
2.7434e-12
4.74624e-13
2.55801e-12
5.181e-13
2.3948e-12
5.74696e-13
2.25286e-12
6.05492e-13
2.1144e-12
5.78652e-13
1.96486e-12
4.92993e-13
1.79903e-12
3.68924e-13
1.62475e-12
2.36765e-13
1.46251e-12
1.17617e-13
1.32537e-12
3.0413e-14
1.21973e-12
-3.29918e-14
1.13942e-12
-7.23752e-14
1.0845e-12
-8.91934e-14
1.04266e-12
-7.08118e-14
1.01554e-12
-2.57874e-14
1.0303e-12
1.01747e-12
5.3398e-11
2.78791e-10
4.93531e-11
2.5762e-10
4.55827e-11
2.38107e-10
4.21219e-11
2.20105e-10
3.89336e-11
2.03459e-10
3.59655e-11
1.88036e-10
3.31885e-11
1.73742e-10
3.05988e-11
1.60507e-10
2.82051e-11
1.48275e-10
2.60031e-11
1.36988e-10
2.39692e-11
1.2658e-10
2.20801e-11
1.16981e-10
2.03235e-11
1.08126e-10
1.87024e-11
9.99555e-11
1.72198e-11
9.24117e-11
1.58666e-11
8.5431e-11
1.46214e-11
7.89543e-11
1.34667e-11
7.29348e-11
1.23972e-11
6.73473e-11
1.14199e-11
6.21812e-11
1.05413e-11
5.74225e-11
9.75851e-12
5.30482e-11
9.05839e-12
4.90173e-11
8.42799e-12
4.52906e-11
7.85683e-12
4.1839e-11
7.33711e-12
3.8643e-11
6.85575e-12
3.56856e-11
6.39216e-12
3.29478e-11
5.93048e-12
3.04054e-11
5.47265e-12
2.80373e-11
5.03849e-12
2.58348e-11
4.65266e-12
2.37988e-11
4.32136e-12
2.19339e-11
4.02609e-12
2.023e-11
3.73787e-12
1.86659e-11
3.43741e-12
1.72185e-11
3.1404e-12
1.58618e-11
2.88205e-12
1.4599e-11
2.70003e-12
1.34289e-11
2.60199e-12
1.23592e-11
2.55732e-12
1.13864e-11
2.52476e-12
1.04922e-11
2.46647e-12
9.67222e-12
2.38058e-12
8.91164e-12
2.28034e-12
8.21319e-12
2.17964e-12
7.57183e-12
2.06787e-12
6.98684e-12
1.90958e-12
6.44646e-12
1.68991e-12
5.92996e-12
1.41237e-12
5.44042e-12
1.11275e-12
4.98548e-12
8.49725e-13
4.57983e-12
6.55366e-13
4.23711e-12
5.37812e-13
3.95043e-12
4.69867e-13
3.69904e-12
4.12577e-13
3.46579e-12
3.54197e-13
3.23222e-12
3.03531e-13
3.00471e-12
2.84092e-13
2.79448e-12
3.13459e-13
2.60993e-12
3.75516e-13
2.45036e-12
4.34124e-13
2.30553e-12
4.54216e-13
2.15122e-12
4.13315e-13
1.98286e-12
3.22805e-13
1.79697e-12
2.0677e-13
1.61535e-12
9.79507e-14
1.45405e-12
1.50842e-14
1.32461e-12
-4.44996e-14
1.23418e-12
-8.8316e-14
1.17022e-12
-1.15171e-13
1.12642e-12
-1.17468e-13
1.09226e-12
-9.08107e-14
1.07503e-12
-2.6997e-14
1.08894e-12
1.07688e-12
3.22164e-11
2.81374e-10
2.98335e-11
2.60128e-10
2.75692e-11
2.40439e-10
2.5462e-11
2.2224e-10
2.35016e-11
2.054e-10
2.16643e-11
1.89796e-10
1.9945e-11
1.7534e-10
1.83589e-11
1.61968e-10
1.69107e-11
1.49624e-10
1.55873e-11
1.38242e-10
1.43645e-11
1.27747e-10
1.32206e-11
1.18067e-10
1.21505e-11
1.09134e-10
1.11546e-11
1.0089e-10
1.02348e-11
9.32673e-11
9.38461e-12
8.62053e-11
8.59823e-12
7.96509e-11
7.87658e-12
7.357e-11
7.2276e-12
6.79457e-11
6.65785e-12
6.27638e-11
6.16308e-12
5.79981e-11
5.7251e-12
5.36168e-11
5.33061e-12
4.95683e-11
4.97429e-12
4.58167e-11
4.65833e-12
4.2337e-11
4.37895e-12
3.91126e-11
4.11726e-12
3.61258e-11
3.84875e-12
3.33541e-11
3.56175e-12
3.07723e-11
3.26963e-12
2.83647e-11
3.0034e-12
2.61298e-11
2.78701e-12
2.4073e-11
2.61708e-12
2.21957e-11
2.46223e-12
2.048e-11
2.28787e-12
1.88975e-11
2.08582e-12
1.74231e-11
1.87514e-12
1.60457e-11
1.71325e-12
1.4756e-11
1.62977e-12
1.35713e-11
1.62781e-12
1.24871e-11
1.66985e-12
1.15024e-11
1.70278e-12
1.06029e-11
1.70708e-12
9.76971e-12
1.682e-12
8.99822e-12
1.64528e-12
8.28527e-12
1.59289e-12
7.63451e-12
1.51717e-12
7.02503e-12
1.39292e-12
6.45366e-12
1.20029e-12
5.91507e-12
9.57686e-13
5.41441e-12
7.10806e-13
4.96449e-12
5.03922e-13
4.58177e-12
3.66004e-13
4.26156e-12
2.86303e-13
3.99131e-12
2.33812e-13
3.74315e-12
1.81447e-13
3.5026e-12
1.28524e-13
3.25627e-12
9.26398e-14
3.02253e-12
1.0177e-13
2.8079e-12
1.55722e-13
2.62618e-12
2.28443e-13
2.46874e-12
2.81292e-13
2.31825e-12
2.84585e-13
2.15052e-12
2.29458e-13
1.97187e-12
1.37665e-13
1.78184e-12
4.1358e-14
1.60688e-12
-3.15756e-14
1.4575e-12
-7.92192e-14
1.34722e-12
-1.11252e-13
1.27503e-12
-1.36335e-13
1.22403e-12
-1.50473e-13
1.18657e-12
-1.43562e-13
1.15916e-12
-1.01479e-13
1.14668e-12
-2.53565e-14
1.16516e-12
1.15023e-12
1.08727e-11
2.82272e-10
1.01123e-11
2.60968e-10
9.36326e-12
2.4123e-10
8.61779e-12
2.22945e-10
7.88936e-12
2.06018e-10
7.19697e-12
1.90337e-10
6.56449e-12
1.75824e-10
6.00693e-12
1.62418e-10
5.52141e-12
1.50053e-10
5.08718e-12
1.38651e-10
4.67949e-12
1.28135e-10
4.28429e-12
1.1843e-10
3.89923e-12
1.0947e-10
3.52691e-12
1.01192e-10
3.16812e-12
9.35293e-11
2.82627e-12
8.64262e-11
2.51388e-12
7.98387e-11
2.24802e-12
7.37446e-11
2.04341e-12
6.81262e-11
1.8952e-12
6.2964e-11
1.77862e-12
5.82223e-11
1.67606e-12
5.38508e-11
1.57832e-12
4.98024e-11
1.49352e-12
4.60452e-11
1.43303e-12
4.25578e-11
1.38983e-12
3.93265e-11
1.34363e-12
3.63252e-11
1.26634e-12
3.35358e-11
1.15651e-12
3.09318e-11
1.03819e-12
2.85082e-11
9.47533e-13
2.62686e-11
9.05221e-13
2.42146e-11
8.97404e-13
2.23381e-11
8.78634e-13
2.06186e-11
8.10641e-13
1.9024e-11
6.96842e-13
1.75279e-11
5.83465e-13
1.6124e-11
5.20371e-13
1.48193e-11
5.44192e-13
1.36222e-11
6.37122e-13
1.2537e-11
7.60375e-13
1.15475e-11
8.70035e-13
1.06402e-11
9.39286e-13
9.80304e-12
9.75396e-13
9.02416e-12
9.87196e-13
8.30612e-12
9.84853e-13
7.6364e-12
9.46048e-13
7.00825e-12
8.51774e-13
6.41576e-12
6.99092e-13
5.86324e-12
5.0914e-13
5.36641e-12
3.24497e-13
4.9344e-12
1.80781e-13
4.5766e-12
9.48004e-14
4.2696e-12
3.72259e-14
4.01161e-12
-8.73677e-15
3.75271e-12
-5.52146e-14
3.49428e-12
-1.01676e-13
3.24299e-12
-1.10283e-13
2.99874e-12
-7.626e-14
2.7913e-12
-2.58185e-15
2.61091e-12
7.62159e-14
2.45089e-12
1.21086e-13
2.29247e-12
1.01782e-13
2.12533e-12
4.10539e-14
1.93917e-12
-4.3597e-14
1.76518e-12
-1.09598e-13
1.60547e-12
-1.44548e-13
1.47834e-12
-1.59259e-13
1.39247e-12
-1.63816e-13
1.33159e-12
-1.74827e-13
1.29195e-12
-1.80714e-13
1.25721e-12
-1.65884e-13
1.23519e-12
-1.12235e-13
1.22654e-12
-2.3394e-14
1.25044e-12
1.23103e-12
-1.04594e-11
2.81399e-10
-9.65605e-12
2.60129e-10
-8.92879e-12
2.40462e-10
-8.32307e-12
2.22212e-10
-7.80538e-12
2.05309e-10
-7.32717e-12
1.89664e-10
-6.85213e-12
1.75206e-10
-6.36897e-12
1.61865e-10
-5.88936e-12
1.49561e-10
-5.43847e-12
1.38212e-10
-5.03485e-12
1.27736e-10
-4.68503e-12
1.18062e-10
-4.38928e-12
1.09124e-10
-4.14527e-12
1.00858e-10
-3.9443e-12
9.31996e-11
-3.76822e-12
8.61016e-11
-3.5885e-12
7.95312e-11
-3.37619e-12
7.34693e-11
-3.12668e-12
6.78986e-11
-2.85859e-12
6.27854e-11
-2.6034e-12
5.80831e-11
-2.37995e-12
5.3736e-11
-2.18599e-12
4.97052e-11
-1.99878e-12
4.59616e-11
-1.80582e-12
4.24897e-11
-1.6121e-12
3.92667e-11
-1.45306e-12
3.62756e-11
-1.34246e-12
3.34847e-11
-1.27531e-12
3.08847e-11
-1.21187e-12
2.84706e-11
-1.1131e-12
2.62489e-11
-9.72652e-13
2.42165e-11
-8.26012e-13
2.23568e-11
-7.21263e-13
2.0638e-11
-6.87464e-13
1.90309e-11
-7.07695e-13
1.75174e-11
-7.2659e-13
1.61e-11
-6.84481e-13
1.47892e-11
-5.56101e-13
1.35926e-11
-3.58871e-13
1.25065e-11
-1.4816e-13
1.15206e-11
2.9127e-14
1.06167e-11
1.58681e-13
9.77762e-12
2.44975e-13
8.99809e-12
3.07714e-13
8.26968e-12
3.48489e-13
7.58444e-12
3.50767e-13
6.9416e-12
2.98194e-13
6.34146e-12
1.96353e-13
5.79029e-12
7.46391e-14
5.30347e-12
-4.03272e-14
4.89592e-12
-1.1856e-13
4.55139e-12
-1.76096e-13
4.2602e-12
-2.15076e-13
3.9878e-12
-2.67724e-13
3.72269e-12
-3.19534e-13
3.44797e-12
-3.45661e-13
3.18601e-12
-3.29017e-13
2.94707e-12
-2.59351e-13
2.74336e-12
-1.62754e-13
2.56664e-12
-8.34494e-14
2.40806e-12
-5.42217e-14
2.24651e-12
-8.31477e-14
2.08025e-12
-1.5083e-13
1.90717e-12
-2.07432e-13
1.74339e-12
-2.32734e-13
1.6075e-12
-2.31828e-13
1.51231e-12
-2.14452e-13
1.44439e-12
-2.06179e-13
1.39748e-12
-2.09522e-13
1.36121e-12
-2.13171e-13
1.32989e-12
-1.84668e-13
1.30398e-12
-1.19286e-13
1.30467e-12
-1.78116e-14
1.33326e-12
1.31425e-12
-3.16785e-11
2.7875e-10
-2.93492e-11
2.57647e-10
-2.71835e-11
2.38144e-10
-2.52363e-11
2.20056e-10
-2.34593e-11
2.03298e-10
-2.17939e-11
1.87806e-10
-2.02015e-11
1.73505e-10
-1.86788e-11
1.60317e-10
-1.72447e-11
1.4815e-10
-1.59194e-11
1.36919e-10
-1.47136e-11
1.26544e-10
-1.36283e-11
1.16958e-10
-1.26615e-11
1.08095e-10
-1.18055e-11
9.98894e-11
-1.10442e-11
9.22868e-11
-1.03405e-11
8.52456e-11
-9.65123e-12
7.87411e-11
-8.94976e-12
7.2756e-11
-8.24203e-12
6.72639e-11
-7.56303e-12
6.22206e-11
-6.9493e-12
5.75727e-11
-6.41316e-12
5.32678e-11
-5.93223e-12
4.92711e-11
-5.47569e-12
4.5562e-11
-5.02832e-12
4.21231e-11
-4.60875e-12
3.89328e-11
-4.24355e-12
3.59672e-11
-3.94594e-12
3.32021e-11
-3.69145e-12
3.06311e-11
-3.4352e-12
2.82536e-11
-3.14627e-12
2.60732e-11
-2.83419e-12
2.4077e-11
-2.54411e-12
2.22373e-11
-2.32852e-12
2.05227e-11
-2.20154e-12
1.89078e-11
-2.12566e-12
1.73842e-11
-2.03602e-12
1.59665e-11
-1.87533e-12
1.46639e-11
-1.63255e-12
1.3483e-11
-1.34148e-12
1.24122e-11
-1.0546e-12
1.14358e-11
-8.12134e-13
1.05354e-11
-6.26531e-13
9.69697e-12
-4.83822e-13
8.91249e-12
-3.7251e-13
8.17892e-12
-2.92305e-13
7.48852e-12
-2.51973e-13
6.84236e-12
-2.54991e-13
6.24299e-12
-2.94223e-13
5.7031e-12
-3.46596e-13
5.23248e-12
-3.87146e-13
4.83603e-12
-4.18701e-13
4.50262e-12
-4.48181e-13
4.20674e-12
-4.88162e-13
3.91948e-12
-5.41691e-13
3.64185e-12
-5.90941e-13
3.36468e-12
-5.95421e-13
3.10061e-12
-5.41107e-13
2.87138e-12
-4.36876e-13
2.67697e-12
-3.23993e-13
2.50907e-12
-2.45883e-13
2.35325e-12
-2.25312e-13
2.19059e-12
-2.53438e-13
2.02654e-12
-3.01173e-13
1.86878e-12
-3.32708e-13
1.7297e-12
-3.30253e-13
1.62202e-12
-2.9924e-13
1.54841e-12
-2.64559e-13
1.49435e-12
-2.44206e-13
1.45093e-12
-2.40047e-13
1.41518e-12
-2.33387e-13
1.3857e-12
-2.00845e-13
1.36679e-12
-1.21971e-13
1.36917e-12
-1.50514e-14
1.40682e-12
1.38768e-12
-5.2766e-11
2.74401e-10
-4.88677e-11
2.53562e-10
-4.52853e-11
2.34325e-10
-4.20021e-11
2.16509e-10
-3.89615e-11
2.00021e-10
-3.61029e-11
1.84792e-10
-3.33985e-11
1.70743e-10
-3.08524e-11
1.57784e-10
-2.84828e-11
1.45822e-10
-2.63002e-11
1.34771e-10
-2.43054e-11
1.24559e-10
-2.24963e-11
1.15119e-10
-2.08692e-11
1.06386e-10
-1.94118e-11
9.8298e-11
-1.80891e-11
9.08035e-11
-1.68481e-11
8.38709e-11
-1.56397e-11
7.74803e-11
-1.44453e-11
7.16094e-11
-1.32884e-11
6.62229e-11
-1.22147e-11
6.12675e-11
-1.12574e-11
5.66892e-11
-1.04125e-11
5.24423e-11
-9.64447e-12
4.85003e-11
-8.91663e-12
4.48465e-11
-8.21987e-12
4.14624e-11
-7.57598e-12
3.83248e-11
-7.00898e-12
3.54081e-11
-6.51845e-12
3.26939e-11
-6.06947e-12
3.01788e-11
-5.61796e-12
2.78618e-11
-5.14411e-12
2.5737e-11
-4.67367e-12
2.37827e-11
-4.2604e-12
2.19657e-11
-3.94548e-12
2.02573e-11
-3.72446e-12
1.86429e-11
-3.54671e-12
1.71279e-11
-3.33875e-12
1.57275e-11
-3.05635e-12
1.44534e-11
-2.70123e-12
1.33019e-11
-2.31661e-12
1.2255e-11
-1.95528e-12
1.12925e-11
-1.65162e-12
1.03978e-11
-1.40995e-12
9.5598e-12
-1.21856e-12
8.77596e-12
-1.06231e-12
8.04187e-12
-9.39414e-13
7.35472e-12
-8.50806e-13
6.71376e-12
-7.95278e-13
6.12453e-12
-7.62535e-13
5.59828e-12
-7.39091e-13
5.14038e-12
-7.20159e-13
4.75087e-12
-7.1143e-13
4.41272e-12
-7.27419e-13
4.10541e-12
-7.72531e-13
3.8064e-12
-8.20317e-13
3.51471e-12
-8.45055e-13
3.24331e-12
-8.1953e-13
2.99981e-12
-7.32999e-13
2.79243e-12
-6.04641e-13
2.61135e-12
-4.83869e-13
2.45368e-12
-4.06005e-13
2.29669e-12
-3.88726e-13
2.13646e-12
-4.09379e-13
1.97672e-12
-4.34717e-13
1.83534e-12
-4.35468e-13
1.72034e-12
-4.05151e-13
1.63767e-12
-3.54559e-13
1.5773e-12
-3.07418e-13
1.52644e-12
-2.81431e-13
1.48314e-12
-2.69271e-13
1.44548e-12
-2.51343e-13
1.42017e-12
-2.07661e-13
1.41205e-12
-1.22435e-13
1.4176e-12
-1.31794e-14
1.45905e-12
1.44147e-12
-7.36036e-11
2.68359e-10
-6.81171e-11
2.47935e-10
-6.31113e-11
2.29069e-10
-5.84985e-11
2.11631e-10
-5.41987e-11
1.95518e-10
-5.01595e-11
1.8065e-10
-4.63647e-11
1.66935e-10
-4.28224e-11
1.54276e-10
-3.95405e-11
1.42582e-10
-3.65182e-11
1.31776e-10
-3.37507e-11
1.21791e-10
-3.12342e-11
1.12558e-10
-2.89622e-11
1.04012e-10
-2.69099e-11
9.60949e-11
-2.50255e-11
8.87628e-11
-2.32428e-11
8.19898e-11
-2.15138e-11
7.57565e-11
-1.98355e-11
7.00336e-11
-1.82461e-11
6.47756e-11
-1.67959e-11
5.99264e-11
-1.55062e-11
5.54352e-11
-1.43561e-11
5.12667e-11
-1.32999e-11
4.74021e-11
-1.23017e-11
4.38263e-11
-1.13592e-11
4.05193e-11
-1.04946e-11
3.74555e-11
-9.72465e-12
3.46115e-11
-9.03662e-12
3.19729e-11
-8.38877e-12
2.95348e-11
-7.74405e-12
2.72925e-11
-7.09941e-12
2.52305e-11
-6.49077e-12
2.33187e-11
-5.96971e-12
2.15259e-11
-5.56046e-12
1.98312e-11
-5.23969e-12
1.82344e-11
-4.946e-12
1.67507e-11
-4.61393e-12
1.53938e-11
-4.20943e-12
1.41655e-11
-3.74881e-12
1.30546e-11
-3.27954e-12
1.20359e-11
-2.8508e-12
1.10892e-11
-2.48841e-12
1.02013e-11
-2.19361e-12
9.36821e-12
-1.9519e-12
8.58975e-12
-1.75017e-12
7.864e-12
-1.58097e-12
7.18754e-12
-1.43965e-12
6.55899e-12
-1.32196e-12
5.98519e-12
-1.21909e-12
5.47141e-12
-1.12934e-12
5.021e-12
-1.05933e-12
4.6289e-12
-1.02059e-12
4.27696e-12
-1.02374e-12
3.95526e-12
-1.05872e-12
3.64788e-12
-1.0977e-12
3.36401e-12
-1.09789e-12
3.11084e-12
-1.03488e-12
2.89521e-12
-9.11834e-13
2.71366e-12
-7.70041e-13
2.5573e-12
-6.44934e-13
2.40398e-12
-5.70651e-13
2.24737e-12
-5.4695e-13
2.08602e-12
-5.53113e-13
1.93606e-12
-5.51401e-13
1.80814e-12
-5.22314e-13
1.71185e-12
-4.66642e-13
1.64392e-12
-4.0216e-13
1.58918e-12
-3.51336e-13
1.53843e-12
-3.1932e-13
1.49062e-12
-2.95836e-13
1.45187e-12
-2.60127e-13
1.43051e-12
-1.96363e-13
1.42942e-12
-1.10091e-13
1.44617e-12
-1.35515e-14
1.49008e-12
1.46619e-12
-9.40261e-11
2.60607e-10
-8.69922e-11
2.40783e-10
-8.05672e-11
2.22421e-10
-7.4623e-11
2.05472e-10
-6.90759e-11
1.8983e-10
-6.38823e-11
1.75407e-10
-5.90309e-11
1.62098e-10
-5.45224e-11
1.49807e-10
-5.03527e-11
1.3845e-10
-4.65111e-11
1.27955e-10
-4.29892e-11
1.18258e-10
-3.97847e-11
1.09291e-10
-3.68844e-11
1.00988e-10
-3.42467e-11
9.32953e-11
-3.18025e-11
8.61777e-11
-2.94798e-11
7.96129e-11
-2.72402e-11
7.35773e-11
-2.50969e-11
6.80329e-11
-2.30985e-11
6.29263e-11
-2.12897e-11
5.8203e-11
-1.96766e-11
5.38213e-11
-1.82226e-11
4.97556e-11
-1.68773e-11
4.59933e-11
-1.56104e-11
4.25196e-11
-1.44248e-11
3.93111e-11
-1.33405e-11
3.63425e-11
-1.2365e-11
3.35932e-11
-1.14752e-11
3.10494e-11
-1.06315e-11
2.87032e-11
-9.80762e-12
2.65424e-11
-9.01234e-12
2.45426e-11
-8.28468e-12
2.26724e-11
-7.66392e-12
2.09086e-11
-7.15629e-12
1.92441e-11
-6.7242e-12
1.76902e-11
-6.30374e-12
1.62638e-11
-5.84145e-12
1.4972e-11
-5.32145e-12
1.38046e-11
-4.76783e-12
1.274e-11
-4.22695e-12
1.17513e-11
-3.73854e-12
1.08213e-11
-3.32062e-12
9.9435e-12
-2.97143e-12
9.12121e-12
-2.67823e-12
8.35632e-12
-2.42769e-12
7.64662e-12
-2.20936e-12
6.98764e-12
-2.01495e-12
6.37738e-12
-1.83602e-12
5.81922e-12
-1.66958e-12
5.31561e-12
-1.52284e-12
4.86715e-12
-1.40892e-12
4.46531e-12
-1.34404e-12
4.09994e-12
-1.32777e-12
3.76701e-12
-1.34178e-12
3.46329e-12
-1.34967e-12
3.20056e-12
-1.31054e-12
2.97709e-12
-1.21297e-12
2.79897e-12
-1.07265e-12
2.64932e-12
-9.21804e-13
2.50756e-12
-8.01582e-13
2.35988e-12
-7.28853e-13
2.2013e-12
-6.97011e-13
2.04166e-12
-6.79251e-13
1.89965e-12
-6.49546e-13
1.78559e-12
-5.95985e-13
1.70241e-12
-5.23749e-13
1.63943e-12
-4.52813e-13
1.58455e-12
-3.99032e-13
1.53164e-12
-3.57704e-13
1.47806e-12
-3.1741e-13
1.4395e-12
-2.62877e-13
1.42265e-12
-1.86941e-13
1.42589e-12
-1.00186e-13
1.44667e-12
-1.64302e-14
1.4873e-12
1.45561e-12
-1.13886e-10
2.51212e-10
-1.05352e-10
2.32098e-10
-9.75288e-11
2.14393e-10
-9.02725e-11
1.98064e-10
-8.35069e-11
1.82992e-10
-7.71982e-11
1.69091e-10
-7.13294e-11
1.56257e-10
-6.58868e-11
1.44402e-10
-6.0853e-11
1.33449e-10
-5.62128e-11
1.23332e-10
-5.19612e-11
1.13986e-10
-4.80925e-11
1.0534e-10
-4.45817e-11
9.73327e-11
-4.13685e-11
8.99164e-11
-3.8371e-11
8.30641e-11
-3.5519e-11
7.67531e-11
-3.27882e-11
7.09521e-11
-3.02062e-11
6.56142e-11
-2.78242e-11
6.06831e-11
-2.56744e-11
5.61102e-11
-2.37442e-11
5.18639e-11
-2.19871e-11
4.79292e-11
-2.03535e-11
4.4296e-11
-1.88203e-11
4.09474e-11
-1.73949e-11
3.78589e-11
-1.60929e-11
3.50059e-11
-1.49103e-11
3.23672e-11
-1.38219e-11
2.9932e-11
-1.27938e-11
2.76847e-11
-1.18089e-11
2.56041e-11
-1.08833e-11
2.36651e-11
-1.00493e-11
2.18399e-11
-9.32915e-12
2.0119e-11
-8.71118e-12
1.85076e-11
-8.15168e-12
1.70237e-11
-7.59623e-12
1.5679e-11
-7.00896e-12
1.44687e-11
-6.38818e-12
1.33697e-11
-5.75916e-12
1.2352e-11
-5.15904e-12
1.13925e-11
-4.61716e-12
1.04822e-11
-4.14362e-12
9.62037e-12
-3.73701e-12
8.81714e-12
-3.38876e-12
8.07483e-12
-3.08678e-12
7.38835e-12
-2.81921e-12
6.75281e-12
-2.57381e-12
6.16422e-12
-2.34064e-12
5.62202e-12
-2.12002e-12
5.12645e-12
-1.92527e-12
4.67767e-12
-1.77294e-12
4.26656e-12
-1.67668e-12
3.89326e-12
-1.62973e-12
3.56047e-12
-1.60599e-12
3.2726e-12
-1.5673e-12
3.03905e-12
-1.4896e-12
2.85657e-12
-1.36309e-12
2.71153e-12
-1.21239e-12
2.58779e-12
-1.07071e-12
2.45859e-12
-9.58867e-13
2.30875e-12
-8.86765e-13
2.15021e-12
-8.39815e-13
1.99502e-12
-7.93233e-13
1.86157e-12
-7.33443e-13
1.76124e-12
-6.58611e-13
1.68817e-12
-5.8028e-13
1.62922e-12
-5.09331e-13
1.57055e-12
-4.5001e-13
1.5117e-12
-3.96262e-13
1.45498e-12
-3.36898e-13
1.41737e-12
-2.6129e-13
1.39924e-12
-1.74947e-13
1.40037e-12
-9.01817e-14
1.4138e-12
-2.31939e-14
1.44706e-12
1.40733e-12
-1.33056e-10
2.40295e-10
-1.23057e-10
2.21964e-10
-1.13874e-10
2.05031e-10
-1.05352e-10
1.89433e-10
-9.74168e-11
1.75029e-10
-9.00394e-11
1.61732e-10
-8.31921e-11
1.49445e-10
-7.68462e-11
1.38095e-10
-7.09751e-11
1.27617e-10
-6.55647e-11
1.17942e-10
-6.06119e-11
1.09004e-10
-5.61051e-11
1.00731e-10
-5.20019e-11
9.3069e-11
-4.8225e-11
8.59801e-11
-4.46858e-11
7.94414e-11
-4.13234e-11
7.34259e-11
-3.81296e-11
6.78929e-11
-3.51402e-11
6.27886e-11
-3.23999e-11
5.80588e-11
-2.99231e-11
5.36642e-11
-2.76813e-11
4.9584e-11
-2.56231e-11
4.58103e-11
-2.37045e-11
4.23325e-11
-2.19104e-11
3.91314e-11
-2.025e-11
3.61822e-11
-1.8732e-11
3.34602e-11
-1.73486e-11
3.09467e-11
-1.60711e-11
2.86247e-11
-1.48744e-11
2.64768e-11
-1.37499e-11
2.44761e-11
-1.27095e-11
2.25993e-11
-1.17724e-11
2.08309e-11
-1.09414e-11
1.91729e-11
-1.01962e-11
1.76419e-11
-9.49714e-12
1.62525e-11
-8.80728e-12
1.50063e-11
-8.10798e-12
1.38834e-11
-7.40461e-12
1.28514e-11
-6.71777e-12
1.18793e-11
-6.07032e-12
1.09509e-11
-5.47698e-12
1.0065e-11
-4.94711e-12
9.23022e-12
-4.48122e-12
8.45603e-12
-4.07579e-12
7.7438e-12
-3.72316e-12
7.08752e-12
-3.40888e-12
6.4795e-12
-3.11668e-12
5.91431e-12
-2.83653e-12
5.38984e-12
-2.57076e-12
4.90425e-12
-2.33438e-12
4.45843e-12
-2.14471e-12
4.04641e-12
-2.00995e-12
3.67637e-12
-1.91674e-12
3.3547e-12
-1.84024e-12
3.09255e-12
-1.74979e-12
2.89213e-12
-1.62954e-12
2.74346e-12
-1.48756e-12
2.62724e-12
-1.3415e-12
2.51671e-12
-1.21259e-12
2.38888e-12
-1.11571e-12
2.24088e-12
-1.041e-12
2.08376e-12
-9.72346e-13
1.93702e-12
-8.95963e-13
1.81783e-12
-8.08453e-13
1.7318e-12
-7.18037e-13
1.66855e-12
-6.35587e-13
1.61249e-12
-5.6652e-13
1.55234e-12
-5.03573e-13
1.48879e-12
-4.37569e-13
1.43052e-12
-3.54939e-13
1.38627e-12
-2.61604e-13
1.36257e-12
-1.68845e-13
1.35176e-12
-9.11734e-14
1.34829e-12
-3.69579e-14
1.36612e-12
1.32219e-12
-1.51422e-10
2.27865e-10
-1.3999e-10
2.10492e-10
-1.29487e-10
1.94428e-10
-1.1976e-10
1.79636e-10
-1.10724e-10
1.65978e-10
-1.02333e-10
1.53362e-10
-9.45483e-11
1.417e-10
-8.73314e-11
1.30932e-10
-8.06549e-11
1.20995e-10
-7.45089e-11
1.11822e-10
-6.88893e-11
1.03342e-10
-6.37716e-11
9.54919e-11
-5.90945e-11
8.82253e-11
-5.47677e-11
8.15133e-11
-5.0705e-11
7.53332e-11
-4.68596e-11
6.965e-11
-4.32368e-11
6.44148e-11
-3.98728e-11
5.95705e-11
-3.67976e-11
5.50701e-11
-3.40056e-11
5.08844e-11
-3.14581e-11
4.70033e-11
-2.91036e-11
4.34204e-11
-2.69075e-11
4.01232e-11
-2.48617e-11
3.70899e-11
-2.2974e-11
3.42958e-11
-2.12475e-11
3.1717e-11
-1.96705e-11
2.93352e-11
-1.82207e-11
2.71315e-11
-1.68756e-11
2.5082e-11
-1.56285e-11
2.31643e-11
-1.44797e-11
2.13593e-11
-1.34315e-11
1.96667e-11
-1.2474e-11
1.80976e-11
-1.15862e-11
1.66705e-11
-1.07444e-11
1.53924e-11
-9.93096e-12
1.42494e-11
-9.14072e-12
1.32105e-11
-8.37741e-12
1.22396e-11
-7.64733e-12
1.13107e-11
-6.95685e-12
1.04177e-11
-6.31189e-12
9.56695e-12
-5.7215e-12
8.77126e-12
-5.19424e-12
8.03741e-12
-4.7337e-12
7.36369e-12
-4.3326e-12
6.7415e-12
-3.9748e-12
6.16402e-12
-3.642e-12
5.62619e-12
-3.32177e-12
5.12311e-12
-3.01812e-12
4.65456e-12
-2.74377e-12
4.22014e-12
-2.51408e-12
3.82011e-12
-2.33031e-12
3.46487e-12
-2.17983e-12
3.1653e-12
-2.041e-12
2.93075e-12
-1.89648e-12
2.75807e-12
-1.74561e-12
2.6332e-12
-1.59893e-12
2.52998e-12
-1.46805e-12
2.41947e-12
-1.36179e-12
2.28924e-12
-1.27254e-12
2.14065e-12
-1.18504e-12
1.99086e-12
-1.08864e-12
1.86205e-12
-9.82383e-13
1.76553e-12
-8.7242e-13
1.69602e-12
-7.74627e-13
1.64453e-12
-6.95665e-13
1.59234e-12
-6.30707e-13
1.53158e-12
-5.63023e-13
1.46302e-12
-4.81518e-13
1.40083e-12
-3.83108e-13
1.34915e-12
-2.75569e-13
1.30912e-12
-1.78853e-13
1.2776e-12
-1.08621e-13
1.25273e-12
-5.95202e-14
1.24851e-12
1.20545e-12
-1.68824e-10
2.13927e-10
-1.56056e-10
1.9771e-10
-1.44293e-10
1.82649e-10
-1.33422e-10
1.68739e-10
-1.2335e-10
1.55897e-10
-1.14001e-10
1.44033e-10
-1.05323e-10
1.33074e-10
-9.72746e-11
1.2296e-10
-8.98332e-11
1.13628e-10
-8.29936e-11
1.0501e-10
-7.6744e-11
9.70382e-11
-7.10426e-11
8.96586e-11
-6.58103e-11
8.28366e-11
-6.09521e-11
7.65482e-11
-5.63914e-11
7.07656e-11
-5.20979e-11
6.54463e-11
-4.80838e-11
6.05348e-11
-4.4376e-11
5.59766e-11
-4.0985e-11
5.1735e-11
-3.78893e-11
4.77923e-11
-3.50434e-11
4.41425e-11
-3.24029e-11
4.07787e-11
-2.99425e-11
3.76845e-11
-2.7658e-11
3.48357e-11
-2.55547e-11
3.22094e-11
-2.36313e-11
2.97828e-11
-2.18765e-11
2.75386e-11
-2.02703e-11
2.54551e-11
-1.87949e-11
2.35106e-11
-1.74344e-11
2.16855e-11
-1.61753e-11
1.99715e-11
-1.5002e-11
1.83771e-11
-1.39025e-11
1.69212e-11
-1.2866e-11
1.56146e-11
-1.18885e-11
1.44513e-11
-1.09711e-11
1.34058e-11
-1.01126e-11
1.24403e-11
-9.30659e-12
1.15237e-11
-8.54168e-12
1.064e-11
-7.80809e-12
9.79146e-12
-7.10847e-12
8.99039e-12
-6.45588e-12
8.2465e-12
-5.86814e-12
7.56264e-12
-5.35541e-12
6.93404e-12
-4.91077e-12
6.35033e-12
-4.51462e-12
5.80695e-12
-4.14482e-12
5.30012e-12
-3.78983e-12
4.82613e-12
-3.45254e-12
4.38467e-12
-3.14264e-12
3.97412e-12
-2.86915e-12
3.5982e-12
-2.63051e-12
3.26857e-12
-2.41474e-12
2.99429e-12
-2.21212e-12
2.78393e-12
-2.02155e-12
2.62943e-12
-1.85018e-12
2.51129e-12
-1.70969e-12
2.40572e-12
-1.60141e-12
2.28691e-12
-1.51138e-12
2.149e-12
-1.42221e-12
2.00602e-12
-1.31553e-12
1.87358e-12
-1.18798e-12
1.77112e-12
-1.05139e-12
1.70132e-12
-9.26344e-13
1.65233e-12
-8.2806e-13
1.61195e-12
-7.57051e-13
1.56339e-12
-6.97264e-13
1.50108e-12
-6.29031e-13
1.42999e-12
-5.36767e-13
1.35989e-12
-4.23302e-13
1.2946e-12
-3.07188e-13
1.23524e-12
-2.10726e-13
1.18128e-12
-1.39984e-13
1.13061e-12
-8.9131e-14
1.10999e-12
1.06801e-12
-1.8506e-10
1.98641e-10
-1.71126e-10
1.83643e-10
-1.58213e-10
1.69715e-10
-1.4627e-10
1.56792e-10
-1.3522e-10
1.4485e-10
-1.24966e-10
1.33812e-10
-1.15444e-10
1.23627e-10
-1.06613e-10
1.14232e-10
-9.84562e-11
1.05561e-10
-9.09699e-11
9.75486e-11
-8.41277e-11
9.01329e-11
-7.78688e-11
8.32727e-11
-7.21024e-11
7.69422e-11
-6.67379e-11
7.11188e-11
-6.17142e-11
6.57668e-11
-5.7013e-11
6.08364e-11
-5.26442e-11
5.62715e-11
-4.86199e-11
5.20263e-11
-4.493e-11
4.80751e-11
-4.15411e-11
4.44085e-11
-3.84094e-11
4.10209e-11
-3.54991e-11
3.79005e-11
-3.27926e-11
3.50273e-11
-3.02866e-11
3.23768e-11
-2.79823e-11
2.99286e-11
-2.5877e-11
2.76632e-11
-2.39603e-11
2.55633e-11
-2.22161e-11
2.36089e-11
-2.06215e-11
2.17804e-11
-1.91489e-11
2.00659e-11
-1.77695e-11
1.84662e-11
-1.64594e-11
1.69945e-11
-1.52101e-11
1.56674e-11
-1.40296e-11
1.44857e-11
-1.29345e-11
1.34301e-11
-1.19365e-11
1.24685e-11
-1.10299e-11
1.15655e-11
-1.01912e-11
1.07004e-11
-9.3913e-12
9.86919e-12
-8.61041e-12
9.07897e-12
-7.85223e-12
8.34215e-12
-7.13985e-12
7.66307e-12
-6.4982e-12
7.03685e-12
-5.93967e-12
6.45713e-12
-5.45516e-12
5.91451e-12
-5.02255e-12
5.40948e-12
-4.61834e-12
4.93994e-12
-4.23156e-12
4.50419e-12
-3.86277e-12
4.10004e-12
-3.5182e-12
3.72546e-12
-3.20041e-12
3.38373e-12
-2.90456e-12
3.08446e-12
-2.62496e-12
2.83427e-12
-2.36637e-12
2.64142e-12
-2.13956e-12
2.49128e-12
-1.96027e-12
2.36702e-12
-1.82768e-12
2.24278e-12
-1.73547e-12
2.11378e-12
-1.65467e-12
1.97528e-12
-1.55363e-12
1.84462e-12
-1.41941e-12
1.7393e-12
-1.25936e-12
1.66842e-12
-1.1001e-12
1.62711e-12
-9.68404e-13
1.59574e-12
-8.78054e-13
1.56316e-12
-8.20015e-13
1.51517e-12
-7.68836e-13
1.44964e-12
-7.00828e-13
1.37537e-12
-6.0002e-13
1.29417e-12
-4.81755e-13
1.21933e-12
-3.62623e-13
1.14041e-12
-2.63691e-13
1.06647e-12
-1.86628e-13
9.96244e-13
-1.19112e-13
9.65575e-13
9.27118e-13
-2.00044e-10
1.82256e-10
-1.85068e-10
1.68438e-10
-1.71138e-10
1.55689e-10
-1.58224e-10
1.43848e-10
-1.46262e-10
1.32899e-10
-1.35158e-10
1.22766e-10
-1.24845e-10
1.13422e-10
-1.15288e-10
1.04804e-10
-1.06474e-10
9.68461e-11
-9.839e-11
8.94856e-11
-9.09919e-11
8.2673e-11
-8.42029e-11
7.63797e-11
-7.79295e-11
7.05838e-11
-7.20928e-11
6.52595e-11
-6.66474e-11
6.03634e-11
-6.15803e-11
5.58427e-11
-5.68917e-11
5.16472e-11
-5.25733e-11
4.77428e-11
-4.8599e-11
4.41139e-11
-4.49308e-11
4.07544e-11
-4.15313e-11
3.76551e-11
-3.8374e-11
3.47979e-11
-3.54442e-11
3.21597e-11
-3.27373e-11
2.97199e-11
-3.02493e-11
2.74599e-11
-2.79779e-11
2.53661e-11
-2.59155e-11
2.34223e-11
-2.40458e-11
2.16113e-11
-2.2338e-11
1.99175e-11
-2.07497e-11
1.83356e-11
-1.92406e-11
1.68731e-11
-1.77874e-11
1.55422e-11
-1.63931e-11
1.43498e-11
-1.50857e-11
1.32863e-11
-1.3897e-11
1.23242e-11
-1.28396e-11
1.14321e-11
-1.1896e-11
1.05853e-11
-1.1024e-11
9.77591e-12
-1.0181e-11
9.00947e-12
-9.34691e-12
8.29439e-12
-8.53175e-12
7.63591e-12
-7.76642e-12
7.02985e-12
-7.07994e-12
6.46514e-12
-6.48209e-12
5.93543e-12
-5.96122e-12
5.43715e-12
-5.49242e-12
4.97488e-12
-5.05348e-12
4.54925e-12
-4.63569e-12
4.1604e-12
-4.23794e-12
3.80248e-12
-3.86056e-12
3.47145e-12
-3.50085e-12
3.16933e-12
-3.15247e-12
2.90063e-12
-2.81966e-12
2.67214e-12
-2.51635e-12
2.48676e-12
-2.26481e-12
2.33044e-12
-2.08017e-12
2.1896e-12
-1.95911e-12
2.04841e-12
-1.87197e-12
1.90906e-12
-1.78301e-12
1.77978e-12
-1.6578e-12
1.6715e-12
-1.49082e-12
1.59906e-12
-1.30292e-12
1.55978e-12
-1.12978e-12
1.54015e-12
-1.00386e-12
1.52053e-12
-9.29872e-13
1.48776e-12
-8.86576e-13
1.43283e-12
-8.44668e-13
1.36324e-12
-7.76739e-13
1.28506e-12
-6.7769e-13
1.20125e-12
-5.58764e-13
1.11928e-12
-4.41618e-13
1.03061e-12
-3.36075e-13
9.42273e-13
-2.42978e-13
8.64385e-13
-1.44923e-13
8.31329e-13
7.99274e-13
-2.13867e-10
1.64867e-10
-1.97838e-10
1.52261e-10
-1.82975e-10
1.40705e-10
-1.69189e-10
1.29999e-10
-1.56397e-10
1.20114e-10
-1.44509e-10
1.10962e-10
-1.33468e-10
1.02523e-10
-1.2325e-10
9.47346e-11
-1.13839e-10
8.75349e-11
-1.05206e-10
8.08724e-11
-9.72894e-11
7.47095e-11
-9.0002e-11
6.90266e-11
-8.32574e-11
6.38016e-11
-7.69917e-11
5.90027e-11
-7.11708e-11
5.45822e-11
-6.57783e-11
5.04903e-11
-6.07983e-11
4.66881e-11
-5.62043e-11
4.31535e-11
-5.19609e-11
3.98774e-11
-4.80323e-11
3.68516e-11
-4.43899e-11
3.40604e-11
-4.10126e-11
3.14808e-11
-3.78857e-11
2.90902e-11
-3.49983e-11
2.68722e-11
-3.23442e-11
2.48137e-11
-2.99225e-11
2.29061e-11
-2.7728e-11
2.11348e-11
-2.57407e-11
1.94858e-11
-2.39205e-11
1.79485e-11
-2.22131e-11
1.65217e-11
-2.0572e-11
1.5214e-11
-1.89804e-11
1.40317e-11
-1.74579e-11
1.29702e-11
-1.60484e-11
1.20123e-11
-1.47895e-11
1.1129e-11
-1.36866e-11
1.02983e-11
-1.27058e-11
9.50981e-12
-1.17916e-11
8.76823e-12
-1.08965e-11
8.08251e-12
-1.00055e-11
7.4563e-12
-9.1386e-12
6.88502e-12
-8.33138e-12
6.35507e-12
-7.61069e-12
5.85185e-12
-6.98063e-12
5.373e-12
-6.42417e-12
4.92131e-12
-5.91717e-12
4.5065e-12
-5.44254e-12
4.13128e-12
-4.99443e-12
3.79511e-12
-4.56967e-12
3.48746e-12
-4.16439e-12
3.20371e-12
-3.76858e-12
2.94052e-12
-3.37962e-12
2.70229e-12
-3.00588e-12
2.49001e-12
-2.67198e-12
2.30664e-12
-2.40577e-12
2.14029e-12
-2.21895e-12
1.98292e-12
-2.09804e-12
1.83058e-12
-2.00336e-12
1.69236e-12
-1.88879e-12
1.57914e-12
-1.73033e-12
1.50214e-12
-1.53051e-12
1.46093e-12
-1.323e-12
1.44549e-12
-1.15011e-12
1.43669e-12
-1.03784e-12
1.41488e-12
-9.82165e-13
1.37208e-12
-9.56416e-13
1.30918e-12
-9.23157e-13
1.23512e-12
-8.58392e-13
1.15765e-12
-7.62437e-13
1.07942e-12
-6.46695e-13
9.99029e-13
-5.29725e-13
9.11686e-13
-4.16604e-13
8.23423e-13
-3.0053e-13
7.49358e-13
-1.62426e-13
7.19145e-13
6.96018e-13
-2.26467e-10
1.46375e-10
-2.09413e-10
1.35183e-10
-1.93674e-10
1.2489e-10
-1.79092e-10
1.1536e-10
-1.65548e-10
1.06585e-10
-1.52953e-10
9.8472e-11
-1.41262e-10
9.09915e-11
-1.30453e-10
8.40801e-11
-1.20506e-10
7.76841e-11
-1.11372e-10
7.17641e-11
-1.02976e-10
6.62946e-11
-9.52302e-11
6.12595e-11
-8.80598e-11
5.66335e-11
-8.14151e-11
5.238e-11
-7.52649e-11
4.84522e-11
-6.95828e-11
4.48099e-11
-6.4335e-11
4.14269e-11
-5.94825e-11
3.82905e-11
-5.49888e-11
3.53937e-11
-5.08254e-11
3.27217e-11
-4.69707e-11
3.02526e-11
-4.34042e-11
2.79613e-11
-4.01054e-11
2.58295e-11
-3.70572e-11
2.3847e-11
-3.42533e-11
2.20069e-11
-3.16946e-11
2.03028e-11
-2.93783e-11
1.87237e-11
-2.72792e-11
1.72567e-11
-2.53479e-11
1.58962e-11
-2.35217e-11
1.46413e-11
-2.17551e-11
1.34975e-11
-2.00421e-11
1.24628e-11
-1.8417e-11
1.15232e-11
-1.69317e-11
1.06586e-11
-1.56206e-11
9.84698e-12
-1.44755e-11
9.07967e-12
-1.34484e-11
8.36079e-12
-1.24782e-11
7.70305e-12
-1.15222e-11
7.11213e-12
-1.05772e-11
6.58371e-12
-9.66976e-12
6.10098e-12
-8.83479e-12
5.64461e-12
-8.09064e-12
5.20038e-12
-7.4324e-12
4.77274e-12
-6.83938e-12
4.37069e-12
-6.29205e-12
4.00826e-12
-5.77969e-12
3.68667e-12
-5.30154e-12
3.40491e-12
-4.85455e-12
3.14879e-12
-4.428e-12
2.91085e-12
-4.00683e-12
2.68378e-12
-3.58904e-12
2.47298e-12
-3.19029e-12
2.27631e-12
-2.83892e-12
2.09443e-12
-2.56324e-12
1.92105e-12
-2.37022e-12
1.75592e-12
-2.23659e-12
1.60412e-12
-2.11695e-12
1.47927e-12
-1.96714e-12
1.39035e-12
-1.77173e-12
1.34412e-12
-1.54602e-12
1.32584e-12
-1.33327e-12
1.32186e-12
-1.17227e-12
1.30771e-12
-1.0814e-12
1.27187e-12
-1.04545e-12
1.21287e-12
-1.03045e-12
1.14157e-12
-1.00049e-12
1.06859e-12
-9.36489e-13
9.99851e-13
-8.43383e-13
9.36533e-13
-7.33665e-13
8.69537e-13
-6.19805e-13
7.96259e-13
-4.96039e-13
7.18112e-13
-3.5174e-13
6.56412e-13
-1.70525e-13
6.32218e-13
6.19991e-13
-2.37637e-10
1.26826e-10
-2.19726e-10
1.17213e-10
-2.03196e-10
1.08294e-10
-1.87886e-10
1.00018e-10
-1.73662e-10
9.24034e-11
-1.6044e-10
8.53747e-11
-1.48178e-10
7.88951e-11
-1.36853e-10
7.29027e-11
-1.2643e-10
6.73529e-11
-1.16845e-10
6.22174e-11
-1.08015e-10
5.74793e-11
-9.98586e-11
5.31218e-11
-9.23161e-11
4.91165e-11
-8.53449e-11
4.54251e-11
-7.89093e-11
4.20083e-11
-7.29679e-11
3.88387e-11
-6.74731e-11
3.59016e-11
-6.23815e-11
3.31894e-11
-5.76626e-11
3.06918e-11
-5.3296e-11
2.83867e-11
-4.92628e-11
2.62486e-11
-4.55372e-11
2.42552e-11
-4.20899e-11
2.23951e-11
-3.88981e-11
2.06638e-11
-3.59581e-11
1.9061e-11
-3.32748e-11
1.75797e-11
-3.0846e-11
1.62112e-11
-2.86413e-11
1.49436e-11
-2.6603e-11
1.37738e-11
-2.46662e-11
1.26998e-11
-2.27907e-11
1.17212e-11
-2.09813e-11
1.08281e-11
-1.92823e-11
1.00029e-11
-1.77435e-11
9.22659e-12
-1.63884e-11
8.49021e-12
-1.51947e-11
7.79873e-12
-1.41073e-11
7.16682e-12
-1.30688e-11
6.60788e-12
-1.20506e-11
6.12094e-12
-1.10601e-11
5.68984e-12
-1.01276e-11
5.29028e-12
-9.27894e-12
4.90111e-12
-8.51982e-12
4.5133e-12
-7.83434e-12
4.1375e-12
-7.20254e-12
3.78947e-12
-6.61165e-12
3.48249e-12
-6.06285e-12
3.21728e-12
-5.55847e-12
2.98773e-12
-5.09481e-12
2.78005e-12
-4.6529e-12
2.58163e-12
-4.21771e-12
2.38949e-12
-3.785e-12
2.20449e-12
-3.37317e-12
2.02454e-12
-3.01219e-12
1.84921e-12
-2.72832e-12
1.6791e-12
-2.52152e-12
1.51951e-12
-2.36294e-12
1.38217e-12
-2.2064e-12
1.27987e-12
-2.0167e-12
1.21797e-12
-1.7887e-12
1.19443e-12
-1.55126e-12
1.18774e-12
-1.34676e-12
1.17887e-12
-1.20845e-12
1.14767e-12
-1.14075e-12
1.09085e-12
-1.11812e-12
1.01561e-12
-1.10432e-12
9.41601e-13
-1.06747e-12
8.76863e-13
-9.98549e-13
8.26089e-13
-9.08295e-13
7.87163e-13
-8.06361e-13
7.41949e-13
-6.95521e-13
6.89453e-13
-5.63717e-13
6.29969e-13
-3.94628e-13
5.84702e-13
-1.76737e-13
5.66638e-13
5.59056e-13
-2.47255e-10
1.06538e-10
-2.2866e-10
9.84475e-11
-2.11464e-10
9.0968e-11
-1.95515e-10
8.40352e-11
-1.8069e-10
7.7646e-11
-1.66924e-10
7.17507e-11
-1.54173e-10
6.63087e-11
-1.42406e-10
6.12713e-11
-1.31568e-10
5.66047e-11
-1.21586e-10
5.229e-11
-1.12375e-10
4.83136e-11
-1.03866e-10
4.46563e-11
-9.601e-11
4.1289e-11
-8.87635e-11
3.81765e-11
-8.20809e-11
3.5292e-11
-7.59064e-11
3.262e-11
-7.01863e-11
3.01543e-11
-6.48812e-11
2.78865e-11
-5.99692e-11
2.58004e-11
-5.54353e-11
2.3869e-11
-5.12571e-11
2.20687e-11
-4.73986e-11
2.03834e-11
-4.38213e-11
1.88097e-11
-4.05019e-11
1.73487e-11
-3.74397e-11
1.60012e-11
-3.46449e-11
1.47598e-11
-3.21142e-11
1.36153e-11
-2.98125e-11
1.25579e-11
-2.76773e-11
1.15854e-11
-2.56455e-11
1.06942e-11
-2.36842e-11
9.8773e-12
-2.1807e-11
9.12147e-12
-2.00586e-11
8.40886e-12
-1.84801e-11
7.72713e-12
-1.70803e-11
7.08016e-12
-1.58272e-11
6.48405e-12
-1.4667e-11
5.95646e-12
-1.35557e-11
5.50588e-12
-1.24814e-11
5.12257e-12
-1.14603e-11
4.78071e-12
-1.05183e-11
4.45396e-12
-9.66677e-12
4.12495e-12
-8.89625e-12
3.79289e-12
-8.18245e-12
3.47205e-12
-7.51021e-12
3.18346e-12
-6.87647e-12
2.93395e-12
-6.29343e-12
2.72394e-12
-5.76863e-12
2.54327e-12
-5.29191e-12
2.3755e-12
-4.84306e-12
2.21303e-12
-4.40332e-12
2.05453e-12
-3.9654e-12
1.89484e-12
-3.54852e-12
1.73541e-12
-3.18236e-12
1.57612e-12
-2.88791e-12
1.42191e-12
-2.65917e-12
1.28116e-12
-2.46603e-12
1.169e-12
-2.26691e-12
1.09226e-12
-2.04212e-12
1.05583e-12
-1.79517e-12
1.04311e-12
-1.5615e-12
1.03454e-12
-1.378e-12
1.00891e-12
-1.26585e-12
9.55768e-13
-1.21488e-12
8.79561e-13
-1.19433e-12
7.97289e-13
-1.16771e-12
7.2901e-13
-1.116e-12
6.82734e-13
-1.03934e-12
6.5598e-13
-9.51432e-13
6.4345e-13
-8.59842e-13
6.22689e-13
-7.54712e-13
5.90406e-13
-6.17139e-13
5.50861e-13
-4.24987e-13
5.1894e-13
-1.80059e-13
5.09838e-13
5.00195e-13
-2.55354e-10
8.56922e-11
-2.3615e-10
7.90911e-11
-2.18395e-10
7.30604e-11
-2.01914e-10
6.75102e-11
-1.86589e-10
6.23952e-11
-1.7237e-10
5.76764e-11
-1.59214e-10
5.33073e-11
-1.47075e-10
4.92577e-11
-1.35886e-10
4.55057e-11
-1.25564e-10
4.20401e-11
-1.16034e-10
3.88482e-11
-1.07236e-10
3.59085e-11
-9.91241e-11
3.31948e-11
-9.16498e-11
3.06804e-11
-8.47545e-11
2.83513e-11
-7.8374e-11
2.62013e-11
-7.24556e-11
2.42269e-11
-6.69693e-11
2.24158e-11
-6.19013e-11
2.07469e-11
-5.72364e-11
1.91932e-11
-5.29429e-11
1.77377e-11
-4.89731e-11
1.63728e-11
-4.52825e-11
1.51024e-11
-4.18502e-11
1.39293e-11
-3.86815e-11
1.2852e-11
-3.57904e-11
1.18613e-11
-3.31718e-11
1.0948e-11
-3.07867e-11
1.01049e-11
-2.85692e-11
9.329e-12
-2.64621e-11
8.61848e-12
-2.44402e-11
7.96136e-12
-2.252e-11
7.34359e-12
-2.07393e-11
6.75079e-12
-1.91267e-11
6.18012e-12
-1.76773e-11
5.64389e-12
-1.63553e-11
5.16227e-12
-1.51178e-11
4.75074e-12
-1.39394e-11
4.40957e-12
-1.28228e-11
4.12046e-12
-1.17878e-11
3.85495e-12
-1.08491e-11
3.59049e-12
-9.99951e-12
3.31701e-12
-9.21583e-12
3.04303e-12
-8.47251e-12
2.78461e-12
-7.75885e-12
2.55864e-12
-7.08697e-12
2.36878e-12
-6.47646e-12
2.21022e-12
-5.9355e-12
2.07076e-12
-5.45273e-12
1.93757e-12
-5.00363e-12
1.80821e-12
-4.56201e-12
1.67895e-12
-4.12405e-12
1.548e-12
-3.70717e-12
1.41574e-12
-3.337e-12
1.28219e-12
-3.02808e-12
1.15425e-12
-2.77241e-12
1.04263e-12
-2.54079e-12
9.59235e-13
-2.30538e-12
9.08686e-13
-2.05426e-12
8.86994e-13
-1.80433e-12
8.75918e-13
-1.58794e-12
8.55737e-13
-1.43178e-12
8.10271e-13
-1.34161e-12
7.39764e-13
-1.29691e-12
6.56337e-13
-1.26402e-12
5.80486e-13
-1.21407e-12
5.28471e-13
-1.14119e-12
5.05878e-13
-1.05636e-12
5.03208e-13
-9.7346e-13
5.11333e-13
-8.92776e-13
5.07371e-13
-7.95494e-13
4.89984e-13
-6.53826e-13
4.65553e-13
-4.48598e-13
4.4716e-13
-1.82717e-13
4.43002e-13
4.31983e-13
-2.61944e-10
6.42099e-11
-2.42186e-10
5.92803e-11
-2.23943e-10
5.47417e-11
-2.07026e-10
5.05848e-11
-1.91309e-10
4.67599e-11
-1.76738e-10
4.32384e-11
-1.63263e-10
3.9969e-11
-1.50827e-10
3.69345e-11
-1.39351e-10
3.4123e-11
-1.28756e-10
3.15276e-11
-1.18974e-10
2.91363e-11
-1.0995e-10
2.69284e-11
-1.01638e-10
2.48843e-11
-9.39791e-11
2.29883e-11
-8.69042e-11
2.12371e-11
-8.03483e-11
1.9629e-11
-7.42665e-11
1.81584e-11
-6.86386e-11
1.68093e-11
-6.34543e-11
1.5559e-11
-5.8692e-11
1.43869e-11
-5.43074e-11
1.32854e-11
-5.02436e-11
1.22555e-11
-4.64554e-11
1.13043e-11
-4.29276e-11
1.04325e-11
-3.96719e-11
9.6339e-12
-3.67038e-11
8.89759e-12
-3.40147e-11
8.2161e-12
-3.1561e-11
7.5851e-12
-2.92799e-11
7.00478e-12
-2.71186e-11
6.47296e-12
-2.50579e-11
5.97737e-12
-2.31124e-11
5.50572e-12
-2.13092e-11
5.04818e-12
-1.96626e-11
4.60953e-12
-1.8159e-11
4.20457e-12
-1.67671e-11
3.85156e-12
-1.54591e-11
3.55854e-12
-1.42284e-11
3.31854e-12
-1.30875e-11
3.10954e-12
-1.20525e-11
2.9075e-12
-1.11221e-11
2.6984e-12
-1.02735e-11
2.48255e-12
-9.47293e-12
2.27251e-12
-8.69792e-12
2.08373e-12
-7.94838e-12
1.9243e-12
-7.24668e-12
1.79242e-12
-6.61697e-12
1.67894e-12
-6.06736e-12
1.57414e-12
-5.58347e-12
1.47161e-12
-5.13337e-12
1.3703e-12
-4.69321e-12
1.27183e-12
-4.25703e-12
1.17231e-12
-3.84027e-12
1.07263e-12
-3.46459e-12
9.72561e-13
-3.13987e-12
8.78432e-13
-2.85614e-12
7.99366e-13
-2.59054e-12
7.43473e-13
-2.32658e-12
7.12769e-13
-2.06422e-12
6.97664e-13
-1.82466e-12
6.8193e-13
-1.63238e-12
6.47949e-13
-1.50295e-12
5.91065e-13
-1.42514e-12
5.15729e-13
-1.37292e-12
4.41868e-13
-1.31532e-12
3.85634e-13
-1.23619e-12
3.56993e-13
-1.14243e-12
3.56435e-13
-1.05315e-12
3.70173e-13
-9.7732e-13
3.84902e-13
-9.0914e-13
3.86758e-13
-8.20452e-13
3.76657e-13
-6.78012e-13
3.63096e-13
-4.63594e-13
3.56374e-13
-1.85839e-13
3.57001e-13
3.48972e-13
-2.66824e-10
4.21822e-11
-2.46683e-10
3.9065e-11
-2.28061e-10
3.61097e-11
-2.10804e-10
3.33799e-11
-1.94798e-10
3.08598e-11
-1.79972e-10
2.85404e-11
-1.66266e-10
2.6384e-11
-1.53608e-10
2.43818e-11
-1.41918e-10
2.25278e-11
-1.31121e-10
2.08167e-11
-1.21156e-10
1.92372e-11
-1.11972e-10
1.77737e-11
-1.03512e-10
1.64152e-11
-9.57108e-11
1.5157e-11
-8.84938e-11
1.40012e-11
-8.18017e-11
1.2947e-11
-7.55995e-11
1.19847e-11
-6.98737e-11
1.10973e-11
-6.46113e-11
1.02666e-11
-5.97798e-11
9.48219e-12
-5.53237e-11
8.74623e-12
-5.11826e-11
8.06573e-12
-4.73157e-11
7.44612e-12
-4.37156e-11
6.88236e-12
-4.03982e-11
6.36383e-12
-3.73769e-11
5.87972e-12
-3.46372e-11
5.4265e-12
-3.21333e-11
5.005e-12
-2.9806e-11
4.61959e-12
-2.76079e-11
4.26772e-12
-2.55241e-11
3.94095e-12
-2.35641e-11
3.62869e-12
-2.17432e-11
3.32491e-12
-2.00634e-11
3.03695e-12
-1.85086e-11
2.77702e-12
-1.70567e-11
2.55672e-12
-1.56968e-11
2.37623e-12
-1.44346e-11
2.22345e-12
-1.32862e-11
2.08111e-12
-1.22584e-11
1.93504e-12
-1.13349e-11
1.78226e-12
-1.04809e-11
1.63125e-12
-9.65975e-12
1.49359e-12
-8.85556e-12
1.37942e-12
-8.07831e-12
1.28599e-12
-7.35754e-12
1.20707e-12
-6.71921e-12
1.13284e-12
-6.16729e-12
1.05756e-12
-5.68114e-12
9.8108e-13
-5.23003e-12
9.08688e-13
-4.78935e-12
8.42329e-13
-4.35425e-12
7.77671e-13
-3.93709e-12
7.14076e-13
-3.556e-12
6.52021e-13
-3.21651e-12
5.9397e-13
-2.90897e-12
5.45571e-13
-2.61897e-12
5.12749e-13
-2.33991e-12
4.94903e-13
-2.07922e-12
4.80791e-13
-1.85612e-12
4.58701e-13
-1.68803e-12
4.19065e-13
-1.57466e-12
3.63485e-13
-1.49757e-12
3.0228e-13
-1.4276e-12
2.5308e-13
-1.34194e-12
2.24716e-13
-1.23738e-12
2.18802e-13
-1.12991e-12
2.30335e-13
-1.0408e-12
2.45548e-13
-9.75414e-13
2.53625e-13
-9.17197e-13
2.49765e-13
-8.33581e-13
2.42823e-13
-6.89858e-13
2.40057e-13
-4.69162e-13
2.44931e-13
-1.87536e-13
2.53393e-13
2.54101e-13
-2.68915e-10
2.00916e-11
-2.48675e-10
1.86428e-11
-2.29902e-10
1.72783e-11
-2.12488e-10
1.60058e-11
-1.96353e-10
1.48191e-11
-1.81417e-10
1.37166e-11
-1.6761e-10
1.26849e-11
-1.54853e-10
1.17249e-11
-1.43066e-10
1.08355e-11
-1.32179e-10
1.00133e-11
-1.22137e-10
9.25058e-12
-1.12884e-10
8.53931e-12
-1.04358e-10
7.87782e-12
-9.64844e-11
7.2691e-12
-8.91942e-11
6.71667e-12
-8.24359e-11
6.21774e-12
-7.61831e-11
5.76024e-12
-7.04225e-11
5.33086e-12
-6.51334e-11
4.92134e-12
-6.02725e-11
4.53235e-12
-5.57785e-11
4.17343e-12
-5.1594e-11
3.85223e-12
-4.76867e-11
3.56862e-12
-4.40562e-11
3.31156e-12
-4.0718e-11
3.06759e-12
-3.76793e-11
2.82989e-12
-3.49188e-11
2.60051e-12
-3.23896e-11
2.38734e-12
-3.00382e-11
2.19854e-12
-2.78247e-11
2.03269e-12
-2.57351e-11
1.8838e-12
-2.37734e-11
1.74388e-12
-2.19446e-11
1.60793e-12
-2.02431e-11
1.48065e-12
-1.86545e-11
1.3682e-12
-1.7168e-11
1.27495e-12
-1.57849e-11
1.19518e-12
-1.45175e-11
1.11727e-12
-1.33777e-11
1.03418e-12
-1.23607e-11
9.44549e-13
-1.14394e-11
8.55536e-13
-1.05733e-11
7.77673e-13
-9.73227e-12
7.19733e-13
-8.90888e-12
6.81099e-13
-8.12058e-12
6.49185e-13
-7.39779e-12
6.15724e-13
-6.76221e-12
5.7423e-13
-6.21204e-12
5.25e-13
-5.72428e-12
4.74808e-13
-5.26915e-12
4.33197e-13
-4.82536e-12
4.01499e-13
-4.39068e-12
3.75032e-13
-3.97441e-12
3.49211e-13
-3.59112e-12
3.26359e-13
-3.24266e-12
3.02603e-13
-2.92126e-12
2.80535e-13
-2.6178e-12
2.63489e-13
-2.33443e-12
2.53295e-13
-2.08361e-12
2.40852e-13
-1.87868e-12
2.17562e-13
-1.72858e-12
1.84965e-13
-1.62151e-12
1.45256e-13
-1.53535e-12
1.12091e-13
-1.44383e-12
9.44163e-14
-1.33416e-12
9.24208e-14
-1.2149e-12
1.01537e-13
-1.10565e-12
1.1202e-13
-1.02402e-12
1.14913e-13
-9.69373e-13
1.08179e-13
-9.1919e-13
9.72783e-14
-8.35628e-13
9.39647e-14
-6.85426e-13
1.02887e-13
-4.59636e-13
1.22098e-13
-1.82362e-13
1.43937e-13
1.58117e-13
-2.48036e-10
-2.29392e-10
-2.12086e-10
-1.96028e-10
-1.81148e-10
-1.67374e-10
-1.54638e-10
-1.42865e-10
-1.31986e-10
-1.21944e-10
-1.12684e-10
-1.04151e-10
-9.62835e-11
-8.9012e-11
-8.22778e-11
-7.60409e-11
-7.02808e-11
-6.4981e-11
-6.01127e-11
-5.56293e-11
-5.14748e-11
-4.76034e-11
-4.3994e-11
-4.06502e-11
-3.75839e-11
-3.47927e-11
-3.22506e-11
-2.99139e-11
-2.77371e-11
-2.56909e-11
-2.37634e-11
-2.19535e-11
-2.02609e-11
-1.86781e-11
-1.7196e-11
-1.58109e-11
-1.45306e-11
-1.33691e-11
-1.23304e-11
-1.14004e-11
-1.05482e-11
-9.73897e-12
-8.95004e-12
-8.18109e-12
-7.45495e-12
-6.79624e-12
-6.21763e-12
-5.71282e-12
-5.26027e-12
-4.83377e-12
-4.41833e-12
-4.01493e-12
-3.63282e-12
-3.27539e-12
-2.94478e-12
-2.63923e-12
-2.35743e-12
-2.10095e-12
-1.88021e-12
-1.70664e-12
-1.57858e-12
-1.48432e-12
-1.40072e-12
-1.3084e-12
-1.20421e-12
-1.09957e-12
-1.0121e-12
-9.52148e-13
-9.11743e-13
-8.64776e-13
-7.76119e-13
-6.23282e-13
-4.0852e-13
-1.58118e-13
)
;

boundaryField
{
    leftWall
    {
        type            calculated;
        value           nonuniform List<scalar> 0();
    }
    rightWall
    {
        type            calculated;
        value           uniform 0;
    }
    lowerWall
    {
        type            calculated;
        value           uniform 0;
    }
    atmosphere
    {
        type            calculated;
        value           uniform 0;
    }
    defaultFaces
    {
        type            empty;
    }
    procBoundary3to2
    {
        type            processor;
        value           nonuniform List<scalar> 
40
(
-2.67769e-10
-2.90641e-10
-2.88404e-10
-2.83123e-10
-2.7618e-10
-2.67561e-10
-2.5704e-10
-2.44748e-10
-2.31212e-10
-2.16553e-10
-2.00457e-10
-1.82835e-10
-1.6404e-10
-1.44375e-10
-1.23772e-10
-1.02274e-10
-8.01425e-11
-5.76984e-11
-3.49673e-11
-1.20145e-11
1.12701e-11
3.45475e-11
5.75532e-11
8.00574e-11
1.01918e-10
1.23176e-10
1.43789e-10
1.63509e-10
1.82126e-10
1.99742e-10
2.16373e-10
2.31614e-10
2.45051e-10
2.56821e-10
2.67221e-10
2.76104e-10
2.83088e-10
2.88144e-10
2.90583e-10
2.68384e-10
)
;
    }
}


// ************************************************************************* //
