/*--------------------------------*- C++ -*----------------------------------*\
| =========                 |                                                 |
| \\      /  F ield         | OpenFOAM: The Open Source CFD Toolbox           |
|  \\    /   O peration     | Version:  2606                                  |
|   \\  /    A nd           | Website:  www.openfoam.com                      |
|    \\/     M anipulation  |                                                 |
\*---------------------------------------------------------------------------*/
FoamFile
{
    version     2.0;
    format      ascii;
    arch        "LSB;label=32;scalar=64";
    class       volVectorField;
    location    "0.45";
    object      U;
}
// * * * * * * * * * * * * * * * * * * * * * * * * * * * * * * * * * * * * * //

dimensions      [0 1 -1 0 0 0 0];

internalField   nonuniform List<vector> 
3000
(
(-0.002007 0.00145992 0)
(-0.000791093 9.64743e-05 0)
(-0.000464616 -0.000490783 0)
(0.00352048 -0.00193703 0)
(0.0112045 -0.004527 0)
(0.023118 -0.00732507 0)
(0.0376251 -0.00909309 0)
(0.0532722 -0.00944969 0)
(0.0686982 -0.00879293 0)
(0.0827613 -0.00769077 0)
(0.0949907 -0.006573 0)
(0.10555 -0.00565976 0)
(0.114895 -0.0050059 0)
(0.123471 -0.00457155 0)
(0.131602 -0.00429597 0)
(0.139512 -0.00412769 0)
(0.147349 -0.00402055 0)
(0.155186 -0.00394551 0)
(0.163037 -0.00389111 0)
(0.170895 -0.00385402 0)
(0.178752 -0.00383319 0)
(0.186604 -0.00382748 0)
(0.19445 -0.00383429 0)
(0.202294 -0.00384979 0)
(0.210135 -0.00387029 0)
(0.217971 -0.00389307 0)
(0.225796 -0.00391611 0)
(0.233606 -0.00393732 0)
(0.241398 -0.00395484 0)
(0.24917 -0.00396795 0)
(0.25692 -0.00397742 0)
(0.264651 -0.00398486 0)
(0.272369 -0.00399179 0)
(0.280083 -0.00399912 0)
(0.287803 -0.00400721 0)
(0.295536 -0.00401613 0)
(0.303288 -0.00402583 0)
(0.311059 -0.0040361 0)
(0.318849 -0.00404649 0)
(0.326652 -0.00405654 0)
(0.334462 -0.00406568 0)
(0.342271 -0.00407272 0)
(0.350066 -0.00407662 0)
(0.357836 -0.00407727 0)
(0.365569 -0.00407514 0)
(0.373258 -0.00407043 0)
(0.380898 -0.00406275 0)
(0.388487 -0.00405186 0)
(0.396026 -0.00403793 0)
(0.403519 -0.00401913 0)
(0.410968 -0.00399492 0)
(0.418377 -0.00396408 0)
(0.425744 -0.00392592 0)
(0.433068 -0.00388197 0)
(0.440343 -0.00383608 0)
(0.447571 -0.0037927 0)
(0.454758 -0.00375514 0)
(0.461919 -0.00372471 0)
(0.469076 -0.00370049 0)
(0.47625 -0.00368001 0)
(0.48346 -0.00365976 0)
(0.490718 -0.00363749 0)
(0.498029 -0.0036144 0)
(0.505389 -0.00359395 0)
(0.512789 -0.00358146 0)
(0.520217 -0.00358486 0)
(0.527668 -0.00361214 0)
(0.535143 -0.00366735 0)
(0.542656 -0.00374768 0)
(0.550218 -0.00384215 0)
(0.557835 -0.00393159 0)
(0.565501 -0.00399436 0)
(0.573198 -0.00401483 0)
(0.580904 -0.00398924 0)
(0.588595 -0.00393012 0)
(0.0028762 0.000615696 0)
(0.0133316 -0.00123889 0)
(0.0223696 -0.00420563 0)
(0.0339008 -0.00955967 0)
(0.0457009 -0.0153342 0)
(0.0559696 -0.0200784 0)
(0.0646931 -0.0227179 0)
(0.072586 -0.0228707 0)
(0.080322 -0.021227 0)
(0.0881125 -0.0187656 0)
(0.0959605 -0.0162949 0)
(0.103897 -0.0142838 0)
(0.111989 -0.0128915 0)
(0.120261 -0.0120334 0)
(0.128685 -0.0115863 0)
(0.137254 -0.0114435 0)
(0.145978 -0.0114596 0)
(0.154818 -0.0115193 0)
(0.163709 -0.0115688 0)
(0.172594 -0.0115943 0)
(0.181431 -0.0116002 0)
(0.190196 -0.0115959 0)
(0.198877 -0.011588 0)
(0.207467 -0.0115764 0)
(0.21596 -0.0115575 0)
(0.224344 -0.0115292 0)
(0.232606 -0.0114938 0)
(0.240733 -0.0114543 0)
(0.248718 -0.0114129 0)
(0.256557 -0.0113717 0)
(0.26425 -0.0113353 0)
(0.271805 -0.0113099 0)
(0.279237 -0.0113009 0)
(0.286564 -0.0113097 0)
(0.293807 -0.0113332 0)
(0.300982 -0.0113658 0)
(0.308106 -0.0114006 0)
(0.315191 -0.0114314 0)
(0.322247 -0.0114529 0)
(0.329281 -0.011461 0)
(0.336304 -0.0114527 0)
(0.343321 -0.0114244 0)
(0.350337 -0.0113737 0)
(0.357353 -0.0113026 0)
(0.364375 -0.0112171 0)
(0.371413 -0.0111246 0)
(0.378482 -0.0110317 0)
(0.385597 -0.0109447 0)
(0.39278 -0.0108715 0)
(0.400054 -0.0108126 0)
(0.407443 -0.0107713 0)
(0.414965 -0.0107429 0)
(0.422616 -0.0107154 0)
(0.430374 -0.0106804 0)
(0.438211 -0.0106398 0)
(0.446106 -0.0106036 0)
(0.454049 -0.0105846 0)
(0.462042 -0.0105944 0)
(0.470094 -0.0106394 0)
(0.478222 -0.0107184 0)
(0.486434 -0.0108221 0)
(0.494736 -0.0109356 0)
(0.50311 -0.0110373 0)
(0.511517 -0.0111087 0)
(0.519909 -0.011141 0)
(0.528223 -0.0111348 0)
(0.536399 -0.0111037 0)
(0.544397 -0.0110706 0)
(0.552205 -0.011056 0)
(0.559835 -0.0110729 0)
(0.567336 -0.0111326 0)
(0.574777 -0.0112277 0)
(0.582241 -0.0113382 0)
(0.589785 -0.0114365 0)
(0.597419 -0.0114812 0)
(0.0106388 -0.0136731 0)
(0.031703 -0.0184748 0)
(0.0482412 -0.0206751 0)
(0.0606746 -0.023783 0)
(0.0682162 -0.0262313 0)
(0.0711905 -0.0274042 0)
(0.0715099 -0.0274157 0)
(0.0712068 -0.0265903 0)
(0.0717331 -0.0255065 0)
(0.0739666 -0.0244557 0)
(0.0782293 -0.0235645 0)
(0.0844724 -0.0229118 0)
(0.0923063 -0.0225439 0)
(0.101179 -0.0223642 0)
(0.110565 -0.0223475 0)
(0.120131 -0.0224945 0)
(0.129716 -0.0226934 0)
(0.139209 -0.0228362 0)
(0.14853 -0.0228823 0)
(0.157642 -0.0228358 0)
(0.166541 -0.0227186 0)
(0.175246 -0.0225565 0)
(0.183792 -0.0223697 0)
(0.192216 -0.0221652 0)
(0.200552 -0.0219369 0)
(0.208828 -0.0216795 0)
(0.217069 -0.0213928 0)
(0.225304 -0.0210815 0)
(0.233555 -0.0207532 0)
(0.241837 -0.0204182 0)
(0.250156 -0.0200896 0)
(0.258517 -0.0197816 0)
(0.266924 -0.0195069 0)
(0.275387 -0.0192736 0)
(0.28391 -0.0190845 0)
(0.292497 -0.0189386 0)
(0.301148 -0.0188323 0)
(0.309865 -0.0187592 0)
(0.318646 -0.0187154 0)
(0.327488 -0.0186991 0)
(0.336386 -0.0187039 0)
(0.345331 -0.0187224 0)
(0.354306 -0.0187484 0)
(0.363286 -0.0187807 0)
(0.372242 -0.0188222 0)
(0.381147 -0.0188787 0)
(0.389981 -0.0189558 0)
(0.398717 -0.0190615 0)
(0.407324 -0.0192057 0)
(0.415627 -0.0193741 0)
(0.423718 -0.0195625 0)
(0.431584 -0.0197504 0)
(0.439196 -0.0199099 0)
(0.446534 -0.0200225 0)
(0.453586 -0.02009 0)
(0.460347 -0.0201298 0)
(0.466827 -0.0201657 0)
(0.473053 -0.0202204 0)
(0.479059 -0.0203105 0)
(0.484869 -0.0204407 0)
(0.490498 -0.0206014 0)
(0.495917 -0.0207721 0)
(0.501114 -0.0209209 0)
(0.50609 -0.0210117 0)
(0.510842 -0.0210175 0)
(0.515415 -0.0209258 0)
(0.519909 -0.0207471 0)
(0.524473 -0.0205134 0)
(0.529283 -0.0202622 0)
(0.534485 -0.0200244 0)
(0.540122 -0.0198131 0)
(0.546075 -0.0196536 0)
(0.552096 -0.0195612 0)
(0.557906 -0.0195278 0)
(0.563334 -0.0195498 0)
(0.0141997 -0.0463782 0)
(0.0242425 -0.0430558 0)
(0.0277326 -0.0366602 0)
(0.0264093 -0.0314102 0)
(0.0234869 -0.0262773 0)
(0.0227192 -0.0232852 0)
(0.0246272 -0.0220626 0)
(0.0278459 -0.0219345 0)
(0.030827 -0.0229794 0)
(0.0336677 -0.0247289 0)
(0.0370031 -0.0268791 0)
(0.0415328 -0.0288951 0)
(0.0469931 -0.0303841 0)
(0.0530556 -0.0311702 0)
(0.0595411 -0.0314445 0)
(0.0658746 -0.0315085 0)
(0.0717927 -0.0313946 0)
(0.0775639 -0.0311172 0)
(0.0833447 -0.0307043 0)
(0.0889896 -0.0302122 0)
(0.0944608 -0.0297143 0)
(0.0998243 -0.0292817 0)
(0.105229 -0.0289485 0)
(0.110901 -0.0287209 0)
(0.117189 -0.0286015 0)
(0.124434 -0.0285769 0)
(0.132893 -0.0286436 0)
(0.14274 -0.0287871 0)
(0.154045 -0.0289716 0)
(0.166747 -0.0291675 0)
(0.180683 -0.0293644 0)
(0.195664 -0.0295694 0)
(0.211529 -0.0297916 0)
(0.22816 -0.030035 0)
(0.24547 -0.0302945 0)
(0.263387 -0.0305618 0)
(0.281842 -0.03083 0)
(0.30078 -0.0311033 0)
(0.32021 -0.0313494 0)
(0.339972 -0.0315615 0)
(0.359843 -0.0317733 0)
(0.379865 -0.0319453 0)
(0.400072 -0.0320458 0)
(0.420276 -0.0320632 0)
(0.440246 -0.0319976 0)
(0.459611 -0.0318394 0)
(0.477777 -0.0315101 0)
(0.493709 -0.0307681 0)
(0.506202 -0.0289825 0)
(0.509222 -0.0262048 0)
(0.50554 -0.0237148 0)
(0.496339 -0.0219141 0)
(0.483063 -0.020824 0)
(0.467814 -0.0203899 0)
(0.452285 -0.0204462 0)
(0.437587 -0.0207785 0)
(0.424661 -0.0211768 0)
(0.414196 -0.0215424 0)
(0.406237 -0.0217782 0)
(0.400085 -0.0218871 0)
(0.395054 -0.0220001 0)
(0.390001 -0.0222408 0)
(0.385229 -0.0226967 0)
(0.381716 -0.0232696 0)
(0.380393 -0.0237716 0)
(0.382961 -0.0241012 0)
(0.391281 -0.0242227 0)
(0.406595 -0.0241208 0)
(0.428786 -0.0236864 0)
(0.455196 -0.0224254 0)
(0.479797 -0.0197248 0)
(0.4949 -0.0174475 0)
(0.495577 -0.0165733 0)
(0.482437 -0.0171544 0)
(0.462712 -0.0207156 0)
(0.00104171 -0.0515478 0)
(-0.00833353 -0.0258291 0)
(-0.00845994 -0.0218657 0)
(-0.00551159 -0.0179512 0)
(0.000367336 -0.0205789 0)
(0.00502599 -0.0256365 0)
(0.00700426 -0.0290192 0)
(0.00832558 -0.0287519 0)
(0.0101487 -0.0274993 0)
(0.0136749 -0.0267341 0)
(0.018179 -0.0277683 0)
(0.0221536 -0.0293396 0)
(0.0245482 -0.0304335 0)
(0.0258568 -0.0314231 0)
(0.0272319 -0.0316385 0)
(0.0284571 -0.0312397 0)
(0.0298546 -0.0310002 0)
(0.0325679 -0.0310666 0)
(0.0363444 -0.0309916 0)
(0.0400697 -0.0306668 0)
(0.0436205 -0.030247 0)
(0.0470618 -0.0299784 0)
(0.050676 -0.0299742 0)
(0.0549334 -0.030489 0)
(0.0608392 -0.0317175 0)
(0.0691681 -0.0334512 0)
(0.0801988 -0.0355944 0)
(0.0939733 -0.0379908 0)
(0.110178 -0.0403467 0)
(0.128172 -0.0424592 0)
(0.147268 -0.0442456 0)
(0.166959 -0.0457395 0)
(0.187008 -0.0470045 0)
(0.207319 -0.0481111 0)
(0.227838 -0.0490911 0)
(0.248482 -0.0499647 0)
(0.269193 -0.050739 0)
(0.289907 -0.0515673 0)
(0.310873 -0.0520598 0)
(0.331392 -0.0521901 0)
(0.350859 -0.0525458 0)
(0.370117 -0.0527682 0)
(0.389392 -0.0526563 0)
(0.407752 -0.0520789 0)
(0.424917 -0.0509175 0)
(0.440062 -0.0489605 0)
(0.4517 -0.0455917 0)
(0.459418 -0.0398637 0)
(0.462674 -0.0304123 0)
(0.460616 -0.0206416 0)
(0.453082 -0.0118969 0)
(0.439987 -0.00446249 0)
(0.422314 0.000637819 0)
(0.402774 0.00346959 0)
(0.383777 0.00429129 0)
(0.366916 0.00299123 0)
(0.353198 -0.000331534 0)
(0.342758 -0.00431494 0)
(0.33455 -0.00734434 0)
(0.32733 -0.00874078 0)
(0.319845 -0.00834342 0)
(0.310989 -0.00723705 0)
(0.300306 -0.00664522 0)
(0.288165 -0.00755225 0)
(0.275728 -0.0109378 0)
(0.265288 -0.0181495 0)
(0.260378 -0.0298612 0)
(0.264854 -0.0448076 0)
(0.28057 -0.0592624 0)
(0.305024 -0.0666683 0)
(0.330997 -0.0609798 0)
(0.349081 -0.0420143 0)
(0.351037 -0.0150231 0)
(0.328503 0.00738225 0)
(0.278899 0.0155525 0)
(-0.0157214 -0.0357453 0)
(-0.0212683 -0.0290277 0)
(-0.0193807 -0.0320529 0)
(-0.0167269 -0.0342315 0)
(-0.0154825 -0.0335086 0)
(-0.015602 -0.031336 0)
(-0.0166262 -0.0299274 0)
(-0.0168781 -0.0297284 0)
(-0.0156725 -0.0315187 0)
(-0.01384 -0.033973 0)
(-0.0129499 -0.0351871 0)
(-0.0138964 -0.0343155 0)
(-0.0163579 -0.0330396 0)
(-0.0189034 -0.0338903 0)
(-0.020423 -0.0338498 0)
(-0.0213258 -0.0338443 0)
(-0.0211972 -0.0359326 0)
(-0.0197965 -0.0378351 0)
(-0.0186297 -0.037692 0)
(-0.0181438 -0.036977 0)
(-0.0170687 -0.0363682 0)
(-0.0149067 -0.0367431 0)
(-0.0114711 -0.0377368 0)
(-0.00657733 -0.0403372 0)
(0.000636549 -0.0448242 0)
(0.0102026 -0.0500052 0)
(0.0217765 -0.0555279 0)
(0.0347202 -0.0606513 0)
(0.048363 -0.0648395 0)
(0.0622315 -0.0678014 0)
(0.0760518 -0.069685 0)
(0.0896529 -0.0710085 0)
(0.103117 -0.0720171 0)
(0.116574 -0.0728886 0)
(0.130051 -0.0736165 0)
(0.143453 -0.0742036 0)
(0.157152 -0.0744037 0)
(0.170519 -0.0758301 0)
(0.184735 -0.0759172 0)
(0.198667 -0.0740112 0)
(0.210921 -0.0741311 0)
(0.223843 -0.0741498 0)
(0.237628 -0.0735368 0)
(0.252098 -0.0724342 0)
(0.267277 -0.069286 0)
(0.281103 -0.064022 0)
(0.293249 -0.0576106 0)
(0.305261 -0.0481069 0)
(0.315705 -0.034794 0)
(0.321332 -0.0189374 0)
(0.319693 -0.00194873 0)
(0.310318 0.0133366 0)
(0.294437 0.0219769 0)
(0.274216 0.0239398 0)
(0.249968 0.0210104 0)
(0.219685 0.014651 0)
(0.183184 0.00688913 0)
(0.14547 0.00113645 0)
(0.112017 -0.00212151 0)
(0.0850487 -0.00365842 0)
(0.065138 -0.0037554 0)
(0.0514375 -0.00301387 0)
(0.0427272 -0.00281548 0)
(0.0389142 -0.005273 0)
(0.0389429 -0.0115704 0)
(0.0435093 -0.0234919 0)
(0.0532174 -0.0419746 0)
(0.0680152 -0.0645733 0)
(0.0869251 -0.0840994 0)
(0.106576 -0.0897321 0)
(0.122409 -0.0736994 0)
(0.132242 -0.0370743 0)
(0.124223 0.0106111 0)
(0.0969839 0.0534181 0)
(0.0519592 0.0848378 0)
(-0.0110726 -0.0201251 0)
(-0.0134326 -0.0294698 0)
(-0.0123942 -0.0318278 0)
(-0.0140811 -0.029911 0)
(-0.0162029 -0.0272438 0)
(-0.0180608 -0.0262449 0)
(-0.019672 -0.0267818 0)
(-0.0209593 -0.0288263 0)
(-0.0220927 -0.0313501 0)
(-0.0238561 -0.0325258 0)
(-0.0265009 -0.0315388 0)
(-0.0291182 -0.0295777 0)
(-0.0304146 -0.0288875 0)
(-0.0302263 -0.0312415 0)
(-0.0291049 -0.0321618 0)
(-0.0276098 -0.0330833 0)
(-0.0265017 -0.0355574 0)
(-0.0264309 -0.0365925 0)
(-0.0270372 -0.0355551 0)
(-0.0272442 -0.0353603 0)
(-0.0261354 -0.0365055 0)
(-0.023984 -0.0383619 0)
(-0.0210417 -0.0406937 0)
(-0.0170724 -0.0448938 0)
(-0.0122219 -0.0507113 0)
(-0.00680999 -0.0569322 0)
(-0.000956427 -0.0629531 0)
(0.00483281 -0.0679338 0)
(0.0103313 -0.0715177 0)
(0.0155092 -0.0737068 0)
(0.0205265 -0.074971 0)
(0.025281 -0.0760483 0)
(0.0298381 -0.077032 0)
(0.0342554 -0.0779593 0)
(0.0384629 -0.0787705 0)
(0.0425383 -0.0794924 0)
(0.0472372 -0.0800529 0)
(0.0506282 -0.0827299 0)
(0.0545969 -0.0819692 0)
(0.0593312 -0.078857 0)
(0.0624 -0.0798212 0)
(0.0664953 -0.0805852 0)
(0.0727401 -0.0804034 0)
(0.0798338 -0.0804955 0)
(0.0895577 -0.0783947 0)
(0.101777 -0.0749552 0)
(0.113987 -0.069659 0)
(0.125239 -0.0588586 0)
(0.134505 -0.0427052 0)
(0.141318 -0.0220233 0)
(0.144468 -0.000680639 0)
(0.141737 0.0172449 0)
(0.13043 0.0306348 0)
(0.109877 0.042257 0)
(0.0809894 0.0531857 0)
(0.0472918 0.0601122 0)
(0.0160405 0.0601111 0)
(-0.00862926 0.0530224 0)
(-0.0266573 0.0416203 0)
(-0.0388354 0.0297875 0)
(-0.0467766 0.0199543 0)
(-0.0513994 0.012389 0)
(-0.0533439 0.00565136 0)
(-0.0525414 -0.00239047 0)
(-0.0493891 -0.0136234 0)
(-0.0449122 -0.029805 0)
(-0.040224 -0.051581 0)
(-0.037604 -0.0756423 0)
(-0.0394458 -0.093051 0)
(-0.046593 -0.0926106 0)
(-0.05735 -0.0672936 0)
(-0.0680022 -0.0179036 0)
(-0.080093 0.0419659 0)
(-0.0903576 0.0912678 0)
(-0.0950463 0.114177 0)
(-0.0063686 -0.010481 0)
(-0.00838347 -0.0257707 0)
(-0.0103668 -0.0293337 0)
(-0.0126022 -0.0283197 0)
(-0.0144976 -0.027057 0)
(-0.0164092 -0.0257566 0)
(-0.01883 -0.0251824 0)
(-0.021853 -0.026136 0)
(-0.0255629 -0.0278981 0)
(-0.0297614 -0.0287289 0)
(-0.0331972 -0.0283842 0)
(-0.0344353 -0.0283364 0)
(-0.033188 -0.0302157 0)
(-0.030894 -0.0334983 0)
(-0.0286031 -0.0344657 0)
(-0.0265385 -0.0349684 0)
(-0.0252947 -0.036285 0)
(-0.0249019 -0.0364986 0)
(-0.0246117 -0.0356321 0)
(-0.0238151 -0.0363463 0)
(-0.0227542 -0.0382846 0)
(-0.0217404 -0.040316 0)
(-0.0205449 -0.0431806 0)
(-0.0192904 -0.0476912 0)
(-0.0183855 -0.0534852 0)
(-0.0179202 -0.059693 0)
(-0.0178845 -0.065481 0)
(-0.0183373 -0.070165 0)
(-0.0192065 -0.0734131 0)
(-0.0203559 -0.0754254 0)
(-0.0216473 -0.0766704 0)
(-0.0231972 -0.0776375 0)
(-0.0250725 -0.0783957 0)
(-0.0273295 -0.078956 0)
(-0.0299857 -0.0793978 0)
(-0.0328051 -0.0797797 0)
(-0.0358733 -0.0804553 0)
(-0.0405387 -0.0815264 0)
(-0.0447893 -0.0795437 0)
(-0.0479234 -0.0772175 0)
(-0.0508577 -0.0789975 0)
(-0.0520878 -0.0819255 0)
(-0.0509042 -0.0847559 0)
(-0.0474512 -0.0883078 0)
(-0.0423837 -0.0902309 0)
(-0.036255 -0.0889809 0)
(-0.0297147 -0.0826782 0)
(-0.0238167 -0.0707516 0)
(-0.0197006 -0.0524561 0)
(-0.0185803 -0.0276532 0)
(-0.0221745 0.00165088 0)
(-0.029475 0.0302643 0)
(-0.040226 0.0543624 0)
(-0.0529987 0.0723781 0)
(-0.0649718 0.0821542 0)
(-0.0727141 0.0814591 0)
(-0.0748822 0.0712977 0)
(-0.0737197 0.0556604 0)
(-0.0718819 0.0399829 0)
(-0.070556 0.0266731 0)
(-0.0698902 0.0162639 0)
(-0.0692144 0.00796307 0)
(-0.0678361 0.000672873 0)
(-0.0663333 -0.00701035 0)
(-0.0653617 -0.0169002 0)
(-0.0659471 -0.0303586 0)
(-0.0705479 -0.0476572 0)
(-0.0823047 -0.0658205 0)
(-0.102524 -0.0770797 0)
(-0.127978 -0.0720058 0)
(-0.151002 -0.0460248 0)
(-0.163616 -0.00364739 0)
(-0.16322 0.0419203 0)
(-0.149797 0.0745063 0)
(-0.122981 0.0815443 0)
(-0.0040301 -0.00499495 0)
(-0.00642437 -0.0234054 0)
(-0.00920008 -0.0274715 0)
(-0.0110469 -0.0264575 0)
(-0.0129596 -0.0247004 0)
(-0.0151061 -0.0228615 0)
(-0.0177909 -0.0217719 0)
(-0.0214515 -0.0221292 0)
(-0.0260984 -0.0235536 0)
(-0.0305468 -0.0251455 0)
(-0.0328595 -0.0269419 0)
(-0.0322617 -0.0295001 0)
(-0.0299656 -0.0328793 0)
(-0.027778 -0.0357311 0)
(-0.0259288 -0.0365798 0)
(-0.0239929 -0.0368307 0)
(-0.0226021 -0.0374404 0)
(-0.0218446 -0.0374413 0)
(-0.0208266 -0.0369544 0)
(-0.019558 -0.0375866 0)
(-0.0187976 -0.0389646 0)
(-0.0184955 -0.0406631 0)
(-0.0184556 -0.0432746 0)
(-0.0189379 -0.0471554 0)
(-0.0202619 -0.0521097 0)
(-0.022577 -0.0575249 0)
(-0.0258425 -0.0626178 0)
(-0.0298386 -0.0667273 0)
(-0.034263 -0.0695754 0)
(-0.0389016 -0.0713258 0)
(-0.0436964 -0.0723326 0)
(-0.0486827 -0.0729171 0)
(-0.0539096 -0.0732387 0)
(-0.0593594 -0.0733674 0)
(-0.0649413 -0.0733885 0)
(-0.0705967 -0.0734049 0)
(-0.0766254 -0.0736104 0)
(-0.0830509 -0.0737953 0)
(-0.0885171 -0.0735812 0)
(-0.0920763 -0.0742786 0)
(-0.0948374 -0.0775232 0)
(-0.0978815 -0.0818819 0)
(-0.101676 -0.0860039 0)
(-0.106611 -0.0889245 0)
(-0.112757 -0.0893958 0)
(-0.119813 -0.0860229 0)
(-0.127365 -0.0772643 0)
(-0.1349 -0.0619627 0)
(-0.141765 -0.0404111 0)
(-0.146844 -0.0141462 0)
(-0.149158 0.0138713 0)
(-0.148692 0.0404297 0)
(-0.145292 0.0614559 0)
(-0.137858 0.0741411 0)
(-0.125674 0.0770259 0)
(-0.109801 0.070914 0)
(-0.0934817 0.0592055 0)
(-0.079956 0.0459889 0)
(-0.0703737 0.0339368 0)
(-0.0641903 0.0237461 0)
(-0.0602952 0.0153261 0)
(-0.0577047 0.00821151 0)
(-0.0561353 0.00162435 0)
(-0.0553902 -0.00542217 0)
(-0.0555776 -0.0133611 0)
(-0.0582093 -0.0229313 0)
(-0.0651952 -0.0343601 0)
(-0.0789863 -0.0462832 0)
(-0.100329 -0.0540899 0)
(-0.125326 -0.0511399 0)
(-0.14563 -0.033608 0)
(-0.153359 -0.00590807 0)
(-0.146914 0.0216513 0)
(-0.127098 0.0398755 0)
(-0.100497 0.0444958 0)
(-0.00277123 -0.000653782 0)
(-0.00540658 -0.0203902 0)
(-0.00803987 -0.0252779 0)
(-0.00960343 -0.0245885 0)
(-0.0112592 -0.0228171 0)
(-0.0129922 -0.0206207 0)
(-0.0151884 -0.0186435 0)
(-0.0184158 -0.0179514 0)
(-0.0225567 -0.0192344 0)
(-0.0260978 -0.0223111 0)
(-0.0273423 -0.0266227 0)
(-0.0262225 -0.0313297 0)
(-0.02398 -0.0353756 0)
(-0.021741 -0.0377801 0)
(-0.0198622 -0.0384981 0)
(-0.0184399 -0.0384877 0)
(-0.0176606 -0.0383783 0)
(-0.0173218 -0.0381127 0)
(-0.0169187 -0.0378676 0)
(-0.0164255 -0.0381942 0)
(-0.0161502 -0.0390581 0)
(-0.0161671 -0.0404155 0)
(-0.0165527 -0.042513 0)
(-0.0175852 -0.0455398 0)
(-0.019578 -0.0494194 0)
(-0.0227087 -0.0537795 0)
(-0.0269287 -0.0580253 0)
(-0.0319514 -0.061572 0)
(-0.0373963 -0.0641164 0)
(-0.0429788 -0.0657275 0)
(-0.0485596 -0.0666707 0)
(-0.0540796 -0.0672112 0)
(-0.0594902 -0.067525 0)
(-0.0647096 -0.067735 0)
(-0.0696284 -0.067958 0)
(-0.0742024 -0.0683411 0)
(-0.078534 -0.0690296 0)
(-0.0826523 -0.0698371 0)
(-0.0864133 -0.0704542 0)
(-0.0900499 -0.0713 0)
(-0.0944379 -0.0728599 0)
(-0.100418 -0.0748017 0)
(-0.108335 -0.0767243 0)
(-0.118227 -0.0781352 0)
(-0.129901 -0.0781033 0)
(-0.142867 -0.0753268 0)
(-0.156235 -0.0683471 0)
(-0.168548 -0.055987 0)
(-0.177788 -0.038258 0)
(-0.182123 -0.0163809 0)
(-0.180653 0.00697035 0)
(-0.173224 0.0282335 0)
(-0.160053 0.043841 0)
(-0.14194 0.0522731 0)
(-0.121175 0.053633 0)
(-0.100978 0.0495617 0)
(-0.0841361 0.0424421 0)
(-0.0717391 0.0342604 0)
(-0.0633701 0.0261778 0)
(-0.0580267 0.0186919 0)
(-0.0547357 0.011903 0)
(-0.0527881 0.00564689 0)
(-0.0516887 -0.000370192 0)
(-0.0514827 -0.00625188 0)
(-0.0525313 -0.0125973 0)
(-0.0553476 -0.0193832 0)
(-0.0609397 -0.0262542 0)
(-0.0705295 -0.0321497 0)
(-0.0844824 -0.0348295 0)
(-0.100361 -0.0313568 0)
(-0.112899 -0.0202343 0)
(-0.117391 -0.00413629 0)
(-0.112504 0.01111 0)
(-0.0997998 0.0220144 0)
(-0.0853552 0.0270059 0)
(-0.00202243 0.00286155 0)
(-0.00452065 -0.0176278 0)
(-0.00671697 -0.0234891 0)
(-0.00797344 -0.0231329 0)
(-0.00922571 -0.0213811 0)
(-0.0103993 -0.0189694 0)
(-0.0117354 -0.0163527 0)
(-0.0137183 -0.0148432 0)
(-0.0164141 -0.0160481 0)
(-0.018753 -0.0203702 0)
(-0.0195125 -0.0266714 0)
(-0.0186845 -0.0329607 0)
(-0.0171695 -0.0374956 0)
(-0.0158289 -0.0395463 0)
(-0.0150293 -0.0396901 0)
(-0.0147651 -0.0390842 0)
(-0.0148836 -0.0384878 0)
(-0.015122 -0.0380939 0)
(-0.0152505 -0.0379898 0)
(-0.0152775 -0.0383054 0)
(-0.0153334 -0.0390202 0)
(-0.0155145 -0.040136 0)
(-0.0159615 -0.0417641 0)
(-0.0169115 -0.0440126 0)
(-0.018635 -0.046874 0)
(-0.0213302 -0.0501562 0)
(-0.0250076 -0.0534839 0)
(-0.0294389 -0.0564289 0)
(-0.0342604 -0.0587178 0)
(-0.0391505 -0.0603343 0)
(-0.0439135 -0.0614372 0)
(-0.0484502 -0.0622281 0)
(-0.0527067 -0.0628722 0)
(-0.0566497 -0.0634825 0)
(-0.0602783 -0.0641295 0)
(-0.0636793 -0.0648487 0)
(-0.0670258 -0.0656002 0)
(-0.0704232 -0.06623 0)
(-0.0738945 -0.0666855 0)
(-0.077658 -0.0671495 0)
(-0.0821856 -0.067699 0)
(-0.0879271 -0.0681492 0)
(-0.095159 -0.0682604 0)
(-0.104 -0.0677087 0)
(-0.114389 -0.0659357 0)
(-0.125942 -0.0621432 0)
(-0.137744 -0.0554657 0)
(-0.148279 -0.0453095 0)
(-0.155711 -0.0318185 0)
(-0.158414 -0.0161731 0)
(-0.155382 -0.000270882 0)
(-0.146738 0.0138283 0)
(-0.133774 0.0246607 0)
(-0.11824 0.0312705 0)
(-0.102505 0.0337613 0)
(-0.0885766 0.0329474 0)
(-0.0774478 0.0298613 0)
(-0.0691614 0.0254263 0)
(-0.0632889 0.0203509 0)
(-0.0592982 0.0150923 0)
(-0.0567247 0.00989006 0)
(-0.0552267 0.00481417 0)
(-0.0546007 -0.000180315 0)
(-0.054864 -0.00529804 0)
(-0.0562398 -0.0104701 0)
(-0.0590447 -0.0156021 0)
(-0.0637 -0.0202996 0)
(-0.0705359 -0.02371 0)
(-0.0792373 -0.0244478 0)
(-0.0882408 -0.0210837 0)
(-0.0950343 -0.0134196 0)
(-0.0974845 -0.00323904 0)
(-0.0949754 0.00680698 0)
(-0.0886785 0.0143034 0)
(-0.0809295 0.0182563 0)
(-0.0014626 0.00564797 0)
(-0.00360553 -0.0152819 0)
(-0.00537607 -0.0220283 0)
(-0.0063912 -0.0220022 0)
(-0.00728866 -0.0203969 0)
(-0.00795444 -0.0180749 0)
(-0.0084035 -0.0153155 0)
(-0.00893462 -0.0133698 0)
(-0.00990119 -0.0142887 0)
(-0.0110309 -0.0190429 0)
(-0.0116649 -0.026363 0)
(-0.0117283 -0.033535 0)
(-0.011671 -0.0382495 0)
(-0.0118584 -0.0398999 0)
(-0.0123822 -0.0395466 0)
(-0.0131171 -0.0386293 0)
(-0.0138663 -0.0379605 0)
(-0.0144866 -0.037687 0)
(-0.0149434 -0.0377459 0)
(-0.015296 -0.0381128 0)
(-0.0156267 -0.0387804 0)
(-0.0160072 -0.0397612 0)
(-0.016535 -0.0410982 0)
(-0.0173641 -0.0428361 0)
(-0.0186899 -0.0449741 0)
(-0.020687 -0.0474225 0)
(-0.0234147 -0.0499815 0)
(-0.0267554 -0.0523928 0)
(-0.030461 -0.0544561 0)
(-0.034275 -0.0561071 0)
(-0.0380211 -0.0574019 0)
(-0.0416164 -0.0584496 0)
(-0.0450468 -0.0593552 0)
(-0.048342 -0.0601916 0)
(-0.0515703 -0.0609942 0)
(-0.0548416 -0.0617586 0)
(-0.0582715 -0.0624159 0)
(-0.0619139 -0.062843 0)
(-0.0657891 -0.0629885 0)
(-0.0699891 -0.0629071 0)
(-0.0746701 -0.0626237 0)
(-0.0799699 -0.0620776 0)
(-0.0859915 -0.0611359 0)
(-0.0927996 -0.0595668 0)
(-0.100354 -0.056996 0)
(-0.108392 -0.0529215 0)
(-0.116302 -0.0468278 0)
(-0.123108 -0.0384328 0)
(-0.127659 -0.0279538 0)
(-0.129 -0.0161953 0)
(-0.126822 -0.00443053 0)
(-0.121183 0.00582217 0)
(-0.112783 0.0140108 0)
(-0.103143 0.0196486 0)
(-0.0935077 0.0226551 0)
(-0.0847503 0.0232883 0)
(-0.0772953 0.0220177 0)
(-0.0712591 0.0193927 0)
(-0.0665931 0.0159227 0)
(-0.0631637 0.0120042 0)
(-0.0608102 0.00790048 0)
(-0.0593938 0.00375445 0)
(-0.0588389 -0.000380906 0)
(-0.0591677 -0.00449544 0)
(-0.0604826 -0.00851657 0)
(-0.0629301 -0.0122669 0)
(-0.0666709 -0.015398 0)
(-0.0717274 -0.0173272 0)
(-0.0776762 -0.0172797 0)
(-0.0834196 -0.0146354 0)
(-0.0875217 -0.00950055 0)
(-0.0889627 -0.00289572 0)
(-0.0875048 0.00372227 0)
(-0.0837689 0.00896349 0)
(-0.0787882 0.0120294 0)
(-0.00099951 0.00774816 0)
(-0.00273106 -0.0133729 0)
(-0.00416545 -0.0208429 0)
(-0.00499414 -0.0211468 0)
(-0.00562235 -0.0197898 0)
(-0.0059237 -0.0178008 0)
(-0.00575552 -0.015364 0)
(-0.00520972 -0.0134429 0)
(-0.00474496 -0.0139786 0)
(-0.00479359 -0.0183273 0)
(-0.00534136 -0.0255473 0)
(-0.00630846 -0.032765 0)
(-0.00767419 -0.0373864 0)
(-0.00924769 -0.0388469 0)
(-0.0108085 -0.0383964 0)
(-0.01219 -0.0375534 0)
(-0.0133193 -0.0370655 0)
(-0.0142242 -0.0369806 0)
(-0.01498 -0.0371709 0)
(-0.0156541 -0.0375946 0)
(-0.0162963 -0.0382636 0)
(-0.0169539 -0.0391888 0)
(-0.0176908 -0.0403773 0)
(-0.0185999 -0.0418326 0)
(-0.0198012 -0.0435413 0)
(-0.0214156 -0.0454515 0)
(-0.0235128 -0.0474581 0)
(-0.0260649 -0.0494202 0)
(-0.028956 -0.0512125 0)
(-0.0320415 -0.0527674 0)
(-0.0352075 -0.054079 0)
(-0.038395 -0.0551807 0)
(-0.0415963 -0.0561177 0)
(-0.04484 -0.0569264 0)
(-0.0481809 -0.0576221 0)
(-0.0516871 -0.05819 0)
(-0.0554099 -0.0585809 0)
(-0.0593536 -0.0587369 0)
(-0.063498 -0.0586421 0)
(-0.0678485 -0.0583075 0)
(-0.0724432 -0.0577094 0)
(-0.0773302 -0.056771 0)
(-0.0825519 -0.0553663 0)
(-0.0881225 -0.0533102 0)
(-0.0939747 -0.0503538 0)
(-0.099889 -0.0462155 0)
(-0.105439 -0.0406559 0)
(-0.110018 -0.0336061 0)
(-0.112975 -0.0252873 0)
(-0.113828 -0.016243 0)
(-0.112439 -0.00725044 0)
(-0.108889 0.000998925 0)
(-0.103618 0.00772582 0)
(-0.0973492 0.0125886 0)
(-0.0907471 0.0154912 0)
(-0.0843622 0.0165721 0)
(-0.0785784 0.0161317 0)
(-0.0736267 0.0145387 0)
(-0.0696096 0.0121531 0)
(-0.0665328 0.00927405 0)
(-0.0643486 0.00611991 0)
(-0.0629978 0.00283473 0)
(-0.062441 -0.000486442 0)
(-0.0626813 -0.0037593 0)
(-0.0637605 -0.00686701 0)
(-0.065729 -0.00963319 0)
(-0.0686046 -0.0117835 0)
(-0.0722755 -0.0129286 0)
(-0.0763553 -0.012623 0)
(-0.0801302 -0.0105898 0)
(-0.0827771 -0.00701763 0)
(-0.0837191 -0.00258939 0)
(-0.0827907 0.00182451 0)
(-0.0803152 0.00542104 0)
(-0.076922 0.00771832 0)
(-0.00061814 0.00925812 0)
(-0.00194945 -0.0118512 0)
(-0.00312232 -0.0198733 0)
(-0.00381347 -0.0204969 0)
(-0.00426349 -0.0194372 0)
(-0.00436346 -0.0178933 0)
(-0.00392455 -0.0160261 0)
(-0.00290236 -0.0144782 0)
(-0.0016631 -0.0147611 0)
(-0.000960426 -0.0182639 0)
(-0.00132056 -0.0245343 0)
(-0.00279569 -0.031071 0)
(-0.00505878 -0.0353533 0)
(-0.00751418 -0.0368085 0)
(-0.00970922 -0.0365921 0)
(-0.0114823 -0.0360792 0)
(-0.0128847 -0.0358834 0)
(-0.0140441 -0.0359938 0)
(-0.0150676 -0.0362944 0)
(-0.0160173 -0.0367709 0)
(-0.0169367 -0.0374492 0)
(-0.0178711 -0.0383368 0)
(-0.0188714 -0.0394277 0)
(-0.0199966 -0.04071 0)
(-0.0213162 -0.0421606 0)
(-0.0229025 -0.0437367 0)
(-0.0248077 -0.0453716 0)
(-0.0270404 -0.0469825 0)
(-0.0295624 -0.0484924 0)
(-0.0323105 -0.049849 0)
(-0.0352229 -0.0510312 0)
(-0.0382578 -0.0520418 0)
(-0.041399 -0.052893 0)
(-0.044653 -0.053594 0)
(-0.0480415 -0.0541443 0)
(-0.0515876 -0.0545301 0)
(-0.0552986 -0.0547241 0)
(-0.0591605 -0.0546972 0)
(-0.0631559 -0.0544336 0)
(-0.067286 -0.0539199 0)
(-0.07157 -0.0531189 0)
(-0.0760292 -0.0519601 0)
(-0.0806708 -0.0503396 0)
(-0.0854668 -0.0481198 0)
(-0.0903232 -0.0451346 0)
(-0.0950457 -0.0412171 0)
(-0.0993219 -0.0362572 0)
(-0.102752 -0.0302783 0)
(-0.10494 -0.0234922 0)
(-0.105602 -0.0162897 0)
(-0.104642 -0.00916573 0)
(-0.102141 -0.00259039 0)
(-0.0983762 0.0029196 0)
(-0.09377 0.00708669 0)
(-0.0887646 0.00979539 0)
(-0.0837719 0.0111151 0)
(-0.0791185 0.0112321 0)
(-0.0750255 0.0103877 0)
(-0.0716145 0.00883016 0)
(-0.0689315 0.00678144 0)
(-0.0669749 0.00442276 0)
(-0.0657249 0.00189631 0)
(-0.0651649 -0.000684449 0)
(-0.0652914 -0.00321276 0)
(-0.0661087 -0.00556633 0)
(-0.0676097 -0.00758549 0)
(-0.0697457 -0.00906189 0)
(-0.0723696 -0.0097439 0)
(-0.0751711 -0.00939167 0)
(-0.0776802 -0.00790354 0)
(-0.0794045 -0.00544508 0)
(-0.0800078 -0.00243837 0)
(-0.0793885 0.000581684 0)
(-0.077725 0.00308544 0)
(-0.0753873 0.00476803 0)
(-0.000304754 0.0102436 0)
(-0.0012737 -0.0106614 0)
(-0.00225056 -0.0190618 0)
(-0.00285536 -0.0199778 0)
(-0.00321643 -0.0192167 0)
(-0.00325658 -0.0181095 0)
(-0.00281559 -0.0168343 0)
(-0.00180001 -0.0157898 0)
(-0.000426757 -0.0160097 0)
(0.000564237 -0.0186532 0)
(0.000386849 -0.0236066 0)
(-0.00118873 -0.0290088 0)
(-0.00375764 -0.032751 0)
(-0.00655297 -0.0342651 0)
(-0.00900793 -0.0344369 0)
(-0.0109722 -0.0343551 0)
(-0.0125567 -0.0344767 0)
(-0.0139162 -0.0347749 0)
(-0.015151 -0.0351775 0)
(-0.0163155 -0.0357028 0)
(-0.0174539 -0.0363842 0)
(-0.0186126 -0.037229 0)
(-0.0198374 -0.0382304 0)
(-0.0211736 -0.0393746 0)
(-0.0226667 -0.0406375 0)
(-0.0243595 -0.0419809 0)
(-0.0262829 -0.0433543 0)
(-0.0284468 -0.0447017 0)
(-0.0308387 -0.0459722 0)
(-0.0334305 -0.0471276 0)
(-0.0361906 -0.048145 0)
(-0.0390925 -0.0490141 0)
(-0.0421194 -0.0497337 0)
(-0.045264 -0.0503046 0)
(-0.0485261 -0.0507236 0)
(-0.0519078 -0.0509778 0)
(-0.0554066 -0.0510456 0)
(-0.0590146 -0.0509022 0)
(-0.0627256 -0.0505258 0)
(-0.066541 -0.0498908 0)
(-0.0704658 -0.0489579 0)
(-0.0744986 -0.0476686 0)
(-0.0786214 -0.0459452 0)
(-0.0827842 -0.0436926 0)
(-0.0868872 -0.040808 0)
(-0.0907657 -0.0372019 0)
(-0.0941892 -0.0328341 0)
(-0.0968874 -0.0277588 0)
(-0.0986031 -0.0221514 0)
(-0.0991565 -0.0162963 0)
(-0.0984894 -0.0105392 0)
(-0.096676 -0.00522762 0)
(-0.0938922 -0.000685198 0)
(-0.0904229 0.00287622 0)
(-0.0865987 0.00536334 0)
(-0.0827138 0.00679348 0)
(-0.0790197 0.00727198 0)
(-0.0756992 0.00695428 0)
(-0.0728692 0.00601261 0)
(-0.0705915 0.00461337 0)
(-0.0688905 0.00290482 0)
(-0.0677701 0.00101479 0)
(-0.067224 -0.000942472 0)
(-0.0672454 -0.00285901 0)
(-0.0678221 -0.00461818 0)
(-0.0689194 -0.00608588 0)
(-0.0704642 -0.0071086 0)
(-0.0723139 -0.00752504 0)
(-0.0742333 -0.0072063 0)
(-0.075912 -0.00612665 0)
(-0.077046 -0.00441977 0)
(-0.0774277 -0.00235849 0)
(-0.0770018 -0.000282599 0)
(-0.0758621 0.00146993 0)
(-0.074221 0.00269345 0)
(-4.91768e-05 0.0107877 0)
(-0.000713662 -0.00974606 0)
(-0.00155393 -0.018357 0)
(-0.00211974 -0.0195174 0)
(-0.00246925 -0.0190218 0)
(-0.00255228 -0.0182803 0)
(-0.00225965 -0.0174984 0)
(-0.00150337 -0.0169188 0)
(-0.000403136 -0.0171887 0)
(0.000470917 -0.0191458 0)
(0.000359073 -0.0228137 0)
(-0.00109241 -0.0269722 0)
(-0.00355187 -0.030081 0)
(-0.00627625 -0.0316281 0)
(-0.00870663 -0.0321885 0)
(-0.0107064 -0.0325176 0)
(-0.0123896 -0.0329217 0)
(-0.0138898 -0.0333828 0)
(-0.0152815 -0.0338785 0)
(-0.0166075 -0.0344503 0)
(-0.0179095 -0.0351338 0)
(-0.0192306 -0.0359364 0)
(-0.020612 -0.0368537 0)
(-0.0220919 -0.0378753 0)
(-0.0237058 -0.0389808 0)
(-0.0254829 -0.0401397 0)
(-0.0274417 -0.0413127 0)
(-0.0295874 -0.042458 0)
(-0.0319126 -0.0435376 0)
(-0.0344016 -0.044522 0)
(-0.0370354 -0.0453915 0)
(-0.0397961 -0.0461336 0)
(-0.04267 -0.0467404 0)
(-0.0456493 -0.0472049 0)
(-0.0487307 -0.0475174 0)
(-0.0519124 -0.0476641 0)
(-0.0551908 -0.0476258 0)
(-0.058559 -0.0473816 0)
(-0.0620098 -0.0469092 0)
(-0.0655368 -0.0461825 0)
(-0.0691318 -0.0451667 0)
(-0.0727788 -0.0438159 0)
(-0.0764459 -0.042074 0)
(-0.0800765 -0.0398777 0)
(-0.0835785 -0.0371658 0)
(-0.0868191 -0.0338961 0)
(-0.0896285 -0.0300674 0)
(-0.0918216 -0.0257431 0)
(-0.0932311 -0.0210632 0)
(-0.0937435 -0.0162369 0)
(-0.0933252 -0.0115122 0)
(-0.0920308 -0.00713905 0)
(-0.0899948 -0.00333399 0)
(-0.0874106 -0.000268218 0)
(-0.0845069 0.00198945 0)
(-0.0815077 0.00343461 0)
(-0.0786019 0.00412573 0)
(-0.0759382 0.00416406 0)
(-0.0736221 0.00366998 0)
(-0.0717202 0.00276814 0)
(-0.0702681 0.00157692 0)
(-0.0692795 0.000205002 0)
(-0.0687574 -0.00123743 0)
(-0.0686958 -0.00265718 0)
(-0.0690728 -0.00395034 0)
(-0.0698447 -0.00500817 0)
(-0.0709358 -0.00571839 0)
(-0.0722238 -0.00597749 0)
(-0.0735348 -0.00571734 0)
(-0.074661 -0.00494224 0)
(-0.0754078 -0.00375308 0)
(-0.0756461 -0.0023305 0)
(-0.0753404 -0.000896849 0)
(-0.0745361 0.000337997 0)
(-0.0733645 0.00121209 0)
(0.000155106 0.0109805 0)
(-0.000270969 -0.00904626 0)
(-0.00102919 -0.017713 0)
(-0.00159278 -0.0190562 0)
(-0.00198544 -0.0187773 0)
(-0.00217163 -0.0183152 0)
(-0.00208834 -0.0178955 0)
(-0.00167684 -0.0176703 0)
(-0.00100932 -0.0180188 0)
(-0.000468409 -0.0194666 0)
(-0.000652292 -0.0220826 0)
(-0.00192855 -0.0251452 0)
(-0.00408121 -0.0276413 0)
(-0.00651437 -0.0291621 0)
(-0.00876051 -0.0300178 0)
(-0.0107011 -0.0306634 0)
(-0.0124197 -0.0312818 0)
(-0.0140057 -0.0318717 0)
(-0.0155041 -0.0324481 0)
(-0.0169459 -0.0330627 0)
(-0.0183669 -0.0337495 0)
(-0.019804 -0.0345168 0)
(-0.0212915 -0.0353629 0)
(-0.0228613 -0.0362807 0)
(-0.024542 -0.0372548 0)
(-0.0263565 -0.038262 0)
(-0.0283187 -0.0392728 0)
(-0.0304326 -0.0402559 0)
(-0.0326934 -0.0411817 0)
(-0.0350907 -0.0420255 0)
(-0.0376122 -0.0427682 0)
(-0.0402459 -0.0433958 0)
(-0.0429821 -0.0438972 0)
(-0.0458137 -0.0442624 0)
(-0.0487355 -0.0444801 0)
(-0.0517427 -0.0445358 0)
(-0.0548289 -0.0444124 0)
(-0.0579854 -0.0440908 0)
(-0.061202 -0.0435505 0)
(-0.0644666 -0.0427679 0)
(-0.0677631 -0.0417141 0)
(-0.0710676 -0.0403548 0)
(-0.0743436 -0.0386509 0)
(-0.0775351 -0.0365626 0)
(-0.0805628 -0.0340568 0)
(-0.0833224 -0.0311185 0)
(-0.0856898 -0.0277657 0)
(-0.0875362 -0.0240618 0)
(-0.0887502 -0.0201196 0)
(-0.0892597 -0.0160938 0)
(-0.0890477 -0.0121638 0)
(-0.0881572 -0.00851034 0)
(-0.0866863 -0.00529207 0)
(-0.0847737 -0.00262805 0)
(-0.0825833 -0.000585942 0)
(-0.0802796 0.000824689 0)
(-0.0780073 0.00163764 0)
(-0.0758862 0.00191641 0)
(-0.0740093 0.00174625 0)
(-0.0724404 0.00121811 0)
(-0.07122 0.000430101 0)
(-0.0703606 -0.000520649 0)
(-0.0698712 -0.0015517 0)
(-0.0697513 -0.00257681 0)
(-0.0699732 -0.00350853 0)
(-0.0704941 -0.00426043 0)
(-0.0712459 -0.0047506 0)
(-0.0721302 -0.0049117 0)
(-0.0730199 -0.0047078 0)
(-0.0737738 -0.00415314 0)
(-0.0742641 -0.00332153 0)
(-0.0744052 -0.00233571 0)
(-0.0741714 -0.00134128 0)
(-0.0735964 -0.000476799 0)
(-0.0727541 0.000139234 0)
(0.000304978 0.0108883 0)
(5.73991e-05 -0.00848227 0)
(-0.000654725 -0.0170908 0)
(-0.00124455 -0.0185546 0)
(-0.0017119 -0.0184407 0)
(-0.00202754 -0.0181786 0)
(-0.00216229 -0.0180009 0)
(-0.00208995 -0.0180089 0)
(-0.00185575 -0.0184122 0)
(-0.00170139 -0.0195027 0)
(-0.00204248 -0.0213518 0)
(-0.00317586 -0.0235663 0)
(-0.00499048 -0.0255399 0)
(-0.00707528 -0.0269774 0)
(-0.00908619 -0.0280046 0)
(-0.0109247 -0.0288506 0)
(-0.012634 -0.029609 0)
(-0.0142594 -0.0302908 0)
(-0.0158214 -0.0309304 0)
(-0.0173408 -0.0315795 0)
(-0.018846 -0.0322685 0)
(-0.0203663 -0.0330066 0)
(-0.0219287 -0.0337946 0)
(-0.0235588 -0.0346278 0)
(-0.0252792 -0.0354949 0)
(-0.0271082 -0.0363784 0)
(-0.0290576 -0.0372562 0)
(-0.0311319 -0.0381046 0)
(-0.0333293 -0.0389001 0)
(-0.0356437 -0.0396221 0)
(-0.0380666 -0.0402531 0)
(-0.040589 -0.0407787 0)
(-0.0432028 -0.0411865 0)
(-0.0459005 -0.0414645 0)
(-0.0486758 -0.0416007 0)
(-0.0515216 -0.0415813 0)
(-0.0544294 -0.041391 0)
(-0.0573887 -0.0410132 0)
(-0.0603869 -0.0404298 0)
(-0.0634085 -0.039621 0)
(-0.0664336 -0.0385639 0)
(-0.0694356 -0.0372335 0)
(-0.0723773 -0.0356039 0)
(-0.0752081 -0.0336516 0)
(-0.0778613 -0.0313617 0)
(-0.0802553 -0.0287353 0)
(-0.0822993 -0.0257983 0)
(-0.0839035 -0.0226082 0)
(-0.0849926 -0.0192557 0)
(-0.0855205 -0.0158586 0)
(-0.0854794 -0.0125495 0)
(-0.0849035 -0.00946099 0)
(-0.0838653 -0.00670989 0)
(-0.082467 -0.00438574 0)
(-0.0808276 -0.0025426 0)
(-0.0790683 -0.00119471 0)
(-0.0773041 -0.000323319 0)
(-0.0756322 0.000112767 0)
(-0.0741307 0.000172726 0)
(-0.0728534 -6.98305e-05 0)
(-0.0718302 -0.000539682 0)
(-0.0710909 -0.00116128 0)
(-0.0706489 -0.00186845 0)
(-0.0704934 -0.00258395 0)
(-0.0706024 -0.00323646 0)
(-0.0709378 -0.00375825 0)
(-0.0714427 -0.00408958 0)
(-0.0720408 -0.00418576 0)
(-0.0726397 -0.00402728 0)
(-0.0731414 -0.00362952 0)
(-0.0734601 -0.00304579 0)
(-0.0735387 -0.0023602 0)
(-0.0733576 -0.00167154 0)
(-0.0729353 -0.00107431 0)
(-0.0723194 -0.000644362 0)
(0.000403904 0.0105891 0)
(0.000282988 -0.00801273 0)
(-0.000404144 -0.0164607 0)
(-0.00104013 -0.0179893 0)
(-0.00159599 -0.0179944 0)
(-0.00204513 -0.0178678 0)
(-0.00237937 -0.0178384 0)
(-0.00259676 -0.0179793 0)
(-0.00273013 -0.0184013 0)
(-0.00292475 -0.0192548 0)
(-0.00344164 -0.0205862 0)
(-0.0044886 -0.0221988 0)
(-0.00602444 -0.0237615 0)
(-0.00780053 -0.0250778 0)
(-0.00959105 -0.0261653 0)
(-0.0113183 -0.0271079 0)
(-0.0129916 -0.0279407 0)
(-0.0146228 -0.0286788 0)
(-0.0162156 -0.0293612 0)
(-0.017782 -0.030033 0)
(-0.0193427 -0.0307201 0)
(-0.0209196 -0.031432 0)
(-0.0225335 -0.0321712 0)
(-0.0242041 -0.0329349 0)
(-0.0259492 -0.0337147 0)
(-0.027783 -0.0344973 0)
(-0.0297153 -0.035266 0)
(-0.0317507 -0.0360024 0)
(-0.0338893 -0.0366878 0)
(-0.0361274 -0.037305 0)
(-0.0384594 -0.0378383 0)
(-0.0408783 -0.0382738 0)
(-0.0433768 -0.0385989 0)
(-0.0459476 -0.0388018 0)
(-0.0485833 -0.0388702 0)
(-0.0512753 -0.0387913 0)
(-0.0540141 -0.0385516 0)
(-0.0567877 -0.0381366 0)
(-0.0595824 -0.0375312 0)
(-0.062381 -0.0367192 0)
(-0.0651625 -0.0356834 0)
(-0.0678997 -0.0344064 0)
(-0.0705576 -0.0328719 0)
(-0.0730918 -0.0310678 0)
(-0.0754475 -0.0289902 0)
(-0.0775615 -0.026649 0)
(-0.0793666 -0.0240726 0)
(-0.0807991 -0.0213117 0)
(-0.081808 -0.0184388 0)
(-0.0823636 -0.0155444 0)
(-0.0824635 -0.0127282 0)
(-0.0821354 -0.0100891 0)
(-0.081434 -0.00771503 0)
(-0.080435 -0.00567412 0)
(-0.0792267 -0.00400909 0)
(-0.0779006 -0.00273591 0)
(-0.0765457 -0.00184658 0)
(-0.0752411 -0.00131051 0)
(-0.0740473 -0.00108432 0)
(-0.0730124 -0.00111277 0)
(-0.0721751 -0.00134152 0)
(-0.0715567 -0.00171599 0)
(-0.0711646 -0.00217103 0)
(-0.0709935 -0.00264641 0)
(-0.0710254 -0.00308472 0)
(-0.0712289 -0.00343332 0)
(-0.0715587 -0.00364811 0)
(-0.0719567 -0.00369845 0)
(-0.0723554 -0.00357309 0)
(-0.0726866 -0.00328535 0)
(-0.0728916 -0.00287357 0)
(-0.0729302 -0.00239525 0)
(-0.0727873 -0.00191762 0)
(-0.0724737 -0.0015066 0)
(-0.0720214 -0.00121718 0)
(0.000464067 0.0101682 0)
(0.000425046 -0.00762011 0)
(-0.000253567 -0.0158046 0)
(-0.000947364 -0.0173509 0)
(-0.00159314 -0.0174369 0)
(-0.00216725 -0.0173982 0)
(-0.00267168 -0.0174522 0)
(-0.00311815 -0.0176559 0)
(-0.0035344 -0.0180696 0)
(-0.00400536 -0.0187652 0)
(-0.00468177 -0.019765 0)
(-0.00569424 -0.0209769 0)
(-0.0070383 -0.0222341 0)
(-0.00858333 -0.0234132 0)
(-0.0101975 -0.0244813 0)
(-0.0118235 -0.0254429 0)
(-0.0134493 -0.026299 0)
(-0.0150659 -0.0270623 0)
(-0.0166668 -0.0277671 0)
(-0.0182569 -0.028449 0)
(-0.0198499 -0.0291289 0)
(-0.0214614 -0.0298157 0)
(-0.0231068 -0.0305124 0)
(-0.024801 -0.0312176 0)
(-0.0265577 -0.031925 0)
(-0.0283878 -0.0326244 0)
(-0.0302993 -0.033303 0)
(-0.0322962 -0.0339461 0)
(-0.0343793 -0.0345389 0)
(-0.0365466 -0.0350668 0)
(-0.0387939 -0.0355161 0)
(-0.0411155 -0.0358741 0)
(-0.0435052 -0.0361287 0)
(-0.0459555 -0.0362684 0)
(-0.0484588 -0.036282 0)
(-0.0510058 -0.0361576 0)
(-0.0535863 -0.0358833 0)
(-0.0561878 -0.035447 0)
(-0.0587958 -0.0348362 0)
(-0.061393 -0.0340383 0)
(-0.0639583 -0.0330408 0)
(-0.0664658 -0.0318321 0)
(-0.068884 -0.0304031 0)
(-0.0711745 -0.028749 0)
(-0.0732929 -0.0268729 0)
(-0.0751901 -0.0247887 0)
(-0.0768162 -0.0225244 0)
(-0.0781257 -0.0201235 0)
(-0.0790832 -0.0176446 0)
(-0.0796699 -0.015158 0)
(-0.0798864 -0.0127396 0)
(-0.0797552 -0.0104643 0)
(-0.0793181 -0.0083987 0)
(-0.0786322 -0.00659501 0)
(-0.0777637 -0.00508772 0)
(-0.0767835 -0.00389221 0)
(-0.0757596 -0.00300574 0)
(-0.0747539 -0.00240882 0)
(-0.0738199 -0.00206901 0)
(-0.0730004 -0.00194975 0)
(-0.0723257 -0.00200602 0)
(-0.0718147 -0.00218934 0)
(-0.0714757 -0.00245041 0)
(-0.0713057 -0.00274092 0)
(-0.0712905 -0.00301526 0)
(-0.0714052 -0.00323265 0)
(-0.0716148 -0.00335997 0)
(-0.0718756 -0.00337545 0)
(-0.0721388 -0.00327227 0)
(-0.0723563 -0.00306072 0)
(-0.0724864 -0.00276763 0)
(-0.0725011 -0.00243288 0)
(-0.0723894 -0.00210326 0)
(-0.0721574 -0.00182527 0)
(-0.0718261 -0.00163866 0)
(0.000500277 0.00967752 0)
(0.000505157 -0.00726547 0)
(-0.000182001 -0.0151139 0)
(-0.000937957 -0.0166389 0)
(-0.00166806 -0.0167758 0)
(-0.00235307 -0.0167915 0)
(-0.00299768 -0.0168885 0)
(-0.0036185 -0.0171129 0)
(-0.00424028 -0.0175012 0)
(-0.00491377 -0.0180875 0)
(-0.00572065 -0.0188798 0)
(-0.00673548 -0.0198354 0)
(-0.00796839 -0.0208734 0)
(-0.00936269 -0.0219175 0)
(-0.0108514 -0.0229195 0)
(-0.0123953 -0.0238499 0)
(-0.0139725 -0.0246935 0)
(-0.0155641 -0.0254576 0)
(-0.0171583 -0.0261671 0)
(-0.0187552 -0.0268477 0)
(-0.0203627 -0.0275149 0)
(-0.0219913 -0.0281762 0)
(-0.0236518 -0.0288349 0)
(-0.0253554 -0.0294899 0)
(-0.0271122 -0.0301364 0)
(-0.0289307 -0.0307665 0)
(-0.0308169 -0.0313701 0)
(-0.0327744 -0.0319356 0)
(-0.0348039 -0.0324507 0)
(-0.0369041 -0.0329033 0)
(-0.0390718 -0.0332813 0)
(-0.0413023 -0.0335735 0)
(-0.0435896 -0.0337689 0)
(-0.0459268 -0.033857 0)
(-0.048306 -0.0338273 0)
(-0.050718 -0.0336694 0)
(-0.053152 -0.0333732 0)
(-0.0555957 -0.0329285 0)
(-0.0580346 -0.0323252 0)
(-0.0604517 -0.0315538 0)
(-0.0628269 -0.0306057 0)
(-0.0651364 -0.0294738 0)
(-0.0673523 -0.0281538 0)
(-0.0694423 -0.0266458 0)
(-0.0713703 -0.0249568 0)
(-0.0730981 -0.0231022 0)
(-0.0745884 -0.0211079 0)
(-0.0758082 -0.0190111 0)
(-0.0767331 -0.0168594 0)
(-0.0773509 -0.0147077 0)
(-0.077664 -0.0126148 0)
(-0.0776904 -0.0106381 0)
(-0.0774625 -0.00882876 0)
(-0.0770239 -0.0072273 0)
(-0.0764258 -0.00586177 0)
(-0.0757225 -0.00474623 0)
(-0.0749681 -0.00388064 0)
(-0.0742122 -0.00325309 0)
(-0.0734981 -0.00284178 0)
(-0.072861 -0.0026168 0)
(-0.0723277 -0.00254298 0)
(-0.0719154 -0.00258259 0)
(-0.0716317 -0.00269659 0)
(-0.0714754 -0.0028465 0)
(-0.071436 -0.00299625 0)
(-0.0714946 -0.00311416 0)
(-0.0716249 -0.00317521 0)
(-0.0717946 -0.00316339 0)
(-0.0719684 -0.00307388 0)
(-0.0721115 -0.00291402 0)
(-0.0721949 -0.00270264 0)
(-0.0721986 -0.00246776 0)
(-0.0721142 -0.002242 0)
(-0.0719453 -0.00205804 0)
(-0.0717059 -0.00194483 0)
(0.000521621 0.00915403 0)
(0.000538507 -0.00692173 0)
(-0.00017105 -0.0143826 0)
(-0.000987086 -0.0158569 0)
(-0.00179421 -0.0160219 0)
(-0.00257528 -0.0160698 0)
(-0.00333425 -0.0161863 0)
(-0.00408725 -0.0164095 0)
(-0.00485557 -0.0167649 0)
(-0.00567158 -0.0172713 0)
(-0.00657877 -0.0179315 0)
(-0.00761713 -0.018724 0)
(-0.00879997 -0.0196062 0)
(-0.0101101 -0.0205283 0)
(-0.011519 -0.0214442 0)
(-0.0130015 -0.0223169 0)
(-0.0145347 -0.0231263 0)
(-0.0160972 -0.0238735 0)
(-0.0176759 -0.0245738 0)
(-0.0192679 -0.0252433 0)
(-0.0208768 -0.025893 0)
(-0.022509 -0.0265284 0)
(-0.0241719 -0.027152 0)
(-0.0258735 -0.027763 0)
(-0.0276211 -0.0283575 0)
(-0.0294212 -0.0289293 0)
(-0.0312782 -0.0294701 0)
(-0.0331948 -0.0299706 0)
(-0.0351718 -0.0304207 0)
(-0.037208 -0.0308101 0)
(-0.0393006 -0.0311285 0)
(-0.0414453 -0.0313659 0)
(-0.0436367 -0.0315127 0)
(-0.0458683 -0.0315594 0)
(-0.0481321 -0.0314968 0)
(-0.050419 -0.0313159 0)
(-0.0527187 -0.0310081 0)
(-0.0550188 -0.030565 0)
(-0.0573055 -0.0299789 0)
(-0.0595626 -0.0292428 0)
(-0.0617715 -0.0283509 0)
(-0.0639107 -0.0272995 0)
(-0.0659561 -0.0260877 0)
(-0.0678804 -0.0247186 0)
(-0.0696545 -0.0232011 0)
(-0.0712486 -0.0215506 0)
(-0.0726345 -0.0197906 0)
(-0.0737882 -0.0179526 0)
(-0.0746924 -0.0160752 0)
(-0.0753394 -0.014202 0)
(-0.0757325 -0.0123788 0)
(-0.0758862 -0.0106503 0)
(-0.0758259 -0.00905654 0)
(-0.0755852 -0.00762964 0)
(-0.0752041 -0.0063923 0)
(-0.0747252 -0.00535683 0)
(-0.0741907 -0.00452493 0)
(-0.0736406 -0.00388879 0)
(-0.0731104 -0.00343255 0)
(-0.0726294 -0.00313405 0)
(-0.0722202 -0.0029664 0)
(-0.0718979 -0.00289997 0)
(-0.0716701 -0.00290395 0)
(-0.0715369 -0.00294797 0)
(-0.071491 -0.00300371 0)
(-0.0715187 -0.00304652 0)
(-0.0716004 -0.0030572 0)
(-0.0717124 -0.00302356 0)
(-0.0718293 -0.00294171 0)
(-0.0719263 -0.00281664 0)
(-0.0719828 -0.0026615 0)
(-0.0719844 -0.00249573 0)
(-0.0719251 -0.00234214 0)
(-0.071807 -0.00222405 0)
(-0.0716395 -0.00216236 0)
(0.000531647 0.00862168 0)
(0.000537746 -0.00656869 0)
(-0.000203597 -0.0136061 0)
(-0.00107643 -0.0150096 0)
(-0.00195283 -0.0151866 0)
(-0.00281641 -0.0152518 0)
(-0.00366928 -0.015375 0)
(-0.00452472 -0.0155879 0)
(-0.00539965 -0.01591 0)
(-0.00631617 -0.0163554 0)
(-0.00729912 -0.0169267 0)
(-0.00837073 -0.0176105 0)
(-0.00954318 -0.0183793 0)
(-0.0108161 -0.0191967 0)
(-0.01218 -0.0200247 0)
(-0.0136195 -0.0208306 0)
(-0.0151154 -0.0215949 0)
(-0.0166487 -0.0223141 0)
(-0.0182072 -0.0229949 0)
(-0.0197865 -0.0236462 0)
(-0.0213875 -0.0242744 0)
(-0.0230134 -0.0248832 0)
(-0.024669 -0.0254741 0)
(-0.0263598 -0.026046 0)
(-0.0280911 -0.0265957 0)
(-0.0298673 -0.0271178 0)
(-0.0316918 -0.0276057 0)
(-0.0335665 -0.0280517 0)
(-0.0354917 -0.0284474 0)
(-0.0374663 -0.0287841 0)
(-0.0394876 -0.029053 0)
(-0.0415518 -0.0292455 0)
(-0.0436537 -0.0293532 0)
(-0.0457869 -0.0293677 0)
(-0.0479439 -0.0292812 0)
(-0.050116 -0.0290861 0)
(-0.0522931 -0.0287751 0)
(-0.0544634 -0.0283415 0)
(-0.0566138 -0.0277796 0)
(-0.0587294 -0.0270843 0)
(-0.0607931 -0.0262523 0)
(-0.062786 -0.0252821 0)
(-0.0646872 -0.0241749 0)
(-0.0664741 -0.0229358 0)
(-0.068123 -0.0215742 0)
(-0.0696106 -0.0201049 0)
(-0.0709153 -0.0185489 0)
(-0.0720193 -0.0169326 0)
(-0.0729105 -0.0152874 0)
(-0.073584 -0.0136483 0)
(-0.0740433 -0.0120516 0)
(-0.0743004 -0.0105326 0)
(-0.0743752 -0.00912243 0)
(-0.0742943 -0.0078471 0)
(-0.0740887 -0.00672515 0)
(-0.073792 -0.00576708 0)
(-0.0734379 -0.0049755 0)
(-0.0730586 -0.00434563 0)
(-0.0726829 -0.00386611 0)
(-0.0723352 -0.00352031 0)
(-0.0720347 -0.00328765 0)
(-0.0717946 -0.00314515 0)
(-0.0716221 -0.0030687 0)
(-0.0715184 -0.0030345 0)
(-0.0714788 -0.00302032 0)
(-0.0714936 -0.0030069 0)
(-0.0715488 -0.00297929 0)
(-0.0716274 -0.00292798 0)
(-0.071711 -0.00284973 0)
(-0.071782 -0.00274764 0)
(-0.0718258 -0.00263071 0)
(-0.0718322 -0.00251242 0)
(-0.0717966 -0.00240885 0)
(-0.0717208 -0.00233646 0)
(-0.071611 -0.00231015 0)
(0.000533945 0.00809608 0)
(0.000513447 -0.00619035 0)
(-0.000266095 -0.0127825 0)
(-0.00119217 -0.0141024 0)
(-0.00213054 -0.0142801 0)
(-0.00306499 -0.014353 0)
(-0.0039959 -0.014476 0)
(-0.00493336 -0.0146757 0)
(-0.00588987 -0.0149682 0)
(-0.00688116 -0.0153658 0)
(-0.00792365 -0.0158721 0)
(-0.00903179 -0.0164775 0)
(-0.0102157 -0.0171598 0)
(-0.0114797 -0.0178902 0)
(-0.0128217 -0.0186386 0)
(-0.0142327 -0.0193791 0)
(-0.0156986 -0.0200951 0)
(-0.017205 -0.0207801 0)
(-0.0187418 -0.0214349 0)
(-0.0203039 -0.022063 0)
(-0.0218906 -0.0226671 0)
(-0.0235032 -0.0232491 0)
(-0.0251444 -0.0238092 0)
(-0.0268178 -0.0243459 0)
(-0.0285271 -0.0248563 0)
(-0.0302754 -0.0253358 0)
(-0.0320648 -0.0257789 0)
(-0.0338967 -0.026179 0)
(-0.0357709 -0.0265293 0)
(-0.0376862 -0.0268222 0)
(-0.03964 -0.0270505 0)
(-0.0416285 -0.0272068 0)
(-0.0436469 -0.0272836 0)
(-0.0456891 -0.0272741 0)
(-0.0477479 -0.0271714 0)
(-0.0498149 -0.0269692 0)
(-0.0518806 -0.0266617 0)
(-0.0539341 -0.0262437 0)
(-0.055963 -0.0257108 0)
(-0.0579538 -0.0250598 0)
(-0.0598911 -0.0242889 0)
(-0.0617583 -0.0233984 0)
(-0.0635375 -0.0223909 0)
(-0.0652098 -0.0212722 0)
(-0.0667561 -0.0200519 0)
(-0.0681578 -0.0187436 0)
(-0.0693985 -0.0173657 0)
(-0.0704647 -0.0159405 0)
(-0.0713477 -0.0144938 0)
(-0.0720447 -0.013054 0)
(-0.072559 -0.0116499 0)
(-0.0729005 -0.0103093 0)
(-0.073085 -0.00905744 0)
(-0.0731336 -0.00791496 0)
(-0.0730707 -0.00689721 0)
(-0.0729231 -0.00601338 0)
(-0.0727176 -0.00526647 0)
(-0.0724803 -0.00465358 0)
(-0.0722348 -0.00416665 0)
(-0.0720014 -0.00379336 0)
(-0.0717961 -0.00351804 0)
(-0.0716305 -0.00332293 0)
(-0.0715115 -0.00318926 0)
(-0.0714412 -0.0030984 0)
(-0.0714169 -0.00303299 0)
(-0.0714321 -0.00297801 0)
(-0.0714769 -0.00292173 0)
(-0.0715394 -0.00285652 0)
(-0.0716065 -0.00277945 0)
(-0.0716658 -0.00269231 0)
(-0.071707 -0.00260113 0)
(-0.0717229 -0.00251511 0)
(-0.0717104 -0.00244559 0)
(-0.0716705 -0.00240425 0)
(-0.0716083 -0.00240159 0)
(0.000531388 0.00758827 0)
(0.000473777 -0.00577631 0)
(-0.000347592 -0.0119114 0)
(-0.0013233 -0.0131403 0)
(-0.00231695 -0.0133115 0)
(-0.00331255 -0.0133858 0)
(-0.00430927 -0.0135046 0)
(-0.00531455 -0.0136909 0)
(-0.00633732 -0.013958 0)
(-0.0073891 -0.0143173 0)
(-0.00848207 -0.0147727 0)
(-0.00962713 -0.0153168 0)
(-0.0108323 -0.0159307 0)
(-0.0121021 -0.01659 0)
(-0.0134362 -0.0172705 0)
(-0.0148295 -0.0179523 0)
(-0.0162729 -0.0186214 0)
(-0.0177561 -0.01927 0)
(-0.0192714 -0.0198956 0)
(-0.0208142 -0.0204977 0)
(-0.0223827 -0.0210765 0)
(-0.023977 -0.0216318 0)
(-0.0255988 -0.0221629 0)
(-0.0272501 -0.0226679 0)
(-0.0289334 -0.0231437 0)
(-0.0306506 -0.0235864 0)
(-0.0324033 -0.0239912 0)
(-0.0341919 -0.0243527 0)
(-0.036016 -0.024665 0)
(-0.0378743 -0.0249219 0)
(-0.039764 -0.0251171 0)
(-0.0416816 -0.0252444 0)
(-0.0436223 -0.0252976 0)
(-0.0455804 -0.0252708 0)
(-0.0475492 -0.0251583 0)
(-0.0495206 -0.0249551 0)
(-0.0514857 -0.0246564 0)
(-0.0534344 -0.0242582 0)
(-0.0553554 -0.0237576 0)
(-0.0572363 -0.0231526 0)
(-0.0590636 -0.0224427 0)
(-0.0608227 -0.0216291 0)
(-0.0624983 -0.0207154 0)
(-0.0640747 -0.0197077 0)
(-0.0655362 -0.0186151 0)
(-0.0668682 -0.0174502 0)
(-0.0680576 -0.0162287 0)
(-0.0690946 -0.0149694 0)
(-0.0699726 -0.0136939 0)
(-0.07069 -0.0124251 0)
(-0.0712498 -0.0111861 0)
(-0.0716603 -0.00999948 0)
(-0.0719343 -0.00888532 0)
(-0.0720885 -0.00786048 0)
(-0.0721424 -0.00693759 0)
(-0.0721173 -0.0061246 0)
(-0.0720349 -0.00542466 0)
(-0.0719162 -0.00483631 0)
(-0.0717807 -0.00435389 0)
(-0.0716452 -0.00396822 0)
(-0.0715234 -0.00366748 0)
(-0.0714254 -0.00343803 0)
(-0.0713577 -0.00326533 0)
(-0.0713227 -0.00313487 0)
(-0.0713196 -0.00303304 0)
(-0.0713442 -0.00294806 0)
(-0.07139 -0.00287071 0)
(-0.0714486 -0.00279483 0)
(-0.071511 -0.00271771 0)
(-0.0715687 -0.00264019 0)
(-0.0716143 -0.00256615 0)
(-0.0716432 -0.00250184 0)
(-0.071653 -0.00245512 0)
(-0.0716448 -0.00243428 0)
(-0.0716225 -0.00244682 0)
(0.000525579 0.00710548 0)
(0.000425632 -0.00531989 0)
(-0.000438309 -0.0109946 0)
(-0.00146036 -0.0121287 0)
(-0.00250279 -0.0122885 0)
(-0.00355153 -0.0123599 0)
(-0.0046048 -0.012472 0)
(-0.00566804 -0.012645 0)
(-0.00674763 -0.0128903 0)
(-0.0078521 -0.0132178 0)
(-0.0089908 -0.0136317 0)
(-0.0101722 -0.014126 0)
(-0.0114026 -0.0146845 0)
(-0.012685 -0.015286 0)
(-0.0140196 -0.0159105 0)
(-0.0154035 -0.0165417 0)
(-0.0168309 -0.0171679 0)
(-0.0182952 -0.0177812 0)
(-0.0197905 -0.0183769 0)
(-0.0213132 -0.0189524 0)
(-0.0228613 -0.0195058 0)
(-0.0244344 -0.0200354 0)
(-0.0260333 -0.0205394 0)
(-0.0276592 -0.0210155 0)
(-0.0293136 -0.0214607 0)
(-0.0309977 -0.0218715 0)
(-0.0327124 -0.0222436 0)
(-0.0344577 -0.0225724 0)
(-0.0362329 -0.022853 0)
(-0.0380363 -0.0230803 0)
(-0.0398653 -0.0232488 0)
(-0.0417165 -0.0233534 0)
(-0.0435852 -0.023389 0)
(-0.0454659 -0.0233506 0)
(-0.0473523 -0.0232336 0)
(-0.049237 -0.023034 0)
(-0.0511115 -0.0227481 0)
(-0.0529665 -0.022373 0)
(-0.0547918 -0.0219066 0)
(-0.0565763 -0.0213481 0)
(-0.0583079 -0.0206978 0)
(-0.059974 -0.0199577 0)
(-0.0615614 -0.0191317 0)
(-0.0630571 -0.0182259 0)
(-0.0644481 -0.0172489 0)
(-0.0657228 -0.0162118 0)
(-0.0668708 -0.0151283 0)
(-0.0678846 -0.0140143 0)
(-0.0687594 -0.0128876 0)
(-0.0694943 -0.0117669 0)
(-0.070092 -0.0106712 0)
(-0.0705593 -0.0096187 0)
(-0.0709066 -0.00862565 0)
(-0.0711473 -0.00770584 0)
(-0.0712971 -0.00686975 0)
(-0.0713731 -0.00612426 0)
(-0.071393 -0.00547249 0)
(-0.0713738 -0.0049139 0)
(-0.0713316 -0.00444465 0)
(-0.0712803 -0.00405802 0)
(-0.0712317 -0.0037451 0)
(-0.0711946 -0.00349546 0)
(-0.071175 -0.00329785 0)
(-0.071176 -0.00314102 0)
(-0.0711977 -0.00301436 0)
(-0.0712379 -0.00290862 0)
(-0.0712924 -0.00281644 0)
(-0.0713557 -0.00273279 0)
(-0.0714217 -0.00265524 0)
(-0.0714847 -0.00258389 0)
(-0.0715397 -0.00252116 0)
(-0.0715836 -0.00247122 0)
(-0.0716151 -0.00243937 0)
(-0.0716352 -0.0024315 0)
(-0.0716468 -0.00245302 0)
(0.000518099 0.00665164 0)
(0.000374328 -0.00481821 0)
(-0.000529917 -0.0100361 0)
(-0.00159314 -0.0110732 0)
(-0.00267821 -0.0112178 0)
(-0.00377345 -0.011283 0)
(-0.00487658 -0.0113863 0)
(-0.0059914 -0.0115459 0)
(-0.00712229 -0.0117714 0)
(-0.00827536 -0.0120717 0)
(-0.00945749 -0.0124508 0)
(-0.010675 -0.0129042 0)
(-0.0119322 -0.0134177 0)
(-0.0132312 -0.0139727 0)
(-0.014572 -0.0145517 0)
(-0.0159526 -0.0151407 0)
(-0.0173696 -0.0157295 0)
(-0.0188188 -0.0163105 0)
(-0.0202961 -0.016878 0)
(-0.0217989 -0.0174279 0)
(-0.0233255 -0.0179569 0)
(-0.0248754 -0.0184622 0)
(-0.0264491 -0.0189413 0)
(-0.0280473 -0.0193914 0)
(-0.0296709 -0.0198095 0)
(-0.0313206 -0.0201924 0)
(-0.0329968 -0.0205364 0)
(-0.0346991 -0.0208376 0)
(-0.0364267 -0.0210917 0)
(-0.0381776 -0.0212945 0)
(-0.0399493 -0.0214417 0)
(-0.0417383 -0.0215288 0)
(-0.0435402 -0.0215517 0)
(-0.0453499 -0.0215064 0)
(-0.0471613 -0.0213892 0)
(-0.0489673 -0.0211969 0)
(-0.0507604 -0.0209268 0)
(-0.0525319 -0.0205768 0)
(-0.0542726 -0.0201457 0)
(-0.0559724 -0.0196333 0)
(-0.0576207 -0.0190407 0)
(-0.0592066 -0.0183702 0)
(-0.0607188 -0.0176259 0)
(-0.0621463 -0.0168136 0)
(-0.0634784 -0.0159413 0)
(-0.0647055 -0.0150187 0)
(-0.0658197 -0.0140577 0)
(-0.0668148 -0.0130717 0)
(-0.0676875 -0.0120756 0)
(-0.0684372 -0.0110846 0)
(-0.0690662 -0.0101145 0)
(-0.0695804 -0.0091799 0)
(-0.069988 -0.00829425 0)
(-0.0702999 -0.00746886 0)
(-0.0705289 -0.00671255 0)
(-0.0706888 -0.00603124 0)
(-0.0707939 -0.00542792 0)
(-0.0708583 -0.00490268 0)
(-0.0708953 -0.00445297 0)
(-0.0709166 -0.00407393 0)
(-0.0709321 -0.00375893 0)
(-0.0709499 -0.00350001 0)
(-0.0709753 -0.00328854 0)
(-0.0710117 -0.00311578 0)
(-0.07106 -0.00297345 0)
(-0.0711195 -0.00285428 0)
(-0.0711878 -0.00275238 0)
(-0.0712615 -0.00266361 0)
(-0.0713367 -0.00258576 0)
(-0.0714096 -0.0025185 0)
(-0.0714772 -0.00246322 0)
(-0.0715374 -0.0024226 0)
(-0.0715899 -0.00240019 0)
(-0.0716355 -0.0024 0)
(-0.0716766 -0.00242594 0)
(0.000510285 0.00622695 0)
(0.000325225 -0.00427375 0)
(-0.00061387 -0.00904036 0)
(-0.00171102 -0.00997996 0)
(-0.00283235 -0.0101056 0)
(-0.00396824 -0.0101608 0)
(-0.00511638 -0.0102526 0)
(-0.0062792 -0.0103975 0)
(-0.00745909 -0.0106044 0)
(-0.00865966 -0.0108807 0)
(-0.00988522 -0.0112306 0)
(-0.0111398 -0.0116505 0)
(-0.0124261 -0.012128 0)
(-0.0137449 -0.0126462 0)
(-0.015096 -0.013189 0)
(-0.0164781 -0.013744 0)
(-0.017889 -0.0143018 0)
(-0.0193262 -0.014855 0)
(-0.0207874 -0.0153975 0)
(-0.0222707 -0.0159242 0)
(-0.0237753 -0.0164309 0)
(-0.0253009 -0.016914 0)
(-0.0268479 -0.0173704 0)
(-0.0284168 -0.0177971 0)
(-0.0300084 -0.0181913 0)
(-0.0316229 -0.0185499 0)
(-0.0332605 -0.0188696 0)
(-0.0349205 -0.0191472 0)
(-0.0366019 -0.0193792 0)
(-0.0383026 -0.019562 0)
(-0.0400202 -0.0196921 0)
(-0.0417512 -0.019766 0)
(-0.0434915 -0.0197803 0)
(-0.0452359 -0.0197318 0)
(-0.046979 -0.0196177 0)
(-0.0487141 -0.0194355 0)
(-0.0504342 -0.0191833 0)
(-0.0521313 -0.0188596 0)
(-0.0537972 -0.0184641 0)
(-0.0554227 -0.017997 0)
(-0.0569986 -0.0174597 0)
(-0.0585153 -0.0168548 0)
(-0.0599631 -0.0161864 0)
(-0.0613327 -0.01546 0)
(-0.0626152 -0.0146827 0)
(-0.0638027 -0.013863 0)
(-0.0648889 -0.0130113 0)
(-0.0658688 -0.0121389 0)
(-0.0667399 -0.0112582 0)
(-0.0675019 -0.0103818 0)
(-0.068157 -0.00952268 0)
(-0.0687097 -0.00869289 0)
(-0.0691671 -0.00790348 0)
(-0.0695379 -0.00716381 0)
(-0.0698324 -0.00648126 0)
(-0.0700621 -0.005861 0)
(-0.0702386 -0.00530582 0)
(-0.0703735 -0.00481627 0)
(-0.0704779 -0.00439072 0)
(-0.0705617 -0.00402571 0)
(-0.0706336 -0.00371631 0)
(-0.0707005 -0.00345652 0)
(-0.0707674 -0.00323971 0)
(-0.0708378 -0.00305913 0)
(-0.0709134 -0.00290833 0)
(-0.0709943 -0.00278157 0)
(-0.0710796 -0.00267414 0)
(-0.0711673 -0.00258264 0)
(-0.0712551 -0.00250505 0)
(-0.071341 -0.00244076 0)
(-0.0714231 -0.00239044 0)
(-0.0715002 -0.00235579 0)
(-0.0715726 -0.00233909 0)
(-0.0716414 -0.00234295 0)
(-0.0717084 -0.00237006 0)
(0.000503259 0.00582884 0)
(0.000283944 -0.00369272 0)
(-0.000681848 -0.00801456 0)
(-0.00180471 -0.00885592 0)
(-0.00295527 -0.0089583 0)
(-0.004126 -0.00899822 0)
(-0.00531515 -0.00907405 0)
(-0.00652412 -0.00920165 0)
(-0.00775318 -0.00938931 0)
(-0.00900294 -0.00964402 0)
(-0.0102745 -0.00996951 0)
(-0.0115693 -0.0103627 0)
(-0.012888 -0.0108124 0)
(-0.0142303 -0.0113027 0)
(-0.0155956 -0.0118185 0)
(-0.0169829 -0.0123477 0)
(-0.018391 -0.0128816 0)
(-0.0198187 -0.0134126 0)
(-0.0212651 -0.0139344 0)
(-0.0227294 -0.0144413 0)
(-0.0242116 -0.0149284 0)
(-0.025712 -0.0153918 0)
(-0.0272313 -0.015828 0)
(-0.02877 -0.016234 0)
(-0.0303287 -0.0166069 0)
(-0.0319077 -0.0169441 0)
(-0.0335068 -0.0172428 0)
(-0.0351254 -0.0175002 0)
(-0.0367622 -0.0177136 0)
(-0.0384152 -0.0178799 0)
(-0.0400818 -0.0179965 0)
(-0.0417588 -0.0180606 0)
(-0.043442 -0.0180695 0)
(-0.0451269 -0.0180207 0)
(-0.0468079 -0.0179122 0)
(-0.048479 -0.0177421 0)
(-0.0501337 -0.0175092 0)
(-0.0517648 -0.0172126 0)
(-0.0533646 -0.0168523 0)
(-0.0549251 -0.0164291 0)
(-0.056438 -0.0159446 0)
(-0.0578949 -0.0154014 0)
(-0.0592875 -0.0148036 0)
(-0.0606078 -0.014156 0)
(-0.0618483 -0.0134652 0)
(-0.0630026 -0.0127387 0)
(-0.0640654 -0.0119851 0)
(-0.0650327 -0.0112142 0)
(-0.0659026 -0.0104364 0)
(-0.0666749 -0.00966213 0)
(-0.0673515 -0.00890208 0)
(-0.0679362 -0.00816625 0)
(-0.0684346 -0.00746375 0)
(-0.0688542 -0.00680239 0)
(-0.0692032 -0.00618841 0)
(-0.069491 -0.00562627 0)
(-0.0697273 -0.00511859 0)
(-0.0699218 -0.00466614 0)
(-0.0700837 -0.004268 0)
(-0.0702216 -0.00392176 0)
(-0.0703427 -0.00362378 0)
(-0.0704534 -0.00336956 0)
(-0.0705583 -0.00315404 0)
(-0.0706609 -0.00297201 0)
(-0.0707634 -0.00281845 0)
(-0.0708665 -0.00268881 0)
(-0.0709703 -0.00257932 0)
(-0.0710741 -0.00248718 0)
(-0.0711767 -0.00241058 0)
(-0.0712772 -0.00234877 0)
(-0.0713747 -0.00230191 0)
(-0.0714688 -0.002271 0)
(-0.0715602 -0.0022575 0)
(-0.07165 -0.002263 0)
(-0.0717399 -0.00228918 0)
(0.000497542 0.00545164 0)
(0.000253796 -0.00308439 0)
(-0.000730007 -0.00696747 0)
(-0.00187115 -0.00770885 0)
(-0.00304421 -0.00778236 0)
(-0.00424392 -0.00780025 0)
(-0.00546993 -0.00785335 0)
(-0.0067233 -0.00795827 0)
(-0.00800239 -0.00812418 0)
(-0.00930437 -0.00835805 0)
(-0.0106264 -0.00866325 0)
(-0.0119661 -0.00903645 0)
(-0.0133218 -0.00946669 0)
(-0.0146918 -0.00993837 0)
(-0.0160749 -0.0104363 0)
(-0.0174705 -0.0109487 0)
(-0.0188782 -0.0114663 0)
(-0.0202981 -0.0119816 0)
(-0.0217305 -0.0124878 0)
(-0.023176 -0.012979 0)
(-0.0246355 -0.01345 0)
(-0.02611 -0.0138965 0)
(-0.0276007 -0.014315 0)
(-0.0291084 -0.0147026 0)
(-0.0306338 -0.0150568 0)
(-0.0321772 -0.0153752 0)
(-0.0337383 -0.0156554 0)
(-0.0353165 -0.0158954 0)
(-0.0369104 -0.0160929 0)
(-0.0385181 -0.0162456 0)
(-0.0401369 -0.0163515 0)
(-0.0417636 -0.0164084 0)
(-0.0433944 -0.0164143 0)
(-0.0450248 -0.0163675 0)
(-0.0466496 -0.0162664 0)
(-0.0482632 -0.0161099 0)
(-0.0498596 -0.015897 0)
(-0.051432 -0.0156276 0)
(-0.0529737 -0.0153019 0)
(-0.0544772 -0.014921 0)
(-0.0559354 -0.0144866 0)
(-0.0573407 -0.0140014 0)
(-0.0586859 -0.0134691 0)
(-0.0599641 -0.0128943 0)
(-0.0611691 -0.0122826 0)
(-0.0622953 -0.0116406 0)
(-0.0633384 -0.0109758 0)
(-0.0642952 -0.0102963 0)
(-0.065164 -0.00961093 0)
(-0.0659448 -0.00892843 0)
(-0.0666391 -0.00825761 0)
(-0.0672501 -0.00760677 0)
(-0.0677827 -0.00698346 0)
(-0.0682426 -0.00639422 0)
(-0.068637 -0.00584431 0)
(-0.0689734 -0.00533761 0)
(-0.06926 -0.0048765 0)
(-0.0695049 -0.00446193 0)
(-0.0697159 -0.00409345 0)
(-0.0699003 -0.00376944 0)
(-0.0700645 -0.00348725 0)
(-0.070214 -0.00324351 0)
(-0.0703534 -0.00303439 0)
(-0.0704861 -0.00285586 0)
(-0.0706143 -0.00270402 0)
(-0.0707395 -0.00257529 0)
(-0.0708624 -0.00246663 0)
(-0.0709831 -0.00237572 0)
(-0.0711015 -0.00230098 0)
(-0.0712174 -0.00224158 0)
(-0.0713305 -0.00219737 0)
(-0.0714413 -0.00216885 0)
(-0.0715504 -0.0021569 0)
(-0.0716591 -0.00216248 0)
(-0.0717695 -0.00218651 0)
(0.000493643 0.00508847 0)
(0.000232673 -0.00245777 0)
(-0.000766189 -0.00590567 0)
(-0.00192367 -0.00654471 0)
(-0.00311603 -0.00658366 0)
(-0.00434043 -0.00657191 0)
(-0.00559888 -0.00659377 0)
(-0.00689331 -0.00666822 0)
(-0.00822109 -0.00680715 0)
(-0.0095763 -0.00701897 0)
(-0.0109516 -0.00730686 0)
(-0.0123401 -0.00766661 0)
(-0.0137366 -0.00808622 0)
(-0.0151377 -0.00854919 0)
(-0.0165412 -0.00903948 0)
(-0.0179468 -0.00954437 0)
(-0.0193552 -0.0100542 0)
(-0.0207676 -0.0105609 0)
(-0.0221858 -0.0110574 0)
(-0.0236119 -0.0115375 0)
(-0.0250479 -0.011996 0)
(-0.0264956 -0.0124286 0)
(-0.0279569 -0.012832 0)
(-0.029433 -0.0132036 0)
(-0.0309248 -0.0135411 0)
(-0.0324327 -0.0138427 0)
(-0.0339565 -0.0141066 0)
(-0.0354955 -0.0143313 0)
(-0.0370484 -0.014515 0)
(-0.0386132 -0.0146563 0)
(-0.0401873 -0.0147535 0)
(-0.0417675 -0.0148052 0)
(-0.0433502 -0.0148101 0)
(-0.044931 -0.0147668 0)
(-0.0465051 -0.0146744 0)
(-0.0480672 -0.0145322 0)
(-0.0496117 -0.0143398 0)
(-0.0511323 -0.0140973 0)
(-0.0526228 -0.0138053 0)
(-0.0540767 -0.013465 0)
(-0.0554873 -0.0130782 0)
(-0.0568481 -0.0126474 0)
(-0.0581527 -0.0121762 0)
(-0.059395 -0.0116685 0)
(-0.0605698 -0.0111294 0)
(-0.0616723 -0.0105647 0)
(-0.0626988 -0.00998056 0)
(-0.0636466 -0.00938407 0)
(-0.0645143 -0.00878246 0)
(-0.0653021 -0.00818311 0)
(-0.0660111 -0.00759332 0)
(-0.066644 -0.00701998 0)
(-0.0672047 -0.0064694 0)
(-0.0676982 -0.00594704 0)
(-0.0681303 -0.00545735 0)
(-0.0685074 -0.00500365 0)
(-0.0688362 -0.00458813 0)
(-0.0691237 -0.00421178 0)
(-0.0693765 -0.00387451 0)
(-0.069601 -0.00357524 0)
(-0.0698026 -0.00331211 0)
(-0.0699866 -0.00308258 0)
(-0.070157 -0.00288378 0)
(-0.0703171 -0.00271261 0)
(-0.0704695 -0.00256603 0)
(-0.070616 -0.00244124 0)
(-0.0707578 -0.0023358 0)
(-0.0708956 -0.00224777 0)
(-0.0710298 -0.00217578 0)
(-0.071161 -0.00211899 0)
(-0.0712896 -0.00207708 0)
(-0.0714162 -0.00205018 0)
(-0.0715418 -0.00203877 0)
(-0.0716678 -0.00204343 0)
(-0.0717961 -0.0020646 0)
(0.000490381 0.00473677 0)
(0.000206459 -0.00181384 0)
(-0.000819712 -0.00482643 0)
(-0.00200481 -0.00536212 0)
(-0.00322319 -0.0053636 0)
(-0.00447414 -0.00531681 0)
(-0.00576267 -0.00529987 0)
(-0.00709303 -0.00533552 0)
(-0.00846349 -0.00544059 0)
(-0.00986667 -0.00562695 0)
(-0.0112916 -0.00589879 0)
(-0.012727 -0.00625073 0)
(-0.0141634 -0.00666852 0)
(-0.0155944 -0.00713325 0)
(-0.0170169 -0.0076267 0)
(-0.0184306 -0.00813443 0)
(-0.0198372 -0.00864555 0)
(-0.0212393 -0.00915134 0)
(-0.0226405 -0.00964432 0)
(-0.0240443 -0.0101182 0)
(-0.0254541 -0.0105679 0)
(-0.0268727 -0.0109894 0)
(-0.0283027 -0.0113799 0)
(-0.0297459 -0.0117373 0)
(-0.0312033 -0.0120598 0)
(-0.0326756 -0.0123462 0)
(-0.0341627 -0.0125954 0)
(-0.0356638 -0.0128062 0)
(-0.0371775 -0.0129778 0)
(-0.0387018 -0.0131092 0)
(-0.0402342 -0.0131993 0)
(-0.0417717 -0.0132473 0)
(-0.0433104 -0.0132523 0)
(-0.0448464 -0.0132136 0)
(-0.0463749 -0.0131307 0)
(-0.0478911 -0.0130032 0)
(-0.0493895 -0.0128313 0)
(-0.0508646 -0.0126152 0)
(-0.0523105 -0.0123558 0)
(-0.0537212 -0.0120543 0)
(-0.0550907 -0.0117125 0)
(-0.0564132 -0.011333 0)
(-0.0576829 -0.0109187 0)
(-0.0588948 -0.0104733 0)
(-0.0600439 -0.0100013 0)
(-0.0611263 -0.00950748 0)
(-0.0621387 -0.00899733 0)
(-0.0630789 -0.00847668 0)
(-0.0639457 -0.00795161 0)
(-0.0647391 -0.00742829 0)
(-0.0654602 -0.00691276 0)
(-0.0661111 -0.00641074 0)
(-0.0666952 -0.00592747 0)
(-0.0672165 -0.00546753 0)
(-0.06768 -0.00503467 0)
(-0.068091 -0.00463177 0)
(-0.0684553 -0.00426077 0)
(-0.0687788 -0.00392267 0)
(-0.0690672 -0.0036176 0)
(-0.0693259 -0.00334489 0)
(-0.0695601 -0.00310322 0)
(-0.0697742 -0.00289076 0)
(-0.0699721 -0.0027053 0)
(-0.0701572 -0.0025445 0)
(-0.0703319 -0.002406 0)
(-0.0704984 -0.00228758 0)
(-0.0706581 -0.0021873 0)
(-0.0708124 -0.00210357 0)
(-0.0709622 -0.00203519 0)
(-0.0711082 -0.00198137 0)
(-0.0712514 -0.0019417 0)
(-0.0713928 -0.00191607 0)
(-0.0715336 -0.00190467 0)
(-0.0716751 -0.0019078 0)
(-0.0718193 -0.00192566 0)
(0.000483935 0.00440581 0)
(0.000145553 -0.00113379 0)
(-0.00094584 -0.00370764 0)
(-0.00219132 -0.00414358 0)
(-0.00346034 -0.00411171 0)
(-0.0047532 -0.00403165 0)
(-0.00607747 -0.00397459 0)
(-0.00744052 -0.00396753 0)
(-0.00884379 -0.00403377 0)
(-0.0102817 -0.00419099 0)
(-0.0117427 -0.00444646 0)
(-0.0132127 -0.00479451 0)
(-0.0146784 -0.00521818 0)
(-0.0161301 -0.00569477 0)
(-0.0175629 -0.00620235 0)
(-0.018976 -0.00672346 0)
(-0.0203719 -0.00724522 0)
(-0.021755 -0.00775776 0)
(-0.0231306 -0.00825319 0)
(-0.0245041 -0.00872526 0)
(-0.0258803 -0.00916931 0)
(-0.0272634 -0.00958203 0)
(-0.0286567 -0.00996121 0)
(-0.0300624 -0.0103055 0)
(-0.0314822 -0.0106139 0)
(-0.0329166 -0.0108859 0)
(-0.0343656 -0.0111211 0)
(-0.0358284 -0.011319 0)
(-0.0373035 -0.0114794 0)
(-0.0387888 -0.0116017 0)
(-0.0402817 -0.0116856 0)
(-0.0417792 -0.0117306 0)
(-0.0432775 -0.0117366 0)
(-0.0447727 -0.011703 0)
(-0.0462603 -0.01163 0)
(-0.0477355 -0.0115174 0)
(-0.0491933 -0.0113656 0)
(-0.0506284 -0.0111752 0)
(-0.0520353 -0.0109471 0)
(-0.0534086 -0.0106827 0)
(-0.0547427 -0.0103836 0)
(-0.0560324 -0.0100523 0)
(-0.0572725 -0.00969136 0)
(-0.0584584 -0.00930412 0)
(-0.0595859 -0.00889431 0)
(-0.0606513 -0.00846615 0)
(-0.0616518 -0.00802423 0)
(-0.0625856 -0.00757345 0)
(-0.0634515 -0.00711887 0)
(-0.0642494 -0.00666561 0)
(-0.0649804 -0.00621868 0)
(-0.0656461 -0.00578283 0)
(-0.0662494 -0.00536238 0)
(-0.0667938 -0.00496113 0)
(-0.0672833 -0.00458224 0)
(-0.0677226 -0.00422817 0)
(-0.0681166 -0.00390063 0)
(-0.0684703 -0.00360059 0)
(-0.0687888 -0.0033283 0)
(-0.0690768 -0.00308341 0)
(-0.0693389 -0.00286498 0)
(-0.0695793 -0.00267169 0)
(-0.0698015 -0.00250189 0)
(-0.0700087 -0.0023538 0)
(-0.0702036 -0.00222559 0)
(-0.0703884 -0.00211551 0)
(-0.0705649 -0.00202203 0)
(-0.0707347 -0.00194382 0)
(-0.0708989 -0.00187987 0)
(-0.0710589 -0.00182946 0)
(-0.0712158 -0.00179215 0)
(-0.0713708 -0.00176773 0)
(-0.0715252 -0.00175612 0)
(-0.0716806 -0.00175747 0)
(-0.0718388 -0.00177182 0)
(0.00046786 0.00412401 0)
(1.26991e-05 -0.000370805 0)
(-0.00120747 -0.00250038 0)
(-0.00256718 -0.00284764 0)
(-0.00393177 -0.00279697 0)
(-0.00530016 -0.00269744 0)
(-0.00668013 -0.00261159 0)
(-0.00808132 -0.00256935 0)
(-0.00950983 -0.00260019 0)
(-0.0109657 -0.00272889 0)
(-0.0124416 -0.0029683 0)
(-0.0139246 -0.00331485 0)
(-0.0154001 -0.00374993 0)
(-0.0168555 -0.00424694 0)
(-0.0182829 -0.00477888 0)
(-0.0196805 -0.00532367 0)
(-0.0210511 -0.00586529 0)
(-0.0224006 -0.00639209 0)
(-0.0237362 -0.0068955 0)
(-0.0250653 -0.00736948 0)
(-0.0263946 -0.00781007 0)
(-0.0277297 -0.008215 0)
(-0.0290749 -0.00858313 0)
(-0.0304333 -0.00891413 0)
(-0.0318066 -0.00920808 0)
(-0.0331958 -0.00946527 0)
(-0.0346006 -0.00968607 0)
(-0.0360203 -0.00987078 0)
(-0.0374532 -0.0100197 0)
(-0.0388972 -0.0101329 0)
(-0.0403495 -0.0102106 0)
(-0.0418068 -0.0102529 0)
(-0.0432655 -0.0102598 0)
(-0.0447217 -0.0102314 0)
(-0.0461707 -0.010168 0)
(-0.0476081 -0.01007 0)
(-0.0490289 -0.00993774 0)
(-0.050428 -0.00977208 0)
(-0.0518004 -0.00957402 0)
(-0.0531407 -0.00934489 0)
(-0.0544439 -0.00908638 0)
(-0.0557052 -0.00880053 0)
(-0.0569198 -0.00848977 0)
(-0.0580834 -0.00815694 0)
(-0.0591923 -0.00780524 0)
(-0.0602432 -0.00743823 0)
(-0.0612336 -0.00705975 0)
(-0.0621617 -0.00667387 0)
(-0.0630266 -0.00628477 0)
(-0.0638281 -0.00589667 0)
(-0.064567 -0.00551368 0)
(-0.0652448 -0.00513969 0)
(-0.0658638 -0.00477827 0)
(-0.0664271 -0.00443256 0)
(-0.066938 -0.00410519 0)
(-0.0674007 -0.00379824 0)
(-0.0678193 -0.00351318 0)
(-0.0681982 -0.00325091 0)
(-0.0685419 -0.00301176 0)
(-0.0688547 -0.00279555 0)
(-0.0691406 -0.00260166 0)
(-0.0694035 -0.00242912 0)
(-0.0696468 -0.00227673 0)
(-0.0698735 -0.00214312 0)
(-0.0700863 -0.00202691 0)
(-0.0702876 -0.00192673 0)
(-0.0704793 -0.00184135 0)
(-0.0706632 -0.00176972 0)
(-0.0708407 -0.00171096 0)
(-0.0710135 -0.00166443 0)
(-0.0711828 -0.00162971 0)
(-0.07135 -0.00160653 0)
(-0.0715166 -0.00159473 0)
(-0.0716842 -0.00159425 0)
(-0.0718546 -0.0016051 0)
(0.000436049 0.00394134 0)
(-0.000201406 0.000550846 0)
(-0.00160609 -0.00113909 0)
(-0.00313018 -0.0014174 0)
(-0.00463474 -0.0013718 0)
(-0.00611592 -0.00127889 0)
(-0.00757808 -0.0011907 0)
(-0.00902996 -0.0011369 0)
(-0.0104815 -0.00115002 0)
(-0.0119404 -0.0012607 0)
(-0.0134085 -0.00148892 0)
(-0.0148796 -0.00183651 0)
(-0.016342 -0.00228618 0)
(-0.0177821 -0.00280969 0)
(-0.0191889 -0.00337441 0)
(-0.0205586 -0.00395224 0)
(-0.0218931 -0.00452278 0)
(-0.023199 -0.00507138 0)
(-0.0244852 -0.00558823 0)
(-0.0257608 -0.00606743 0)
(-0.0270346 -0.00650608 0)
(-0.0283135 -0.00690335 0)
(-0.0296027 -0.00725964 0)
(-0.0309059 -0.00757601 0)
(-0.0322252 -0.00785379 0)
(-0.0335619 -0.00809434 0)
(-0.0349157 -0.00829895 0)
(-0.036286 -0.00846873 0)
(-0.037671 -0.00860462 0)
(-0.0390685 -0.00870736 0)
(-0.0404757 -0.0087776 0)
(-0.0418895 -0.00881588 0)
(-0.043306 -0.00882267 0)
(-0.0447212 -0.00879845 0)
(-0.0461307 -0.00874371 0)
(-0.04753 -0.00865902 0)
(-0.0489142 -0.00854508 0)
(-0.0502784 -0.00840272 0)
(-0.0516176 -0.00823302 0)
(-0.0529269 -0.00803728 0)
(-0.0542014 -0.00781701 0)
(-0.0554364 -0.00757405 0)
(-0.0566276 -0.00731051 0)
(-0.0577709 -0.0070288 0)
(-0.0588629 -0.0067316 0)
(-0.0599005 -0.00642187 0)
(-0.0608813 -0.00610276 0)
(-0.0618038 -0.0057776 0)
(-0.062667 -0.0054498 0)
(-0.0634707 -0.00512277 0)
(-0.0642155 -0.00479985 0)
(-0.0649027 -0.00448419 0)
(-0.0655341 -0.00417868 0)
(-0.0661125 -0.00388587 0)
(-0.0666407 -0.00360792 0)
(-0.0671224 -0.00334656 0)
(-0.0675611 -0.00310305 0)
(-0.0679608 -0.00287816 0)
(-0.0683254 -0.00267226 0)
(-0.0686588 -0.00248529 0)
(-0.0689648 -0.00231685 0)
(-0.0692468 -0.00216625 0)
(-0.0695081 -0.00203259 0)
(-0.0697516 -0.00191487 0)
(-0.0699801 -0.001812 0)
(-0.0701959 -0.00172296 0)
(-0.0704011 -0.00164676 0)
(-0.0705976 -0.00158257 0)
(-0.0707871 -0.00152966 0)
(-0.0709713 -0.00148747 0)
(-0.0711517 -0.0014556 0)
(-0.0713298 -0.00143382 0)
(-0.0715071 -0.00142189 0)
(-0.0716854 -0.0014197 0)
(-0.0718662 -0.00142716 0)
(0.000399476 0.00389633 0)
(-0.000409249 0.00168019 0)
(-0.00196355 0.000403729 0)
(-0.00361468 0.000170693 0)
(-0.00522959 0.000186823 0)
(-0.00680008 0.000243782 0)
(-0.00832383 0.000300218 0)
(-0.00980426 0.000330696 0)
(-0.0112506 0.000305095 0)
(-0.0126764 0.000191536 0)
(-0.0140933 -3.5705e-05 0)
(-0.0155065 -0.000387548 0)
(-0.0169146 -0.000854663 0)
(-0.0183069 -0.00140777 0)
(-0.0196711 -0.00200926 0)
(-0.0210023 -0.00262497 0)
(-0.0223016 -0.0032302 0)
(-0.0235744 -0.00380559 0)
(-0.0248296 -0.00433932 0)
(-0.0260767 -0.00482557 0)
(-0.0273245 -0.00526278 0)
(-0.0285795 -0.00565198 0)
(-0.0298463 -0.00599546 0)
(-0.0311278 -0.00629594 0)
(-0.0324254 -0.00655614 0)
(-0.0337398 -0.00677855 0)
(-0.0350704 -0.00696548 0)
(-0.0364163 -0.00711883 0)
(-0.0377756 -0.00724019 0)
(-0.0391463 -0.0073309 0)
(-0.0405256 -0.00739212 0)
(-0.0419105 -0.00742483 0)
(-0.0432976 -0.00742989 0)
(-0.044683 -0.00740812 0)
(-0.0460627 -0.00736028 0)
(-0.0474324 -0.00728717 0)
(-0.0487875 -0.00718961 0)
(-0.0501234 -0.0070685 0)
(-0.0514354 -0.00692496 0)
(-0.052719 -0.00676022 0)
(-0.0539694 -0.00657563 0)
(-0.0551824 -0.00637278 0)
(-0.0563539 -0.00615345 0)
(-0.0574801 -0.00591964 0)
(-0.0585577 -0.00567353 0)
(-0.0595839 -0.00541749 0)
(-0.0605566 -0.00515407 0)
(-0.0614741 -0.0048859 0)
(-0.0623356 -0.0046157 0)
(-0.0631409 -0.00434616 0)
(-0.0638903 -0.00407993 0)
(-0.0645849 -0.00381949 0)
(-0.0652265 -0.00356714 0)
(-0.0658172 -0.00332491 0)
(-0.0663598 -0.00309452 0)
(-0.0668572 -0.00287737 0)
(-0.0673128 -0.00267449 0)
(-0.06773 -0.00248653 0)
(-0.0681124 -0.00231385 0)
(-0.0684635 -0.00215645 0)
(-0.0687867 -0.00201406 0)
(-0.0690854 -0.00188622 0)
(-0.0693627 -0.00177227 0)
(-0.0696213 -0.00167145 0)
(-0.069864 -0.00158297 0)
(-0.070093 -0.00150602 0)
(-0.0703107 -0.00143985 0)
(-0.070519 -0.00138381 0)
(-0.0707198 -0.00133731 0)
(-0.0709148 -0.00129989 0)
(-0.0711056 -0.0012712 0)
(-0.0712939 -0.00125101 0)
(-0.0714813 -0.00123911 0)
(-0.0716695 -0.00123533 0)
(-0.07186 -0.00123959 0)
(0.000402653 0.0039443 0)
(-0.000332032 0.00292481 0)
(-0.00176125 0.00202962 0)
(-0.00326789 0.00182768 0)
(-0.00474162 0.00180379 0)
(-0.00617134 0.00180748 0)
(-0.00754938 0.00180685 0)
(-0.0088718 0.00178313 0)
(-0.0101422 0.00171349 0)
(-0.011373 0.00157073 0)
(-0.0125819 0.00132834 0)
(-0.0137853 0.000969112 0)
(-0.0149904 0.000494035 0)
(-0.0161983 -7.45025e-05 0)
(-0.0174115 -0.00070299 0)
(-0.0186326 -0.00135207 0)
(-0.0198637 -0.00198289 0)
(-0.0211076 -0.00257417 0)
(-0.0223705 -0.00311398 0)
(-0.0236577 -0.00359736 0)
(-0.0249719 -0.00402445 0)
(-0.0263139 -0.0043987 0)
(-0.0276822 -0.00472471 0)
(-0.0290744 -0.00500682 0)
(-0.0304873 -0.00524896 0)
(-0.0319177 -0.00545426 0)
(-0.0333622 -0.00562573 0)
(-0.0348172 -0.00576558 0)
(-0.0362794 -0.00587572 0)
(-0.0377456 -0.00595777 0)
(-0.0392123 -0.00601321 0)
(-0.0406763 -0.00604334 0)
(-0.0421342 -0.00604931 0)
(-0.0435824 -0.00603219 0)
(-0.0450172 -0.00599301 0)
(-0.0464349 -0.00593276 0)
(-0.0478316 -0.0058524 0)
(-0.0492035 -0.00575289 0)
(-0.0505467 -0.0056354 0)
(-0.0518571 -0.00550114 0)
(-0.053131 -0.00535132 0)
(-0.0543646 -0.00518729 0)
(-0.0555547 -0.00501052 0)
(-0.0566979 -0.00482266 0)
(-0.0577917 -0.00462542 0)
(-0.0588337 -0.00442067 0)
(-0.0598223 -0.00421034 0)
(-0.0607561 -0.0039965 0)
(-0.0616346 -0.0037812 0)
(-0.0624577 -0.00356652 0)
(-0.0632261 -0.00335447 0)
(-0.0639407 -0.00314692 0)
(-0.0646033 -0.00294565 0)
(-0.065216 -0.00275218 0)
(-0.0657812 -0.00256787 0)
(-0.0663017 -0.00239378 0)
(-0.0667807 -0.00223073 0)
(-0.0672214 -0.00207926 0)
(-0.0676271 -0.00193967 0)
(-0.068001 -0.001812 0)
(-0.0683465 -0.00169607 0)
(-0.0686667 -0.00159156 0)
(-0.0689646 -0.00149801 0)
(-0.069243 -0.00141486 0)
(-0.0695045 -0.00134153 0)
(-0.0697517 -0.00127741 0)
(-0.0699866 -0.00122194 0)
(-0.0702115 -0.00117461 0)
(-0.0704282 -0.00113499 0)
(-0.0706385 -0.0011027 0)
(-0.0708444 -0.00107747 0)
(-0.0710474 -0.00105908 0)
(-0.0712491 -0.00104737 0)
(-0.0714513 -0.00104218 0)
(-0.0716557 -0.00104339 0)
(0.000534737 0.003783 0)
(0.000524372 0.00382023 0)
(-8.07056e-05 0.00326273 0)
(-0.000760551 0.00309124 0)
(-0.00143497 0.00304039 0)
(-0.00209087 0.00300279 0)
(-0.00272319 0.00295267 0)
(-0.00332792 0.00287654 0)
(-0.00390611 0.00276019 0)
(-0.00446673 0.00258574 0)
(-0.00502718 0.00233265 0)
(-0.00560919 0.00198383 0)
(-0.00623635 0.00153703 0)
(-0.00693054 0.00100389 0)
(-0.00770609 0.000411578 0)
(-0.0085694 -0.00020053 0)
(-0.00953593 -0.00079166 0)
(-0.0106307 -0.00133691 0)
(-0.0118507 -0.00182939 0)
(-0.0131863 -0.00226157 0)
(-0.0146255 -0.00263673 0)
(-0.0161553 -0.00296307 0)
(-0.0177615 -0.00324798 0)
(-0.01943 -0.00349632 0)
(-0.0211477 -0.00371236 0)
(-0.0229028 -0.00389796 0)
(-0.0246849 -0.00405631 0)
(-0.0264839 -0.00418852 0)
(-0.0282914 -0.00429592 0)
(-0.0301001 -0.00437975 0)
(-0.031903 -0.0044412 0)
(-0.0336939 -0.00448135 0)
(-0.0354673 -0.00450117 0)
(-0.0372178 -0.00450165 0)
(-0.0389407 -0.00448377 0)
(-0.0406314 -0.0044485 0)
(-0.0422858 -0.00439677 0)
(-0.0439 -0.0043294 0)
(-0.0454706 -0.00424758 0)
(-0.0469938 -0.00415262 0)
(-0.0484663 -0.00404544 0)
(-0.0498855 -0.00392715 0)
(-0.0512486 -0.00379894 0)
(-0.0525534 -0.00366224 0)
(-0.0537981 -0.00351828 0)
(-0.0549812 -0.00336845 0)
(-0.0561018 -0.00321422 0)
(-0.0571597 -0.0030571 0)
(-0.0581548 -0.00289862 0)
(-0.0590878 -0.00274028 0)
(-0.0599599 -0.00258357 0)
(-0.0607728 -0.00242988 0)
(-0.0615284 -0.00228051 0)
(-0.0622295 -0.00213662 0)
(-0.0628786 -0.00199921 0)
(-0.063479 -0.00186911 0)
(-0.064034 -0.00174691 0)
(-0.064547 -0.00163305 0)
(-0.0650214 -0.00152776 0)
(-0.0654608 -0.00143108 0)
(-0.0658687 -0.00134295 0)
(-0.0662483 -0.00126313 0)
(-0.0666029 -0.00119132 0)
(-0.0669354 -0.00112715 0)
(-0.0672487 -0.00107021 0)
(-0.0675454 -0.00102007 0)
(-0.0678279 -0.000976346 0)
(-0.0680985 -0.000938667 0)
(-0.0683594 -0.000906721 0)
(-0.0686126 -0.000880259 0)
(-0.06886 -0.000859078 0)
(-0.0691035 -0.000843021 0)
(-0.0693448 -0.000831996 0)
(-0.0695857 -0.000825891 0)
(-0.069828 -0.000824538 0)
(0.000772207 0.00289499 0)
(0.00229499 0.00358107 0)
(0.00347723 0.00334877 0)
(0.00452859 0.00322665 0)
(0.00554753 0.00318123 0)
(0.00655164 0.00314162 0)
(0.00753836 0.00308619 0)
(0.00850037 0.00300489 0)
(0.00942588 0.00288771 0)
(0.0102967 0.00272322 0)
(0.0110836 0.00249921 0)
(0.0117512 0.00220629 0)
(0.0122597 0.00184495 0)
(0.0125677 0.00142803 0)
(0.012641 0.000982271 0)
(0.0124572 0.00053909 0)
(0.0120189 0.00012343 0)
(0.0113477 -0.000241644 0)
(0.0104532 -0.000546317 0)
(0.00934488 -0.000807123 0)
(0.00804362 -0.00103884 0)
(0.00657336 -0.00124804 0)
(0.00495957 -0.00143754 0)
(0.00322417 -0.00160958 0)
(0.00138672 -0.00176598 0)
(-0.000534653 -0.00190774 0)
(-0.00252602 -0.00203475 0)
(-0.00457062 -0.00214842 0)
(-0.00665648 -0.00224794 0)
(-0.00877164 -0.00233328 0)
(-0.0109048 -0.002405 0)
(-0.0130453 -0.00246345 0)
(-0.0151832 -0.00250851 0)
(-0.0173096 -0.00254057 0)
(-0.0194158 -0.00256011 0)
(-0.0214942 -0.00256743 0)
(-0.0235371 -0.00256296 0)
(-0.0255387 -0.00254651 0)
(-0.0274934 -0.00251931 0)
(-0.0293948 -0.00248326 0)
(-0.0312382 -0.00243761 0)
(-0.0330197 -0.00238336 0)
(-0.0347356 -0.00232112 0)
(-0.0363828 -0.00225241 0)
(-0.0379587 -0.0021776 0)
(-0.0394616 -0.00209767 0)
(-0.0408903 -0.00201362 0)
(-0.042244 -0.00192644 0)
(-0.043523 -0.00183715 0)
(-0.0447278 -0.00174675 0)
(-0.0458597 -0.00165622 0)
(-0.0469204 -0.00156651 0)
(-0.0479124 -0.00147849 0)
(-0.0488384 -0.00139298 0)
(-0.0497016 -0.00131069 0)
(-0.0505055 -0.00123218 0)
(-0.051254 -0.00115793 0)
(-0.051951 -0.00108824 0)
(-0.0526005 -0.00102333 0)
(-0.0532065 -0.000963301 0)
(-0.053773 -0.000908161 0)
(-0.0543038 -0.000857841 0)
(-0.0548027 -0.000812207 0)
(-0.0552731 -0.000771081 0)
(-0.0557183 -0.000734255 0)
(-0.0561415 -0.000701511 0)
(-0.0565455 -0.000672633 0)
(-0.056933 -0.000647423 0)
(-0.0573067 -0.000625713 0)
(-0.0576688 -0.000607376 0)
(-0.0580218 -0.000592316 0)
(-0.0583679 -0.000580461 0)
(-0.0587091 -0.00057179 0)
(-0.0590476 -0.00056625 0)
(-0.0593855 -0.000563689 0)
(0.000831651 0.000942737 0)
(0.00302231 0.00120686 0)
(0.00529509 0.00117346 0)
(0.0074546 0.0011498 0)
(0.0095621 0.00114254 0)
(0.0116501 0.00113684 0)
(0.0137143 0.0011278 0)
(0.0157404 0.00111297 0)
(0.0177094 0.00108966 0)
(0.0195961 0.00105445 0)
(0.0213673 0.00100319 0)
(0.0229824 0.000932957 0)
(0.0243976 0.000842265 0)
(0.0255726 0.000733362 0)
(0.0264783 0.000612718 0)
(0.0271042 0.00049166 0)
(0.0274614 0.000383153 0)
(0.0275793 0.000298073 0)
(0.0274938 0.000248567 0)
(0.0272464 0.000211988 0)
(0.0268641 0.000172099 0)
(0.0263634 0.00012814 0)
(0.0257509 8.27243e-05 0)
(0.0250324 3.56851e-05 0)
(0.0242136 -1.17283e-05 0)
(0.0233009 -6.03659e-05 0)
(0.0223014 -0.000108238 0)
(0.0212209 -0.000155896 0)
(0.0200669 -0.000203104 0)
(0.0188473 -0.000248783 0)
(0.0175688 -0.000292216 0)
(0.0162383 -0.000333488 0)
(0.0148642 -0.00037212 0)
(0.0134537 -0.000407537 0)
(0.0120145 -0.00043972 0)
(0.0105541 -0.000468192 0)
(0.00908067 -0.000493136 0)
(0.00760248 -0.000513506 0)
(0.00612304 -0.000529093 0)
(0.00465051 -0.000542091 0)
(0.00319376 -0.000550941 0)
(0.00175758 -0.000555792 0)
(0.000346968 -0.000556683 0)
(-0.00103244 -0.000554459 0)
(-0.00237515 -0.000548898 0)
(-0.00367756 -0.000540322 0)
(-0.00493605 -0.000529068 0)
(-0.00614761 -0.000515477 0)
(-0.00730985 -0.000499893 0)
(-0.00842105 -0.000482671 0)
(-0.00948011 -0.000464166 0)
(-0.0104866 -0.000444729 0)
(-0.0114407 -0.000424703 0)
(-0.0123431 -0.000404411 0)
(-0.0131952 -0.000384149 0)
(-0.0139987 -0.000364178 0)
(-0.0147556 -0.000344716 0)
(-0.0154683 -0.000325946 0)
(-0.0161396 -0.000308008 0)
(-0.016772 -0.000291009 0)
(-0.0173684 -0.000275027 0)
(-0.0179317 -0.000260109 0)
(-0.0184646 -0.000246272 0)
(-0.0189699 -0.000233514 0)
(-0.0194502 -0.000221812 0)
(-0.0199081 -0.000211135 0)
(-0.020346 -0.00020145 0)
(-0.0207662 -0.000192722 0)
(-0.0211708 -0.000184919 0)
(-0.021562 -0.000178022 0)
(-0.0219419 -0.000172033 0)
(-0.0223124 -0.000166962 0)
(-0.0226757 -0.000162814 0)
(-0.0230335 -0.000159635 0)
(-0.0233884 -0.00015742 0)
)
;

boundaryField
{
    leftWall
    {
        type            noSlip;
    }
    rightWall
    {
        type            noSlip;
    }
    lowerWall
    {
        type            slip;
    }
    atmosphere
    {
        type            noSlip;
    }
    defaultFaces
    {
        type            empty;
    }
    procBoundary0to1
    {
        type            processor;
        value           nonuniform List<vector> 
40
(
(0.596253 -0.00385814 0)
(0.6051 -0.0114514 0)
(0.568412 -0.0195691 0)
(0.44673 -0.0249047 0)
(0.206723 0.0107314 0)
(0.00139626 0.0972931 0)
(-0.0865047 0.103283 0)
(-0.090192 0.0661604 0)
(-0.0777 0.0400832 0)
(-0.0734748 0.0269799 0)
(-0.073444 0.0188521 0)
(-0.0735683 0.0129132 0)
(-0.0732363 0.00861135 0)
(-0.0727628 0.0055239 0)
(-0.0723334 0.00328838 0)
(-0.0719937 0.00165369 0)
(-0.0717485 0.000451576 0)
(-0.0715782 -0.000434386 0)
(-0.0714758 -0.00108859 0)
(-0.0714264 -0.0015719 0)
(-0.0714175 -0.00192331 0)
(-0.0714379 -0.00217279 0)
(-0.0714784 -0.00234207 0)
(-0.0715316 -0.00244679 0)
(-0.0715918 -0.00249917 0)
(-0.0716547 -0.00250809 0)
(-0.0717172 -0.00248072 0)
(-0.071777 -0.00242251 0)
(-0.0718328 -0.00233782 0)
(-0.0718836 -0.00223024 0)
(-0.0719287 -0.00210288 0)
(-0.071968 -0.00195845 0)
(-0.0720014 -0.0017992 0)
(-0.0720292 -0.00162716 0)
(-0.0720512 -0.00144408 0)
(-0.0720545 -0.00125166 0)
(-0.0718636 -0.00105089 0)
(-0.0700732 -0.000827976 0)
(-0.0597245 -0.000564247 0)
(-0.0237417 -0.000156226 0)
)
;
    }
}


// ************************************************************************* //
