/*--------------------------------*- C++ -*----------------------------------*\
| =========                 |                                                 |
| \\      /  F ield         | OpenFOAM: The Open Source CFD Toolbox           |
|  \\    /   O peration     | Version:  2606                                  |
|   \\  /    A nd           | Website:  www.openfoam.com                      |
|    \\/     M anipulation  |                                                 |
\*---------------------------------------------------------------------------*/
FoamFile
{
    version     2.0;
    format      ascii;
    arch        "LSB;label=32;scalar=64";
    class       volVectorField;
    location    "0.65";
    object      U;
}
// * * * * * * * * * * * * * * * * * * * * * * * * * * * * * * * * * * * * * //

dimensions      [0 1 -1 0 0 0 0];

internalField   nonuniform List<vector> 
3000
(
(0.994709 -0.00117229 0)
(0.997033 -0.00112862 0)
(0.99957 -0.00108004 0)
(1.00227 -0.00102649 0)
(1.00508 -0.00096731 0)
(1.00795 -0.000901721 0)
(1.01081 -0.000830042 0)
(1.01362 -0.000753897 0)
(1.0164 -0.00067617 0)
(1.0192 -0.000599565 0)
(1.02213 -0.000521918 0)
(1.02528 -0.000433221 0)
(1.0286 -0.00032222 0)
(1.03193 -0.000188056 0)
(1.03529 -3.90911e-05 0)
(1.03891 0.000121139 0)
(1.04314 0.000289175 0)
(1.04831 0.000435596 0)
(1.0549 0.000535224 0)
(1.06286 0.000579316 0)
(1.06983 0.000560403 0)
(1.07309 0.000508381 0)
(1.07378 0.000376272 0)
(1.07598 0.00010732 0)
(1.08053 -0.000292175 0)
(1.08601 -0.00079499 0)
(1.09183 -0.0013757 0)
(1.09839 -0.00201232 0)
(1.10556 -0.00268637 0)
(1.11023 -0.00335783 0)
(1.10994 -0.00403373 0)
(1.10834 -0.00473731 0)
(1.11009 -0.00534049 0)
(1.11472 -0.00574873 0)
(1.11944 -0.00594948 0)
(1.12347 -0.00598866 0)
(1.12708 -0.00592466 0)
(1.13091 -0.00579899 0)
(1.13558 -0.00563259 0)
(1.14026 -0.00542149 0)
(1.14341 -0.00515657 0)
(1.1458 -0.00488397 0)
(1.1496 -0.00466928 0)
(1.15479 -0.00452383 0)
(1.16 -0.00442978 0)
(1.16464 -0.00437909 0)
(1.16893 -0.00437628 0)
(1.1732 -0.00443129 0)
(1.17742 -0.00454864 0)
(1.1814 -0.00473098 0)
(1.1851 -0.00498229 0)
(1.18856 -0.00530634 0)
(1.19186 -0.0056963 0)
(1.19509 -0.00614309 0)
(1.19834 -0.0066412 0)
(1.20166 -0.00718838 0)
(1.20503 -0.00778258 0)
(1.20844 -0.00842495 0)
(1.21189 -0.00912658 0)
(1.21527 -0.00989263 0)
(1.2185 -0.0106868 0)
(1.22236 -0.0114998 0)
(1.23085 -0.0122371 0)
(1.24679 -0.0123097 0)
(1.25805 -0.00850739 0)
(1.25259 0.0198651 0)
(1.18965 0.105994 0)
(1.02948 0.154711 0)
(0.75483 0.101728 0)
(0.547572 0.0493296 0)
(0.421052 0.0414476 0)
(0.313394 0.0431796 0)
(0.215605 0.0426226 0)
(0.125589 0.0412711 0)
(0.0404009 0.0400438 0)
(1.00585 -0.00326545 0)
(1.00887 -0.0037629 0)
(1.01376 -0.00419376 0)
(1.02035 -0.00452811 0)
(1.02834 -0.00475209 0)
(1.03733 -0.00486569 0)
(1.0469 -0.00489152 0)
(1.05673 -0.00487925 0)
(1.06672 -0.00491475 0)
(1.07702 -0.00510941 0)
(1.08819 -0.00551469 0)
(1.10109 -0.00601059 0)
(1.11677 -0.00637728 0)
(1.13624 -0.00664719 0)
(1.16083 -0.0072613 0)
(1.19198 -0.00872756 0)
(1.23506 -0.0113336 0)
(1.28753 -0.0146424 0)
(1.34584 -0.0193309 0)
(1.43026 -0.0232362 0)
(1.50127 -0.0149494 0)
(1.55949 -0.00387441 0)
(1.60686 -0.00107242 0)
(1.64062 -0.00268687 0)
(1.66328 -0.00382431 0)
(1.67676 -0.00411026 0)
(1.68233 -0.00424091 0)
(1.68003 -0.00574947 0)
(1.67927 -0.0064924 0)
(1.68642 -0.00044169 0)
(1.68037 0.00855998 0)
(1.64944 0.0127559 0)
(1.55629 0.0119185 0)
(1.42822 0.0089951 0)
(1.29581 0.00559145 0)
(1.17415 0.00303715 0)
(1.07631 0.00052868 0)
(1.00765 -0.00228003 0)
(0.968904 -0.00429343 0)
(0.959612 -0.00362577 0)
(0.976111 -0.00202094 0)
(1.01139 -0.00408983 0)
(1.05539 -0.00689202 0)
(1.09975 -0.00731441 0)
(1.13966 -0.00609534 0)
(1.17292 -0.00458234 0)
(1.19949 -0.00375258 0)
(1.22064 -0.00355663 0)
(1.23801 -0.00344501 0)
(1.25291 -0.00329666 0)
(1.26749 -0.00282125 0)
(1.2788 -0.0020897 0)
(1.2905 -0.00169064 0)
(1.30485 -0.00129964 0)
(1.32152 -0.000811715 0)
(1.33954 -0.000299486 0)
(1.35759 0.000208339 0)
(1.37522 0.000626715 0)
(1.39137 0.00105097 0)
(1.40284 0.00166203 0)
(1.4066 0.00114271 0)
(1.40357 -0.00716348 0)
(1.42153 -0.0292078 0)
(1.49581 -0.0471018 0)
(1.55728 -0.030113 0)
(1.59667 0.0279453 0)
(1.6169 0.157241 0)
(1.52096 0.315403 0)
(1.21178 0.358914 0)
(0.863824 0.296858 0)
(0.611683 0.224243 0)
(0.4275 0.182113 0)
(0.282199 0.15863 0)
(0.160304 0.144668 0)
(0.0501747 0.134313 0)
(0.551447 -0.00334931 0)
(0.556412 -0.00672788 0)
(0.564674 -0.0100186 0)
(0.57651 -0.0128644 0)
(0.592306 -0.0150674 0)
(0.612499 -0.0165915 0)
(0.637531 -0.0176054 0)
(0.66783 -0.0184635 0)
(0.703778 -0.0196473 0)
(0.745634 -0.0216778 0)
(0.793486 -0.0250146 0)
(0.847308 -0.0299619 0)
(0.907029 -0.036567 0)
(0.97252 -0.0449928 0)
(1.04338 -0.0558797 0)
(1.11839 -0.0709079 0)
(1.19551 -0.089458 0)
(1.27414 -0.10565 0)
(1.3521 -0.122086 0)
(1.42561 -0.13052 0)
(1.49768 -0.122489 0)
(1.57336 -0.10568 0)
(1.65068 -0.0876254 0)
(1.72417 -0.0698137 0)
(1.79064 -0.052263 0)
(1.84931 -0.035627 0)
(1.89993 -0.0214304 0)
(1.9411 -0.0129752 0)
(1.96991 -0.00964552 0)
(1.98408 0.000214204 0)
(1.97917 0.0320106 0)
(1.95259 0.0912285 0)
(1.89601 0.161041 0)
(1.80037 0.210865 0)
(1.66897 0.221822 0)
(1.52116 0.197006 0)
(1.3837 0.150567 0)
(1.27711 0.0953769 0)
(1.20987 0.038737 0)
(1.18174 -0.0134489 0)
(1.1869 -0.0544988 0)
(1.21217 -0.0795721 0)
(1.24449 -0.088423 0)
(1.27521 -0.0850341 0)
(1.30027 -0.0750651 0)
(1.31828 -0.0632553 0)
(1.32925 -0.0524481 0)
(1.33391 -0.0437643 0)
(1.33344 -0.0372161 0)
(1.32926 -0.0321912 0)
(1.32313 -0.0279302 0)
(1.31674 -0.0258454 0)
(1.31066 -0.0277255 0)
(1.30483 -0.0320398 0)
(1.29956 -0.0359744 0)
(1.29503 -0.0381324 0)
(1.29109 -0.0383316 0)
(1.2874 -0.0370513 0)
(1.28375 -0.0323028 0)
(1.28142 -0.0211483 0)
(1.28497 -0.0113359 0)
(1.29959 -0.0267013 0)
(1.32447 -0.0831103 0)
(1.35545 -0.150796 0)
(1.42788 -0.113136 0)
(1.47256 -0.0184573 0)
(1.48468 0.152583 0)
(1.36608 0.527117 0)
(1.02198 0.662175 0)
(0.737043 0.585377 0)
(0.538272 0.445178 0)
(0.378656 0.344892 0)
(0.250101 0.28744 0)
(0.142056 0.255174 0)
(0.0440013 0.233403 0)
(0.212289 -0.0147996 0)
(0.226644 -0.0216683 0)
(0.242838 -0.0289166 0)
(0.261296 -0.0365052 0)
(0.282459 -0.0444345 0)
(0.306751 -0.0526907 0)
(0.334537 -0.0612932 0)
(0.366121 -0.0702726 0)
(0.401718 -0.0796695 0)
(0.441444 -0.089564 0)
(0.485334 -0.100035 0)
(0.533364 -0.111065 0)
(0.585532 -0.122598 0)
(0.641843 -0.134599 0)
(0.70223 -0.146985 0)
(0.766306 -0.159422 0)
(0.833183 -0.170839 0)
(0.901941 -0.179561 0)
(0.971588 -0.185098 0)
(1.04145 -0.185085 0)
(1.11287 -0.17661 0)
(1.18701 -0.162749 0)
(1.26164 -0.147452 0)
(1.33293 -0.131815 0)
(1.39841 -0.115696 0)
(1.45721 -0.0993752 0)
(1.50923 -0.0833603 0)
(1.55468 -0.0674518 0)
(1.59358 -0.0483441 0)
(1.62813 -0.0181329 0)
(1.66501 0.030871 0)
(1.70367 0.103789 0)
(1.73297 0.191362 0)
(1.73588 0.268725 0)
(1.70286 0.309861 0)
(1.63995 0.303497 0)
(1.56547 0.255303 0)
(1.49898 0.180414 0)
(1.45166 0.0965791 0)
(1.4217 0.0202352 0)
(1.40177 -0.0361321 0)
(1.38652 -0.0675287 0)
(1.37126 -0.0763112 0)
(1.35428 -0.0691893 0)
(1.33604 -0.0538944 0)
(1.31748 -0.0366038 0)
(1.29949 -0.021084 0)
(1.28284 -0.00902391 0)
(1.26833 -0.000738008 0)
(1.2568 0.00411362 0)
(1.24905 0.00614736 0)
(1.24526 0.00582255 0)
(1.24424 0.00369619 0)
(1.24392 0.000923203 0)
(1.24251 -0.00133796 0)
(1.23901 -0.00256187 0)
(1.23298 -0.00271939 0)
(1.2244 -0.00244519 0)
(1.21416 -0.00235016 0)
(1.2049 -0.00429456 0)
(1.19857 -0.0128662 0)
(1.192 -0.0390126 0)
(1.1731 -0.0933438 0)
(1.12464 -0.15043 0)
(1.11915 -0.104159 0)
(1.12655 0.0283573 0)
(1.07786 0.274726 0)
(0.792245 0.783384 0)
(0.547402 0.931514 0)
(0.449811 0.783406 0)
(0.363458 0.594362 0)
(0.272334 0.467074 0)
(0.18711 0.391162 0)
(0.108521 0.347406 0)
(0.033499 0.317127 0)
(0.0489338 -0.0281171 0)
(0.0602959 -0.0355196 0)
(0.0728457 -0.0436582 0)
(0.0867986 -0.052452 0)
(0.102423 -0.0618232 0)
(0.119945 -0.0716324 0)
(0.139604 -0.0819177 0)
(0.161652 -0.0927517 0)
(0.186322 -0.104229 0)
(0.213824 -0.116504 0)
(0.244347 -0.129714 0)
(0.278087 -0.14391 0)
(0.315281 -0.159142 0)
(0.356216 -0.175415 0)
(0.401122 -0.192666 0)
(0.450091 -0.210626 0)
(0.503058 -0.228457 0)
(0.560023 -0.244463 0)
(0.621046 -0.256469 0)
(0.686168 -0.26189 0)
(0.755718 -0.258737 0)
(0.829447 -0.247591 0)
(0.905255 -0.230096 0)
(0.979659 -0.207556 0)
(1.04931 -0.181572 0)
(1.11194 -0.154367 0)
(1.16643 -0.128195 0)
(1.21263 -0.104778 0)
(1.25087 -0.0842406 0)
(1.28303 -0.0616675 0)
(1.31456 -0.0235721 0)
(1.35293 0.0427233 0)
(1.39958 0.1362 0)
(1.4461 0.235228 0)
(1.47907 0.30708 0)
(1.49109 0.327838 0)
(1.48478 0.293738 0)
(1.46715 0.219189 0)
(1.4423 0.128262 0)
(1.41073 0.0452748 0)
(1.37177 -0.0126714 0)
(1.3268 -0.0419388 0)
(1.28185 -0.0487355 0)
(1.24325 -0.0426252 0)
(1.21475 -0.0318018 0)
(1.19705 -0.0212904 0)
(1.18854 -0.013429 0)
(1.18663 -0.00895277 0)
(1.18856 -0.00775733 0)
(1.19192 -0.00929847 0)
(1.19482 -0.0124994 0)
(1.19583 -0.0163855 0)
(1.19396 -0.0199012 0)
(1.18867 -0.0218114 0)
(1.18019 -0.0211971 0)
(1.16922 -0.0181833 0)
(1.15586 -0.0137885 0)
(1.1401 -0.00867719 0)
(1.12213 -0.00349574 0)
(1.10119 0.000725054 0)
(1.07568 0.00191742 0)
(1.03947 -0.00636363 0)
(0.973653 -0.0373511 0)
(0.836973 -0.0921315 0)
(0.65138 -0.0766055 0)
(0.467973 0.150769 0)
(0.36169 0.547397 0)
(0.126746 0.972151 0)
(0.128905 1.00324 0)
(0.186409 0.820159 0)
(0.191126 0.648406 0)
(0.162944 0.532007 0)
(0.12044 0.457059 0)
(0.0725491 0.412071 0)
(0.0222473 0.377758 0)
(-0.0356085 -0.0394929 0)
(-0.0281547 -0.0479798 0)
(-0.02029 -0.0573141 0)
(-0.0119554 -0.0674298 0)
(-0.00296228 -0.0782647 0)
(0.00679971 -0.0897896 0)
(0.0174748 -0.102025 0)
(0.0293101 -0.115037 0)
(0.0425404 -0.128907 0)
(0.057384 -0.143759 0)
(0.0740632 -0.159714 0)
(0.0928396 -0.176872 0)
(0.114068 -0.195367 0)
(0.138127 -0.215134 0)
(0.165368 -0.236057 0)
(0.196179 -0.25769 0)
(0.230999 -0.279069 0)
(0.270381 -0.298632 0)
(0.315013 -0.314395 0)
(0.365687 -0.324121 0)
(0.423068 -0.3258 0)
(0.487025 -0.318568 0)
(0.556045 -0.302505 0)
(0.627206 -0.278324 0)
(0.696896 -0.247913 0)
(0.761646 -0.214204 0)
(0.818739 -0.180549 0)
(0.866749 -0.149387 0)
(0.905658 -0.120373 0)
(0.936903 -0.089054 0)
(0.963348 -0.0473356 0)
(0.99073 0.0133769 0)
(1.0266 0.0965324 0)
(1.0731 0.18931 0)
(1.12387 0.264 0)
(1.16923 0.294946 0)
(1.20153 0.274554 0)
(1.21548 0.21641 0)
(1.20895 0.145594 0)
(1.18467 0.0844339 0)
(1.15066 0.0420796 0)
(1.11768 0.0167519 0)
(1.09332 0.00204521 0)
(1.07989 -0.00708097 0)
(1.0753 -0.012721 0)
(1.0757 -0.0154591 0)
(1.07737 -0.0156532 0)
(1.07733 -0.0137869 0)
(1.07335 -0.0104003 0)
(1.06435 -0.00608915 0)
(1.05 -0.00173545 0)
(1.0302 0.00223393 0)
(1.00535 0.00570989 0)
(0.975973 0.00889575 0)
(0.942537 0.0121627 0)
(0.905343 0.0155787 0)
(0.864764 0.019213 0)
(0.820484 0.0239605 0)
(0.770417 0.0305799 0)
(0.713726 0.0394376 0)
(0.646497 0.051093 0)
(0.564865 0.0654392 0)
(0.455636 0.0798972 0)
(0.304442 0.102589 0)
(0.099004 0.182233 0)
(-0.106973 0.387213 0)
(-0.223821 0.706986 0)
(-0.235889 0.933937 0)
(-0.0907777 0.887612 0)
(0.0179904 0.755348 0)
(0.0648754 0.638959 0)
(0.0747882 0.551005 0)
(0.0631691 0.489371 0)
(0.0404298 0.450552 0)
(0.0120516 0.41563 0)
(-0.0575968 -0.0430937 0)
(-0.0533184 -0.0515266 0)
(-0.0491578 -0.060849 0)
(-0.0451303 -0.0710213 0)
(-0.0411941 -0.0820233 0)
(-0.0372966 -0.0939113 0)
(-0.0333634 -0.10669 0)
(-0.0292886 -0.120439 0)
(-0.02495 -0.135248 0)
(-0.0202253 -0.151256 0)
(-0.0149913 -0.168621 0)
(-0.00914426 -0.187507 0)
(-0.00239921 -0.208058 0)
(0.00545903 -0.230363 0)
(0.0146073 -0.254316 0)
(0.0254682 -0.27955 0)
(0.0385872 -0.305268 0)
(0.054799 -0.330125 0)
(0.075253 -0.352239 0)
(0.101401 -0.369349 0)
(0.134731 -0.379137 0)
(0.176324 -0.379697 0)
(0.226251 -0.369654 0)
(0.283052 -0.348385 0)
(0.344102 -0.317073 0)
(0.405698 -0.278365 0)
(0.463204 -0.236048 0)
(0.512176 -0.194098 0)
(0.549744 -0.1545 0)
(0.576269 -0.115103 0)
(0.59562 -0.0692342 0)
(0.614088 -0.00936223 0)
(0.639913 0.0662883 0)
(0.678224 0.14663 0)
(0.728125 0.212539 0)
(0.782587 0.245404 0)
(0.831719 0.23928 0)
(0.867225 0.203259 0)
(0.886766 0.152586 0)
(0.893342 0.0999138 0)
(0.891568 0.0528672 0)
(0.883987 0.0158577 0)
(0.870361 -0.00865778 0)
(0.850294 -0.0205137 0)
(0.82464 -0.0222334 0)
(0.794655 -0.0174329 0)
(0.761615 -0.00933862 0)
(0.726889 -0.000109151 0)
(0.691557 0.00899669 0)
(0.655704 0.0172073 0)
(0.618819 0.024169 0)
(0.580515 0.0305164 0)
(0.539953 0.0369164 0)
(0.49652 0.0439064 0)
(0.449989 0.0521017 0)
(0.400343 0.061963 0)
(0.346093 0.0738763 0)
(0.288313 0.0882948 0)
(0.224888 0.106002 0)
(0.157678 0.127308 0)
(0.0811346 0.152233 0)
(-0.00300372 0.182481 0)
(-0.103445 0.220048 0)
(-0.219489 0.277326 0)
(-0.341475 0.372719 0)
(-0.425446 0.515052 0)
(-0.422253 0.677117 0)
(-0.314529 0.764025 0)
(-0.169574 0.735615 0)
(-0.0694386 0.66896 0)
(-0.0131091 0.601175 0)
(0.0128869 0.542492 0)
(0.0197739 0.497802 0)
(0.0148948 0.468052 0)
(0.00380554 0.43407 0)
(-0.0480183 -0.0458046 0)
(-0.0452963 -0.0538612 0)
(-0.0429348 -0.0627583 0)
(-0.0409952 -0.0725033 0)
(-0.0395097 -0.0831081 0)
(-0.0385043 -0.0946162 0)
(-0.0379989 -0.107075 0)
(-0.0380086 -0.120561 0)
(-0.0385486 -0.135168 0)
(-0.039641 -0.151024 0)
(-0.0413272 -0.168289 0)
(-0.0436642 -0.187146 0)
(-0.0466888 -0.207722 0)
(-0.0504665 -0.230217 0)
(-0.055049 -0.254568 0)
(-0.0603628 -0.280559 0)
(-0.0661372 -0.307645 0)
(-0.0717824 -0.334842 0)
(-0.0762646 -0.360661 0)
(-0.0780554 -0.383141 0)
(-0.0752205 -0.400008 0)
(-0.06563 -0.408916 0)
(-0.047449 -0.40773 0)
(-0.0198695 -0.394858 0)
(0.0171776 -0.369814 0)
(0.0622638 -0.333911 0)
(0.1117 -0.28992 0)
(0.160176 -0.241366 0)
(0.202441 -0.191271 0)
(0.23485 -0.14022 0)
(0.258042 -0.0863228 0)
(0.27711 -0.0266637 0)
(0.299827 0.038673 0)
(0.33355 0.103643 0)
(0.380776 0.157183 0)
(0.435532 0.185712 0)
(0.488106 0.184612 0)
(0.528379 0.159497 0)
(0.549201 0.122145 0)
(0.547715 0.0852156 0)
(0.525749 0.0576688 0)
(0.488814 0.0422807 0)
(0.443951 0.0363042 0)
(0.397139 0.0353021 0)
(0.351873 0.036888 0)
(0.309556 0.0401857 0)
(0.270118 0.0446363 0)
(0.232599 0.0499519 0)
(0.196594 0.0561853 0)
(0.16083 0.0631725 0)
(0.124988 0.0707582 0)
(0.0882495 0.0786537 0)
(0.0506424 0.0874036 0)
(0.011952 0.0974077 0)
(-0.0282353 0.108502 0)
(-0.0700496 0.120955 0)
(-0.113399 0.13544 0)
(-0.157643 0.152529 0)
(-0.203468 0.172737 0)
(-0.249692 0.19607 0)
(-0.297893 0.222387 0)
(-0.346393 0.253905 0)
(-0.396481 0.292835 0)
(-0.442647 0.344737 0)
(-0.471828 0.413845 0)
(-0.462731 0.497721 0)
(-0.397844 0.578107 0)
(-0.291463 0.623759 0)
(-0.187806 0.62207 0)
(-0.110591 0.594623 0)
(-0.0586248 0.557365 0)
(-0.0270439 0.521188 0)
(-0.0103538 0.491261 0)
(-0.00379412 0.470178 0)
(-0.00239136 0.43746 0)
(-0.0346137 -0.0475944 0)
(-0.0323133 -0.0552356 0)
(-0.0303997 -0.0636424 0)
(-0.0289513 -0.0728345 0)
(-0.0280333 -0.0828357 0)
(-0.0277151 -0.0936819 0)
(-0.0280723 -0.105423 0)
(-0.0291912 -0.118126 0)
(-0.0311719 -0.131871 0)
(-0.0341372 -0.146761 0)
(-0.0382475 -0.162925 0)
(-0.0437103 -0.180512 0)
(-0.0507793 -0.199664 0)
(-0.0597624 -0.220508 0)
(-0.070997 -0.243066 0)
(-0.0847908 -0.267239 0)
(-0.101346 -0.292723 0)
(-0.120633 -0.318908 0)
(-0.14224 -0.34479 0)
(-0.165241 -0.368922 0)
(-0.188123 -0.389432 0)
(-0.20883 -0.404119 0)
(-0.224944 -0.410655 0)
(-0.233984 -0.406934 0)
(-0.233776 -0.391416 0)
(-0.22309 -0.364031 0)
(-0.202284 -0.32604 0)
(-0.173576 -0.279793 0)
(-0.140573 -0.228063 0)
(-0.1072 -0.172985 0)
(-0.0761884 -0.11536 0)
(-0.0483935 -0.0557908 0)
(-0.0215251 0.00367708 0)
(0.0104258 0.0592616 0)
(0.0477401 0.10449 0)
(0.0839135 0.132908 0)
(0.112152 0.143109 0)
(0.125638 0.139308 0)
(0.121474 0.128042 0)
(0.101883 0.114595 0)
(0.0721894 0.101709 0)
(0.0376453 0.0905488 0)
(0.00198569 0.0819346 0)
(-0.0325438 0.076425 0)
(-0.0649383 0.0740578 0)
(-0.0951426 0.0746416 0)
(-0.123245 0.0777636 0)
(-0.149599 0.0828044 0)
(-0.174454 0.0890354 0)
(-0.198246 0.0958267 0)
(-0.221145 0.103015 0)
(-0.243659 0.110874 0)
(-0.265783 0.119761 0)
(-0.287609 0.129544 0)
(-0.309158 0.140101 0)
(-0.33037 0.151765 0)
(-0.351016 0.165127 0)
(-0.370827 0.180663 0)
(-0.38943 0.198657 0)
(-0.40631 0.21905 0)
(-0.421313 0.242015 0)
(-0.433703 0.269025 0)
(-0.442361 0.301648 0)
(-0.443275 0.342451 0)
(-0.429293 0.39289 0)
(-0.393179 0.449678 0)
(-0.333046 0.50263 0)
(-0.259391 0.536612 0)
(-0.188399 0.54493 0)
(-0.129273 0.53529 0)
(-0.0840039 0.516232 0)
(-0.0518084 0.495045 0)
(-0.0302418 0.476138 0)
(-0.0166144 0.462679 0)
(-0.00668493 0.429514 0)
(-0.0301081 -0.050041 0)
(-0.027971 -0.0573332 0)
(-0.0261721 -0.0653124 0)
(-0.0247869 -0.074001 0)
(-0.0238858 -0.0834213 0)
(-0.0235466 -0.0936012 0)
(-0.0238565 -0.104579 0)
(-0.0249178 -0.116404 0)
(-0.0268529 -0.129132 0)
(-0.0298118 -0.142831 0)
(-0.0339853 -0.157576 0)
(-0.0396207 -0.173456 0)
(-0.0470312 -0.190553 0)
(-0.0566027 -0.208923 0)
(-0.0687865 -0.22856 0)
(-0.0840773 -0.249382 0)
(-0.102973 -0.27119 0)
(-0.125896 -0.293618 0)
(-0.153084 -0.31606 0)
(-0.184443 -0.337611 0)
(-0.219407 -0.357017 0)
(-0.256831 -0.372654 0)
(-0.29494 -0.382577 0)
(-0.331392 -0.3847 0)
(-0.363514 -0.377156 0)
(-0.388802 -0.358819 0)
(-0.405473 -0.329593 0)
(-0.41288 -0.290436 0)
(-0.411631 -0.243107 0)
(-0.403193 -0.189709 0)
(-0.389214 -0.13236 0)
(-0.371071 -0.073201 0)
(-0.349781 -0.0148251 0)
(-0.325226 0.0395682 0)
(-0.298715 0.084284 0)
(-0.274346 0.117107 0)
(-0.255095 0.136711 0)
(-0.243129 0.144152 0)
(-0.238881 0.142203 0)
(-0.241217 0.134358 0)
(-0.248506 0.123968 0)
(-0.259151 0.113669 0)
(-0.271769 0.105021 0)
(-0.285242 0.098783 0)
(-0.298791 0.0951084 0)
(-0.311935 0.0941051 0)
(-0.324294 0.095558 0)
(-0.335619 0.098893 0)
(-0.345783 0.103448 0)
(-0.354844 0.108781 0)
(-0.363016 0.114829 0)
(-0.370511 0.121758 0)
(-0.377324 0.129665 0)
(-0.383417 0.138446 0)
(-0.388817 0.148061 0)
(-0.393577 0.158743 0)
(-0.397626 0.170904 0)
(-0.400754 0.184935 0)
(-0.402597 0.201051 0)
(-0.402989 0.219341 0)
(-0.401837 0.240213 0)
(-0.398791 0.264643 0)
(-0.392702 0.293748 0)
(-0.381347 0.328633 0)
(-0.361263 0.369162 0)
(-0.329703 0.412214 0)
(-0.286409 0.450956 0)
(-0.235338 0.477429 0)
(-0.183362 0.48843 0)
(-0.136461 0.487407 0)
(-0.0972799 0.478895 0)
(-0.0662988 0.467432 0)
(-0.0425606 0.45642 0)
(-0.0247925 0.449095 0)
(-0.009381 0.414315 0)
(-0.0334777 -0.0523527 0)
(-0.0316943 -0.0593659 0)
(-0.0302171 -0.066998 0)
(-0.029113 -0.0752685 0)
(-0.0284479 -0.0841965 0)
(-0.0282943 -0.0938025 0)
(-0.0287331 -0.104113 0)
(-0.0298595 -0.115158 0)
(-0.031788 -0.126972 0)
(-0.0346564 -0.139587 0)
(-0.0386346 -0.153036 0)
(-0.0439365 -0.167349 0)
(-0.0508317 -0.18254 0)
(-0.0596506 -0.19859 0)
(-0.0707828 -0.215429 0)
(-0.0846707 -0.232923 0)
(-0.101798 -0.25086 0)
(-0.122662 -0.268929 0)
(-0.147717 -0.286685 0)
(-0.177298 -0.303521 0)
(-0.211515 -0.318637 0)
(-0.250121 -0.331008 0)
(-0.292381 -0.339366 0)
(-0.336967 -0.342248 0)
(-0.381977 -0.338161 0)
(-0.425141 -0.32586 0)
(-0.464163 -0.304598 0)
(-0.497078 -0.274298 0)
(-0.522487 -0.235596 0)
(-0.539586 -0.189767 0)
(-0.548008 -0.138658 0)
(-0.547744 -0.0846597 0)
(-0.5389 -0.0305849 0)
(-0.522703 0.0205873 0)
(-0.501315 0.0639463 0)
(-0.476695 0.0970001 0)
(-0.451432 0.118706 0)
(-0.427847 0.129727 0)
(-0.407634 0.132179 0)
(-0.391716 0.128884 0)
(-0.380282 0.122583 0)
(-0.372886 0.115417 0)
(-0.368741 0.108789 0)
(-0.366994 0.103557 0)
(-0.366883 0.100202 0)
(-0.367729 0.0989485 0)
(-0.368916 0.0996944 0)
(-0.369968 0.102081 0)
(-0.370642 0.105699 0)
(-0.370933 0.110281 0)
(-0.37096 0.115763 0)
(-0.370759 0.122189 0)
(-0.37027 0.129579 0)
(-0.369457 0.137902 0)
(-0.368402 0.147188 0)
(-0.367205 0.157615 0)
(-0.365846 0.169463 0)
(-0.364163 0.183013 0)
(-0.361942 0.198463 0)
(-0.35906 0.216005 0)
(-0.35535 0.236015 0)
(-0.35036 0.25905 0)
(-0.343013 0.285624 0)
(-0.331645 0.315875 0)
(-0.314119 0.348884 0)
(-0.288774 0.382071 0)
(-0.255447 0.41125 0)
(-0.21639 0.432488 0)
(-0.175718 0.444077 0)
(-0.137248 0.447496 0)
(-0.103056 0.445214 0)
(-0.0739054 0.439995 0)
(-0.0495584 0.434449 0)
(-0.0295348 0.43168 0)
(-0.0108358 0.394883 0)
(-0.0397914 -0.0541095 0)
(-0.0385287 -0.0608574 0)
(-0.0375726 -0.0681657 0)
(-0.0369831 -0.0760499 0)
(-0.0368217 -0.0845248 0)
(-0.0371562 -0.0936044 0)
(-0.0380617 -0.103304 0)
(-0.0396256 -0.113639 0)
(-0.0419505 -0.124624 0)
(-0.0451571 -0.136269 0)
(-0.0493885 -0.148575 0)
(-0.0548171 -0.161532 0)
(-0.0616514 -0.175107 0)
(-0.0701381 -0.189231 0)
(-0.0805584 -0.20379 0)
(-0.0932218 -0.218608 0)
(-0.108461 -0.233443 0)
(-0.126623 -0.247975 0)
(-0.148043 -0.261791 0)
(-0.173015 -0.274376 0)
(-0.201736 -0.28511 0)
(-0.234243 -0.293266 0)
(-0.270312 -0.29801 0)
(-0.309361 -0.298434 0)
(-0.350379 -0.293621 0)
(-0.391934 -0.282761 0)
(-0.432281 -0.265281 0)
(-0.469538 -0.240959 0)
(-0.50187 -0.210013 0)
(-0.527614 -0.17315 0)
(-0.545382 -0.131631 0)
(-0.554097 -0.087305 0)
(-0.553215 -0.0425 0)
(-0.543716 -0.000133654 0)
(-0.526917 0.0373706 0)
(-0.504588 0.0674166 0)
(-0.479144 0.0889235 0)
(-0.453219 0.102183 0)
(-0.42899 0.108526 0)
(-0.407879 0.109819 0)
(-0.390513 0.107991 0)
(-0.376883 0.104704 0)
(-0.366599 0.10121 0)
(-0.35911 0.098366 0)
(-0.353808 0.0966961 0)
(-0.350061 0.0964596 0)
(-0.347281 0.0976759 0)
(-0.345018 0.100198 0)
(-0.343033 0.103833 0)
(-0.341254 0.108446 0)
(-0.339668 0.113981 0)
(-0.338223 0.120441 0)
(-0.336844 0.127838 0)
(-0.335494 0.136185 0)
(-0.334195 0.145545 0)
(-0.332959 0.156055 0)
(-0.331718 0.167899 0)
(-0.330303 0.181267 0)
(-0.328503 0.196317 0)
(-0.326079 0.213217 0)
(-0.322665 0.232192 0)
(-0.317668 0.253467 0)
(-0.310149 0.277139 0)
(-0.298836 0.302922 0)
(-0.282427 0.329811 0)
(-0.260129 0.355955 0)
(-0.232213 0.378902 0)
(-0.200315 0.396507 0)
(-0.166953 0.407815 0)
(-0.134421 0.413458 0)
(-0.104214 0.414804 0)
(-0.0770296 0.413508 0)
(-0.0529337 0.411643 0)
(-0.0318622 0.412029 0)
(-0.0114135 0.373334 0)
(-0.0461563 -0.0552277 0)
(-0.045441 -0.0616932 0)
(-0.0450478 -0.0686653 0)
(-0.0450324 -0.0761552 0)
(-0.0454539 -0.0841727 0)
(-0.0463777 -0.0927255 0)
(-0.0478758 -0.10182 0)
(-0.0500301 -0.111459 0)
(-0.0529344 -0.121642 0)
(-0.0566965 -0.132363 0)
(-0.0614407 -0.143601 0)
(-0.0673103 -0.155322 0)
(-0.0744693 -0.167464 0)
(-0.0831023 -0.179935 0)
(-0.0934088 -0.192599 0)
(-0.105597 -0.205269 0)
(-0.119876 -0.217697 0)
(-0.136445 -0.229572 0)
(-0.155478 -0.240507 0)
(-0.177105 -0.250045 0)
(-0.201383 -0.257662 0)
(-0.228263 -0.262771 0)
(-0.257549 -0.264751 0)
(-0.288846 -0.26297 0)
(-0.321525 -0.256844 0)
(-0.354694 -0.245893 0)
(-0.387219 -0.229818 0)
(-0.417779 -0.20856 0)
(-0.444954 -0.18236 0)
(-0.467322 -0.151799 0)
(-0.483592 -0.117852 0)
(-0.49274 -0.0819157 0)
(-0.494247 -0.0458663 0)
(-0.488458 -0.0119024 0)
(-0.476422 0.0184614 0)
(-0.459469 0.0438788 0)
(-0.439514 0.0634483 0)
(-0.418606 0.0771487 0)
(-0.398496 0.0856783 0)
(-0.380407 0.0901684 0)
(-0.365002 0.0918966 0)
(-0.352466 0.0920593 0)
(-0.342658 0.0916319 0)
(-0.335247 0.0913275 0)
(-0.329801 0.0916196 0)
(-0.325853 0.0927826 0)
(-0.322962 0.0949264 0)
(-0.320784 0.0980498 0)
(-0.319096 0.102104 0)
(-0.317768 0.107037 0)
(-0.316708 0.112822 0)
(-0.315829 0.11946 0)
(-0.315051 0.126971 0)
(-0.314313 0.135392 0)
(-0.313564 0.144786 0)
(-0.312729 0.155247 0)
(-0.311686 0.166898 0)
(-0.310252 0.179863 0)
(-0.3082 0.19425 0)
(-0.305237 0.210163 0)
(-0.300959 0.227701 0)
(-0.294825 0.246894 0)
(-0.286147 0.267633 0)
(-0.274116 0.289517 0)
(-0.258043 0.31169 0)
(-0.237671 0.332867 0)
(-0.213393 0.351573 0)
(-0.186308 0.366536 0)
(-0.157926 0.377211 0)
(-0.12968 0.383838 0)
(-0.102629 0.387199 0)
(-0.0773177 0.388306 0)
(-0.0539312 0.388844 0)
(-0.0325842 0.391262 0)
(-0.0114258 0.351052 0)
(-0.0519078 -0.0558089 0)
(-0.0516879 -0.061972 0)
(-0.0518039 -0.0685904 0)
(-0.052309 -0.0756707 0)
(-0.0532599 -0.0832175 0)
(-0.0547196 -0.0912325 0)
(-0.0567571 -0.0997141 0)
(-0.0594495 -0.108656 0)
(-0.0628832 -0.118046 0)
(-0.0671559 -0.127864 0)
(-0.0723773 -0.138075 0)
(-0.0786697 -0.148629 0)
(-0.0861672 -0.159451 0)
(-0.0950134 -0.170436 0)
(-0.105357 -0.181443 0)
(-0.117343 -0.192287 0)
(-0.131107 -0.202733 0)
(-0.146761 -0.212494 0)
(-0.16438 -0.221224 0)
(-0.183987 -0.228529 0)
(-0.205532 -0.233964 0)
(-0.228869 -0.237056 0)
(-0.253741 -0.23732 0)
(-0.279753 -0.234292 0)
(-0.306364 -0.227571 0)
(-0.332885 -0.216862 0)
(-0.358493 -0.202022 0)
(-0.382258 -0.183103 0)
(-0.403196 -0.160386 0)
(-0.42033 -0.134413 0)
(-0.432771 -0.10601 0)
(-0.439863 -0.0762923 0)
(-0.441362 -0.0466367 0)
(-0.437566 -0.0185406 0)
(-0.429134 0.00674871 0)
(-0.417054 0.0284417 0)
(-0.402728 0.045993 0)
(-0.387508 0.0593403 0)
(-0.372591 0.0688671 0)
(-0.358875 0.0752619 0)
(-0.346912 0.0793546 0)
(-0.336932 0.0819709 0)
(-0.328912 0.0838295 0)
(-0.322671 0.0854951 0)
(-0.317935 0.0873764 0)
(-0.314397 0.089743 0)
(-0.311759 0.0927517 0)
(-0.309769 0.0964772 0)
(-0.308231 0.100945 0)
(-0.306998 0.106158 0)
(-0.305958 0.112119 0)
(-0.305014 0.118845 0)
(-0.304079 0.126364 0)
(-0.303072 0.134715 0)
(-0.301908 0.14395 0)
(-0.300483 0.15414 0)
(-0.29866 0.165363 0)
(-0.296263 0.177698 0)
(-0.293079 0.191208 0)
(-0.28884 0.20594 0)
(-0.283204 0.221907 0)
(-0.275759 0.239041 0)
(-0.266037 0.257153 0)
(-0.253553 0.275841 0)
(-0.237961 0.294433 0)
(-0.219205 0.31204 0)
(-0.197619 0.327721 0)
(-0.173932 0.340697 0)
(-0.149092 0.350621 0)
(-0.124031 0.357553 0)
(-0.0994871 0.361958 0)
(-0.0758838 0.364472 0)
(-0.0534299 0.366523 0)
(-0.0322889 0.370138 0)
(-0.0110998 0.328906 0)
(-0.057223 -0.0559389 0)
(-0.0574334 -0.0617868 0)
(-0.0579873 -0.0680408 0)
(-0.0589349 -0.0747033 0)
(-0.0603304 -0.0817738 0)
(-0.0622329 -0.0892484 0)
(-0.0647075 -0.0971188 0)
(-0.0678255 -0.105371 0)
(-0.0716657 -0.113984 0)
(-0.0763152 -0.122927 0)
(-0.0818697 -0.132156 0)
(-0.0884329 -0.141611 0)
(-0.0961151 -0.15121 0)
(-0.10503 -0.160844 0)
(-0.11529 -0.170376 0)
(-0.127 -0.179628 0)
(-0.140248 -0.188388 0)
(-0.155099 -0.196399 0)
(-0.171574 -0.203363 0)
(-0.189646 -0.208947 0)
(-0.209217 -0.212785 0)
(-0.230107 -0.214497 0)
(-0.252041 -0.213705 0)
(-0.274641 -0.210061 0)
(-0.297421 -0.203281 0)
(-0.319798 -0.193179 0)
(-0.341106 -0.179699 0)
(-0.360627 -0.162945 0)
(-0.377633 -0.143202 0)
(-0.391441 -0.120949 0)
(-0.401483 -0.0968729 0)
(-0.407383 -0.071861 0)
(-0.409042 -0.0469435 0)
(-0.406694 -0.0231541 0)
(-0.40083 -0.00135888 0)
(-0.392235 0.017716 0)
(-0.381856 0.0337175 0)
(-0.370618 0.0465892 0)
(-0.359352 0.0565559 0)
(-0.348716 0.0640536 0)
(-0.339151 0.0696348 0)
(-0.330883 0.0738766 0)
(-0.323961 0.0773101 0)
(-0.318306 0.0803811 0)
(-0.313763 0.0834372 0)
(-0.31014 0.0867312 0)
(-0.307237 0.090434 0)
(-0.304867 0.0946519 0)
(-0.302871 0.0994465 0)
(-0.301114 0.104855 0)
(-0.299486 0.110907 0)
(-0.297892 0.117633 0)
(-0.296241 0.125066 0)
(-0.294443 0.133242 0)
(-0.292406 0.142203 0)
(-0.290022 0.152001 0)
(-0.287158 0.162687 0)
(-0.283654 0.174305 0)
(-0.279324 0.186883 0)
(-0.273938 0.200424 0)
(-0.267224 0.214891 0)
(-0.258878 0.230171 0)
(-0.248575 0.24605 0)
(-0.23602 0.262172 0)
(-0.221037 0.278021 0)
(-0.203645 0.292976 0)
(-0.184102 0.30641 0)
(-0.162904 0.317821 0)
(-0.14068 0.326962 0)
(-0.118051 0.333836 0)
(-0.0955339 0.338696 0)
(-0.0734618 0.341978 0)
(-0.0520256 0.344936 0)
(-0.0313821 0.349159 0)
(-0.0105904 0.30741 0)
(-0.0622951 -0.0556787 0)
(-0.0628833 -0.0612054 0)
(-0.0638171 -0.0670916 0)
(-0.0651436 -0.073336 0)
(-0.0669131 -0.0799337 0)
(-0.0691806 -0.0868757 0)
(-0.0720055 -0.0941483 0)
(-0.0754526 -0.101732 0)
(-0.0795922 -0.109597 0)
(-0.0845001 -0.117708 0)
(-0.0902579 -0.126013 0)
(-0.0969517 -0.134448 0)
(-0.10467 -0.142926 0)
(-0.113502 -0.151342 0)
(-0.12353 -0.159562 0)
(-0.134829 -0.167423 0)
(-0.147453 -0.174734 0)
(-0.161433 -0.18127 0)
(-0.176761 -0.186779 0)
(-0.193383 -0.190982 0)
(-0.211187 -0.193583 0)
(-0.229991 -0.194282 0)
(-0.249536 -0.192791 0)
(-0.26948 -0.188851 0)
(-0.289404 -0.182262 0)
(-0.308818 -0.172907 0)
(-0.327182 -0.160777 0)
(-0.343926 -0.145994 0)
(-0.358492 -0.128824 0)
(-0.370369 -0.109687 0)
(-0.379154 -0.0891466 0)
(-0.384607 -0.0678873 0)
(-0.386698 -0.0466665 0)
(-0.385614 -0.0262382 0)
(-0.381741 -0.00726221 0)
(-0.375635 0.00971784 0)
(-0.367966 0.0244052 0)
(-0.359407 0.0367228 0)
(-0.350576 0.0467935 0)
(-0.341976 0.0548952 0)
(-0.333971 0.0614012 0)
(-0.326779 0.0667207 0)
(-0.320489 0.0712494 0)
(-0.315094 0.0753382 0)
(-0.310516 0.0792776 0)
(-0.306639 0.0832944 0)
(-0.303328 0.0875555 0)
(-0.300448 0.0921781 0)
(-0.297871 0.0972422 0)
(-0.295484 0.102805 0)
(-0.293186 0.10891 0)
(-0.290885 0.115598 0)
(-0.288492 0.122903 0)
(-0.285915 0.130861 0)
(-0.283062 0.139505 0)
(-0.279826 0.148872 0)
(-0.276083 0.158992 0)
(-0.271688 0.169885 0)
(-0.266477 0.181552 0)
(-0.260259 0.193968 0)
(-0.252816 0.207065 0)
(-0.243922 0.220716 0)
(-0.233354 0.234713 0)
(-0.220929 0.248754 0)
(-0.20656 0.262448 0)
(-0.190295 0.275352 0)
(-0.172336 0.287036 0)
(-0.153026 0.297158 0)
(-0.132798 0.305532 0)
(-0.112077 0.312141 0)
(-0.0912326 0.317106 0)
(-0.0705231 0.320747 0)
(-0.0501158 0.324212 0)
(-0.0301387 0.328639 0)
(-0.00999676 0.286839 0)
(-0.0671582 -0.055068 0)
(-0.0680812 -0.060272 0)
(-0.0693481 -0.0657923 0)
(-0.0710023 -0.0716239 0)
(-0.0730902 -0.0777584 0)
(-0.0756618 -0.0841827 0)
(-0.0787708 -0.0908788 0)
(-0.0824746 -0.097822 0)
(-0.0868346 -0.10498 0)
(-0.0919158 -0.11231 0)
(-0.0977862 -0.119759 0)
(-0.104516 -0.127259 0)
(-0.112174 -0.134726 0)
(-0.120827 -0.142056 0)
(-0.130535 -0.149125 0)
(-0.141346 -0.155785 0)
(-0.153289 -0.161865 0)
(-0.16637 -0.167171 0)
(-0.180561 -0.17149 0)
(-0.195793 -0.174591 0)
(-0.21195 -0.176237 0)
(-0.228857 -0.17619 0)
(-0.24628 -0.17423 0)
(-0.263924 -0.17017 0)
(-0.281433 -0.163873 0)
(-0.298402 -0.155271 0)
(-0.314392 -0.144386 0)
(-0.328954 -0.13134 0)
(-0.341654 -0.116367 0)
(-0.352108 -0.0998174 0)
(-0.360022 -0.0821496 0)
(-0.365228 -0.0639023 0)
(-0.367709 -0.0456525 0)
(-0.36761 -0.0279636 0)
(-0.365222 -0.0113353 0)
(-0.360953 0.003835 0)
(-0.355282 0.0172978 0)
(-0.348709 0.0289614 0)
(-0.341702 0.0388827 0)
(-0.334661 0.0472351 0)
(-0.327886 0.0542705 0)
(-0.321581 0.0602795 0)
(-0.315855 0.0655567 0)
(-0.310738 0.0703755 0)
(-0.306204 0.0749738 0)
(-0.302187 0.0795473 0)
(-0.298598 0.0842498 0)
(-0.295339 0.0891978 0)
(-0.292312 0.0944784 0)
(-0.289423 0.100158 0)
(-0.286583 0.106287 0)
(-0.283704 0.11291 0)
(-0.280702 0.120062 0)
(-0.277488 0.127776 0)
(-0.273973 0.13608 0)
(-0.270054 0.144997 0)
(-0.265617 0.154544 0)
(-0.260533 0.164722 0)
(-0.254659 0.175515 0)
(-0.247839 0.18688 0)
(-0.239901 0.198736 0)
(-0.230679 0.210956 0)
(-0.22002 0.223353 0)
(-0.207811 0.23568 0)
(-0.194016 0.247639 0)
(-0.178688 0.258905 0)
(-0.161983 0.269175 0)
(-0.144151 0.278204 0)
(-0.12549 0.28585 0)
(-0.106305 0.29208 0)
(-0.0868642 0.296945 0)
(-0.0673676 0.300691 0)
(-0.0479611 0.304393 0)
(-0.0287383 0.308765 0)
(-0.00937847 0.267318 0)
(-0.0717851 -0.0541429 0)
(-0.0730039 -0.0590259 0)
(-0.0745619 -0.0641852 0)
(-0.0764987 -0.069613 0)
(-0.0788565 -0.0752977 0)
(-0.0816802 -0.0812233 0)
(-0.0850176 -0.0873684 0)
(-0.0889189 -0.0937053 0)
(-0.0934371 -0.100199 0)
(-0.0986266 -0.106804 0)
(-0.104543 -0.113466 0)
(-0.111242 -0.120117 0)
(-0.118777 -0.126676 0)
(-0.127197 -0.133045 0)
(-0.13654 -0.13911 0)
(-0.146836 -0.144739 0)
(-0.158094 -0.14978 0)
(-0.170302 -0.154067 0)
(-0.183418 -0.157419 0)
(-0.197365 -0.159649 0)
(-0.212028 -0.160564 0)
(-0.227245 -0.159978 0)
(-0.242806 -0.157726 0)
(-0.258455 -0.15367 0)
(-0.273895 -0.147718 0)
(-0.288792 -0.139837 0)
(-0.302792 -0.130066 0)
(-0.315539 -0.118522 0)
(-0.326696 -0.10541 0)
(-0.335972 -0.0910217 0)
(-0.343148 -0.0757213 0)
(-0.348101 -0.0599297 0)
(-0.350824 -0.0440925 0)
(-0.351425 -0.0286432 0)
(-0.35012 -0.0139659 0)
(-0.347212 -0.000364121 0)
(-0.343053 0.0119605 0)
(-0.338015 0.0229164 0)
(-0.332457 0.0325202 0)
(-0.326692 0.0408775 0)
(-0.32097 0.0481575 0)
(-0.315472 0.054566 0)
(-0.310308 0.0603214 0)
(-0.30553 0.0656346 0)
(-0.30114 0.0706974 0)
(-0.297106 0.0756745 0)
(-0.293372 0.0807022 0)
(-0.289869 0.0858895 0)
(-0.286521 0.0913225 0)
(-0.283252 0.097069 0)
(-0.279985 0.103183 0)
(-0.27664 0.109707 0)
(-0.27314 0.116678 0)
(-0.269401 0.124124 0)
(-0.26534 0.132067 0)
(-0.260862 0.140523 0)
(-0.255864 0.149497 0)
(-0.250234 0.158979 0)
(-0.243852 0.168941 0)
(-0.236589 0.179333 0)
(-0.228315 0.190072 0)
(-0.218905 0.201037 0)
(-0.208257 0.212069 0)
(-0.196303 0.222966 0)
(-0.183029 0.233498 0)
(-0.16849 0.243425 0)
(-0.152805 0.252521 0)
(-0.136158 0.260609 0)
(-0.118763 0.267573 0)
(-0.100843 0.273372 0)
(-0.0825977 0.278019 0)
(-0.0641844 0.281713 0)
(-0.0457286 0.285475 0)
(-0.0272926 0.289636 0)
(-0.00877044 0.248879 0)
(-0.0761555 -0.0529402 0)
(-0.0776337 -0.0575066 0)
(-0.0794437 -0.0623126 0)
(-0.0816215 -0.0673483 0)
(-0.084205 -0.0725996 0)
(-0.0872343 -0.0780484 0)
(-0.0907511 -0.0836709 0)
(-0.0947989 -0.0894375 0)
(-0.0994225 -0.0953112 0)
(-0.104667 -0.101247 0)
(-0.110578 -0.10719 0)
(-0.117197 -0.113075 0)
(-0.124565 -0.118825 0)
(-0.132715 -0.124349 0)
(-0.141672 -0.129543 0)
(-0.151448 -0.134288 0)
(-0.162039 -0.138455 0)
(-0.173421 -0.141901 0)
(-0.185543 -0.144474 0)
(-0.198327 -0.146019 0)
(-0.211659 -0.146382 0)
(-0.225392 -0.14542 0)
(-0.23934 -0.143005 0)
(-0.253284 -0.139039 0)
(-0.266973 -0.133462 0)
(-0.280131 -0.126262 0)
(-0.292473 -0.117486 0)
(-0.303717 -0.107244 0)
(-0.313598 -0.0957122 0)
(-0.321892 -0.0831292 0)
(-0.328435 -0.0697889 0)
(-0.333136 -0.0560229 0)
(-0.335989 -0.042177 0)
(-0.337078 -0.0285866 0)
(-0.33656 -0.0155511 0)
(-0.334661 -0.00330892 0)
(-0.331646 0.00797473 0)
(-0.327795 0.0182143 0)
(-0.323383 0.0274034 0)
(-0.318656 0.0356035 0)
(-0.313819 0.0429276 0)
(-0.309027 0.049521 0)
(-0.304386 0.055545 0)
(-0.299953 0.0611614 0)
(-0.295748 0.0665228 0)
(-0.291762 0.0717659 0)
(-0.28796 0.077008 0)
(-0.284295 0.0823473 0)
(-0.280711 0.087864 0)
(-0.277144 0.0936231 0)
(-0.27353 0.0996772 0)
(-0.269801 0.106068 0)
(-0.265884 0.11283 0)
(-0.261707 0.119986 0)
(-0.25719 0.127556 0)
(-0.252251 0.135547 0)
(-0.246799 0.143958 0)
(-0.240738 0.152772 0)
(-0.233966 0.161955 0)
(-0.226383 0.171455 0)
(-0.217888 0.181192 0)
(-0.208389 0.191058 0)
(-0.197816 0.200917 0)
(-0.186129 0.210607 0)
(-0.173328 0.219946 0)
(-0.159461 0.228753 0)
(-0.144624 0.236857 0)
(-0.128951 0.244122 0)
(-0.112603 0.250453 0)
(-0.095745 0.255805 0)
(-0.0785314 0.260171 0)
(-0.061089 0.26372 0)
(-0.0435222 0.267427 0)
(-0.0258691 0.27129 0)
(-0.00819221 0.2315 0)
(-0.0802634 -0.0514935 0)
(-0.0819672 -0.05575 0)
(-0.0839935 -0.0602129 0)
(-0.0863746 -0.0648704 0)
(-0.0891442 -0.069707 0)
(-0.0923375 -0.0747028 0)
(-0.0959909 -0.0798328 0)
(-0.100141 -0.0850663 0)
(-0.104826 -0.0903661 0)
(-0.110082 -0.0956876 0)
(-0.115945 -0.100978 0)
(-0.122447 -0.106174 0)
(-0.129617 -0.111205 0)
(-0.137476 -0.115987 0)
(-0.146037 -0.120427 0)
(-0.155301 -0.12442 0)
(-0.165254 -0.127853 0)
(-0.175863 -0.130605 0)
(-0.187074 -0.13255 0)
(-0.198808 -0.133561 0)
(-0.21096 -0.133514 0)
(-0.223394 -0.132297 0)
(-0.235949 -0.129814 0)
(-0.248436 -0.125994 0)
(-0.260643 -0.120801 0)
(-0.272343 -0.114236 0)
(-0.283305 -0.10635 0)
(-0.293302 -0.09724 0)
(-0.302126 -0.0870567 0)
(-0.309602 -0.0759967 0)
(-0.315605 -0.0642965 0)
(-0.320064 -0.0522189 0)
(-0.322975 -0.0400358 0)
(-0.324397 -0.0280093 0)
(-0.324451 -0.0163738 0)
(-0.323304 -0.00532118 0)
(-0.321156 0.00501232 0)
(-0.318219 0.0145488 0)
(-0.314707 0.023269 0)
(-0.310813 0.0312059 0)
(-0.306704 0.0384334 0)
(-0.302511 0.0450541 0)
(-0.29833 0.0511863 0)
(-0.294218 0.0569537 0)
(-0.290207 0.062477 0)
(-0.286297 0.0678677 0)
(-0.282472 0.0732251 0)
(-0.278699 0.0786349 0)
(-0.274937 0.0841693 0)
(-0.271137 0.0898882 0)
(-0.267242 0.0958404 0)
(-0.263196 0.102065 0)
(-0.258935 0.108592 0)
(-0.254393 0.115443 0)
(-0.249503 0.122632 0)
(-0.244189 0.130162 0)
(-0.238374 0.138026 0)
(-0.231978 0.146206 0)
(-0.224917 0.154665 0)
(-0.217109 0.163351 0)
(-0.208479 0.17219 0)
(-0.198958 0.181089 0)
(-0.188501 0.189933 0)
(-0.177081 0.198589 0)
(-0.164708 0.206915 0)
(-0.151422 0.214769 0)
(-0.1373 0.222019 0)
(-0.122446 0.228558 0)
(-0.106981 0.234306 0)
(-0.0910308 0.239216 0)
(-0.074718 0.243271 0)
(-0.0581475 0.246626 0)
(-0.0414043 0.250206 0)
(-0.0245077 0.253727 0)
(-0.00765346 0.215129 0)
(-0.0841088 -0.049834 0)
(-0.0860078 -0.0537891 0)
(-0.0882182 -0.0579208 0)
(-0.0907688 -0.0622159 0)
(-0.0936896 -0.0666579 0)
(-0.0970112 -0.0712258 0)
(-0.100765 -0.0758941 0)
(-0.104981 -0.0806321 0)
(-0.109691 -0.0854029 0)
(-0.114924 -0.0901633 0)
(-0.120708 -0.0948627 0)
(-0.127065 -0.0994429 0)
(-0.134017 -0.103837 0)
(-0.141574 -0.10797 0)
(-0.14974 -0.111759 0)
(-0.158507 -0.115112 0)
(-0.167856 -0.117931 0)
(-0.177747 -0.120114 0)
(-0.188127 -0.121555 0)
(-0.198918 -0.122151 0)
(-0.210023 -0.121804 0)
(-0.221321 -0.120424 0)
(-0.232669 -0.11794 0)
(-0.243906 -0.114303 0)
(-0.254853 -0.10949 0)
(-0.265323 -0.103512 0)
(-0.275127 -0.0964183 0)
(-0.284081 -0.0882955 0)
(-0.29202 -0.0792704 0)
(-0.298806 -0.0695053 0)
(-0.30434 -0.059191 0)
(-0.308567 -0.0485364 0)
(-0.311481 -0.0377571 0)
(-0.313126 -0.0270613 0)
(-0.313591 -0.0166351 0)
(-0.313002 -0.00663294 0)
(-0.31151 0.00283153 0)
(-0.309279 0.0116884 0)
(-0.306471 0.0199118 0)
(-0.303242 0.027516 0)
(-0.299727 0.0345484 0)
(-0.296035 0.0410804 0)
(-0.29225 0.0471987 0)
(-0.288429 0.0529974 0)
(-0.284604 0.058571 0)
(-0.280786 0.0640099 0)
(-0.276967 0.0693965 0)
(-0.273127 0.0748043 0)
(-0.269235 0.0802964 0)
(-0.265253 0.085926 0)
(-0.261136 0.0917372 0)
(-0.256833 0.0977651 0)
(-0.252292 0.104036 0)
(-0.247455 0.110569 0)
(-0.242262 0.117374 0)
(-0.23665 0.12445 0)
(-0.230552 0.131789 0)
(-0.2239 0.139369 0)
(-0.216628 0.147156 0)
(-0.208671 0.155099 0)
(-0.199969 0.163133 0)
(-0.190474 0.171176 0)
(-0.180155 0.179133 0)
(-0.168996 0.186895 0)
(-0.157011 0.194348 0)
(-0.144234 0.20138 0)
(-0.130728 0.207885 0)
(-0.116573 0.213778 0)
(-0.101864 0.21899 0)
(-0.0867005 0.223475 0)
(-0.0711812 0.227212 0)
(-0.055395 0.230347 0)
(-0.0394095 0.233758 0)
(-0.0232299 0.236922 0)
(-0.00715801 0.199699 0)
(-0.0876949 -0.0479897 0)
(-0.0897614 -0.0516535 0)
(-0.0921273 -0.0554671 0)
(-0.094818 -0.0594168 0)
(-0.0978597 -0.063485 0)
(-0.101279 -0.0676507 0)
(-0.105101 -0.0718883 0)
(-0.109353 -0.0761675 0)
(-0.11406 -0.0804527 0)
(-0.119243 -0.0847026 0)
(-0.124925 -0.0888697 0)
(-0.13112 -0.0928999 0)
(-0.137842 -0.0967324 0)
(-0.145094 -0.1003 0)
(-0.152874 -0.103528 0)
(-0.161167 -0.106337 0)
(-0.169949 -0.108644 0)
(-0.17918 -0.11036 0)
(-0.188805 -0.1114 0)
(-0.198751 -0.111677 0)
(-0.208928 -0.111114 0)
(-0.219229 -0.109641 0)
(-0.22953 -0.107205 0)
(-0.239691 -0.103771 0)
(-0.249562 -0.0993266 0)
(-0.258988 -0.0938884 0)
(-0.267811 -0.0875017 0)
(-0.275884 -0.080243 0)
(-0.283074 -0.0722189 0)
(-0.28927 -0.063563 0)
(-0.294391 -0.0544302 0)
(-0.298394 -0.0449885 0)
(-0.301272 -0.0354095 0)
(-0.303055 -0.025859 0)
(-0.303811 -0.0164876 0)
(-0.303633 -0.00742057 0)
(-0.302636 0.00124696 0)
(-0.300946 0.00945295 0)
(-0.29869 0.0171685 0)
(-0.295991 0.0243961 0)
(-0.292958 0.0311646 0)
(-0.289682 0.0375232 0)
(-0.286236 0.0435351 0)
(-0.282671 0.0492711 0)
(-0.27902 0.0548053 0)
(-0.275298 0.0602097 0)
(-0.271505 0.0655524 0)
(-0.267628 0.0708948 0)
(-0.263645 0.0762911 0)
(-0.259526 0.0817875 0)
(-0.255234 0.0874228 0)
(-0.250728 0.0932276 0)
(-0.245963 0.0992249 0)
(-0.24089 0.10543 0)
(-0.235458 0.11185 0)
(-0.229611 0.118483 0)
(-0.223296 0.125318 0)
(-0.216455 0.132333 0)
(-0.209035 0.139495 0)
(-0.200984 0.14676 0)
(-0.192259 0.154068 0)
(-0.182823 0.16135 0)
(-0.172654 0.168526 0)
(-0.161747 0.175506 0)
(-0.150114 0.182197 0)
(-0.137788 0.18851 0)
(-0.124817 0.194359 0)
(-0.111268 0.199673 0)
(-0.0972162 0.204395 0)
(-0.082742 0.208479 0)
(-0.0679266 0.211902 0)
(-0.0528469 0.214808 0)
(-0.037555 0.218025 0)
(-0.0220458 0.220837 0)
(-0.00670658 0.185138 0)
(-0.0910271 -0.0459863 0)
(-0.0932364 -0.0493696 0)
(-0.0957324 -0.0528792 0)
(-0.0985373 -0.0565007 0)
(-0.101674 -0.0602165 0)
(-0.105164 -0.0640055 0)
(-0.10903 -0.0678427 0)
(-0.113294 -0.0716988 0)
(-0.117974 -0.0755398 0)
(-0.123088 -0.0793267 0)
(-0.128652 -0.0830154 0)
(-0.134674 -0.0865562 0)
(-0.141162 -0.0898941 0)
(-0.148114 -0.0929688 0)
(-0.155521 -0.0957151 0)
(-0.163367 -0.0980638 0)
(-0.171623 -0.0999429 0)
(-0.180248 -0.101279 0)
(-0.18919 -0.102 0)
(-0.19838 -0.102035 0)
(-0.207736 -0.101323 0)
(-0.217164 -0.09981 0)
(-0.226553 -0.0974549 0)
(-0.235785 -0.0942339 0)
(-0.244733 -0.0901427 0)
(-0.253266 -0.0851993 0)
(-0.261255 -0.0794455 0)
(-0.268578 -0.0729477 0)
(-0.275127 -0.0657952 0)
(-0.280811 -0.0580981 0)
(-0.285567 -0.0499824 0)
(-0.289354 -0.0415838 0)
(-0.292166 -0.0330415 0)
(-0.294026 -0.0244891 0)
(-0.294981 -0.0160471 0)
(-0.295102 -0.00781891 0)
(-0.294477 0.000115341 0)
(-0.293201 0.00770111 0)
(-0.291376 0.0149087 0)
(-0.289097 0.0217331 0)
(-0.286454 0.0281906 0)
(-0.283521 0.0343144 0)
(-0.280361 0.04015 0)
(-0.277019 0.0457507 0)
(-0.273527 0.0511735 0)
(-0.2699 0.0564759 0)
(-0.266144 0.0617132 0)
(-0.262252 0.066936 0)
(-0.258206 0.0721902 0)
(-0.253986 0.077515 0)
(-0.24956 0.0829437 0)
(-0.244897 0.0885025 0)
(-0.239956 0.094211 0)
(-0.234698 0.100081 0)
(-0.229079 0.106118 0)
(-0.223053 0.112319 0)
(-0.216574 0.118671 0)
(-0.209598 0.125154 0)
(-0.20208 0.131737 0)
(-0.19398 0.138379 0)
(-0.185265 0.145031 0)
(-0.175909 0.151631 0)
(-0.165898 0.158112 0)
(-0.15523 0.164401 0)
(-0.14392 0.170421 0)
(-0.131994 0.176099 0)
(-0.119496 0.181365 0)
(-0.106478 0.186159 0)
(-0.0930027 0.190431 0)
(-0.0791368 0.19414 0)
(-0.064949 0.197262 0)
(-0.0505061 0.199941 0)
(-0.035847 0.20295 0)
(-0.0209588 0.205425 0)
(-0.00629829 0.17137 0)
(-0.0941119 -0.0438464 0)
(-0.0964423 -0.0469609 0)
(-0.0990461 -0.0501808 0)
(-0.101943 -0.0534918 0)
(-0.105152 -0.0568763 0)
(-0.108692 -0.0603138 0)
(-0.112581 -0.0637799 0)
(-0.116837 -0.0672468 0)
(-0.121473 -0.0706824 0)
(-0.126504 -0.0740503 0)
(-0.131939 -0.07731 0)
(-0.137784 -0.0804162 0)
(-0.144039 -0.0833194 0)
(-0.1507 -0.085966 0)
(-0.157754 -0.0882989 0)
(-0.165181 -0.0902581 0)
(-0.172951 -0.0917821 0)
(-0.181024 -0.092809 0)
(-0.189349 -0.0932786 0)
(-0.197864 -0.0931343 0)
(-0.206494 -0.0923258 0)
(-0.215155 -0.0908111 0)
(-0.22375 -0.0885603 0)
(-0.232179 -0.0855569 0)
(-0.240331 -0.0818012 0)
(-0.248099 -0.0773116 0)
(-0.255372 -0.072126 0)
(-0.262052 -0.0663014 0)
(-0.268048 -0.059913 0)
(-0.273286 -0.0530521 0)
(-0.277712 -0.0458212 0)
(-0.281294 -0.0383303 0)
(-0.284024 -0.0306925 0)
(-0.285913 -0.0230169 0)
(-0.286998 -0.0154012 0)
(-0.287333 -0.00793102 0)
(-0.286983 -0.000674161 0)
(-0.286024 0.00632221 0)
(-0.284533 0.0130283 0)
(-0.282586 0.019435 0)
(-0.280256 0.0255499 0)
(-0.277604 0.0313948 0)
(-0.274683 0.0370019 0)
(-0.271533 0.0424109 0)
(-0.268182 0.0476656 0)
(-0.264646 0.0528113 0)
(-0.260934 0.0578922 0)
(-0.25704 0.06295 0)
(-0.252956 0.0680225 0)
(-0.248662 0.0731428 0)
(-0.244137 0.0783386 0)
(-0.239352 0.0836322 0)
(-0.234277 0.0890396 0)
(-0.228876 0.0945704 0)
(-0.223115 0.100228 0)
(-0.216955 0.106007 0)
(-0.210358 0.111897 0)
(-0.203289 0.117878 0)
(-0.195711 0.123921 0)
(-0.187595 0.129992 0)
(-0.178916 0.136045 0)
(-0.169654 0.14203 0)
(-0.159802 0.147889 0)
(-0.149362 0.153562 0)
(-0.138347 0.158984 0)
(-0.126781 0.164096 0)
(-0.114702 0.16884 0)
(-0.102154 0.173164 0)
(-0.0891888 0.177026 0)
(-0.0758634 0.180386 0)
(-0.0622369 0.183224 0)
(-0.0483682 0.185681 0)
(-0.0342844 0.188478 0)
(-0.0199682 0.190638 0)
(-0.00593136 0.158321 0)
(-0.0969574 -0.0415902 0)
(-0.0993895 -0.0444477 0)
(-0.102082 -0.0473926 0)
(-0.105051 -0.0504106 0)
(-0.108314 -0.0534845 0)
(-0.111886 -0.0565945 0)
(-0.115781 -0.0597176 0)
(-0.120014 -0.0628273 0)
(-0.124595 -0.0658937 0)
(-0.129533 -0.0688832 0)
(-0.134835 -0.0717588 0)
(-0.140501 -0.0744795 0)
(-0.146529 -0.0770012 0)
(-0.152911 -0.0792763 0)
(-0.159632 -0.0812549 0)
(-0.166669 -0.0828854 0)
(-0.173994 -0.0841151 0)
(-0.181566 -0.084892 0)
(-0.189337 -0.0851661 0)
(-0.197251 -0.0848912 0)
(-0.205239 -0.0840268 0)
(-0.213226 -0.0825404 0)
(-0.22113 -0.0804095 0)
(-0.22886 -0.0776234 0)
(-0.236325 -0.0741852 0)
(-0.243432 -0.0701128 0)
(-0.25009 -0.0654399 0)
(-0.256214 -0.0602152 0)
(-0.261731 -0.0545018 0)
(-0.266578 -0.0483752 0)
(-0.270708 -0.0419204 0)
(-0.274093 -0.035228 0)
(-0.276725 -0.0283888 0)
(-0.278611 -0.0214907 0)
(-0.279776 -0.0146163 0)
(-0.28026 -0.00783569 0)
(-0.280112 -0.00120577 0)
(-0.279391 0.0052294 0)
(-0.278158 0.0114443 0)
(-0.276473 0.0174268 0)
(-0.274394 0.0231787 0)
(-0.271971 0.0287133 0)
(-0.269248 0.0340532 0)
(-0.266261 0.0392275 0)
(-0.263033 0.0442695 0)
(-0.259582 0.0492145 0)
(-0.255914 0.0540976 0)
(-0.252031 0.0589527 0)
(-0.247924 0.0638105 0)
(-0.24358 0.0686984 0)
(-0.238982 0.0736395 0)
(-0.234107 0.0786518 0)
(-0.22893 0.0837485 0)
(-0.223423 0.0889369 0)
(-0.217556 0.0942185 0)
(-0.211299 0.0995885 0)
(-0.20462 0.105036 0)
(-0.197492 0.110541 0)
(-0.189886 0.116081 0)
(-0.181779 0.121623 0)
(-0.173152 0.127129 0)
(-0.163994 0.132555 0)
(-0.1543 0.137853 0)
(-0.144073 0.142971 0)
(-0.133329 0.147857 0)
(-0.122088 0.152461 0)
(-0.110383 0.156733 0)
(-0.0982532 0.160631 0)
(-0.0857421 0.164117 0)
(-0.0728989 0.167154 0)
(-0.0597756 0.169726 0)
(-0.0464243 0.171971 0)
(-0.0328623 0.174555 0)
(-0.0190704 0.176427 0)
(-0.00560324 0.145921 0)
(-0.0995721 -0.0392358 0)
(-0.102089 -0.0418482 0)
(-0.104853 -0.0445324 0)
(-0.107879 -0.0472743 0)
(-0.11118 -0.0500576 0)
(-0.114769 -0.0528633 0)
(-0.118658 -0.0556696 0)
(-0.122857 -0.0584519 0)
(-0.127374 -0.0611826 0)
(-0.132214 -0.0638308 0)
(-0.13738 -0.0663628 0)
(-0.142871 -0.068742 0)
(-0.148681 -0.0709289 0)
(-0.154799 -0.072882 0)
(-0.161209 -0.0745575 0)
(-0.167887 -0.075911 0)
(-0.174805 -0.0768977 0)
(-0.181924 -0.0774739 0)
(-0.189198 -0.0775979 0)
(-0.196577 -0.077232 0)
(-0.203997 -0.0763437 0)
(-0.211393 -0.0749075 0)
(-0.218692 -0.0729066 0)
(-0.225815 -0.0703346 0)
(-0.232685 -0.0671961 0)
(-0.23922 -0.0635082 0)
(-0.245345 -0.0593002 0)
(-0.250988 -0.0546138 0)
(-0.256086 -0.049502 0)
(-0.260586 -0.0440275 0)
(-0.26445 -0.03826 0)
(-0.267652 -0.0322745 0)
(-0.270179 -0.026146 0)
(-0.272037 -0.0199461 0)
(-0.273243 -0.0137422 0)
(-0.273826 -0.00759352 0)
(-0.273825 -0.0015489 0)
(-0.273283 0.00435361 0)
(-0.272247 0.0100903 0)
(-0.270766 0.0156479 0)
(-0.268886 0.0210242 0)
(-0.266648 0.0262269 0)
(-0.264089 0.0312711 0)
(-0.261238 0.0361779 0)
(-0.258117 0.0409725 0)
(-0.254742 0.0456819 0)
(-0.25112 0.0503339 0)
(-0.247253 0.0549554 0)
(-0.243136 0.0595714 0)
(-0.23876 0.064204 0)
(-0.234111 0.0688721 0)
(-0.229171 0.0735903 0)
(-0.22392 0.0783689 0)
(-0.218335 0.0832134 0)
(-0.212393 0.0881241 0)
(-0.206068 0.0930957 0)
(-0.199337 0.0981177 0)
(-0.192176 0.103173 0)
(-0.184565 0.108241 0)
(-0.176485 0.113292 0)
(-0.167924 0.118293 0)
(-0.158873 0.123208 0)
(-0.149332 0.127995 0)
(-0.139307 0.132611 0)
(-0.128811 0.137012 0)
(-0.117864 0.141155 0)
(-0.106495 0.145 0)
(-0.0947387 0.14851 0)
(-0.0826329 0.15165 0)
(-0.0702208 0.15439 0)
(-0.0575491 0.156713 0)
(-0.0446636 0.158756 0)
(-0.0315736 0.161132 0)
(-0.0182604 0.162744 0)
(-0.00531087 0.134103 0)
(-0.101965 -0.0367988 0)
(-0.104553 -0.0391778 0)
(-0.107374 -0.0416153 0)
(-0.110443 -0.0440976 0)
(-0.113769 -0.0466092 0)
(-0.117364 -0.0491322 0)
(-0.121236 -0.0516464 0)
(-0.125393 -0.0541289 0)
(-0.129841 -0.0565543 0)
(-0.13458 -0.0588947 0)
(-0.139613 -0.0611196 0)
(-0.144934 -0.0631963 0)
(-0.150537 -0.0650899 0)
(-0.156408 -0.0667639 0)
(-0.16253 -0.0681804 0)
(-0.16888 -0.0693012 0)
(-0.175428 -0.0700881 0)
(-0.182138 -0.0705043 0)
(-0.188969 -0.0705153 0)
(-0.195871 -0.0700901 0)
(-0.202791 -0.0692027 0)
(-0.209668 -0.0678332 0)
(-0.216437 -0.0659691 0)
(-0.223032 -0.0636066 0)
(-0.229384 -0.0607511 0)
(-0.235424 -0.0574181 0)
(-0.241086 -0.0536336 0)
(-0.24631 -0.0494334 0)
(-0.251042 -0.0448623 0)
(-0.255236 -0.0399723 0)
(-0.258859 -0.0348208 0)
(-0.261886 -0.0294684 0)
(-0.264307 -0.0239771 0)
(-0.26612 -0.0184084 0)
(-0.26734 -0.012817 0)
(-0.267986 -0.00725139 0)
(-0.268087 -0.0017554 0)
(-0.267676 0.00364104 0)
(-0.26679 0.00891348 0)
(-0.265467 0.0140489 0)
(-0.263744 0.019043 0)
(-0.261655 0.023899 0)
(-0.25923 0.028627 0)
(-0.256493 0.0332418 0)
(-0.253464 0.0377621 0)
(-0.250156 0.0422086 0)
(-0.246578 0.0466029 0)
(-0.242731 0.050966 0)
(-0.238613 0.0553181 0)
(-0.234218 0.0596768 0)
(-0.229535 0.0640572 0)
(-0.22455 0.068471 0)
(-0.219248 0.0729261 0)
(-0.213609 0.0774263 0)
(-0.207616 0.081971 0)
(-0.201248 0.086555 0)
(-0.194487 0.0911682 0)
(-0.187314 0.0957956 0)
(-0.179714 0.100418 0)
(-0.171675 0.10501 0)
(-0.163186 0.109544 0)
(-0.154245 0.113988 0)
(-0.144852 0.118307 0)
(-0.135015 0.122464 0)
(-0.124746 0.126423 0)
(-0.114066 0.130148 0)
(-0.103 0.133603 0)
(-0.0915774 0.136757 0)
(-0.0798342 0.13958 0)
(-0.067808 0.142044 0)
(-0.0555412 0.144137 0)
(-0.0430745 0.145989 0)
(-0.0304104 0.148162 0)
(-0.0175325 0.149541 0)
(-0.00505104 0.122808 0)
(-0.104146 -0.0342927 0)
(-0.106791 -0.0364499 0)
(-0.109658 -0.0386539 0)
(-0.112758 -0.0408922 0)
(-0.1161 -0.04315 0)
(-0.119692 -0.0454107 0)
(-0.12354 -0.0476554 0)
(-0.12765 -0.0498633 0)
(-0.132025 -0.0520113 0)
(-0.136665 -0.0540741 0)
(-0.141568 -0.0560244 0)
(-0.146728 -0.0578332 0)
(-0.152136 -0.0594698 0)
(-0.157777 -0.0609021 0)
(-0.163635 -0.0620975 0)
(-0.169685 -0.0630231 0)
(-0.175898 -0.0636465 0)
(-0.182242 -0.0639367 0)
(-0.188677 -0.0638651 0)
(-0.195158 -0.0634063 0)
(-0.201636 -0.0625395 0)
(-0.208057 -0.0612489 0)
(-0.214365 -0.0595253 0)
(-0.220499 -0.0573668 0)
(-0.2264 -0.0547791 0)
(-0.232009 -0.0517764 0)
(-0.237269 -0.0483809 0)
(-0.242128 -0.0446234 0)
(-0.246538 -0.0405412 0)
(-0.250461 -0.0361778 0)
(-0.253865 -0.0315811 0)
(-0.25673 -0.0268013 0)
(-0.259043 -0.0218891 0)
(-0.260804 -0.0168946 0)
(-0.262015 -0.0118655 0)
(-0.262696 -0.00684343 0)
(-0.262866 -0.00186184 0)
(-0.26255 0.00305032 0)
(-0.261777 0.0078721 0)
(-0.260576 0.0125904 0)
(-0.258976 0.0171993 0)
(-0.257006 0.0216993 0)
(-0.254689 0.0260965 0)
(-0.252047 0.0304012 0)
(-0.249096 0.0346269 0)
(-0.245847 0.0387892 0)
(-0.242309 0.0429046 0)
(-0.238485 0.0469897 0)
(-0.234373 0.0510602 0)
(-0.22997 0.0551301 0)
(-0.225266 0.0592111 0)
(-0.220252 0.0633126 0)
(-0.214915 0.0674402 0)
(-0.209241 0.0715967 0)
(-0.203216 0.0757806 0)
(-0.196824 0.0799867 0)
(-0.19005 0.0842058 0)
(-0.182881 0.0884244 0)
(-0.175306 0.0926253 0)
(-0.167316 0.0967872 0)
(-0.158904 0.100886 0)
(-0.150071 0.104893 0)
(-0.140819 0.10878 0)
(-0.131156 0.112516 0)
(-0.121096 0.11607 0)
(-0.110657 0.119409 0)
(-0.0998626 0.122506 0)
(-0.0887403 0.125333 0)
(-0.0773215 0.127864 0)
(-0.0656408 0.130074 0)
(-0.0537366 0.131952 0)
(-0.0416456 0.133624 0)
(-0.0293647 0.1356 0)
(-0.0168806 0.136773 0)
(-0.00482072 0.111978 0)
(-0.106123 -0.0317295 0)
(-0.108815 -0.0336756 0)
(-0.111718 -0.035659 0)
(-0.11484 -0.0376678 0)
(-0.118189 -0.0396884 0)
(-0.121771 -0.0417054 0)
(-0.125591 -0.0437015 0)
(-0.129651 -0.0456579 0)
(-0.133954 -0.0475535 0)
(-0.138496 -0.0493658 0)
(-0.143275 -0.0510705 0)
(-0.148283 -0.0526418 0)
(-0.15351 -0.0540529 0)
(-0.15894 -0.055276 0)
(-0.164556 -0.0562827 0)
(-0.170335 -0.057045 0)
(-0.176248 -0.0575354 0)
(-0.182265 -0.0577281 0)
(-0.188348 -0.057599 0)
(-0.194456 -0.0571274 0)
(-0.200545 -0.0562965 0)
(-0.206567 -0.0550939 0)
(-0.21247 -0.0535128 0)
(-0.218203 -0.0515524 0)
(-0.223713 -0.0492187 0)
(-0.228947 -0.0465245 0)
(-0.233857 -0.0434889 0)
(-0.238396 -0.0401373 0)
(-0.242524 -0.0365013 0)
(-0.246206 -0.0326174 0)
(-0.249414 -0.0285254 0)
(-0.252128 -0.0242674 0)
(-0.254336 -0.0198856 0)
(-0.256035 -0.0154206 0)
(-0.257228 -0.010912 0)
(-0.257924 -0.00639614 0)
(-0.258137 -0.00190061 0)
(-0.257887 0.0025483 0)
(-0.257197 0.00693281 0)
(-0.256088 0.0112403 0)
(-0.254585 0.0154639 0)
(-0.252709 0.0196025 0)
(-0.25048 0.0236589 0)
(-0.247916 0.0276402 0)
(-0.24503 0.031556 0)
(-0.241833 0.0354178 0)
(-0.238333 0.0392381 0)
(-0.234531 0.0430296 0)
(-0.23043 0.0468045 0)
(-0.226025 0.0505738 0)
(-0.22131 0.0543465 0)
(-0.21628 0.0581296 0)
(-0.210922 0.0619274 0)
(-0.205228 0.0657412 0)
(-0.199185 0.0695694 0)
(-0.192783 0.0734068 0)
(-0.18601 0.077245 0)
(-0.178857 0.0810719 0)
(-0.171315 0.0848724 0)
(-0.163379 0.0886282 0)
(-0.155046 0.0923181 0)
(-0.146318 0.0959187 0)
(-0.137198 0.0994049 0)
(-0.127697 0.102751 0)
(-0.117827 0.105929 0)
(-0.107606 0.108914 0)
(-0.097056 0.11168 0)
(-0.0862022 0.114205 0)
(-0.0750733 0.116465 0)
(-0.0637011 0.118438 0)
(-0.0521212 0.120117 0)
(-0.0403662 0.121619 0)
(-0.0284285 0.123406 0)
(-0.0162992 0.124398 0)
(-0.00461719 0.101564 0)
(-0.107905 -0.0291192 0)
(-0.110635 -0.0308645 0)
(-0.113566 -0.0326391 0)
(-0.116703 -0.034432 0)
(-0.120053 -0.0362307 0)
(-0.12362 -0.0380211 0)
(-0.127408 -0.0397877 0)
(-0.131418 -0.0415132 0)
(-0.13565 -0.043179 0)
(-0.140099 -0.0447649 0)
(-0.144761 -0.0462495 0)
(-0.149628 -0.0476101 0)
(-0.154688 -0.0488233 0)
(-0.159926 -0.0498651 0)
(-0.165323 -0.050711 0)
(-0.170858 -0.0513372 0)
(-0.176503 -0.0517204 0)
(-0.182228 -0.0518388 0)
(-0.188 -0.0516726 0)
(-0.19378 -0.0512048 0)
(-0.199528 -0.0504216 0)
(-0.205201 -0.0493135 0)
(-0.210752 -0.0478755 0)
(-0.216135 -0.0461077 0)
(-0.221304 -0.0440157 0)
(-0.226212 -0.0416105 0)
(-0.230817 -0.0389088 0)
(-0.235078 -0.0359325 0)
(-0.238958 -0.0327078 0)
(-0.242426 -0.0292649 0)
(-0.245458 -0.0256368 0)
(-0.248034 -0.0218584 0)
(-0.250143 -0.0179654 0)
(-0.251778 -0.0139922 0)
(-0.25294 -0.00997037 0)
(-0.253635 -0.00592899 0)
(-0.253874 -0.00189564 0)
(-0.25367 0.00210933 0)
(-0.25304 0.0060695 0)
(-0.252001 0.00997322 0)
(-0.250571 0.0138134 0)
(-0.248769 0.0175876 0)
(-0.246611 0.0212969 0)
(-0.24411 0.0249454 0)
(-0.241279 0.0285399 0)
(-0.238127 0.0320888 0)
(-0.23466 0.0356015 0)
(-0.230882 0.0390875 0)
(-0.226793 0.042556 0)
(-0.222392 0.0460155 0)
(-0.217675 0.0494729 0)
(-0.212636 0.0529333 0)
(-0.207269 0.0563997 0)
(-0.201565 0.0598727 0)
(-0.195517 0.0633502 0)
(-0.189115 0.0668272 0)
(-0.182352 0.0702962 0)
(-0.175222 0.0737464 0)
(-0.167719 0.0771647 0)
(-0.15984 0.0805352 0)
(-0.151585 0.0838398 0)
(-0.142957 0.0870585 0)
(-0.133962 0.09017 0)
(-0.124608 0.0931518 0)
(-0.114911 0.0959816 0)
(-0.104887 0.098637 0)
(-0.0945553 0.101097 0)
(-0.0839412 0.10334 0)
(-0.0730706 0.105348 0)
(-0.0619731 0.107101 0)
(-0.0506819 0.108594 0)
(-0.0392261 0.109935 0)
(-0.0275946 0.111541 0)
(-0.0157832 0.112374 0)
(-0.00443809 0.0915185 0)
(-0.109501 -0.0264705 0)
(-0.112262 -0.0280245 0)
(-0.115213 -0.0296013 0)
(-0.118359 -0.0311908 0)
(-0.121706 -0.0327816 0)
(-0.125256 -0.034361 0)
(-0.129011 -0.035915 0)
(-0.132971 -0.0374283 0)
(-0.137134 -0.0388842 0)
(-0.141496 -0.040265 0)
(-0.14605 -0.0415519 0)
(-0.150787 -0.0427251 0)
(-0.155695 -0.0437643 0)
(-0.160759 -0.0446488 0)
(-0.16596 -0.0453577 0)
(-0.171277 -0.0458707 0)
(-0.176683 -0.0461682 0)
(-0.182151 -0.0462318 0)
(-0.187649 -0.0460452 0)
(-0.193142 -0.0455947 0)
(-0.198592 -0.044869 0)
(-0.20396 -0.0438605 0)
(-0.209205 -0.0425656 0)
(-0.214285 -0.0409851 0)
(-0.219158 -0.0391241 0)
(-0.223785 -0.0369921 0)
(-0.228124 -0.0346033 0)
(-0.232142 -0.0319759 0)
(-0.235805 -0.0291322 0)
(-0.239085 -0.0260974 0)
(-0.241959 -0.0228989 0)
(-0.24441 -0.0195656 0)
(-0.246424 -0.0161269 0)
(-0.247996 -0.0126118 0)
(-0.249123 -0.00904684 0)
(-0.249808 -0.00545622 0)
(-0.250058 -0.00186366 0)
(-0.249883 0.00171409 0)
(-0.249295 0.00526182 0)
(-0.248307 0.00876899 0)
(-0.246935 0.0122288 0)
(-0.24519 0.0156377 0)
(-0.243088 0.0189957 0)
(-0.240639 0.022305 0)
(-0.237854 0.0255702 0)
(-0.23474 0.0287971 0)
(-0.231303 0.0319926 0)
(-0.227546 0.0351638 0)
(-0.223471 0.0383177 0)
(-0.219078 0.0414606 0)
(-0.214363 0.0445974 0)
(-0.209324 0.0477321 0)
(-0.203954 0.0508666 0)
(-0.198249 0.0540007 0)
(-0.192203 0.0571322 0)
(-0.185809 0.0602565 0)
(-0.179064 0.0633666 0)
(-0.171961 0.0664534 0)
(-0.1645 0.0695052 0)
(-0.156679 0.0725084 0)
(-0.148499 0.0754475 0)
(-0.139965 0.0783055 0)
(-0.131084 0.0810643 0)
(-0.121866 0.083705 0)
(-0.112324 0.0862084 0)
(-0.102475 0.0885558 0)
(-0.0923393 0.0907288 0)
(-0.0819381 0.0927101 0)
(-0.0712967 0.0944831 0)
(-0.0604427 0.0960304 0)
(-0.0494072 0.0973482 0)
(-0.0382164 0.0985379 0)
(-0.0268563 0.0999683 0)
(-0.0153279 0.100664 0)
(-0.00428136 0.081798 0)
(-0.11092 -0.0237906 0)
(-0.113704 -0.0251622 0)
(-0.11667 -0.0265512 0)
(-0.119822 -0.0279486 0)
(-0.123162 -0.0293441 0)
(-0.126693 -0.0307264 0)
(-0.130415 -0.032083 0)
(-0.134327 -0.0334005 0)
(-0.138426 -0.0346642 0)
(-0.142707 -0.0358587 0)
(-0.147162 -0.0369674 0)
(-0.151782 -0.0379734 0)
(-0.156553 -0.0388591 0)
(-0.161461 -0.0396069 0)
(-0.166488 -0.0401989 0)
(-0.171611 -0.040618 0)
(-0.176808 -0.0408478 0)
(-0.18205 -0.040873 0)
(-0.187309 -0.0406801 0)
(-0.192551 -0.0402577 0)
(-0.197742 -0.0395969 0)
(-0.202846 -0.0386918 0)
(-0.207826 -0.0375396 0)
(-0.212644 -0.0361412 0)
(-0.217263 -0.0345011 0)
(-0.221645 -0.0326277 0)
(-0.225756 -0.0305332 0)
(-0.229563 -0.0282331 0)
(-0.233037 -0.0257457 0)
(-0.236151 -0.0230919 0)
(-0.238886 -0.0202949 0)
(-0.241223 -0.0173782 0)
(-0.243151 -0.0143657 0)
(-0.244661 -0.0112812 0)
(-0.245749 -0.00814813 0)
(-0.246418 -0.00498769 0)
(-0.24667 -0.00181678 0)
(-0.246512 0.00134797 0)
(-0.245953 0.00449404 0)
(-0.245003 0.00761173 0)
(-0.243673 0.0106946 0)
(-0.241973 0.0137388 0)
(-0.239915 0.0167434 0)
(-0.237508 0.0197093 0)
(-0.23476 0.0226393 0)
(-0.231678 0.0255376 0)
(-0.228267 0.0284089 0)
(-0.224531 0.0312585 0)
(-0.220471 0.0340915 0)
(-0.216087 0.0369124 0)
(-0.211379 0.0397252 0)
(-0.206343 0.0425322 0)
(-0.200977 0.0453347 0)
(-0.195276 0.0481321 0)
(-0.189238 0.050922 0)
(-0.182858 0.0537004 0)
(-0.176133 0.056461 0)
(-0.169061 0.0591956 0)
(-0.161643 0.0618944 0)
(-0.153877 0.0645457 0)
(-0.145768 0.0671362 0)
(-0.137322 0.0696517 0)
(-0.128545 0.0720767 0)
(-0.119448 0.0743953 0)
(-0.110046 0.0765914 0)
(-0.100353 0.0786489 0)
(-0.0903899 0.0805526 0)
(-0.0801767 0.0822876 0)
(-0.0697371 0.0838397 0)
(-0.0590973 0.0851938 0)
(-0.0482867 0.0863475 0)
(-0.037329 0.0873928 0)
(-0.0262076 0.0886548 0)
(-0.0149292 0.0892301 0)
(-0.00414522 0.0723631 0)
(-0.112166 -0.0210855 0)
(-0.114969 -0.0222826 0)
(-0.117946 -0.0234929 0)
(-0.1211 -0.0247083 0)
(-0.124432 -0.0259198 0)
(-0.127943 -0.0271174 0)
(-0.131634 -0.0282903 0)
(-0.135501 -0.0294265 0)
(-0.139542 -0.0305135 0)
(-0.143749 -0.0315378 0)
(-0.148115 -0.0324854 0)
(-0.15263 -0.0333416 0)
(-0.15728 -0.0340914 0)
(-0.162051 -0.0347199 0)
(-0.166924 -0.0352122 0)
(-0.171878 -0.0355536 0)
(-0.176892 -0.0357307 0)
(-0.181938 -0.0357308 0)
(-0.186989 -0.0355428 0)
(-0.192014 -0.0351573 0)
(-0.196982 -0.0345672 0)
(-0.20186 -0.0337678 0)
(-0.206613 -0.0327573 0)
(-0.211206 -0.0315365 0)
(-0.215606 -0.0301096 0)
(-0.219778 -0.0284837 0)
(-0.223693 -0.0266688 0)
(-0.227319 -0.0246779 0)
(-0.230629 -0.0225262 0)
(-0.2336 -0.020231 0)
(-0.236213 -0.0178112 0)
(-0.238449 -0.0152866 0)
(-0.240296 -0.012677 0)
(-0.241748 -0.0100016 0)
(-0.2428 -0.00727941 0)
(-0.243448 -0.00452916 0)
(-0.243695 -0.00176469 0)
(-0.243545 0.000999938 0)
(-0.243005 0.00375407 0)
(-0.242081 0.00648905 0)
(-0.240783 0.00919887 0)
(-0.239117 0.0118798 0)
(-0.237094 0.01453 0)
(-0.23472 0.0171499 0)
(-0.232003 0.0197409 0)
(-0.228948 0.0223056 0)
(-0.22556 0.0248476 0)
(-0.221843 0.0273706 0)
(-0.217797 0.0298781 0)
(-0.213424 0.0323735 0)
(-0.208723 0.0348594 0)
(-0.203694 0.0373376 0)
(-0.198335 0.0398086 0)
(-0.192642 0.0422715 0)
(-0.186615 0.0447241 0)
(-0.180252 0.0471626 0)
(-0.17355 0.0495816 0)
(-0.16651 0.051974 0)
(-0.159133 0.0543314 0)
(-0.15142 0.0566438 0)
(-0.143377 0.0589001 0)
(-0.13501 0.0610883 0)
(-0.126326 0.0631953 0)
(-0.117338 0.065208 0)
(-0.108059 0.0671127 0)
(-0.0985038 0.068896 0)
(-0.0886917 0.070545 0)
(-0.0786428 0.0720474 0)
(-0.0683794 0.0733907 0)
(-0.0579264 0.0745625 0)
(-0.0473117 0.075561 0)
(-0.0365567 0.0764688 0)
(-0.0256433 0.077568 0)
(-0.0145836 0.0780396 0)
(-0.00402814 0.0631767 0)
(-0.113243 -0.0183602 0)
(-0.116062 -0.01939 0)
(-0.119047 -0.0204296 0)
(-0.1222 -0.021472 0)
(-0.125523 -0.0225093 0)
(-0.129016 -0.0235331 0)
(-0.132677 -0.0245338 0)
(-0.136504 -0.0255014 0)
(-0.140492 -0.026425 0)
(-0.144634 -0.0272932 0)
(-0.148922 -0.0280941 0)
(-0.153345 -0.0288153 0)
(-0.15789 -0.0294441 0)
(-0.162541 -0.0299681 0)
(-0.167281 -0.0303749 0)
(-0.17209 -0.0306523 0)
(-0.176946 -0.0307892 0)
(-0.181824 -0.0307752 0)
(-0.186698 -0.0306013 0)
(-0.191539 -0.0302599 0)
(-0.196317 -0.0297453 0)
(-0.201002 -0.0290538 0)
(-0.205561 -0.028184 0)
(-0.209964 -0.0271371 0)
(-0.214178 -0.0259164 0)
(-0.218174 -0.0245281 0)
(-0.22192 -0.0229804 0)
(-0.225391 -0.0212837 0)
(-0.228562 -0.0194507 0)
(-0.231409 -0.0174957 0)
(-0.233915 -0.0154338 0)
(-0.236064 -0.0132811 0)
(-0.237841 -0.0110541 0)
(-0.239239 -0.00876933 0)
(-0.240253 -0.00644214 0)
(-0.24088 -0.00408571 0)
(-0.241119 -0.00171413 0)
(-0.240972 0.000661737 0)
(-0.240443 0.00303259 0)
(-0.239537 0.0053911 0)
(-0.238262 0.00773177 0)
(-0.236622 0.0100511 0)
(-0.234626 0.0123471 0)
(-0.232278 0.0146195 0)
(-0.229586 0.0168688 0)
(-0.226554 0.0190969 0)
(-0.223185 0.021306 0)
(-0.219484 0.0234986 0)
(-0.215452 0.0256774 0)
(-0.21109 0.0278446 0)
(-0.206399 0.0300021 0)
(-0.201378 0.0321509 0)
(-0.196027 0.0342911 0)
(-0.190345 0.0364218 0)
(-0.184331 0.0385409 0)
(-0.177985 0.0406449 0)
(-0.171307 0.0427291 0)
(-0.164298 0.0447877 0)
(-0.156959 0.0468135 0)
(-0.149295 0.048798 0)
(-0.141311 0.0507322 0)
(-0.133014 0.0526059 0)
(-0.124414 0.0544083 0)
(-0.115521 0.0561285 0)
(-0.106348 0.0577552 0)
(-0.0969129 0.0592774 0)
(-0.0872317 0.0606842 0)
(-0.0773245 0.0619653 0)
(-0.0672128 0.0631104 0)
(-0.0569205 0.064109 0)
(-0.0464743 0.0649601 0)
(-0.0358934 0.0657358 0)
(-0.0251587 0.0666776 0)
(-0.0142878 0.0670594 0)
(-0.00392875 0.0542045 0)
(-0.114167 -0.0156185 0)
(-0.116996 -0.0164871 0)
(-0.119985 -0.0173629 0)
(-0.123136 -0.01824 0)
(-0.12645 -0.0191118 0)
(-0.129925 -0.0199709 0)
(-0.13356 -0.0208096 0)
(-0.13735 -0.0216193 0)
(-0.141292 -0.0223908 0)
(-0.145377 -0.0231148 0)
(-0.149597 -0.0237812 0)
(-0.15394 -0.0243798 0)
(-0.158395 -0.0249002 0)
(-0.162944 -0.025332 0)
(-0.167572 -0.0256652 0)
(-0.172258 -0.0258898 0)
(-0.176981 -0.0259968 0)
(-0.181717 -0.0259777 0)
(-0.186442 -0.0258254 0)
(-0.191128 -0.0255337 0)
(-0.195747 -0.0250981 0)
(-0.20027 -0.0245159 0)
(-0.204669 -0.023786 0)
(-0.208912 -0.0229093 0)
(-0.212971 -0.0218888 0)
(-0.216818 -0.0207293 0)
(-0.220424 -0.0194379 0)
(-0.223766 -0.018023 0)
(-0.226819 -0.0164948 0)
(-0.229562 -0.0148647 0)
(-0.231977 -0.013145 0)
(-0.234049 -0.0113485 0)
(-0.235765 -0.00948849 0)
(-0.237117 -0.00757856 0)
(-0.238098 -0.00563105 0)
(-0.238702 -0.00365697 0)
(-0.23893 -0.00166736 0)
(-0.238782 0.000328847 0)
(-0.238259 0.00232377 0)
(-0.237366 0.00431124 0)
(-0.236107 0.00628642 0)
(-0.234487 0.00824616 0)
(-0.232511 0.0101885 0)
(-0.230184 0.0121126 0)
(-0.227511 0.0140188 0)
(-0.224497 0.015908 0)
(-0.221145 0.0177816 0)
(-0.217458 0.0196414 0)
(-0.213438 0.0214891 0)
(-0.209087 0.0233263 0)
(-0.204405 0.0251543 0)
(-0.199393 0.0269735 0)
(-0.194052 0.0287839 0)
(-0.188381 0.0305844 0)
(-0.182381 0.0323732 0)
(-0.176052 0.0341473 0)
(-0.169396 0.0359028 0)
(-0.162415 0.0376346 0)
(-0.155112 0.0393369 0)
(-0.147491 0.0410029 0)
(-0.13956 0.0426249 0)
(-0.131324 0.0441947 0)
(-0.122795 0.0457036 0)
(-0.113983 0.0471425 0)
(-0.104903 0.0485024 0)
(-0.0955689 0.0497742 0)
(-0.0859988 0.050949 0)
(-0.0762117 0.0520185 0)
(-0.0662284 0.0529741 0)
(-0.056072 0.0538071 0)
(-0.045768 0.0545171 0)
(-0.0353339 0.0551657 0)
(-0.02475 0.0559545 0)
(-0.0140391 0.0562585 0)
(-0.00384583 0.0454142 0)
(-0.11506 -0.0128661 0)
(-0.117891 -0.0135788 0)
(-0.120877 -0.0142968 0)
(-0.124018 -0.0150153 0)
(-0.127316 -0.0157288 0)
(-0.130768 -0.0164313 0)
(-0.134373 -0.0171163 0)
(-0.138126 -0.017777 0)
(-0.142021 -0.0184059 0)
(-0.146051 -0.0189954 0)
(-0.150208 -0.0195373 0)
(-0.154479 -0.0200235 0)
(-0.158851 -0.0204456 0)
(-0.163311 -0.0207953 0)
(-0.16784 -0.0210646 0)
(-0.172419 -0.0212455 0)
(-0.177028 -0.0213308 0)
(-0.181644 -0.0213139 0)
(-0.186243 -0.0211891 0)
(-0.190799 -0.0209516 0)
(-0.195286 -0.0205981 0)
(-0.199675 -0.0201262 0)
(-0.203939 -0.0195354 0)
(-0.208051 -0.0188263 0)
(-0.211983 -0.0180014 0)
(-0.215707 -0.0170646 0)
(-0.219198 -0.0160214 0)
(-0.222433 -0.0148785 0)
(-0.225388 -0.0136439 0)
(-0.228044 -0.0123265 0)
(-0.230384 -0.0109361 0)
(-0.232392 -0.00948289 0)
(-0.234057 -0.00797775 0)
(-0.235368 -0.00643051 0)
(-0.236318 -0.00485039 0)
(-0.236903 -0.00324761 0)
(-0.23712 -0.00163055 0)
(-0.236968 -5.98163e-06 0)
(-0.236448 0.00161952 0)
(-0.235563 0.00324087 0)
(-0.234315 0.00485401 0)
(-0.232709 0.00645627 0)
(-0.230748 0.00804587 0)
(-0.228437 0.00962185 0)
(-0.22578 0.0111841 0)
(-0.222781 0.0127331 0)
(-0.219442 0.0142696 0)
(-0.215767 0.015795 0)
(-0.211757 0.0173102 0)
(-0.207415 0.0188165 0)
(-0.202743 0.0203144 0)
(-0.19774 0.0218043 0)
(-0.192408 0.0232859 0)
(-0.186747 0.0247583 0)
(-0.18076 0.0262197 0)
(-0.174448 0.0276679 0)
(-0.167812 0.0290995 0)
(-0.160856 0.0305106 0)
(-0.153583 0.0318963 0)
(-0.146 0.0332512 0)
(-0.138113 0.0345693 0)
(-0.129929 0.035844 0)
(-0.12146 0.0370684 0)
(-0.112716 0.0382353 0)
(-0.103712 0.0393375 0)
(-0.0944622 0.0403677 0)
(-0.084984 0.0413191 0)
(-0.0752962 0.0421847 0)
(-0.0654188 0.0429579 0)
(-0.0553744 0.0436317 0)
(-0.0451874 0.0442059 0)
(-0.0348739 0.044731 0)
(-0.0244135 0.0453704 0)
(-0.0138347 0.045607 0)
(-0.00377809 0.0367757 0)
(-0.116244 -0.0101155 0)
(-0.11907 -0.0106771 0)
(-0.122046 -0.0112427 0)
(-0.125171 -0.0118082 0)
(-0.128445 -0.0123694 0)
(-0.131866 -0.0129217 0)
(-0.135433 -0.01346 0)
(-0.139139 -0.0139789 0)
(-0.142981 -0.0144726 0)
(-0.146949 -0.0149352 0)
(-0.151035 -0.0153604 0)
(-0.155228 -0.0157418 0)
(-0.159514 -0.0160731 0)
(-0.16388 -0.0163479 0)
(-0.168309 -0.0165599 0)
(-0.172781 -0.0167033 0)
(-0.177277 -0.0167724 0)
(-0.181776 -0.0167622 0)
(-0.186254 -0.0166684 0)
(-0.190687 -0.0164876 0)
(-0.195049 -0.016217 0)
(-0.199314 -0.0158551 0)
(-0.203456 -0.0154014 0)
(-0.207449 -0.0148566 0)
(-0.211265 -0.0142225 0)
(-0.21488 -0.013502 0)
(-0.218269 -0.0126994 0)
(-0.22141 -0.0118198 0)
(-0.22428 -0.0108693 0)
(-0.22686 -0.00985462 0)
(-0.229134 -0.00878327 0)
(-0.231087 -0.00766294 0)
(-0.232706 -0.00650128 0)
(-0.23398 -0.0053059 0)
(-0.234904 -0.00408457 0)
(-0.23547 -0.00284456 0)
(-0.235676 -0.00159203 0)
(-0.235519 -0.000332789 0)
(-0.235001 0.000928063 0)
(-0.234121 0.00218715 0)
(-0.232881 0.00344073 0)
(-0.231285 0.00468714 0)
(-0.229336 0.00592482 0)
(-0.227037 0.00715264 0)
(-0.224392 0.0083703 0)
(-0.221404 0.00957797 0)
(-0.218076 0.0107762 0)
(-0.21441 0.0119657 0)
(-0.21041 0.0131473 0)
(-0.206076 0.0143215 0)
(-0.201411 0.0154888 0)
(-0.196416 0.0166493 0)
(-0.191092 0.0178028 0)
(-0.185442 0.0189483 0)
(-0.179466 0.0200846 0)
(-0.173167 0.0212097 0)
(-0.166548 0.0223212 0)
(-0.159613 0.0234158 0)
(-0.152366 0.02449 0)
(-0.144814 0.0255397 0)
(-0.136962 0.0265601 0)
(-0.128821 0.0275463 0)
(-0.1204 0.028493 0)
(-0.111711 0.0293949 0)
(-0.102767 0.0302463 0)
(-0.0935848 0.0310418 0)
(-0.0841799 0.031776 0)
(-0.074571 0.0324439 0)
(-0.0647778 0.0330402 0)
(-0.0548223 0.0335595 0)
(-0.0447283 0.0340018 0)
(-0.03451 0.0344062 0)
(-0.0241467 0.0348982 0)
(-0.0136715 0.0350751 0)
(-0.00372369 0.0282611 0)
(-0.116477 -0.00736572 0)
(-0.119377 -0.00778198 0)
(-0.122422 -0.00820112 0)
(-0.125609 -0.00862029 0)
(-0.128939 -0.00903636 0)
(-0.132409 -0.00944595 0)
(-0.136016 -0.00984535 0)
(-0.139753 -0.0102306 0)
(-0.143615 -0.0105976 0)
(-0.147593 -0.0109419 0)
(-0.151678 -0.0112591 0)
(-0.155858 -0.0115444 0)
(-0.160119 -0.0117933 0)
(-0.164448 -0.0120011 0)
(-0.168828 -0.0121634 0)
(-0.17324 -0.0122758 0)
(-0.177666 -0.0123344 0)
(-0.182084 -0.0123358 0)
(-0.186471 -0.0122767 0)
(-0.190806 -0.0121547 0)
(-0.195064 -0.0119682 0)
(-0.199221 -0.0117158 0)
(-0.203252 -0.0113973 0)
(-0.207132 -0.0110134 0)
(-0.210837 -0.0105654 0)
(-0.214343 -0.0100556 0)
(-0.217628 -0.00948681 0)
(-0.220671 -0.00886289 0)
(-0.22345 -0.00818809 0)
(-0.225949 -0.00746725 0)
(-0.228151 -0.00670558 0)
(-0.230041 -0.0059085 0)
(-0.231608 -0.00508151 0)
(-0.232842 -0.00423028 0)
(-0.233735 -0.00336016 0)
(-0.234281 -0.00247559 0)
(-0.234476 -0.00158133 0)
(-0.234318 -0.000682475 0)
(-0.233806 0.000218051 0)
(-0.232938 0.00111704 0)
(-0.231713 0.00201221 0)
(-0.230131 0.0029043 0)
(-0.228197 0.00379103 0)
(-0.225914 0.004671 0)
(-0.223283 0.00554384 0)
(-0.220309 0.00640971 0)
(-0.216994 0.00726892 0)
(-0.213341 0.00812196 0)
(-0.209351 0.00896927 0)
(-0.205028 0.00981118 0)
(-0.200372 0.010648 0)
(-0.195387 0.0114798 0)
(-0.190073 0.0123061 0)
(-0.184433 0.0131264 0)
(-0.178469 0.0139397 0)
(-0.172184 0.0147447 0)
(-0.16558 0.0155394 0)
(-0.158664 0.0163217 0)
(-0.151438 0.0170891 0)
(-0.143911 0.0178385 0)
(-0.136088 0.0185668 0)
(-0.12798 0.0192703 0)
(-0.119597 0.0199455 0)
(-0.11095 0.0205884 0)
(-0.102054 0.0211952 0)
(-0.0929225 0.021762 0)
(-0.0835734 0.0222851 0)
(-0.0740245 0.0227609 0)
(-0.0642953 0.0231855 0)
(-0.0544073 0.0235551 0)
(-0.0443839 0.0238696 0)
(-0.0342378 0.0241563 0)
(-0.0239462 0.024503 0)
(-0.0135445 0.0246273 0)
(-0.00368019 0.0198429 0)
(-0.10258 -0.00448312 0)
(-0.105803 -0.00475523 0)
(-0.109184 -0.00503012 0)
(-0.112723 -0.00530609 0)
(-0.116417 -0.00558124 0)
(-0.120264 -0.00585349 0)
(-0.124257 -0.00612055 0)
(-0.128391 -0.00637996 0)
(-0.132656 -0.00662908 0)
(-0.137043 -0.00686515 0)
(-0.141541 -0.00708529 0)
(-0.146134 -0.00728654 0)
(-0.150809 -0.00746594 0)
(-0.155547 -0.0076205 0)
(-0.16033 -0.00774728 0)
(-0.165136 -0.0078435 0)
(-0.169945 -0.00790651 0)
(-0.174733 -0.00793394 0)
(-0.179476 -0.0079237 0)
(-0.184149 -0.00787409 0)
(-0.188726 -0.00778382 0)
(-0.193181 -0.00765208 0)
(-0.19749 -0.00747857 0)
(-0.201627 -0.00726336 0)
(-0.205567 -0.00700705 0)
(-0.209288 -0.0067109 0)
(-0.212767 -0.0063768 0)
(-0.215985 -0.00600694 0)
(-0.218923 -0.00560372 0)
(-0.221565 -0.0051701 0)
(-0.223896 -0.00470935 0)
(-0.225905 -0.0042248 0)
(-0.227583 -0.00371995 0)
(-0.228921 -0.00319856 0)
(-0.229913 -0.00266394 0)
(-0.230557 -0.0021191 0)
(-0.230852 -0.00156758 0)
(-0.230796 -0.00101229 0)
(-0.230392 -0.000455765 0)
(-0.229643 9.88333e-05 0)
(-0.228553 0.000651194 0)
(-0.227107 0.00119603 0)
(-0.225304 0.00173431 0)
(-0.223148 0.00226743 0)
(-0.220639 0.00279597 0)
(-0.21778 0.00332029 0)
(-0.214576 0.00384064 0)
(-0.211028 0.00435733 0)
(-0.207139 0.00487065 0)
(-0.202911 0.00538073 0)
(-0.198347 0.00588769 0)
(-0.19345 0.00639156 0)
(-0.18822 0.00689209 0)
(-0.182662 0.00738889 0)
(-0.176777 0.00788136 0)
(-0.170569 0.00836865 0)
(-0.164042 0.00884965 0)
(-0.157201 0.00932307 0)
(-0.150051 0.00978734 0)
(-0.142598 0.0102407 0)
(-0.134851 0.0106811 0)
(-0.126819 0.0111066 0)
(-0.118513 0.011515 0)
(-0.109945 0.0119038 0)
(-0.101128 0.0122709 0)
(-0.092079 0.0126139 0)
(-0.0828132 0.0129306 0)
(-0.0733493 0.0132188 0)
(-0.0637066 0.0134761 0)
(-0.0539069 0.0136999 0)
(-0.0439735 0.0138899 0)
(-0.0339184 0.01406 0)
(-0.0237137 0.0142554 0)
(-0.0133911 0.0143102 0)
(-0.0036333 0.0115365 0)
(-0.0346312 -0.00121438 0)
(-0.0375047 -0.00132284 0)
(-0.0405679 -0.00143394 0)
(-0.0438231 -0.00154714 0)
(-0.0472719 -0.00166184 0)
(-0.0509143 -0.00177739 0)
(-0.0547491 -0.00189302 0)
(-0.0587736 -0.00200788 0)
(-0.0629833 -0.00212104 0)
(-0.0673721 -0.00223151 0)
(-0.0719319 -0.00233824 0)
(-0.0766525 -0.00244011 0)
(-0.0815219 -0.002536 0)
(-0.0865259 -0.00262473 0)
(-0.0916482 -0.00270508 0)
(-0.0968705 -0.00277588 0)
(-0.102172 -0.00283602 0)
(-0.107532 -0.0028845 0)
(-0.112924 -0.00292036 0)
(-0.118325 -0.00294268 0)
(-0.123707 -0.00295073 0)
(-0.129042 -0.00294396 0)
(-0.134301 -0.00292196 0)
(-0.139457 -0.00288449 0)
(-0.144479 -0.00283159 0)
(-0.149339 -0.00276336 0)
(-0.15401 -0.00268015 0)
(-0.158465 -0.00258259 0)
(-0.162679 -0.00247146 0)
(-0.166628 -0.00234764 0)
(-0.170291 -0.00221219 0)
(-0.173649 -0.00206634 0)
(-0.176684 -0.00191131 0)
(-0.179382 -0.00174815 0)
(-0.181732 -0.00157806 0)
(-0.183722 -0.00140278 0)
(-0.185345 -0.00122377 0)
(-0.186596 -0.00104152 0)
(-0.187469 -0.000857556 0)
(-0.187962 -0.000673174 0)
(-0.188075 -0.000488177 0)
(-0.187829 -0.000309671 0)
(-0.187226 -0.000135196 0)
(-0.186268 3.75091e-05 0)
(-0.18496 0.000209184 0)
(-0.183303 0.000380062 0)
(-0.181301 0.000550251 0)
(-0.178955 0.000719826 0)
(-0.176267 0.00088888 0)
(-0.173241 0.00105742 0)
(-0.169876 0.00122542 0)
(-0.166176 0.00139288 0)
(-0.162142 0.0015597 0)
(-0.157776 0.00172567 0)
(-0.153082 0.0018906 0)
(-0.148061 0.00205415 0)
(-0.142719 0.00221592 0)
(-0.137059 0.00237545 0)
(-0.131087 0.00253217 0)
(-0.12481 0.00268546 0)
(-0.118235 0.00283463 0)
(-0.111373 0.00297894 0)
(-0.104234 0.00311763 0)
(-0.0968303 0.00324989 0)
(-0.0891756 0.00337491 0)
(-0.0812854 0.00349189 0)
(-0.0731769 0.00360002 0)
(-0.0648683 0.00369854 0)
(-0.0563795 0.00378664 0)
(-0.0477325 0.00386334 0)
(-0.0389523 0.00392773 0)
(-0.0300568 0.00398131 0)
(-0.021025 0.00403598 0)
(-0.0118906 0.00407922 0)
(-0.00341101 0.00347333 0)
)
;

boundaryField
{
    leftWall
    {
        type            noSlip;
    }
    rightWall
    {
        type            noSlip;
    }
    lowerWall
    {
        type            noSlip;
    }
    atmosphere
    {
        type            noSlip;
    }
    defaultFaces
    {
        type            empty;
    }
    procBoundary3to2
    {
        type            processor;
        value           nonuniform List<vector> 
40
(
(0.992623 -0.00121302 0)
(1.00461 -0.00277309 0)
(0.549509 -0.000433639 0)
(0.199417 -0.00837958 0)
(0.0386288 -0.0216288 0)
(-0.0426868 -0.0318959 0)
(-0.0619652 -0.0355509 0)
(-0.051029 -0.0385755 0)
(-0.0372223 -0.0406933 0)
(-0.0325134 -0.0434079 0)
(-0.0355072 -0.0459338 0)
(-0.0413065 -0.0479027 0)
(-0.0471422 -0.0492547 0)
(-0.0524145 -0.0500913 0)
(-0.0573095 -0.0504913 0)
(-0.0620088 -0.0505096 0)
(-0.0665385 -0.0501816 0)
(-0.0708679 -0.0495405 0)
(-0.0749749 -0.0486202 0)
(-0.0788508 -0.0474521 0)
(-0.0824933 -0.0460653 0)
(-0.0859029 -0.0444868 0)
(-0.0890822 -0.0427407 0)
(-0.0920355 -0.0408492 0)
(-0.0947684 -0.0388321 0)
(-0.0972874 -0.0367069 0)
(-0.0995995 -0.0344894 0)
(-0.101712 -0.0321934 0)
(-0.103632 -0.0298311 0)
(-0.105368 -0.0274129 0)
(-0.106925 -0.024948 0)
(-0.108311 -0.0224444 0)
(-0.109531 -0.0199087 0)
(-0.110587 -0.0173466 0)
(-0.111495 -0.0147625 0)
(-0.112382 -0.0121632 0)
(-0.113565 -0.00956112 0)
(-0.113719 -0.00695496 0)
(-0.0995146 -0.00421537 0)
(-0.0319436 -0.00110908 0)
)
;
    }
}


// ************************************************************************* //
