/*--------------------------------*- C++ -*----------------------------------*\
| =========                 |                                                 |
| \\      /  F ield         | OpenFOAM: The Open Source CFD Toolbox           |
|  \\    /   O peration     | Version:  2606                                  |
|   \\  /    A nd           | Website:  www.openfoam.com                      |
|    \\/     M anipulation  |                                                 |
\*---------------------------------------------------------------------------*/
FoamFile
{
    version     2.0;
    format      ascii;
    arch        "LSB;label=32;scalar=64";
    class       volScalarField;
    location    "0.7";
    object      p_rgh;
}
// * * * * * * * * * * * * * * * * * * * * * * * * * * * * * * * * * * * * * //

dimensions      [1 -1 -2 0 0 0 0];

internalField   nonuniform List<scalar> 
3000
(
49.8753
49.8465
49.8138
49.7791
49.7448
49.7129
49.6847
49.6602
49.6388
49.6195
49.6018
49.5852
49.5697
49.5549
49.5402
49.5248
49.5079
49.4892
49.4685
49.4462
49.4225
49.3973
49.3705
49.3418
49.311
49.2778
49.2419
49.2034
49.1626
49.1197
49.0755
49.0304
48.9849
48.9391
48.8931
48.8473
48.802
48.7579
48.7152
48.6744
48.6362
48.6013
48.5704
48.5439
48.5216
48.5026
48.4848
48.4661
48.4439
48.4159
48.3799
48.3341
48.2771
48.2087
48.129
48.0384
47.9376
47.8278
47.7109
47.5899
47.4682
47.3492
47.2359
47.1311
47.0376
46.9584
46.8922
46.8367
46.7915
46.7577
46.7339
46.7147
46.6945
46.6686
46.6334
37.4634
37.3569
37.2367
37.1102
36.9864
36.8736
36.7769
36.6969
36.6304
36.5734
36.5226
36.4756
36.431
36.387
36.3413
36.2918
36.2366
36.1751
36.1073
36.0341
35.956
35.8732
35.785
35.6904
35.5881
35.4772
35.3568
35.2271
35.089
34.9441
34.7947
34.6429
34.4898
34.3362
34.1825
34.0299
33.88
33.7343
33.5942
33.4614
33.3379
33.2267
33.1303
33.0503
32.9863
32.9339
32.8854
32.8318
32.7641
32.6737
32.553
32.3958
32.1983
31.9598
31.6818
31.368
31.023
30.6527
30.2649
29.8689
29.4741
29.0886
28.7193
28.3736
28.0594
27.7844
27.5526
27.363
27.2169
27.1188
27.0599
27.0177
26.9714
26.9035
26.8011
0.000734126
0.00149545
0.00207022
0.00246636
0.00267217
0.00265724
0.00237625
0.00179286
0.000930567
-7.30031e-05
-0.000968832
-0.00148977
-0.00148386
-0.00103289
-0.000395204
0.000191239
0.000623961
0.00091684
0.00113001
0.00131362
0.00148818
0.00165867
0.00182736
0.00199676
0.00216683
0.00233047
0.00247427
0.00258689
0.00267243
0.00275385
0.00285437
0.00297075
0.00307335
0.00313723
0.00316288
0.00316264
0.00314168
0.00309895
0.00303605
0.00295552
0.00285512
0.00273311
0.00260479
0.00252281
0.0025918
0.002925
0.00359871
0.00463984
0.00598252
0.00744801
0.00892965
0.0102922
0.0112973
0.0115805
0.0107034
0.00832231
0.00426969
-0.00125685
-0.00757194
-0.0137114
-0.0187261
-0.0218461
-0.0224768
-0.0203431
-0.0157379
-0.0097695
-0.00415616
-0.000251811
0.00188204
0.00298577
0.00374445
0.00433591
0.00468359
0.00470994
0.00448555
0.00154594
0.00230103
0.00290548
0.00334905
0.00357683
0.00353258
0.00315641
0.00240875
0.00132739
9.66717e-05
-0.000964524
-0.00155326
-0.00153034
-0.000976337
-0.000227354
0.000474769
0.00101687
0.00141207
0.00176361
0.00206265
0.00229939
0.00248689
0.00264987
0.00280663
0.0029613
0.00310596
0.00322415
0.00330517
0.00336178
0.00341997
0.00350087
0.00359284
0.00366973
0.0037118
0.00372134
0.00370671
0.00367133
0.00361513
0.00353638
0.00342907
0.00328337
0.00309301
0.00286965
0.00266722
0.00259105
0.00278879
0.00341878
0.00458269
0.00622247
0.00812565
0.0099396
0.0113438
0.0120673
0.0118316
0.0103544
0.0073798
0.00282067
-0.00305212
-0.00957156
-0.015815
-0.0209162
-0.0242429
-0.0251363
-0.0228825
-0.0171898
-0.0092219
-0.00132949
0.00452562
0.00774586
0.00898671
0.00891669
0.00813297
0.00716311
0.00601919
0.00510726
0.00177699
0.00244036
0.00290829
0.00319789
0.00329198
0.00316006
0.0027085
0.00186535
0.000646019
-0.000732581
-0.00184704
-0.00229509
-0.00186174
-0.000863875
0.000216318
0.000925157
0.00130454
0.001458
0.00155351
0.00171178
0.00187124
0.00200118
0.0021184
0.00223612
0.00235422
0.00246681
0.00256415
0.00262825
0.00267853
0.00274771
0.00283255
0.00292621
0.0030047
0.00305609
0.00308521
0.00309706
0.00309255
0.00307088
0.00303051
0.00296706
0.00287577
0.00275491
0.00261486
0.00250599
0.00252021
0.00275821
0.00330542
0.00419215
0.00536084
0.00672434
0.00816055
0.00945025
0.0102125
0.0100173
0.00856077
0.00561986
0.00116349
-0.00454636
-0.0108449
-0.0167581
-0.0213198
-0.0238286
-0.0238059
-0.0211514
-0.0160892
-0.00988569
-0.00435011
-0.000457773
0.00182207
0.00299344
0.00362225
0.00392249
0.00391262
0.00388522
0.0037855
0.00145218
0.00212345
0.00259505
0.00287351
0.00295555
0.00281692
0.00239085
0.00170873
0.00079897
-0.000215256
-0.00103198
-0.00146121
-0.00139071
-0.000854617
-0.000179179
0.000415708
0.000869621
0.00123203
0.00149107
0.00168883
0.00187049
0.00200623
0.00214799
0.00229318
0.00243125
0.00255937
0.00267253
0.00276846
0.0028539
0.00293152
0.00300551
0.00307554
0.00312848
0.00316723
0.00318685
0.00318999
0.00318007
0.00315841
0.00312461
0.00307713
0.00301356
0.00293534
0.00285886
0.00282774
0.00291048
0.00318502
0.00372137
0.00454797
0.00559551
0.00667648
0.00760668
0.00824339
0.00844668
0.00797005
0.0065212
0.00391772
0.000152488
-0.00449284
-0.00944145
-0.0140133
-0.0176493
-0.0199925
-0.0196584
-0.0171236
-0.0129685
-0.00830114
-0.00410455
-0.00090041
0.00125633
0.00258667
0.00329971
0.00359669
0.00365489
0.0036409
0.00338043
0.00139497
0.00178309
0.00208215
0.00225266
0.00229179
0.00218326
0.0019051
0.00144356
0.000843233
0.000234185
-0.000214354
-0.000366926
-0.0001702
0.000103286
0.0004182
0.000723201
0.000990644
0.00121213
0.00139948
0.00156622
0.00172252
0.00187152
0.00201084
0.00213767
0.00225164
0.00235343
0.00244326
0.00252211
0.00259251
0.00265835
0.00272149
0.00278025
0.00283137
0.00287102
0.00289783
0.00291177
0.00291333
0.00290333
0.00288254
0.00285207
0.00281523
0.00278121
0.00276783
0.00280065
0.0029108
0.00312902
0.00347551
0.00394987
0.00452802
0.00516029
0.00576225
0.00620604
0.00631243
0.00586914
0.00468974
0.00269513
-7.42767e-05
-0.00338925
-0.00682022
-0.00984778
-0.0119685
-0.0126493
-0.0126904
-0.0116066
-0.00940716
-0.00663134
-0.00396571
-0.00177305
-0.000157794
0.000952211
0.00168196
0.00212992
0.00236574
0.00240834
0.00248241
0.00102659
0.00138698
0.00165785
0.00181798
0.00186027
0.0017844
0.00158868
0.0012798
0.000896592
0.00051136
0.000206343
4.51039e-05
5.31018e-05
0.000196208
0.000405901
0.000634613
0.000858913
0.00106822
0.00125976
0.00143574
0.00159847
0.00174698
0.00188127
0.00200255
0.00211228
0.00221135
0.00230024
0.00237972
0.00245141
0.00251714
0.00257769
0.00263213
0.00267875
0.00271622
0.0027441
0.00276273
0.00277276
0.00277522
0.00277262
0.00276955
0.00277239
0.00278864
0.0028293
0.00290949
0.00304616
0.00325567
0.00354522
0.00390081
0.00428031
0.00462433
0.00488227
0.0049903
0.00485086
0.00433421
0.00333015
0.00178422
-0.000251969
-0.00260057
-0.00497578
-0.0070638
-0.008577
-0.00927633
-0.0092191
-0.00840945
-0.00703954
-0.00532293
-0.00356084
-0.00196886
-0.000662662
0.000334083
0.00105118
0.00153435
0.00184194
0.00204024
0.0020486
0.00105003
0.001279
0.00145054
0.00155402
0.00158081
0.00152598
0.00139008
0.00118602
0.00094599
0.000716857
0.000544124
0.00046239
0.000479642
0.000568341
0.000700656
0.000851901
0.00100516
0.001151
0.00128825
0.00142086
0.00155053
0.00167578
0.00179461
0.00190543
0.00200762
0.00210108
0.00218588
0.00226234
0.00233124
0.00239338
0.00244921
0.00249847
0.00254058
0.00257525
0.00260261
0.00262311
0.00263745
0.00264693
0.00265383
0.00266155
0.00267445
0.00269712
0.00273453
0.00279617
0.00289465
0.00303787
0.00322808
0.00345682
0.00370033
0.00391611
0.0040396
0.00401323
0.00377258
0.00324643
0.00238126
0.00115388
-0.000380387
-0.00208404
-0.00376343
-0.00522
-0.00628472
-0.00684161
-0.00684549
-0.00640907
-0.00550114
-0.00434162
-0.00310669
-0.00194113
-0.000928243
-0.000105436
0.000526703
0.000978167
0.00129241
0.00148806
0.00160243
0.00101969
0.0011859
0.00131085
0.00138481
0.00140128
0.00135841
0.00126033
0.0011183
0.000953429
0.000794498
0.00066822
0.000595682
0.0005867
0.000634689
0.000725434
0.000843561
0.000976462
0.00111417
0.00124893
0.00137573
0.00149456
0.00160754
0.00171461
0.00181516
0.00190872
0.00199508
0.00207418
0.00214614
0.00221136
0.00227017
0.00232282
0.0023693
0.00240943
0.00244316
0.00247073
0.00249265
0.00250977
0.00252342
0.00253557
0.00254889
0.00256664
0.00259269
0.00263173
0.00268956
0.00277205
0.00288276
0.00301706
0.00316191
0.00329541
0.00338723
0.00339728
0.00328059
0.00298859
0.00248354
0.00173823
0.000752895
-0.000425202
-0.00169671
-0.00293186
-0.00400244
-0.00480162
-0.00526299
-0.00540548
-0.00502992
-0.00439696
-0.00358425
-0.00269469
-0.00182137
-0.00102867
-0.000351147
0.000197773
0.000614336
0.000920106
0.00112772
0.00125451
0.00103133
0.0011373
0.00121919
0.0012673
0.00127594
0.00124371
0.0011742
0.00107679
0.000966861
0.000862957
0.000782415
0.000738978
0.000737634
0.000774101
0.000839626
0.00092486
0.00102217
0.00112629
0.00123384
0.00134104
0.00144526
0.00154567
0.0016416
0.00173241
0.00181763
0.00189695
0.00197016
0.00203721
0.00209825
0.00215345
0.00220294
0.00224676
0.00228491
0.0023175
0.00234483
0.00236742
0.00238609
0.00240201
0.00241681
0.00243253
0.0024516
0.00247676
0.00251106
0.00255746
0.00261799
0.00269211
0.00277445
0.0028534
0.0029114
0.00292483
0.00286401
0.00269663
0.0023936
0.00193116
0.00129754
0.000502623
-0.000413065
-0.00137747
-0.0023027
-0.00310394
-0.00370997
-0.00407056
-0.00416542
-0.00396254
-0.00353623
-0.00296355
-0.00231527
-0.00165637
-0.00103633
-0.000486757
-2.33498e-05
0.000343774
0.000626897
0.000834065
0.000972377
0.00104769
0.00111162
0.00116172
0.0011898
0.00119128
0.00116531
0.00111487
0.00104681
0.000971591
0.000901375
0.000847307
0.000818107
0.000817709
0.000844902
0.000895127
0.000962443
0.00104124
0.00112732
0.00121756
0.00130913
0.00139988
0.00148848
0.00157396
0.00165557
0.00173278
0.00180521
0.00187248
0.00193446
0.00199115
0.00204261
0.00208889
0.00213004
0.00216612
0.00219729
0.00222385
0.0022463
0.00226534
0.00228195
0.00229735
0.00231304
0.0023307
0.00235205
0.00237877
0.00241193
0.00245139
0.00249506
0.00253729
0.00256814
0.0025735
0.00253493
0.00243103
0.00224079
0.00194547
0.00153139
0.000995926
0.000352301
-0.000366533
-0.00110874
-0.00181396
-0.00242425
-0.00288987
-0.0031739
-0.00325841
-0.00314114
-0.00285474
-0.00244951
-0.00197456
-0.00147648
-0.000992882
-0.000550275
-0.000164266
0.000155949
0.000411466
0.000606411
0.00074602
0.00106484
0.00109755
0.00112359
0.00113643
0.0011323
0.00111041
0.0010729
0.00102464
0.000972738
0.000925159
0.000889199
0.000870614
0.000872307
0.000894091
0.000933601
0.000987338
0.00105159
0.00112313
0.00119925
0.00127765
0.00135649
0.00143437
0.00151024
0.00158329
0.00165293
0.0017187
0.00178015
0.00183708
0.00188939
0.00193706
0.00198008
0.00201848
0.00205233
0.00208179
0.00210712
0.00212874
0.00214723
0.00216331
0.00217787
0.00219191
0.00220649
0.00222252
0.00224065
0.00226079
0.00228175
0.00230083
0.00231254
0.00230854
0.00227754
0.00220576
0.00207865
0.00188237
0.00160496
0.00123975
0.000788678
0.000265033
-0.000305054
-0.000884098
-0.00142994
-0.0019022
-0.00226566
-0.00249388
-0.00257391
-0.00250743
-0.00231458
-0.00202593
-0.00167604
-0.0012984
-0.00092139
-0.000566157
-0.000246842
2.78476e-05
0.000253009
0.000431534
0.000566128
0.00107864
0.00108947
0.00109788
0.00109916
0.00109037
0.00107074
0.00104165
0.00100644
0.000969858
0.000937186
0.000913288
0.000902041
0.000905575
0.000924113
0.000956417
0.00100038
0.00105353
0.00111348
0.00117805
0.00124537
0.00131384
0.00138218
0.00144933
0.0015145
0.00157706
0.0016365
0.00169236
0.00174436
0.00179236
0.00183625
0.00187599
0.00191157
0.00194303
0.00197052
0.00199422
0.00201447
0.00203168
0.00204637
0.00205912
0.00207053
0.00208116
0.00209131
0.00210099
0.00210942
0.00211499
0.00211478
0.00210385
0.00207529
0.00202041
0.00192938
0.00179233
0.00159996
0.00134533
0.001026
0.000646045
0.000217383
-0.0002395
-0.000697265
-0.00112594
-0.00149691
-0.00178504
-0.00197155
-0.00204726
-0.00201379
-0.00188384
-0.00167756
-0.00141884
-0.00113148
-0.000836443
-0.000551232
-0.000288958
-5.70454e-05
0.000138507
0.000298752
0.000424462
0.00108658
0.00108253
0.00107849
0.00107129
0.00105877
0.00104026
0.00101658
0.000989917
0.000963417
0.000940586
0.000924692
0.000918373
0.000923186
0.000939483
0.000966625
0.0010033
0.00104785
0.00109851
0.0011536
0.00121158
0.0012711
0.00133101
0.00139035
0.00144833
0.00150434
0.00155786
0.00160841
0.00165567
0.00169947
0.00173964
0.0017761
0.00180881
0.00183778
0.00186309
0.00188488
0.00190336
0.00191881
0.00193155
0.00194192
0.0019502
0.00195656
0.00196096
0.00196293
0.0019614
0.00195464
0.00193974
0.00191248
0.00186736
0.00179791
0.00169727
0.0015586
0.00137599
0.00114579
0.000868
0.000547386
0.000194186
-0.000175664
-0.000542044
-0.000883331
-0.00117896
-0.00141082
-0.0015655
-0.00163636
-0.00162425
-0.0015374
-0.00138961
-0.00119763
-0.000978429
-0.00074788
-0.000519755
-0.000304877
-0.000110538
5.73847e-05
0.000199052
0.000313748
0.00108841
0.00107401
0.00106139
0.00104817
0.00103283
0.00101478
0.000994494
0.000973364
0.000953449
0.000937072
0.000926426
0.000923317
0.000928864
0.000943416
0.000966641
0.000997702
0.00103545
0.0010786
0.00112584
0.00117593
0.00122773
0.00128026
0.00133263
0.00138411
0.00143411
0.00148213
0.00152769
0.00157046
0.00161021
0.00164676
0.00167999
0.00170982
0.00173623
0.00175923
0.00177891
0.00179536
0.00180876
0.00181925
0.00182698
0.00183198
0.0018342
0.00183332
0.00182865
0.00181902
0.00180267
0.00177699
0.00173849
0.00168294
0.00160566
0.00150179
0.00136672
0.00119695
0.000990886
0.000749822
0.000478488
0.000185473
-0.000116848
-0.000413522
-0.000688741
-0.0009275
-0.0011166
-0.00124631
-0.00131175
-0.00131336
-0.00125666
-0.0011511
-0.00100836
-0.000840891
-0.000660762
-0.000478746
-0.000303619
-0.000141945
1.66181e-06
0.00012506
0.000227633
0.00108443
0.00106261
0.00104405
0.00102667
0.00100928
0.000991381
0.000973213
0.000955643
0.000939997
0.000927801
0.000920528
0.000919402
0.000925219
0.000938265
0.00095836
0.00098495
0.00101722
0.00105421
0.0010949
0.0011383
0.00118345
0.0012295
0.00127568
0.00132132
0.00136585
0.00140879
0.00144971
0.00148824
0.00152414
0.00155721
0.00158729
0.00161428
0.0016381
0.00165874
0.0016762
0.00169051
0.00170171
0.00170984
0.00171488
0.00171674
0.00171514
0.00170967
0.00169953
0.00168356
0.00166006
0.00162684
0.00158112
0.00151973
0.00143928
0.00133636
0.00120804
0.00105239
0.000869097
0.000660043
0.00042961
0.000184903
-6.44675e-05
-0.000307272
-0.000531798
-0.000726984
-0.000883133
-0.000993105
-0.00105326
-0.00106375
-0.0010283
-0.000953422
-0.000847412
-0.000719481
-0.00057879
-0.000433739
-0.000291396
-0.000157387
-3.57681e-05
7.07851e-05
0.000161126
0.00107436
0.00104752
0.00102491
0.00100473
0.000985933
0.000968084
0.000951258
0.000935973
0.000923072
0.000913547
0.000908372
0.000908375
0.000914101
0.000925765
0.000943252
0.000966174
0.000993936
0.00102581
0.00106099
0.00109868
0.00113809
0.00117848
0.00121918
0.00125957
0.00129914
0.00133743
0.00137405
0.00140862
0.00144089
0.00147063
0.00149768
0.0015219
0.00154319
0.00156146
0.00157668
0.00158881
0.00159781
0.00160361
0.0016061
0.00160506
0.00160016
0.00159086
0.00157639
0.00155562
0.00152708
0.00148896
0.00143911
0.00137519
0.00129474
0.00119546
0.0010756
0.000934251
0.000771841
0.000590461
0.000394004
0.000188304
-1.91629e-05
-0.000219881
-0.000405063
-0.000566464
-0.000696897
-0.000791079
-0.000846238
-0.000862327
-0.000841859
-0.000789402
-0.000710962
-0.00061336
-0.000503563
-0.00038812
-0.000272728
-0.000162087
-5.97712e-05
3.16182e-05
0.000110461
0.00105775
0.0010281
0.00100299
0.000981037
0.000961376
0.000943589
0.00092765
0.000913849
0.000902705
0.000894853
0.000890928
0.000891474
0.000896855
0.000907213
0.000922458
0.0009423
0.000966287
0.000993853
0.00102436
0.00105716
0.00109159
0.00112702
0.00116286
0.00119857
0.00123366
0.00126772
0.00130037
0.00133127
0.00136013
0.00138674
0.0014109
0.00143246
0.00145128
0.00146726
0.0014803
0.0014903
0.00149717
0.00150078
0.00150094
0.00149737
0.00148969
0.00147735
0.0014596
0.00143542
0.00140358
0.00136264
0.00131097
0.00124683
0.0011685
0.0010745
0.000963852
0.000836328
0.00069275
0.00053518
0.000367015
0.000193009
1.90114e-05
-0.000148457
-0.000302734
-0.000437616
-0.000547722
-0.000629089
-0.000679578
-0.000699033
-0.00068916
-0.000653203
-0.000595547
-0.000521286
-0.000435739
-0.000344018
-0.000250725
-0.000159761
-7.41917e-05
3.68445e-06
7.22054e-05
0.00103472
0.00100402
0.000977662
0.000954784
0.000934708
0.000917067
0.000901773
0.000888967
0.000878956
0.000872131
0.000868898
0.000869602
0.000874474
0.00088359
0.000896869
0.000914077
0.000934858
0.000958762
0.000985277
0.00101386
0.00104396
0.00107504
0.00110658
0.0011381
0.00116916
0.00119938
0.0012284
0.0012559
0.00128161
0.00130528
0.00132672
0.00134576
0.00136224
0.00137602
0.00138697
0.00139497
0.00139987
0.00140148
0.00139959
0.00139389
0.00138398
0.00136933
0.00134923
0.00132281
0.00128909
0.00124694
0.00119512
0.00113236
0.00105752
0.000969688
0.000868418
0.000753888
0.0006271
0.000489984
0.000345462
0.000197393
5.03821e-05
-9.05226e-05
-0.000220234
-0.000334041
-0.000427869
-0.000498711
-0.000544891
-0.0005662
-0.000563805
-0.000540031
-0.00049811
-0.000441875
-0.000375403
-0.000302705
-0.000227489
-0.000152992
-8.18557e-05
-1.60625e-05
4.30896e-05
0.00100592
0.000975283
0.000948634
0.000925499
0.000905399
0.000888028
0.00087327
0.000861177
0.000851914
0.000845713
0.000842818
0.000843441
0.000847711
0.000855656
0.000867191
0.000882118
0.000900146
0.000920907
0.000943979
0.00096891
0.000995234
0.00102249
0.00105022
0.00107801
0.00110546
0.0011322
0.00115791
0.0011823
0.00120508
0.00122603
0.00124494
0.00126161
0.00127589
0.00128762
0.00129663
0.00130279
0.00130589
0.00130576
0.00130213
0.0012947
0.00128308
0.00126677
0.00124513
0.00121747
0.00118299
0.00114082
0.00109004
0.00102975
0.000959224
0.000877958
0.000785845
0.000683305
0.000571393
0.000451854
0.00032717
0.000200486
7.54375e-05
-4.4026e-05
-0.000153991
-0.000250843
-0.000331465
-0.000393547
-0.00043577
-0.000457903
-0.000460748
-0.000445979
-0.000416006
-0.000373734
-0.000322303
-0.000264866
-0.000204411
-0.000143628
-8.48101e-05
-2.96979e-05
2.06526e-05
0.000972084
0.000942142
0.000915858
0.000892976
0.000873174
0.00085621
0.000841967
0.000830437
0.0008217
0.00081588
0.000813114
0.000813518
0.000817152
0.000824006
0.000833989
0.000846926
0.00086257
0.000880613
0.000900703
0.000922459
0.000945482
0.000969373
0.000993738
0.0010182
0.0010424
0.00106601
0.00108872
0.00111026
0.00113037
0.00114881
0.00116537
0.00117986
0.00119211
0.00120194
0.00120919
0.00121367
0.00121521
0.00121358
0.00120853
0.00119977
0.00118692
0.00116952
0.00114704
0.00111893
0.00108456
0.00104324
0.000994322
0.000937203
0.000871439
0.000796809
0.000713418
0.000621816
0.000523032
0.000418616
0.00031067
0.000201746
9.47421e-05
-7.23816e-06
-0.000101151
-0.000184196
-0.00025397
-0.000308676
-0.00034727
-0.000369522
-0.000375977
-0.000367857
-0.000346969
-0.000315533
-0.000275984
-0.000230808
-0.000182408
-0.000132998
-8.45483e-05
-3.86919e-05
3.51403e-06
0.000933774
0.000904908
0.000879433
0.000857183
0.00083794
0.000821519
0.000807813
0.000796786
0.000788458
0.000782886
0.000780137
0.000780259
0.000783265
0.000789118
0.000797719
0.000808912
0.000822481
0.000838164
0.00085566
0.000874644
0.000894774
0.000915702
0.000937084
0.000958584
0.00097988
0.00100067
0.00102067
0.00103962
0.00105729
0.00107344
0.00108785
0.00110035
0.00111074
0.00111886
0.00112452
0.00112755
0.00112773
0.00112487
0.00111872
0.00110898
0.00109532
0.00107733
0.0010546
0.00102666
0.000993028
0.000953199
0.000906708
0.00085317
0.000792352
0.000724217
0.000649004
0.000567307
0.000480097
0.000388733
0.000294975
0.000200915
0.000108874
2.12993e-05
-5.94178e-05
-0.000131089
-0.000191841
-0.000240267
-0.000275532
-0.000297414
-0.000306285
-0.000303048
-0.000289066
-0.000266047
-0.000235888
-0.000200565
-0.000162012
-0.000122042
-8.22938e-05
-4.42576e-05
-9.14656e-06
0.000891436
0.000863909
0.000839544
0.000818202
0.000799724
0.000783972
0.000770854
0.000760317
0.000752352
0.00074697
0.00074419
0.000744018
0.000746434
0.000751383
0.000758762
0.000768425
0.000780183
0.000793809
0.000809042
0.000825602
0.000843193
0.00086151
0.000880251
0.000899116
0.000917818
0.00093608
0.000953642
0.00097026
0.000985709
0.000999775
0.00101225
0.00102294
0.00103166
0.00103825
0.00104251
0.00104428
0.00104334
0.0010395
0.00103252
0.00102214
0.00100804
0.000989895
0.000967369
0.000940089
0.000907676
0.000869774
0.000826065
0.000776322
0.000720457
0.000658553
0.000590922
0.00051816
0.000441165
0.000361104
0.000279445
0.00019792
0.000118397
4.28143e-05
-2.69328e-05
-8.91243e-05
-0.000142286
-0.000185304
-0.000217505
-0.000238681
-0.000249091
-0.000249402
-0.000240658
-0.000224165
-0.000201427
-0.00017401
-0.000143494
-0.00011136
-7.89556e-05
-4.752e-05
-1.82414e-05
0.000845451
0.00081947
0.000796423
0.000776187
0.000758635
0.000743663
0.000731192
0.000721168
0.000713561
0.000708357
0.000705544
0.0007051
0.000706985
0.00071113
0.000717434
0.000725759
0.000735937
0.000747768
0.000761024
0.000775461
0.00079082
0.000806835
0.000823239
0.000839764
0.000856152
0.000872153
0.000887527
0.000902047
0.000915501
0.00092769
0.000938414
0.000947486
0.000954728
0.000959965
0.000963025
0.000963731
0.000961891
0.000957311
0.00094977
0.000939023
0.000924812
0.000906869
0.000884912
0.000858652
0.000827805
0.000792123
0.000751403
0.000705528
0.000654511
0.000598507
0.000537861
0.000473146
0.000405169
0.000334933
0.00026367
0.000192801
0.000123842
5.83448e-05
-2.18609e-06
-5.63847e-05
-0.000103084
-0.000141392
-0.00017076
-0.000191005
-0.0002023
-0.00020515
-0.000200343
-0.000188907
-0.000172019
-0.00015094
-0.000126958
-0.000101308
-7.51e-05
-4.93027e-05
-2.4907e-05
0.000796154
0.000771902
0.000750321
0.00073133
0.000714828
0.00070073
0.000688969
0.000679494
0.000672268
0.00066726
0.000664439
0.000663768
0.000665193
0.000668638
0.000674005
0.000681166
0.000689966
0.00070023
0.000711757
0.000724333
0.000737732
0.000751718
0.000766054
0.000780504
0.000794833
0.000808816
0.000822234
0.000834878
0.000846548
0.000857055
0.00086622
0.000873858
0.000879798
0.000883871
0.000885911
0.00088575
0.00088321
0.000878106
0.000870235
0.000859384
0.00084534
0.000827881
0.000806779
0.00078181
0.00075277
0.000719492
0.000681857
0.00063983
0.000593484
0.000543017
0.000488786
0.000431316
0.000371322
0.000309671
0.000247397
0.000185663
0.000125702
6.87681e-05
1.60629e-05
-3.13208e-05
-7.24502e-05
-0.000106612
-0.000133351
-0.00015251
-0.000164204
-0.000168809
-0.000166938
-0.000159397
-0.000147112
-0.000131102
-0.000112416
-9.20938e-05
-7.10815e-05
-5.01673e-05
-3.00191e-05
0.000743863
0.000721495
0.000701497
0.000683852
0.000668491
0.000655343
0.000644353
0.000635474
0.000628664
0.000623887
0.000621102
0.000620261
0.000621303
0.000624153
0.000628712
0.000634862
0.000642466
0.000651364
0.000661381
0.000672327
0.000684002
0.0006962
0.000708709
0.00072132
0.000733822
0.00074601
0.000757687
0.000768659
0.000778743
0.00078776
0.000795542
0.000801921
0.000806734
0.000809817
0.000811014
0.000810167
0.000807115
0.00080168
0.000793687
0.000782958
0.00076931
0.000752562
0.000732532
0.000709052
0.000681979
0.000651209
0.000616682
0.000578418
0.000536528
0.000491234
0.000442879
0.000391942
0.000339044
0.000284936
0.000230484
0.000176643
0.00012442
7.48304e-05
2.88421e-05
-1.26656e-05
-4.89409e-05
-7.94099e-05
-0.000103698
-0.000121666
-0.000133391
-0.000139152
-0.000139431
-0.000134861
-0.000126184
-0.000114216
-9.98133e-05
-8.38423e-05
-6.71294e-05
-5.03832e-05
-3.40681e-05
0.000688918
0.000668528
0.000650203
0.00063398
0.000619827
0.000607691
0.000597526
0.00058929
0.000582942
0.000578441
0.000575744
0.000574796
0.000575537
0.00057789
0.000581763
0.000587045
0.000593613
0.000601324
0.000610023
0.000619542
0.000629704
0.000640327
0.000651224
0.000662207
0.00067309
0.000683686
0.000693817
0.000703308
0.000711987
0.000719692
0.000726265
0.00073155
0.000735396
0.000737652
0.000738172
0.000736808
0.000733409
0.000727824
0.000719897
0.000709477
0.00069641
0.00068055
0.000661757
0.000639904
0.000614898
0.000586679
0.000555232
0.00052061
0.000482947
0.000442468
0.000399497
0.000354463
0.000307904
0.000260464
0.000212866
0.000165902
0.000120394
7.71667e-05
3.70066e-05
6.24056e-07
-3.13746e-05
-5.85216e-05
-8.05119e-05
-9.72193e-05
-0.000108692
-0.000115146
-0.000116957
-0.000114624
-0.000108744
-9.99841e-05
-8.90376e-05
-7.66162e-05
-6.34255e-05
-5.01417e-05
-3.7204e-05
0.000631684
0.000613279
0.000596683
0.000581938
0.000569044
0.000557971
0.000548679
0.000541132
0.000535291
0.000531116
0.000528562
0.000527575
0.000528094
0.000530046
0.000533344
0.000537887
0.000543564
0.000550246
0.000557797
0.000566068
0.000574903
0.000584141
0.000593617
0.000603162
0.000612613
0.0006218
0.000630564
0.000638745
0.000646189
0.000652745
0.000658268
0.000662616
0.000665649
0.000667229
0.000667221
0.000665491
0.000661904
0.000656325
0.000648624
0.000638668
0.000626332
0.000611499
0.000594063
0.000573931
0.000551047
0.000525382
0.000496952
0.000465831
0.000432161
0.000396162
0.000358131
0.000318448
0.00027758
0.00023607
0.000194526
0.000153606
0.00011398
7.63223e-05
4.12735e-05
9.41017e-06
-1.87778e-05
-4.29072e-05
-6.27278e-05
-7.81278e-05
-8.91366e-05
-9.59207e-05
-9.87731e-05
-9.80908e-05
-9.43588e-05
-8.81213e-05
-7.99462e-05
-7.04122e-05
-6.01047e-05
-4.96391e-05
-3.95222e-05
0.000572504
0.000556026
0.000541174
0.000527943
0.000516348
0.000506376
0.000497999
0.000491184
0.000485895
0.000482097
0.000479743
0.000478782
0.000479156
0.000480796
0.000483622
0.000487543
0.000492457
0.000498252
0.000504806
0.000511988
0.000519661
0.000527682
0.000535905
0.000544183
0.000552368
0.000560312
0.00056787
0.000574899
0.000581261
0.000586818
0.000591438
0.000594992
0.000597352
0.000598395
0.000597997
0.00059604
0.000592402
0.000586968
0.000579625
0.000570263
0.000558779
0.000545079
0.000529086
0.000510735
0.000489994
0.000466859
0.000441363
0.000413593
0.000383691
0.000351862
0.000318375
0.000283566
0.000247836
0.000211638
0.000175485
0.000139923
0.0001055
7.27675e-05
4.2249e-05
1.44128e-05
-1.03426e-05
-3.17049e-05
-4.94657e-05
-6.35268e-05
-7.39076e-05
-8.07359e-05
-8.42417e-05
-8.4742e-05
-8.26322e-05
-7.83527e-05
-7.23761e-05
-6.51798e-05
-5.72367e-05
-4.90603e-05
-4.1183e-05
0.000511649
0.000497033
0.000483908
0.000472208
0.00046194
0.000453102
0.000445674
0.00043963
0.000434937
0.000431563
0.000429463
0.000428592
0.000428893
0.000430304
0.000432752
0.000436155
0.000440422
0.000445454
0.000451144
0.000457377
0.000464032
0.000470985
0.000478106
0.000485267
0.000492337
0.000499185
0.000505682
0.000511703
0.00051712
0.000521814
0.000525664
0.000528554
0.00053037
0.000531001
0.000530339
0.000528276
0.000524709
0.000519537
0.000512665
0.000504003
0.000493464
0.00048098
0.000466489
0.000449951
0.000431353
0.000410704
0.000388051
0.000363482
0.000337134
0.000309197
0.000279909
0.00024956
0.000218494
0.000187092
0.000155781
0.000125012
9.52377e-05
6.69072e-05
4.04464e-05
1.62383e-05
-5.39257e-06
-2.41917e-05
-3.99861e-05
-5.26907e-05
-6.23161e-05
-6.89621e-05
-7.28119e-05
-7.4118e-05
-7.32005e-05
-7.04197e-05
-6.61659e-05
-6.08422e-05
-5.48328e-05
-4.85339e-05
-4.2409e-05
0.000449309
0.00043653
0.000425106
0.00041494
0.000406017
0.000398337
0.000391888
0.000386649
0.000382592
0.000379686
0.000377893
0.00037717
0.000377465
0.000378722
0.000380876
0.000383855
0.000387578
0.000391958
0.000396902
0.000402308
0.000408073
0.000414087
0.000420238
0.000426415
0.000432502
0.000438385
0.000443951
0.000449089
0.000453687
0.000457639
0.000460838
0.000463182
0.000464569
0.000464901
0.000464084
0.000462024
0.000458632
0.000453823
0.000447516
0.000439638
0.00043012
0.000418909
0.000405961
0.000391251
0.000374777
0.000356562
0.000336656
0.000315146
0.000292159
0.000267864
0.00024247
0.000216228
0.000189427
0.000162389
0.000135466
0.000109027
8.34461e-05
5.90899e-05
3.63039e-05
1.54001e-05
-3.35682e-06
-1.97594e-05
-3.36654e-05
-4.5003e-05
-5.3775e-05
-6.00602e-05
-6.40038e-05
-6.58113e-05
-6.57401e-05
-6.40811e-05
-6.11598e-05
-5.73138e-05
-5.28671e-05
-4.81213e-05
-4.34042e-05
0.000385632
0.000374714
0.000364974
0.000356335
0.000348766
0.000342263
0.000336818
0.000332415
0.000329029
0.000326634
0.000325194
0.000324672
0.000325022
0.000326193
0.00032813
0.000330768
0.000334037
0.000337862
0.000342161
0.000346848
0.000351833
0.000357022
0.000362319
0.000367627
0.000372848
0.000377882
0.00038263
0.000386997
0.000390887
0.000394205
0.000396859
0.000398759
0.000399819
0.000399951
0.000399075
0.000397111
0.000393984
0.000389621
0.000383958
0.000376932
0.000368492
0.000358597
0.000347215
0.000334335
0.000319962
0.000304123
0.000286871
0.000268288
0.000248486
0.000227615
0.000205856
0.000183419
0.00016055
0.000137514
0.000114601
9.21132e-05
7.03555e-05
4.96261e-05
3.02043e-05
1.23427e-05
-3.74349e-06
-1.78856e-05
-2.99686e-05
-3.99312e-05
-4.7774e-05
-5.35563e-05
-5.73961e-05
-5.94586e-05
-5.99504e-05
-5.91089e-05
-5.71994e-05
-5.45022e-05
-5.12965e-05
-4.78259e-05
-4.42881e-05
0.000320764
0.000311754
0.000303696
0.000296578
0.000290368
0.000285057
0.000280637
0.000277095
0.000274412
0.000272564
0.00027152
0.000271248
0.000271707
0.000272854
0.00027464
0.00027701
0.000279903
0.000283256
0.000286999
0.00029106
0.000295361
0.000299824
0.000304367
0.000308907
0.000313362
0.000317646
0.000321676
0.00032537
0.000328647
0.000331425
0.000333626
0.000335174
0.000335993
0.000336011
0.000335159
0.000333371
0.000330583
0.000326738
0.000321781
0.000315663
0.000308344
0.000299795
0.000289994
0.000278937
0.000266635
0.000253116
0.000238431
0.000222654
0.000205884
0.000188248
0.0001699
0.000151017
0.0001318
0.000112469
9.32582e-05
7.44122e-05
5.61776e-05
3.87938e-05
2.24852e-05
7.45467e-06
-6.12471e-06
-1.81171e-05
-2.84297e-05
-3.70131e-05
-4.38659e-05
-4.9034e-05
-5.26115e-05
-5.47307e-05
-5.55576e-05
-5.52839e-05
-5.41241e-05
-5.23066e-05
-5.00694e-05
-4.76255e-05
-4.50946e-05
0.000254876
0.000247808
0.000241439
0.000235839
0.00023099
0.000226881
0.000223503
0.000220847
0.000218894
0.000217625
0.000217015
0.000217035
0.000217651
0.000218826
0.000220519
0.000222683
0.000225268
0.000228221
0.000231485
0.000234998
0.000238697
0.000242517
0.00024639
0.000250249
0.000254023
0.000257643
0.00026104
0.000264145
0.00026689
0.000269208
0.000271035
0.000272306
0.000272959
0.000272935
0.000272178
0.000270631
0.000268246
0.000264974
0.000260773
0.000255606
0.000249441
0.000242258
0.000234044
0.000224798
0.000214535
0.000203281
0.000191084
0.000178007
0.000164134
0.000149574
0.000134451
0.000118911
0.000103117
8.72464e-05
7.14868e-05
5.60325e-05
4.10788e-05
2.68151e-05
1.34193e-05
1.05075e-06
-1.01531e-05
-2.00848e-05
-2.86706e-05
-3.58712e-05
-4.16865e-05
-4.61517e-05
-4.93409e-05
-5.13585e-05
-5.23359e-05
-5.24284e-05
-5.18062e-05
-5.06506e-05
-4.91572e-05
-4.7518e-05
-4.58341e-05
0.000188158
0.000183023
0.000178353
0.000174271
0.000170786
0.000167888
0.000165568
0.000163815
0.000162617
0.000161957
0.000161812
0.000162161
0.000162974
0.000164222
0.00016587
0.000167882
0.000170216
0.00017283
0.000175676
0.000178708
0.000181873
0.00018512
0.000188395
0.000191642
0.000194807
0.000197834
0.000200668
0.000203252
0.000205534
0.00020746
0.000208977
0.000210035
0.000210585
0.000210579
0.000209972
0.000208721
0.000206787
0.000204133
0.000200728
0.000196542
0.000191554
0.00018575
0.000179122
0.000171672
0.000163416
0.000154377
0.000144596
0.000134127
0.00012304
0.00011142
9.9368e-05
8.69989e-05
7.44414e-05
6.18345e-05
4.93238e-05
3.70604e-05
2.51946e-05
1.38722e-05
3.22999e-06
-6.60965e-06
-1.55412e-05
-2.34818e-05
-3.03751e-05
-3.61914e-05
-4.09309e-05
-4.46221e-05
-4.73215e-05
-4.91111e-05
-5.0093e-05
-5.03891e-05
-5.01324e-05
-4.94626e-05
-4.85328e-05
-4.75092e-05
-4.6509e-05
0.00012082
0.000117562
0.000114588
0.000112031
0.000109915
0.000108235
0.000106984
0.000106153
0.00010573
0.000105702
0.000106051
0.000106759
0.000107804
0.000109162
0.000110807
0.00011271
0.00011484
0.000117163
0.000119645
0.000122249
0.000124936
0.000127667
0.000130399
0.000133094
0.000135707
0.000138199
0.000140526
0.000142647
0.000144521
0.000146108
0.000147369
0.000148266
0.000148762
0.00014882
0.000148409
0.000147496
0.000146053
0.000144052
0.00014147
0.00013829
0.000134494
0.000130076
0.00012503
0.000119362
0.000113083
0.000106217
9.87943e-05
9.0859e-05
8.24644e-05
7.3677e-05
6.45733e-05
5.52395e-05
4.57729e-05
3.62765e-05
2.68587e-05
1.76318e-05
8.70621e-06
1.88634e-07
-7.82028e-06
-1.52309e-05
-2.19665e-05
-2.79668e-05
-3.31907e-05
-3.76181e-05
-4.12496e-05
-4.41079e-05
-4.62358e-05
-4.76955e-05
-4.8564e-05
-4.8933e-05
-4.89015e-05
-4.85753e-05
-4.80663e-05
-4.75052e-05
-4.70262e-05
5.30742e-05
5.16127e-05
5.03199e-05
4.9289e-05
4.85459e-05
4.80912e-05
4.79196e-05
4.80229e-05
4.83916e-05
4.90144e-05
4.98787e-05
5.09706e-05
5.22745e-05
5.37728e-05
5.54466e-05
5.72753e-05
5.92373e-05
6.13094e-05
6.34671e-05
6.56849e-05
6.79363e-05
7.01938e-05
7.24296e-05
7.46155e-05
7.6723e-05
7.87234e-05
8.05884e-05
8.22896e-05
8.37991e-05
8.50898e-05
8.61354e-05
8.69103e-05
8.73898e-05
8.75502e-05
8.73692e-05
8.68263e-05
8.59024e-05
8.45802e-05
8.28453e-05
8.06863e-05
7.80947e-05
7.50657e-05
7.15988e-05
6.76985e-05
6.3376e-05
5.86481e-05
5.3539e-05
4.80795e-05
4.23085e-05
3.62729e-05
3.00259e-05
2.36276e-05
1.71445e-05
1.06474e-05
4.21014e-06
-2.09137e-06
-8.18236e-06
-1.39913e-05
-1.94509e-05
-2.45012e-05
-2.9092e-05
-3.3184e-05
-3.67507e-05
-3.97801e-05
-4.22747e-05
-4.42519e-05
-4.57427e-05
-4.67911e-05
-4.74521e-05
-4.779e-05
-4.78742e-05
-4.7779e-05
-4.75798e-05
-4.73643e-05
-4.7264e-05
-1.49219e-05
-1.46493e-05
-1.42854e-05
-1.37926e-05
-1.31578e-05
-1.23802e-05
-1.14643e-05
-1.04167e-05
-9.24492e-06
-7.95715e-06
-6.56203e-06
-5.06878e-06
-3.48735e-06
-1.82863e-06
-1.04159e-07
1.67396e-06
3.49308e-06
5.3398e-06
7.20037e-06
9.06037e-06
1.09051e-05
1.27194e-05
1.44882e-05
1.61961e-05
1.78276e-05
1.93672e-05
2.07999e-05
2.21105e-05
2.32842e-05
2.43069e-05
2.51645e-05
2.58441e-05
2.63331e-05
2.66192e-05
2.66913e-05
2.65395e-05
2.61543e-05
2.55277e-05
2.46533e-05
2.35265e-05
2.21444e-05
2.05063e-05
1.86137e-05
1.64713e-05
1.40871e-05
1.14727e-05
8.64362e-06
5.61913e-06
2.42261e-06
-9.18123e-07
-4.37197e-06
-7.90473e-06
-1.14783e-05
-1.50529e-05
-1.8587e-05
-2.20386e-05
-2.53667e-05
-2.85321e-05
-3.14989e-05
-3.42354e-05
-3.67155e-05
-3.89198e-05
-4.08356e-05
-4.24594e-05
-4.37955e-05
-4.48566e-05
-4.56634e-05
-4.62434e-05
-4.66308e-05
-4.68652e-05
-4.69878e-05
-4.70446e-05
-4.70768e-05
-4.7131e-05
-4.73096e-05
-8.32404e-05
-8.12365e-05
-7.92261e-05
-7.72091e-05
-7.51879e-05
-7.31667e-05
-7.11508e-05
-6.91461e-05
-6.7158e-05
-6.51916e-05
-6.32518e-05
-6.13431e-05
-5.94696e-05
-5.76356e-05
-5.58452e-05
-5.41022e-05
-5.24103e-05
-5.07731e-05
-4.91936e-05
-4.76751e-05
-4.62208e-05
-4.48333e-05
-4.35155e-05
-4.22696e-05
-4.10983e-05
-4.00039e-05
-3.89883e-05
-3.80533e-05
-3.72006e-05
-3.64318e-05
-3.57483e-05
-3.51506e-05
-3.46395e-05
-3.42154e-05
-3.38784e-05
-3.36285e-05
-3.3465e-05
-3.33872e-05
-3.33938e-05
-3.34827e-05
-3.3652e-05
-3.38985e-05
-3.42191e-05
-3.46092e-05
-3.5064e-05
-3.55776e-05
-3.61434e-05
-3.67539e-05
-3.74012e-05
-3.80764e-05
-3.87703e-05
-3.94737e-05
-4.0176e-05
-4.08674e-05
-4.15377e-05
-4.21777e-05
-4.27787e-05
-4.3333e-05
-4.38348e-05
-4.42794e-05
-4.46641e-05
-4.49889e-05
-4.52553e-05
-4.54676e-05
-4.56322e-05
-4.57581e-05
-4.58553e-05
-4.59364e-05
-4.60158e-05
-4.61091e-05
-4.62302e-05
-4.63972e-05
-4.66225e-05
-4.69173e-05
-4.73273e-05
)
;

boundaryField
{
    leftWall
    {
        type            fixedFluxPressure;
        gradient        nonuniform List<scalar> 0();
        value           nonuniform List<scalar> 0();
    }
    rightWall
    {
        type            fixedFluxPressure;
        gradient        nonuniform List<scalar> 0();
        value           nonuniform List<scalar> 0();
    }
    lowerWall
    {
        type            fixedFluxPressure;
        gradient        uniform 0;
        value           nonuniform List<scalar> 
75
(
49.8753
49.8465
49.8138
49.7791
49.7448
49.7129
49.6847
49.6602
49.6388
49.6195
49.6018
49.5852
49.5697
49.5549
49.5402
49.5248
49.5079
49.4892
49.4685
49.4462
49.4225
49.3973
49.3705
49.3418
49.311
49.2778
49.2419
49.2034
49.1626
49.1197
49.0755
49.0304
48.9849
48.9391
48.8931
48.8473
48.802
48.7579
48.7152
48.6744
48.6362
48.6013
48.5704
48.5439
48.5216
48.5026
48.4848
48.4661
48.4439
48.4159
48.3799
48.3341
48.2771
48.2087
48.129
48.0384
47.9376
47.8278
47.7109
47.5899
47.4682
47.3492
47.2359
47.1311
47.0376
46.9584
46.8922
46.8367
46.7915
46.7577
46.7339
46.7147
46.6945
46.6686
46.6334
)
;
    }
    atmosphere
    {
        type            totalPressure;
        rho             rho;
        psi             none;
        gamma           1;
        p0              uniform 0;
        value           nonuniform List<scalar> 
75
(
-0.000117633
-0.000114745
-0.000111904
-0.000109118
-0.000106395
-0.000103744
-0.000101169
-9.86777e-05
-9.62735e-05
-9.39602e-05
-9.1741e-05
-8.96179e-05
-8.75918e-05
-8.56638e-05
-8.38346e-05
-8.21035e-05
-8.04698e-05
-7.89324e-05
-7.74884e-05
-7.61361e-05
-7.48726e-05
-7.36944e-05
-7.2598e-05
-7.15791e-05
-7.06338e-05
-6.97587e-05
-6.89481e-05
-6.81975e-05
-6.75022e-05
-6.6857e-05
-6.62576e-05
-6.56977e-05
-6.51725e-05
-6.46762e-05
-6.42034e-05
-6.375e-05
-6.33095e-05
-6.28775e-05
-6.24478e-05
-6.20153e-05
-6.15765e-05
-6.11258e-05
-6.06603e-05
-6.01746e-05
-5.96664e-05
-5.91321e-05
-5.85699e-05
-5.79781e-05
-5.73567e-05
-5.67055e-05
-5.60274e-05
-5.5325e-05
-5.46011e-05
-5.38608e-05
-5.3109e-05
-5.23529e-05
-5.15994e-05
-5.08559e-05
-5.01317e-05
-4.94359e-05
-4.87764e-05
-4.81639e-05
-4.76056e-05
-4.71107e-05
-4.6686e-05
-4.63395e-05
-4.60758e-05
-4.59005e-05
-4.58178e-05
-4.58315e-05
-4.59447e-05
-4.61576e-05
-4.64703e-05
-4.68841e-05
-4.73983e-05
)
;
    }
    defaultFaces
    {
        type            empty;
    }
    procBoundary1to0
    {
        type            processor;
        value           nonuniform List<scalar> 
40
(
49.8984
37.5489
-0.000208801
0.000605871
0.000818978
0.000561691
0.000820016
0.000600053
0.000780199
0.000828331
0.000916202
0.000980685
0.00103158
0.00106955
0.0010957
0.00111018
0.00111337
0.00110661
0.00109161
0.00106956
0.00104113
0.00100682
0.000967263
0.000923092
0.000874921
0.000823314
0.000768767
0.000711668
0.000652299
0.000590899
0.000527721
0.00046304
0.000397132
0.000330229
0.000262497
0.000194039
0.00012494
5.5318e-05
-1.46918e-05
-8.51106e-05
)
;
    }
    procBoundary1to2
    {
        type            processor;
        value           nonuniform List<scalar> 
40
(
46.5889
26.6658
0.00415124
0.00445631
0.00357703
0.00310737
0.00244752
0.00201567
0.00163318
0.00131787
0.0010553
0.000838118
0.000660873
0.000517411
0.000402013
0.000309796
0.000236266
0.000177398
0.000130276
9.30337e-05
6.40165e-05
4.13211e-05
2.31777e-05
8.46792e-06
-3.32793e-06
-1.25387e-05
-1.96468e-05
-2.52487e-05
-2.98231e-05
-3.36448e-05
-3.68255e-05
-3.94187e-05
-4.14879e-05
-4.31226e-05
-4.44501e-05
-4.55865e-05
-4.65066e-05
-4.71095e-05
-4.74834e-05
-4.78014e-05
)
;
    }
}


// ************************************************************************* //
