0 	1.00012
0.0028575 	1.00007
0.005715 	1.00002
0.0085725 	1
0.01143 	1
0.0142875 	1
0.017145 	1
0.0200025 	1
0.02286 	1
0.0257175 	1
0.028575 	1
0.0314325 	1
0.03429 	1
0.0371475 	1
0.040005 	1
0.0428625 	1
0.04572 	1
0.0485775 	1
0.051435 	1
0.0542925 	1
0.05715 	1
0.0600075 	1
0.062865 	1
0.0657225 	1
0.06858 	1
0.0714375 	1
0.074295 	1
0.0771525 	1
0.08001 	1
0.0828675 	1
0.085725 	1
0.0885825 	1
0.09144 	0.999999
0.0942975 	0.999999
0.097155 	0.999999
0.100012 	0.999997
0.10287 	0.9015
0.105727 	0.465225
0.108585 	0.0644101
0.111442 	0.000744004
0.1143 	5.97828e-05
0.117157 	3.72014e-06
0.120015 	1.88956e-07
0.122872 	8.11808e-09
0.12573 	3.0013e-10
0.128587 	1.06835e-11
0.131445 	3.97839e-13
0.134302 	2.66533e-14
0.13716 	7.62734e-16
0.140017 	1.41787e-17
0.142875 	2.42857e-19
0.145732 	3.76924e-21
0.14859 	5.26759e-23
0.151447 	6.64722e-25
0.154305 	7.59222e-27
0.157162 	7.8647e-29
0.16002 	7.40221e-31
0.162877 	6.34013e-33
0.165735 	4.94891e-35
0.168592 	3.52488e-37
0.17145 	2.29349e-39
0.174307 	1.36461e-41
0.177165 	7.43151e-44
0.180022 	3.70734e-46
0.18288 	1.69547e-48
0.185737 	7.11297e-51
0.188595 	2.73915e-53
0.191452 	9.68779e-56
0.19431 	3.14847e-58
0.197167 	9.40679e-61
0.200025 	2.58484e-63
0.202882 	6.53496e-66
0.20574 	1.52063e-68
0.208597 	3.25774e-71
0.211455 	6.4276e-74
0.214312 	3.90701e-79
0.214312 	2.3326e-76
0.21717 	1.95652e-79
0.220027 	3.02002e-82
0.222885 	4.29718e-85
0.225743 	5.63762e-88
0.2286 	6.8206e-91
0.231458 	7.61088e-94
0.234315 	7.83426e-97
0.237173 	7.43997e-100
0.24003 	6.51944e-103
0.242888 	5.27188e-106
0.245745 	3.93446e-109
0.248603 	2.71025e-112
0.25146 	1.72337e-115
0.254317 	1.01165e-118
0.257175 	5.48274e-122
0.260032 	2.74354e-125
0.26289 	1.26765e-128
0.265748 	5.4159e-132
0.268605 	2.22593e-135
0.271462 	8.4757e-139
0.27432 	2.98518e-142
0.277178 	1.104e-145
0.280035 	9.05773e-147
0.282892 	2.56743e-149
0.28575 	1.06335e-152
0.288608 	4.0374e-156
0.291465 	1.40751e-159
0.294322 	4.50603e-163
0.29718 	1.32557e-166
0.300038 	3.58608e-170
0.302895 	8.92885e-174
0.305752 	2.04753e-177
0.30861 	4.32671e-181
0.311468 	8.42838e-185
0.314325 	1.51389e-188
0.317182 	2.50762e-192
0.32004 	3.83059e-196
0.322898 	5.39638e-200
0.325755 	7.01055e-204
0.328612 	8.39827e-208
0.33147 	9.27662e-212
0.334327 	9.44776e-216
0.337185 	8.87133e-220
0.340043 	7.67983e-224
0.3429 	6.1291e-228
0.345757 	4.50926e-232
0.348615 	3.05817e-236
0.351473 	1.91184e-240
0.35433 	1.1017e-244
0.357187 	5.85166e-249
0.360045 	2.86475e-253
0.362903 	1.29264e-257
0.36576 	5.37588e-262
0.368617 	2.06067e-266
0.371475 	7.2803e-271
0.374333 	2.37063e-275
0.37719 	7.11441e-280
0.380047 	1.96777e-284
0.382905 	5.01617e-289
0.385763 	1.1785e-293
0.38862 	2.55171e-298
0.391477 	5.09173e-303
0.394335 	9.36335e-308
0.397193 	1.58691e-312
0.40005 	2.48275e-317
0.402907 	0
0.405765 	0
0.408622 	0
0.41148 	0
0.414338 	0
0.417195 	0
0.420052 	0
0.42291 	0
0.425768 	0
0.428625 	0
0.428625 	0
0.431483 	0
0.43434 	0
0.437198 	0
0.440055 	0
0.442913 	0
0.44577 	0
0.448628 	0
0.451485 	0
0.454343 	0
0.4572 	0
0.460058 	0
0.462915 	0
0.465773 	0
0.46863 	0
0.471488 	0
0.474345 	0
0.477203 	0
0.48006 	0
0.482918 	0
0.485775 	0
0.488633 	0
0.49149 	0
0.494348 	0
0.497205 	0
0.500063 	0
0.50292 	0
0.505778 	0
0.508635 	0
0.511493 	0
0.51435 	0
0.517208 	0
0.520065 	0
0.522923 	0
0.52578 	0
0.528638 	0
0.531495 	0
0.534353 	0
0.53721 	0
0.540068 	0
0.542925 	0
0.545783 	0
0.54864 	0
0.551498 	0
0.554355 	0
0.557213 	0
0.56007 	0
0.562928 	0
0.565785 	0
0.568643 	0
0.5715 	0
0.574358 	0
0.577215 	0
0.580073 	0
0.58293 	0
0.585788 	0
0.588645 	0
0.591503 	0
0.59436 	0
0.597217 	0
0.600075 	0
0.602932 	0
0.60579 	0
0.608648 	0
0.611505 	0
0.614363 	0
0.61722 	0
0.620077 	0
0.622935 	0
0.625792 	0
0.62865 	0
0.631507 	0
0.634365 	0
0.637222 	0
0.64008 	0
0.642937 	0
0.642938 	0
0.645795 	0
0.648652 	0
0.65151 	0
0.654367 	0
0.657225 	0
0.660083 	0
0.66294 	0
0.665797 	0
0.668655 	0
0.671512 	0
0.67437 	0
0.677227 	0
0.680085 	0
0.682942 	0
0.6858 	0
0.688657 	0
0.691515 	0
0.694372 	0
0.69723 	0
0.700087 	0
0.702945 	0
0.705802 	0
0.70866 	0
0.711517 	0
0.714375 	0
0.717232 	0
0.72009 	0
0.722947 	0
0.725805 	0
0.728662 	0
0.73152 	0
0.734377 	0
0.737235 	0
0.740092 	0
0.74295 	0
0.745807 	0
0.748665 	0
0.751522 	0
0.75438 	0
0.757237 	0
0.760095 	0
0.762952 	0
0.76581 	0
0.768667 	0
0.771525 	0
0.774382 	0
0.77724 	0
0.780097 	0
0.782955 	0
0.785812 	0
0.78867 	0
0.791527 	0
0.794385 	0
0.797242 	0
0.8001 	0
0.802957 	0
0.805815 	0
0.808672 	0
0.81153 	0
0.814387 	0
0.817245 	0
0.820102 	0
0.82296 	0
0.825817 	0
0.828675 	0
0.831532 	0
0.83439 	0
0.837247 	0
0.840105 	0
0.842962 	0
0.84582 	0
0.848677 	0
0.851535 	0
0.854392 	0
0.85725 	0
