/*--------------------------------*- C++ -*----------------------------------*\
| =========                 |                                                 |
| \\      /  F ield         | OpenFOAM: The Open Source CFD Toolbox           |
|  \\    /   O peration     | Version:  2606                                  |
|   \\  /    A nd           | Website:  www.openfoam.com                      |
|    \\/     M anipulation  |                                                 |
\*---------------------------------------------------------------------------*/
FoamFile
{
    version     2.0;
    format      ascii;
    arch        "LSB;label=32;scalar=64";
    class       volScalarField;
    location    "200";
    object      yPlus;
}
// * * * * * * * * * * * * * * * * * * * * * * * * * * * * * * * * * * * * * //

dimensions      [0 0 0 0 0 0 0];

internalField   uniform 0;

boundaryField
{
    inlet
    {
        type            calculated;
        value           uniform 0;
    }
    outlet
    {
        type            calculated;
        value           uniform 0;
    }
    walls
    {
        type            calculated;
        value           nonuniform List<scalar> 
500
(
25.5029311039
30.9809026379
34.3809510183
36.1283621396
36.875730867
37.0437544305
37.0035777811
36.8948928766
36.7684615615
36.6783378521
36.6529025212
36.6673469013
36.7088878777
36.7822401737
36.86431263
36.9459044575
37.0250904146
37.0986565971
37.1694666352
37.2356638799
37.301252545
37.362868866
37.4247336491
37.4814634284
37.5377354905
37.587279802
37.633781062
37.674362433
37.7076603003
37.7355895308
37.7569355872
37.7725136985
37.7821907515
37.7874545275
37.7871867823
37.7850422204
37.7799631358
37.7724070214
37.7633755197
37.7537554219
37.7432226689
37.7327772457
37.7221729102
37.7125704342
37.7032919331
37.6955461707
37.6882268891
37.6825305031
37.6773592803
37.6733395157
37.670201828
37.6677203307
37.6659543478
37.664779045
37.6640690973
37.6638120346
37.6638900307
37.664144334
37.664668259
37.6653326592
37.666095636
37.6668725817
37.6676768583
37.6684385069
37.6692023544
37.6698868289
37.6705651825
37.6711351313
37.6716979287
37.6721411809
37.6725622561
37.6728988143
37.6731696548
37.6733932581
37.6735607788
37.6736810138
37.6737583713
37.6738043576
37.6738113879
37.6738016032
37.6737751366
37.673728795
37.673671672
37.6736093841
37.6735413302
37.6734709558
37.67339993
37.6733325622
37.6732688917
37.6732123821
37.6731613822
37.6731182173
37.6730812919
37.6730504837
37.6730264728
37.6730074166
37.6729930898
37.6729831178
37.6729769635
37.6729734346
37.6729734541
37.6729745208
37.6729771721
37.6729814233
37.672986428
37.6729917669
37.6729972306
37.6730025799
37.6730078113
37.6730127129
37.6730173356
37.6730215405
37.6730253043
37.673028707
37.6730315059
37.6730340427
37.6730360812
37.6730377103
37.6730390097
37.6730400113
37.6730407442
37.6730412485
37.6730415467
37.6730417088
37.6730416902
37.6730416272
37.6730414746
37.6730412527
37.6730409817
37.6730407031
37.6730403959
37.6730400979
37.6730397786
37.6730394741
37.6730391553
37.6730388629
37.6730385589
37.6730382937
37.6730380199
37.6730377952
37.6730375661
37.6730373902
37.6730372017
37.6730370653
37.673036912
37.6730367852
37.673036663
37.6730365482
37.6730364416
37.6730363459
37.6730362673
37.6730362067
37.6730361596
37.6730361353
37.6730361272
37.6730361287
37.6730361335
37.6730361426
37.6730361505
37.6730361545
37.6730361557
37.6730361547
37.6730361604
37.6730361695
37.6730361859
37.6730362064
37.6730362345
37.673036268
37.673036308
37.6730363486
37.6730363828
37.6730364162
37.6730364395
37.6730364626
37.6730364741
37.673036489
37.6730364994
37.6730365134
37.6730365302
37.6730365476
37.6730365691
37.6730365898
37.673036611
37.6730366312
37.6730366503
37.6730366673
37.6730366807
37.6730366922
37.6730367004
37.6730367059
37.6730367103
37.6730367138
37.6730367172
37.6730367211
37.6730367254
37.6730367315
37.6730367376
37.6730367431
37.6730367484
37.6730367529
37.6730367562
37.6730367586
37.673036759
37.6730367588
37.6730367569
37.6730367547
37.6730367543
37.6730367534
37.6730367533
37.6730367531
37.6730367539
37.6730367539
37.6730367545
37.6730367548
37.6730367524
37.6730367508
37.6730367511
37.67303675
37.6730367487
37.6730367489
37.6730367495
37.6730367515
37.6730367531
37.6730367555
37.6730367558
37.6730367555
37.6730367546
37.6730367528
37.6730367502
37.6730367471
37.6730367473
37.6730367465
37.6730367465
37.6730367469
37.6730367465
37.6730367463
37.6730367468
37.6730367466
37.6730367476
37.6730367488
37.6730367484
37.6730367494
37.6730367505
37.6730367501
37.6730367496
37.6730367491
37.6730367496
37.6730367502
37.67303675
37.6730367508
37.6730367523
37.6730367544
37.6730367563
37.6730367566
37.6730367557
37.6730367556
37.6730367546
37.6730367532
37.6730367532
37.6730367532
37.6730367537
37.673036755
37.6730367564
37.6730367566
37.6730367576
37.6730367559
37.6730367557
37.6730367556
37.6730367554
37.6730367555
37.6730367552
37.6730367557
37.6730367553
37.6730367551
37.6730367534
37.673036751
37.67303675
37.6730367496
37.6730367489
37.6730367491
37.6730367493
37.6730367501
37.6730367512
37.6730367521
37.6730367527
37.6730367533
37.6730367543
37.6730367539
37.673036753
37.6730367534
37.6730367539
37.6730367526
37.6730367518
37.6730367525
37.6730367526
37.6730367524
37.6730367533
37.6730367544
37.6730367561
37.6730367569
37.6730367585
37.6730367576
37.6730367573
37.6730367553
37.6730367526
37.6730367522
37.673036752
37.6730367519
37.6730367526
37.6730367546
37.6730367567
37.6730367591
37.673036759
37.673036759
37.6730367581
37.6730367543
37.6730367523
37.6730367525
37.6730367503
37.6730367513
37.6730367516
37.6730367526
37.6730367537
37.6730367552
37.6730367551
37.6730367548
37.6730367544
37.6730367524
37.673036752
37.6730367516
37.6730367505
37.673036751
37.6730367519
37.6730367518
37.6730367522
37.6730367531
37.6730367529
37.6730367523
37.6730367524
37.6730367538
37.6730367535
37.6730367538
37.6730367519
37.6730367522
37.6730367506
37.673036751
37.6730367523
37.6730367524
37.673036752
37.6730367525
37.6730367525
37.6730367525
37.6730367536
37.6730367551
37.6730367575
37.6730367576
37.673036757
37.6730367532
37.6730367507
37.6730367501
37.6730367469
37.673036747
37.6730367461
37.6730367472
37.6730367507
37.6730367518
37.6730367544
37.6730367587
37.6730367596
37.6730367609
37.673036759
37.6730367572
37.6730367536
37.6730367523
37.6730367512
37.6730367493
37.67303675
37.6730367513
37.673036754
37.6730367573
37.6730367592
37.6730367608
37.6730367599
37.6730367603
37.673036758
37.6730367566
37.6730367531
37.6730367518
37.6730367515
37.6730367503
37.6730367503
37.6730367513
37.6730367513
37.6730367529
37.6730367557
37.6730367571
37.6730367584
37.6730367578
37.6730367581
37.6730367562
37.6730367542
37.6730367512
37.6730367492
37.6730367472
37.6730367471
37.6730367475
37.6730367492
37.6730367537
37.6730367557
37.6730367577
37.6730367591
37.6730367576
37.673036755
37.6730367538
37.673036752
37.6730367499
37.6730367489
37.6730367494
37.6730367509
37.6730367529
37.6730367546
37.6730367551
37.6730367548
37.6730367563
37.673036756
37.6730367564
37.673036757
37.6730367563
37.6730367555
37.6730367539
37.6730367541
37.6730367522
37.6730367523
37.6730367521
37.6730367531
37.6730367538
37.6730367538
37.6730367563
37.6730367581
37.6730367576
37.6730367579
37.6730367567
37.6730367551
37.6730367533
37.6730367525
37.6730367504
37.6730367495
37.6730367501
37.6730367509
37.6730367527
37.6730367547
37.6730367581
37.6730367573
37.6730367556
37.6730367536
37.6730367515
37.673036749
37.6730367472
37.673036745
37.6730367455
37.6730367462
37.6730367478
37.6730367501
37.6730367528
37.673036756
37.673036756
37.6730367566
37.6730367564
37.6730367559
37.673036754
37.6730367534
37.6730367521
37.6730367518
37.6730367529
37.6730367527
37.6730367523
37.6730367528
37.6730367524
37.6730367527
37.6730367543
37.6730367539
37.6730367528
37.6730367527
37.6730367532
37.6730367513
37.6730367518
37.6730367529
37.6730367546
37.6730367537
37.6730367539
37.6730367549
37.6730367565
37.6730367559
37.6730367567
37.6730367569
37.673036757
37.6730367581
37.6730367594
37.6730367608
37.6730367601
)
;
    }
    wedge1
    {
        type            wedge;
    }
    wedge2
    {
        type            wedge;
    }
    defaultFaces
    {
        type            empty;
    }
}


// ************************************************************************* //
