/*--------------------------------*- C++ -*----------------------------------*\
| =========                 |                                                 |
| \\      /  F ield         | OpenFOAM: The Open Source CFD Toolbox           |
|  \\    /   O peration     | Version:  2606                                  |
|   \\  /    A nd           | Website:  www.openfoam.com                      |
|    \\/     M anipulation  |                                                 |
\*---------------------------------------------------------------------------*/
FoamFile
{
    version     2.0;
    format      ascii;
    arch        "LSB;label=32;scalar=64";
    class       volScalarField;
    location    "0.075";
    object      p;
}
// * * * * * * * * * * * * * * * * * * * * * * * * * * * * * * * * * * * * * //

dimensions      [1 -1 -2 0 0 0 0];

internalField   nonuniform List<scalar> 
1200
(
0
-0.32711322
-3.294286
-8.4879374
-15.952244
-26.697802
-42.7752
-66.211332
-99.936068
-151.04566
-222.14116
-296.75381
-358.73081
-401.13226
-423.02222
-435.1321
-437.47434
-438.03337
-438.32285
-438.48642
-438.60322
-438.68697
-438.74594
-438.7877
-438.81741
-438.83864
-438.85389
-438.86489
-438.87285
-438.87862
-438.88282
-438.88587
-438.88809
-438.88971
-438.8909
-438.89176
-438.89239
-438.89286
-438.8932
-438.89344
-438.89362
-438.89376
-438.89385
-438.89393
-438.89398
-438.89402
-438.89404
-438.89406
-438.89408
-438.89409
-438.8941
-438.89411
-438.89411
-438.89411
-438.89411
-438.89412
-438.89412
-438.89412
-438.89412
-438.89412
-438.89412
-438.89412
-438.89412
-438.89412
-438.89412
-438.89412
-438.89412
-438.89412
-438.89412
-438.89412
-438.89412
-438.89412
-438.89412
-438.89412
-438.89412
-438.89412
-438.89412
-438.89412
-438.89412
-438.89412
-438.89412
-438.89412
-438.89412
-438.89412
-438.89412
-438.89412
-438.89412
-438.89412
-438.89412
-438.89412
-438.89412
-438.89412
-438.89412
-438.89412
-438.89412
-438.89412
-438.89412
-438.89412
-438.89412
-438.89412
-438.89412
-438.89412
-438.89412
-438.89412
-438.89412
-438.89412
-438.89412
-438.89412
-438.89412
-438.89412
-438.89412
-438.89412
-438.89412
-438.89412
-438.89412
-438.89412
-438.89412
-438.89412
-438.89412
-438.89412
-71.209081
-71.859393
-75.10788
-80.61245
-88.575673
-100.15723
-117.64606
-142.96008
-179.41506
-238.48878
-325.55825
-402.82511
-429.6237
-438.83647
-440.4776
-440.58241
-439.87735
-438.90532
-438.61298
-438.64121
-438.72236
-438.78757
-438.83594
-438.87119
-438.89665
-438.91506
-438.92841
-438.93811
-438.94516
-438.9503
-438.95405
-438.95678
-438.95878
-438.96023
-438.9613
-438.96208
-438.96264
-438.96306
-438.96337
-438.96359
-438.96375
-438.96387
-438.96396
-438.96402
-438.96407
-438.96411
-438.96413
-438.96415
-438.96416
-438.96417
-438.96418
-438.96419
-438.96419
-438.96419
-438.9642
-438.9642
-438.9642
-438.9642
-438.9642
-438.9642
-438.9642
-438.9642
-438.9642
-438.9642
-438.9642
-438.9642
-438.9642
-438.9642
-438.9642
-438.9642
-438.9642
-438.9642
-438.9642
-438.9642
-438.9642
-438.9642
-438.9642
-438.9642
-438.9642
-438.9642
-438.9642
-438.9642
-438.9642
-438.9642
-438.9642
-438.9642
-438.9642
-438.9642
-438.9642
-438.9642
-438.9642
-438.9642
-438.9642
-438.9642
-438.9642
-438.9642
-438.9642
-438.9642
-438.9642
-438.9642
-438.9642
-438.9642
-438.9642
-438.9642
-438.9642
-438.9642
-438.9642
-438.9642
-438.9642
-438.9642
-438.9642
-438.9642
-438.9642
-438.9642
-438.9642
-438.9642
-438.9642
-438.9642
-438.9642
-438.9642
-143.12081
-144.30124
-148.01485
-154.09453
-163.03336
-176.28811
-196.21777
-224.05057
-267.44726
-345.8293
-419.81844
-438.4591
-439.68285
-439.67377
-440.37874
-440.90942
-440.441
-439.48931
-439.01281
-438.91024
-438.90559
-438.92506
-438.94815
-438.96855
-438.98491
-438.99753
-439.00708
-439.01422
-439.01952
-439.02344
-439.02633
-439.02845
-439.03001
-439.03115
-439.03199
-439.0326
-439.03305
-439.03338
-439.03362
-439.0338
-439.03393
-439.03402
-439.03409
-439.03414
-439.03418
-439.03421
-439.03423
-439.03424
-439.03425
-439.03426
-439.03427
-439.03427
-439.03427
-439.03428
-439.03428
-439.03428
-439.03428
-439.03428
-439.03428
-439.03428
-439.03428
-439.03428
-439.03428
-439.03428
-439.03428
-439.03428
-439.03428
-439.03428
-439.03428
-439.03428
-439.03428
-439.03428
-439.03428
-439.03428
-439.03428
-439.03428
-439.03428
-439.03428
-439.03428
-439.03428
-439.03428
-439.03428
-439.03428
-439.03428
-439.03428
-439.03428
-439.03428
-439.03428
-439.03428
-439.03428
-439.03428
-439.03428
-439.03428
-439.03428
-439.03428
-439.03428
-439.03428
-439.03428
-439.03428
-439.03428
-439.03428
-439.03428
-439.03428
-439.03428
-439.03428
-439.03428
-439.03428
-439.03428
-439.03428
-439.03428
-439.03428
-439.03428
-439.03428
-439.03428
-439.03428
-439.03428
-439.03428
-439.03428
-439.03428
-439.03428
-215.37522
-217.17477
-221.45829
-228.34255
-238.68801
-254.17215
-276.43437
-307.77081
-360.25747
-424.30408
-439.40164
-439.93397
-439.86175
-439.8349
-440.15423
-440.35683
-440.17219
-439.68538
-439.30864
-439.15281
-439.0907
-439.07079
-439.06832
-439.07246
-439.07817
-439.08372
-439.08848
-439.09234
-439.09536
-439.09766
-439.0994
-439.1007
-439.10166
-439.10238
-439.1029
-439.10329
-439.10358
-439.10379
-439.10394
-439.10405
-439.10413
-439.10419
-439.10424
-439.10427
-439.1043
-439.10431
-439.10433
-439.10434
-439.10434
-439.10435
-439.10435
-439.10435
-439.10436
-439.10436
-439.10436
-439.10436
-439.10436
-439.10436
-439.10436
-439.10436
-439.10436
-439.10436
-439.10436
-439.10436
-439.10436
-439.10436
-439.10436
-439.10436
-439.10436
-439.10436
-439.10436
-439.10436
-439.10436
-439.10436
-439.10436
-439.10436
-439.10436
-439.10436
-439.10436
-439.10436
-439.10436
-439.10436
-439.10436
-439.10436
-439.10436
-439.10436
-439.10436
-439.10436
-439.10436
-439.10436
-439.10436
-439.10436
-439.10436
-439.10436
-439.10436
-439.10436
-439.10436
-439.10436
-439.10436
-439.10436
-439.10436
-439.10436
-439.10436
-439.10436
-439.10436
-439.10436
-439.10436
-439.10436
-439.10436
-439.10436
-439.10436
-439.10436
-439.10436
-439.10436
-439.10436
-439.10436
-439.10436
-439.10436
-439.10436
-439.10436
-288.01455
-290.61698
-295.34923
-302.71014
-314.03368
-331.10206
-355.68289
-389.07131
-426.25587
-439.73547
-440.08424
-440.01754
-439.92358
-439.93485
-440.0475
-440.06907
-439.92908
-439.67654
-439.45545
-439.3208
-439.24482
-439.20494
-439.18497
-439.17653
-439.17252
-439.17119
-439.17107
-439.17145
-439.17197
-439.17249
-439.17293
-439.17329
-439.17358
-439.1738
-439.17396
-439.17409
-439.17418
-439.17425
-439.1743
-439.17434
-439.17437
-439.17439
-439.1744
-439.17441
-439.17442
-439.17443
-439.17443
-439.17443
-439.17444
-439.17444
-439.17444
-439.17444
-439.17444
-439.17444
-439.17444
-439.17444
-439.17444
-439.17444
-439.17444
-439.17444
-439.17444
-439.17444
-439.17444
-439.17444
-439.17444
-439.17444
-439.17444
-439.17444
-439.17444
-439.17444
-439.17444
-439.17444
-439.17444
-439.17444
-439.17444
-439.17444
-439.17444
-439.17444
-439.17444
-439.17444
-439.17444
-439.17444
-439.17444
-439.17444
-439.17444
-439.17444
-439.17444
-439.17444
-439.17444
-439.17444
-439.17444
-439.17444
-439.17444
-439.17444
-439.17444
-439.17444
-439.17444
-439.17444
-439.17444
-439.17444
-439.17444
-439.17444
-439.17444
-439.17444
-439.17444
-439.17444
-439.17444
-439.17444
-439.17444
-439.17444
-439.17444
-439.17444
-439.17444
-439.17444
-439.17444
-439.17444
-439.17444
-439.17444
-439.17444
-439.17444
-358.8185
-362.37774
-367.23761
-373.8925
-384.31893
-398.90141
-418.32616
-434.48642
-439.63591
-439.92787
-440.00579
-439.99846
-439.97075
-439.97427
-439.99057
-439.9537
-439.84133
-439.68694
-439.54664
-439.44193
-439.36994
-439.32324
-439.29395
-439.27602
-439.26483
-439.25782
-439.25339
-439.25053
-439.24866
-439.24741
-439.24656
-439.24598
-439.24557
-439.24527
-439.24507
-439.24492
-439.24481
-439.24473
-439.24467
-439.24463
-439.2446
-439.24458
-439.24457
-439.24455
-439.24455
-439.24454
-439.24453
-439.24453
-439.24453
-439.24453
-439.24453
-439.24452
-439.24452
-439.24452
-439.24452
-439.24452
-439.24452
-439.24452
-439.24452
-439.24452
-439.24452
-439.24452
-439.24452
-439.24452
-439.24452
-439.24452
-439.24452
-439.24452
-439.24452
-439.24452
-439.24452
-439.24452
-439.24452
-439.24452
-439.24452
-439.24452
-439.24452
-439.24452
-439.24452
-439.24452
-439.24452
-439.24452
-439.24452
-439.24452
-439.24452
-439.24452
-439.24452
-439.24452
-439.24452
-439.24452
-439.24452
-439.24452
-439.24452
-439.24452
-439.24452
-439.24452
-439.24452
-439.24452
-439.24452
-439.24452
-439.24452
-439.24452
-439.24452
-439.24452
-439.24452
-439.24452
-439.24452
-439.24452
-439.24452
-439.24452
-439.24452
-439.24452
-439.24452
-439.24452
-439.24452
-439.24452
-439.24452
-439.24452
-439.24452
-439.24452
-414.47804
-417.07724
-420.33328
-423.43516
-429.30477
-435.47052
-439.73074
-440.05748
-439.91917
-439.97987
-439.99506
-440.00129
-439.99793
-439.99221
-439.9763
-439.92706
-439.83889
-439.73008
-439.62647
-439.54085
-439.4752
-439.42732
-439.39345
-439.36992
-439.35359
-439.34224
-439.33431
-439.32874
-439.32479
-439.32197
-439.31995
-439.31849
-439.31744
-439.31667
-439.31611
-439.31571
-439.31541
-439.31519
-439.31503
-439.31492
-439.31483
-439.31477
-439.31473
-439.31469
-439.31467
-439.31465
-439.31464
-439.31463
-439.31462
-439.31462
-439.31461
-439.31461
-439.31461
-439.31461
-439.31461
-439.3146
-439.3146
-439.3146
-439.3146
-439.3146
-439.3146
-439.3146
-439.3146
-439.3146
-439.3146
-439.3146
-439.3146
-439.3146
-439.3146
-439.3146
-439.3146
-439.3146
-439.3146
-439.3146
-439.3146
-439.3146
-439.3146
-439.3146
-439.3146
-439.3146
-439.3146
-439.3146
-439.3146
-439.3146
-439.3146
-439.3146
-439.3146
-439.3146
-439.3146
-439.3146
-439.3146
-439.3146
-439.3146
-439.3146
-439.3146
-439.3146
-439.3146
-439.3146
-439.3146
-439.3146
-439.3146
-439.3146
-439.3146
-439.3146
-439.3146
-439.3146
-439.3146
-439.3146
-439.3146
-439.3146
-439.3146
-439.3146
-439.3146
-439.3146
-439.3146
-439.3146
-439.3146
-439.3146
-439.3146
-439.3146
-438.33502
-438.80355
-439.54009
-439.61945
-439.62864
-439.68675
-439.83924
-439.98666
-439.98655
-439.99625
-440.01261
-440.02227
-440.0213
-440.0122
-439.9866
-439.9381
-439.86683
-439.78302
-439.70023
-439.62723
-439.5672
-439.52009
-439.48428
-439.4576
-439.43795
-439.42356
-439.41307
-439.40541
-439.39983
-439.39576
-439.39279
-439.39061
-439.38902
-439.38786
-439.38701
-439.38639
-439.38593
-439.3856
-439.38535
-439.38517
-439.38504
-439.38495
-439.38487
-439.38482
-439.38479
-439.38476
-439.38474
-439.38472
-439.38471
-439.3847
-439.3847
-439.38469
-439.38469
-439.38469
-439.38469
-439.38469
-439.38469
-439.38468
-439.38468
-439.38468
-439.38468
-439.38468
-439.38468
-439.38468
-439.38468
-439.38468
-439.38468
-439.38468
-439.38468
-439.38468
-439.38468
-439.38468
-439.38468
-439.38468
-439.38468
-439.38468
-439.38468
-439.38468
-439.38468
-439.38468
-439.38468
-439.38468
-439.38468
-439.38468
-439.38468
-439.38468
-439.38468
-439.38468
-439.38468
-439.38468
-439.38468
-439.38468
-439.38468
-439.38468
-439.38468
-439.38468
-439.38468
-439.38468
-439.38468
-439.38468
-439.38468
-439.38468
-439.38468
-439.38468
-439.38468
-439.38468
-439.38468
-439.38468
-439.38468
-439.38468
-439.38468
-439.38468
-439.38468
-439.38468
-439.38468
-439.38468
-439.38468
-439.38468
-439.38468
-439.38468
-439.59834
-439.60847
-439.64284
-439.66945
-439.67958
-439.73095
-439.86371
-439.98657
-440.01279
-440.02762
-440.04978
-440.05837
-440.05893
-440.047
-440.01876
-439.97299
-439.91158
-439.84142
-439.77071
-439.70576
-439.64986
-439.60393
-439.56745
-439.53915
-439.51757
-439.50131
-439.48915
-439.48011
-439.47341
-439.46847
-439.46483
-439.46215
-439.46019
-439.45874
-439.45768
-439.4569
-439.45633
-439.45591
-439.4556
-439.45538
-439.45521
-439.45509
-439.455
-439.45494
-439.45489
-439.45486
-439.45483
-439.45481
-439.4548
-439.45479
-439.45478
-439.45478
-439.45477
-439.45477
-439.45477
-439.45477
-439.45477
-439.45476
-439.45476
-439.45476
-439.45476
-439.45476
-439.45476
-439.45476
-439.45476
-439.45476
-439.45476
-439.45476
-439.45476
-439.45476
-439.45476
-439.45476
-439.45476
-439.45476
-439.45476
-439.45476
-439.45476
-439.45476
-439.45476
-439.45476
-439.45476
-439.45476
-439.45476
-439.45476
-439.45476
-439.45476
-439.45476
-439.45476
-439.45476
-439.45476
-439.45476
-439.45476
-439.45476
-439.45476
-439.45476
-439.45476
-439.45476
-439.45476
-439.45476
-439.45476
-439.45476
-439.45476
-439.45476
-439.45476
-439.45476
-439.45476
-439.45476
-439.45476
-439.45476
-439.45476
-439.45476
-439.45476
-439.45476
-439.45476
-439.45476
-439.45476
-439.45476
-439.45476
-439.45476
-439.45476
-439.67531
-439.68562
-439.71041
-439.73689
-439.7554
-439.79675
-439.88343
-439.97186
-440.02688
-440.07034
-440.10016
-440.11146
-440.11247
-440.09943
-440.07089
-440.02687
-439.96995
-439.90572
-439.84046
-439.77937
-439.72562
-439.68045
-439.64381
-439.61485
-439.5924
-439.57524
-439.56228
-439.55255
-439.5453
-439.53992
-439.53593
-439.533
-439.53083
-439.52924
-439.52807
-439.52721
-439.52658
-439.52611
-439.52577
-439.52552
-439.52534
-439.52521
-439.52511
-439.52504
-439.52499
-439.52495
-439.52492
-439.5249
-439.52488
-439.52487
-439.52487
-439.52486
-439.52486
-439.52485
-439.52485
-439.52485
-439.52485
-439.52485
-439.52484
-439.52484
-439.52484
-439.52484
-439.52484
-439.52484
-439.52484
-439.52484
-439.52484
-439.52484
-439.52484
-439.52484
-439.52484
-439.52484
-439.52484
-439.52484
-439.52484
-439.52484
-439.52484
-439.52484
-439.52484
-439.52484
-439.52484
-439.52484
-439.52484
-439.52484
-439.52484
-439.52484
-439.52484
-439.52484
-439.52484
-439.52484
-439.52484
-439.52484
-439.52484
-439.52484
-439.52484
-439.52484
-439.52484
-439.52484
-439.52484
-439.52484
-439.52484
-439.52484
-439.52484
-439.52484
-439.52484
-439.52484
-439.52484
-439.52484
-439.52484
-439.52484
-439.52484
-439.52484
-439.52484
-439.52484
-439.52484
-439.52484
-439.52484
-439.52484
-439.52484
-439.52484
)
;

boundaryField
{
    leftWall
    {
        type            calculated;
        value           nonuniform List<scalar> 10(7.1054274e-15 -71.209081 -143.12081 -215.37522 -288.01455 -358.8185 -414.47804 -438.33502 -439.59834 -439.67531);
    }
    rightWall
    {
        type            calculated;
        value           nonuniform List<scalar> 10(-438.89412 -438.9642 -439.03428 -439.10436 -439.17444 -439.24452 -439.3146 -439.38468 -439.45476 -439.52484);
    }
    lowerWall
    {
        type            calculated;
        value           nonuniform List<scalar> 
120
(
35.040421
34.713053
31.745826
26.552159
19.08785
8.3422914
-7.7351097
-31.171256
-64.896074
-116.00629
-187.10904
-261.83468
-324.63023
-370.09012
-406.99087
-434.06944
-437.13374
-437.93098
-438.27709
-438.45017
-438.56809
-438.65192
-438.7109
-438.75266
-438.78237
-438.8036
-438.81885
-438.82985
-438.83781
-438.84358
-438.84778
-438.85083
-438.85305
-438.85467
-438.85586
-438.85672
-438.85735
-438.85782
-438.85816
-438.8584
-438.85858
-438.85872
-438.85881
-438.85889
-438.85894
-438.85898
-438.859
-438.85902
-438.85904
-438.85905
-438.85906
-438.85907
-438.85907
-438.85907
-438.85907
-438.85908
-438.85908
-438.85908
-438.85908
-438.85908
-438.85908
-438.85908
-438.85908
-438.85908
-438.85908
-438.85908
-438.85908
-438.85908
-438.85908
-438.85908
-438.85908
-438.85908
-438.85908
-438.85908
-438.85908
-438.85908
-438.85908
-438.85908
-438.85908
-438.85908
-438.85908
-438.85908
-438.85908
-438.85908
-438.85908
-438.85908
-438.85908
-438.85908
-438.85908
-438.85908
-438.85908
-438.85908
-438.85908
-438.85908
-438.85908
-438.85908
-438.85908
-438.85908
-438.85908
-438.85908
-438.85908
-438.85908
-438.85908
-438.85908
-438.85908
-438.85908
-438.85908
-438.85908
-438.85908
-438.85908
-438.85908
-438.85908
-438.85908
-438.85908
-438.85908
-438.85908
-438.85908
-438.85908
-438.85908
-438.85908
)
;
    }
    atmosphere
    {
        type            calculated;
        value           nonuniform List<scalar> 
120
(
-439.71035
-439.72066
-439.74545
-439.77193
-439.79044
-439.83254
-439.92218
-440.00852
-440.06224
-440.10557
-440.1352
-440.1465
-440.14751
-440.13447
-440.10593
-440.06191
-440.00499
-439.94076
-439.8755
-439.81441
-439.76066
-439.71549
-439.67885
-439.64989
-439.62744
-439.61028
-439.59732
-439.58759
-439.58034
-439.57496
-439.57097
-439.56804
-439.56587
-439.56428
-439.56311
-439.56225
-439.56162
-439.56115
-439.56081
-439.56056
-439.56038
-439.56025
-439.56015
-439.56008
-439.56003
-439.55999
-439.55996
-439.55994
-439.55992
-439.55991
-439.55991
-439.5599
-439.5599
-439.55989
-439.55989
-439.55989
-439.55989
-439.55989
-439.55988
-439.55988
-439.55988
-439.55988
-439.55988
-439.55988
-439.55988
-439.55988
-439.55988
-439.55988
-439.55988
-439.55988
-439.55988
-439.55988
-439.55988
-439.55988
-439.55988
-439.55988
-439.55988
-439.55988
-439.55988
-439.55988
-439.55988
-439.55988
-439.55988
-439.55988
-439.55988
-439.55988
-439.55988
-439.55988
-439.55988
-439.55988
-439.55988
-439.55988
-439.55988
-439.55988
-439.55988
-439.55988
-439.55988
-439.55988
-439.55988
-439.55988
-439.55988
-439.55988
-439.55988
-439.55988
-439.55988
-439.55988
-439.55988
-439.55988
-439.55988
-439.55988
-439.55988
-439.55988
-439.55988
-439.55988
-439.55988
-439.55988
-439.55988
-439.55988
-439.55988
-439.55988
)
;
    }
    defaultFaces
    {
        type            empty;
    }
}


// ************************************************************************* //
