/*--------------------------------*- C++ -*----------------------------------*\
| =========                 |                                                 |
| \\      /  F ield         | OpenFOAM: The Open Source CFD Toolbox           |
|  \\    /   O peration     | Version:  2606                                  |
|   \\  /    A nd           | Website:  www.openfoam.com                      |
|    \\/     M anipulation  |                                                 |
\*---------------------------------------------------------------------------*/
FoamFile
{
    version     2.0;
    format      ascii;
    arch        "LSB;label=32;scalar=64";
    class       volVectorField;
    location    "3600";
    object      wallShearStress;
}
// * * * * * * * * * * * * * * * * * * * * * * * * * * * * * * * * * * * * * //

dimensions      [0 2 -2 0 0 0 0];

internalField   uniform (0 0 0);

boundaryField
{
    inlet
    {
        type            calculated;
        value           uniform (0 0 0);
    }
    bottom
    {
        type            calculated;
        value           nonuniform List<vector> 
622
(
(-30.7871 0 -15.013)
(3.73753 0 -16.0161)
(61.1536 0 -4.02814)
(61.1419 0 -1.66067)
(17.6909 0 -17.6898)
(-27.9183 0 -58.0419)
(42.5449 0 -58.6169)
(-32.1258 0 -52.4401)
(-60.9046 0 -7.67219)
(-32.6196 0 -52.7066)
(-60.7388 0 -9.80434)
(-32.7994 0 -54.9182)
(-34.2573 0 -67.5014)
(-60.8824 0 -7.41657)
(-30.8265 0 -53.0071)
(-60.7738 0 -9.34519)
(-30.1181 0 -53.4456)
(60.877 0 -8.20386)
(9.42574 0 -46.9827)
(-60.9803 0 -7.56047)
(-27.6362 0 -72.7698)
(-61.1452 0 -1.53818)
(-37.4516 0 -45.8219)
(-29.1319 0 -71.6617)
(-60.9439 0 -6.11315)
(5.20042 0 -48.4507)
(-18.9332 0 -9.31663)
(-60.7201 0 -11.3537)
(45.7186 0 -54.1982)
(-60.8418 0 -7.78364)
(-54.6214 0 -37.2744)
(17.8702 0 -60.1402)
(57.4971 0 -28.5034)
(60.8075 0 -9.46939)
(14.8522 0 -12.0839)
(-41.478 0 -54.5683)
(-20.2393 0 -74.5745)
(44.9502 0 -14.0078)
(60.973 0 -5.38275)
(-52.8676 0 -41.0426)
(61.1196 0 -5.18174)
(39.9619 0 -11.3719)
(29.3102 0 -4.86889)
(60.614 0 -9.7224)
(14.6402 0 -79.1979)
(60.8561 0 -9.84739)
(9.69459 0 -20.5731)
(-21.3844 0 -76.516)
(44.1361 0 -56.4726)
(-16.4741 0 -78.5149)
(26.7747 0 -12.1032)
(37.235 0 -38.281)
(-61.055 0 -6.72276)
(-21.4258 0 -76.4019)
(-60.9225 0 -7.60543)
(-10.3487 0 -80.3925)
(-60.8969 0 -7.22856)
(-33.1889 0 -68.5209)
(-60.9667 0 -7.04141)
(-25.0591 0 -74.4933)
(-28.5547 0 -5.48128)
(0.0781644 0 -81.568)
(-60.8614 0 -7.92964)
(-25.9464 0 -73.8681)
(-60.9447 0 -6.95245)
(-29.8635 0 -71.1891)
(-60.5694 0 -7.64762)
(-16.4028 0 28.735)
(22.2806 0 -64.607)
(-61.0463 0 -5.76868)
(-26.1959 0 -74.0632)
(61.1851 0 -1.50334)
(-60.6288 0 -10.918)
(14.3237 0 -2.95383)
(60.5904 0 -9.94892)
(-21.0256 0 -70.5484)
(-60.9627 0 -6.98777)
(-23.1814 0 -75.4851)
(-60.9807 0 -6.69382)
(-15.5763 0 -78.8801)
(-60.8534 0 -8.28335)
(-20.3589 0 -76.9184)
(-60.9559 0 -6.92845)
(-19.7321 0 -77.3313)
(-18.9248 0 -77.4517)
(-61.077 0 -3.95733)
(-26.1069 0 -64.1262)
(-61.1815 0 -0.87455)
(-23.0546 0 -75.5545)
(-61.046 0 -5.39245)
(-20.8404 0 -76.8605)
(-8.9468 0 -80.6299)
(-60.9576 0 -6.77833)
(-16.405 0 -78.581)
(-60.6705 0 -9.15804)
(-61.0743 0 -4.78406)
(4.97998 0 -8.76005)
(8.42714 0 -80.8835)
(61.1537 0 -2.21675)
(-10.0527 0 -80.1078)
(-60.9448 0 -6.86677)
(-21.993 0 -76.225)
(-22.6479 0 -75.6583)
(-60.9503 0 -6.91716)
(-25.5686 0 -74.1021)
(-60.9634 0 -6.92487)
(-20.9299 0 -76.6458)
(-60.9523 0 -6.96765)
(-21.0494 0 -76.5877)
(-60.9074 0 -7.6677)
(-19.5873 0 -77.2743)
(-60.7248 0 -8.58674)
(-61.1701 0 -3.21529)
(-23.6262 0 -75.2401)
(-60.9257 0 -6.8492)
(-35.4351 0 -64.4215)
(-20.1953 0 -76.922)
(-60.9527 0 -7.01616)
(-17.7817 0 -78.1249)
(-27.6656 0 -1.75671)
(-19.4764 0 -77.2392)
(-61.0928 0 -3.07418)
(11.0824 0 -43.9488)
(-60.9943 0 -7.5183)
(-19.0563 0 -71.9303)
(-19.4753 0 -13.369)
(-12.9185 0 -79.7331)
(-20.4273 0 -77.0762)
(57.1753 0 -15.4382)
(-61.1324 0 -4.79432)
(-26.1899 0 -73.9479)
(16.7562 0 -10.1284)
(17.8601 0 -77.7818)
(-61.1717 0 -0.301231)
(-42.737 0 -58.4474)
(-17.5468 0 -5.95876)
(-14.6236 0 -79.1111)
(-60.9306 0 -6.84537)
(-31.3445 0 -70.0481)
(-60.9443 0 -7.22132)
(-24.7114 0 -72.2397)
(-60.9228 0 -7.4419)
(-26.9039 0 -73.2568)
(-60.9121 0 -7.53185)
(-28.0913 0 -72.4602)
(-60.8878 0 -8.13555)
(-18.7245 0 -77.7434)
(-28.2811 0 -72.1652)
(-60.9458 0 -7.31319)
(-19.5772 0 -77.2779)
(-61.1702 0 -0.393036)
(-28.1318 0 -59.7279)
(61.0533 0 -4.52042)
(14.206 0 -79.0675)
(-29.9924 0 25.9092)
(-15.8818 0 -78.9343)
(22.9632 0 -64.9661)
(-25.7728 0 -73.8212)
(-30.2878 0 -70.8635)
(-27.7235 0 -72.7614)
(-14.8673 0 -79.0454)
(-61.0336 0 -5.07325)
(-30.0734 0 -71.0325)
(-60.8027 0 -9.07715)
(-27.1624 0 -73.0864)
(-60.9464 0 -5.90096)
(5.36329 0 -47.147)
(37.3534 0 -7.87695)
(-25.5287 0 -73.833)
(-61.124 0 -3.49177)
(-22.9426 0 -75.3238)
(-60.7887 0 -8.89677)
(25.1131 0 -67.2791)
(-60.9606 0 -5.57769)
(58.6003 0 -22.3642)
(-20.0579 0 -76.7146)
(-60.8987 0 -7.60604)
(-21.2553 0 -73.0907)
(-60.5583 0 -10.2502)
(32.0616 0 -5.5539)
(60.8266 0 -8.71242)
(-61.0997 0 -5.71665)
(-14.2502 0 -79.4331)
(-13.0254 0 -79.6008)
(-60.6275 0 -9.59019)
(24.8433 0 -2.14838)
(34.8599 0 -67.0296)
(-61.0678 0 -5.67068)
(-14.2967 0 -79.4392)
(-6.14524 0 -81.1518)
(-15.4948 0 29.6478)
(-30.285 0 -70.8349)
(-30.4523 0 -70.6548)
(-60.972 0 -6.84893)
(-24.9844 0 -74.4558)
(-60.8419 0 -8.53929)
(-23.9329 0 -75.0665)
(-61.0164 0 -5.29309)
(25.6941 0 -62.4531)
(-52.1181 0 -7.04566)
(-14.9324 0 -79.0842)
(-60.9157 0 -7.21885)
(-27.5311 0 -72.8414)
(-60.8176 0 -7.52616)
(-61.0558 0 -6.70537)
(28.7885 0 -71.9719)
(-61.0164 0 -6.4015)
(-7.50117 0 -81.3037)
(61.028 0 -5.69023)
(-9.30302 0 -80.5687)
(40.5855 0 -14.4489)
(-61.0757 0 -6.28278)
(-0.336962 0 -56.2084)
(61.0815 0 -6.15048)
(50.5703 0 -8.86692)
(-20.567 0 -76.5891)
(-27.5874 0 -72.8667)
(9.79651 0 -8.1597)
(-10.4668 0 -80.1559)
(-60.9507 0 -6.59193)
(-27.9539 0 -72.5547)
(-60.9308 0 -7.37766)
(-25.3129 0 -74.5113)
(24.1347 0 -21.5236)
(60.9948 0 -5.02482)
(-20.8012 0 -76.6432)
(38.7214 0 -63.3374)
(-61.0514 0 -5.25862)
(37.7829 0 -64.1521)
(-61.0414 0 -5.83503)
(-30.1329 0 -70.9872)
(-60.9482 0 -7.36648)
(-18.2985 0 -77.9615)
(-15.6251 0 -79.0908)
(60.9802 0 -6.49148)
(-13.9722 0 -79.2817)
(13.3799 0 -10.9241)
(-61.1082 0 -5.49641)
(-11.7602 0 -80.327)
(33.8261 -0 -68.1294)
(-61.0794 2.49582e-20 -5.3024)
(13.4543 0 -60.6583)
(-61.023 0 -6.03322)
(60.1472 0 -14.0775)
(-21.3706 -0 -76.514)
(18.064 5.58048e-20 0.287671)
(60.7639 0 -10.0052)
(-28.282 -5.48185e-20 -72.4645)
(-16.8303 -0 -78.7426)
(-27.7643 5.87487e-20 -72.5393)
(3.86496 5.08497e-20 -8.0243)
(-44.774 0 -6.35772)
(-44.5959 2.54974e-20 -56.4371)
(-61.5286 0 -0.257941)
(-27.2607 -0 -73.5831)
(-61.2734 0 -7.70798)
(-29.3478 0 -60.3714)
(-16.7147 0 -79.0522)
(-59.3368 -4.63671e-20 -21.3044)
(24.0175 9.18672e-20 -0.740141)
(-21.06 0 -77.541)
(61.8399 -2.19643e-19 -1.96128)
(-61.7272 -0 -7.44032)
(-26.2071 -0 -74.8282)
(-61.3796 0 -10.3)
(-61.9898 -0 -3.99404)
(60.8553 2.07564e-19 -14.9748)
(-21.9727 -1.9859e-19 -77.5204)
(48.9054 -1.84451e-19 -25.9341)
(-15.9324 -0 -80.096)
(-24.1808 0 -76.8476)
(62.3653 -2.06376e-19 -3.70034)
(-14.724 -4.58068e-24 -80.9817)
(61.7341 -1.6562e-19 -15.4209)
(62.6184 -1.48118e-19 -0.61739)
(-19.1066 1.50468e-19 -79.2615)
(-62.5079 3.04683e-24 -7.4292)
(-18.3821 0 -80.2114)
(-16.417 -0 -80.8236)
(-62.3727 0 -9.88189)
(37.1366 0 -4.00569)
(33.5865 0 -71.0546)
(-62.5433 0 -10.7486)
(31.6494 -1.11136e-19 -58.1962)
(-16.5665 -0 -81.2938)
(25.2156 9.98198e-20 -0.397225)
(-16.6764 7.78744e-20 -81.4243)
(42.6044 8.0152e-20 -1.98992)
(23.6605 0 -43.2308)
(33.7354 -7.84938e-20 -71.5167)
(12.6809 -5.83587e-20 -8.91575)
(40.1701 -0 -62.0663)
(-13.3602 0 -82.7088)
(42.6062 0 -2.08187)
(-17.2405 -0 -81.5224)
(61.4621 0 -14.8639)
(38.239 0 -67.2931)
(-23.7564 0 -78.4793)
(-14.2568 0 -82.5555)
(-63.3926 -2.17156e-20 -6.9551)
(-25.25 0 -78.2502)
(63.5947 -4.24351e-20 -4.00528)
(-10.3497 2.79508e-20 -83.4511)
(-63.7162 -1.68171e-20 -0.554192)
(-32.6134 -0 -73.1696)
(-27.5999 -2.73495e-24 -76.7027)
(-18.1171 3.58637e-20 -81.5819)
(-21.4308 3.57804e-20 -80.1901)
(-4.51396 1.77231e-24 -7.97107)
(-29.8886 0 -59.481)
(-21.2229 -2.66943e-24 -80.5215)
(20.9668 2.83283e-24 -10.4282)
(-19.9532 -2.27051e-24 -80.8618)
(-33.0856 2.90141e-26 -72.9856)
(-24.8212 1.89145e-24 -62.8225)
(48.3403 8.36412e-25 -55.9227)
(-22.0096 -1.07013e-24 -80.0295)
(-19.8151 1.29403e-24 -81.2914)
(-11.2111 -1.3701e-24 -84.3766)
(54.7385 1.4136e-24 -9.17766)
(-26.4563 4.5158e-20 -77.9412)
(54.6747 0 -28.0947)
(63.9132 -7.89664e-25 -7.98878)
(53.8077 -4.74152e-20 -36.1543)
(6.39306 -9.4907e-25 -53.208)
(34.1657 5.46486e-25 -16.3521)
(55.5357 -4.72034e-28 -43.2741)
(25.9398 6.21502e-28 1.99649)
(-31.9747 -3.67193e-25 23.9823)
(-64.5719 -2.52237e-20 -6.01727)
(-23.6589 7.03913e-25 -80.1586)
(27.5024 0 -67.3683)
(36.3544 0 -64.6245)
(64.8464 -1.89398e-25 0.556821)
(-28.5232 3.08406e-25 41.2873)
(-22.3128 -1.60765e-25 -80.9246)
(21.4688 1.5317e-25 -71.7991)
(-64.2533 -1.24764e-25 -7.83573)
(-16.9881 -5.0758e-20 -27.4182)
(-54.1072 -2.1443e-16 -45.9132)
(11.2995 -3.59955e-15 -8.33135)
(-21.6438 -1.88938e-15 11.4559)
(-16.8589 3.85186e-34 -63.6951)
(-62.9992 1.04413e-15 -22.9929)
(34.6695 -3.36019e-15 1.33448)
(34.6585 -7.70372e-34 -28.4101)
(28.3939 -6.81779e-32 -27.0879)
(76.5378 -2.18638e-15 -6.80674)
(78.5948 3.85186e-34 -10.9994)
(79.5928 0 -7.54582)
(54.3705 4.56776e-32 -13.7976)
(-15.7752 1.96543e-18 -84.2212)
(-49.2199 6.29073e-19 -59.2414)
(71.4156 -3.45766e-15 27.6126)
(82.7497 0 -8.44796)
(-13.1419 -2.20851e-15 -86.719)
(26.7579 -1.54074e-33 -13.8091)
(57.7131 -4.41753e-15 11.8208)
(81.3762 -1.22146e-18 -7.9611)
(75.1727 -3.4363e-18 13.4019)
(66.5737 -2.25695e-36 -68.0745)
(0.0268589 0 5.19146)
(34.0921 1.54074e-33 -65.0674)
(-15.4462 4.03902e-15 -85.9)
(30.758 3.09671e-15 -64.5041)
(-15.0318 -1.78619e-15 -86.1298)
(-70.7039 0 -18.132)
(-19.1988 -2.40239e-15 -84.8488)
(43.2401 -7.70372e-34 1.03707)
(-27.155 0 -79.7638)
(-20.0728 -4.64898e-15 -84.4911)
(-70.9455 3.82734e-15 -16.0332)
(-30.9659 2.08095e-15 -77.9488)
(15.0629 -1.97843e-15 -3.18816)
(-22.2775 -3.85186e-34 -84.0918)
(23.6856 0 -53.0629)
(-27.0297 0 -81.2284)
(-55.8302 -1.4634e-15 -50.1787)
(-70.7428 1.50463e-36 -14.113)
(-29.1977 -1.48172e-15 -80.6656)
(-30.7298 0 -79.7755)
(12.8589 -1.82282e-15 -1.41951)
(-29.7329 3.0469e-15 -80.7176)
(-30.6456 -7.70372e-34 -80.4698)
(1.16814 -2.39355e-15 -5.59872)
(24.3461 -1.72129e-15 -15.9475)
(-26.5253 -1.45002e-15 -83.6397)
(-70.0732 2.05352e-15 -16.3587)
(-25.9256 0 -84.9119)
(28.18 -1.81923e-18 2.18486)
(-30.2901 2.80066e-15 -82.1453)
(72.6684 -1.30202e-15 -19.6558)
(70.8773 0 -31.4273)
(25.7886 1.26306e-15 -1.77445)
(-31.7195 -8.66668e-34 -81.5717)
(-28.6102 0 -84.0157)
(-71.7394 -1.4926e-32 -7.90874)
(-37.0078 -6.50868e-16 -77.8967)
(-71.8198 5.23095e-16 -7.73033)
(-39.9338 4.81482e-35 -75.7314)
(-26.8448 -2.46576e-32 -86.0758)
(-28.6631 -1.44445e-34 -85.0214)
(-29.5692 6.74642e-16 -84.5547)
(-34.1178 0 -81.2439)
(-72.1235 0 -5.949)
(-41.5038 0 -75.0977)
(-72.2538 3.18647e-16 -5.52281)
(-18.5554 4.09222e-16 -91.3735)
(-72.2676 6.01853e-36 -4.41209)
(-58.173 5.18148e-16 -53.2722)
(-72.3569 -7.19462e-16 -4.38931)
(-60.6235 -3.69011e-16 -48.9241)
(-72.4798 3.57131e-16 -4.11797)
(-32.1453 -2.09445e-33 -84.4324)
(-72.45 1.20371e-35 -3.92493)
(-30.6082 -2.60087e-16 -85.7943)
(-72.4931 2.68426e-33 -2.71373)
(-71.6176 -4.15117e-16 -14.2378)
(-35.3016 -6.25927e-34 -82.8114)
(-71.6685 0 -13.0344)
(-35.9838 -3.18027e-16 -82.5744)
(-71.6291 -2.40741e-35 -13.7426)
(-38.843 7.01202e-16 -80.477)
(-71.6962 -3.80371e-33 -13.1457)
(-59.935 1.07797e-19 -53.2165)
(-71.6656 -1.3632e-33 -13.4984)
(-72.4025 -8.3901e-17 -8.29254)
(-57.8842 -5.51206e-20 -57.7155)
(-72.118 4.53044e-17 -11.617)
(-43.3953 0 -77.4063)
(-72.0792 0 -10.8485)
(-45.9348 0 -35.0825)
(-72.6605 -5.21576e-17 0.161556)
(24.1842 0 -74.3221)
(-72.6314 1.23237e-16 -4.35807)
(-35.8223 1.51933e-16 -84.9975)
(-36.5112 -1.47363e-16 -32.8115)
(-72.6716 9.0278e-36 -0.0386813)
(-61.6185 -0 -41.6167)
(-72.7233 -3.79198e-34 -5.68541)
(41.3587 -1.20371e-35 -77.8055)
(-69.9054 -2.98921e-16 -5.83848)
(-33.2242 2.13731e-16 -87.8263)
(-72.8137 -1.35778e-32 -3.69749)
(-35.9128 -5.70497e-16 -80.5289)
(-72.929 3.94217e-16 -5.14754)
(-28.9453 0 -91.0019)
(-29.4391 5.05557e-34 -90.8106)
(-32.4898 -4.4181e-16 -66.6593)
(-72.9615 -1.99171e-16 1.02422)
(-25.183 8.04076e-33 -93.2743)
(-55.8049 8.19214e-19 -69.3306)
(-73.8223 3.65702e-16 -10.8366)
(-67.6295 0 -49.8149)
(-33.7916 9.21367e-16 -78.3206)
(-76.7818 0 -15.4333)
(10.5993 -3.98667e-32 -92.9273)
(15.6575 -1.23867e-15 -90.7209)
(-55.7288 1.92593e-34 -12.248)
(13.7111 2.45722e-32 -94.5239)
(19.616 -0 -92.7269)
(74.5755 0 -45.6164)
(-96.0399 -0 1.05716)
(-89.5888 -3.77482e-32 20.021)
(-13.2781 1.77643e-15 -49.1275)
(-90.6175 3.85186e-34 12.4107)
(-93.1144 8.81367e-16 3.03688)
(-91.0204 -6.66372e-32 7.43599)
(-89.1859 1.5383e-18 10.0275)
(16.8569 -2.27914e-15 -90.6268)
(17.152 -9.62965e-34 -88.9788)
(-74.0038 -1.17854e-15 32.9479)
(-84.2646 -1.17261e-15 5.07055)
(-36.4236 -3.85186e-34 -8.21046)
(15.4531 -0 -87.1022)
(66.9883 1.92593e-34 -35.708)
(15.4584 8.25242e-16 -85.0684)
(-79.6364 -8.00627e-16 -13.4161)
(28.4997 -2.62422e-15 -76.8459)
(67.8029 1.54074e-33 -25.1298)
(-46.9207 3.24225e-18 -26.4176)
(-74.4504 -2.11433e-18 -20.0764)
(-27.1822 1.17184e-15 -47.6667)
(36.9355 -9.67785e-16 -67.6773)
(-71.2753 -5.77779e-34 -13.0054)
(17.0858 2.88889e-33 -21.6504)
(61.1564 1.01938e-15 -30.2142)
(26.0171 -1.92593e-34 -76.4731)
(66.0764 4.1506e-19 -12.9029)
(33.9347 -9.62965e-35 -69.9423)
(-31.681 5.83542e-16 -49.6461)
(16.2953 7.08441e-16 -20.1011)
(29.2485 -5.91014e-16 -74.0683)
(-65.6155 6.90038e-19 -25.7685)
(-47.749 5.55134e-33 -2.0478)
(-65.555 -0 7.45244)
(-66.5498 2.40741e-35 -8.90503)
(63.8075 -1.79048e-16 -15.1617)
(24.8258 -7.18659e-19 -77.4016)
(-34.6212 -5.77412e-19 -14.8656)
(-65.0599 0 -20.47)
(64.1809 -4.81482e-35 -12.044)
(48.4361 4.55927e-16 -53.7965)
(-65.4354 -1.26905e-16 -0.695254)
(24.4207 -2.40741e-35 -63.3545)
(-65.2768 2.46869e-16 -4.7041)
(37.8057 1.20371e-35 -16.5719)
(23.3374 -0 -79.276)
(64.2574 0 -10.6752)
(59.9765 6.5901e-17 -29.6283)
(-11.9665 3.00927e-36 -84.8261)
(-64.5406 -3.76158e-37 -7.53596)
(33.1914 -2.34376e-17 -73.6266)
(-35.8448 1.74573e-17 -9.3547)
(-64.5862 -9.40395e-38 -7.1047)
(-27.8294 -0 -78.0615)
(-64.4251 -0 -6.90908)
(-25.2805 6.05615e-35 -37.7336)
(-64.4875 1.46701e-17 -8.97347)
(-27.6634 6.27697e-18 -78.0762)
(-34.1693 0 -22.9094)
(-64.6662 0 -1.79099)
(-36.9713 0 -32.5146)
(-48.5633 0 -56.9509)
(64.4065 0 -9.37463)
(0.910202 0 -6.83252)
(28.8888 0 -74.8022)
(-16.8189 0 -83.0105)
(-64.3633 0 -8.35361)
(-22.2809 0 -80.9538)
(-64.4306 0 -7.33595)
(29.4424 0 -77.131)
(64.3731 0 -8.16534)
(23.4991 0 -80.34)
(64.9988 0 1.95033)
(24.4816 0 27.7043)
(-64.7155 0 -6.2701)
(-23.4794 0 -34.8955)
(-64.5196 0 -5.00565)
(-26.3046 0 -7.48613)
(27.1911 0 -77.4124)
(-36.533 0 -61.6536)
(-27.6681 0 14.6849)
(60.9758 0 -28.7444)
(-64.1572 0 -10.044)
(-39.7617 0 -3.5599)
(34.6626 0 -73.0951)
(64.2141 0 -10.2318)
(33.2183 0 -73.9887)
(64.0177 0 -12.2704)
(33.6912 0 -73.5477)
(41.9615 0 -65.716)
(42.7955 0 -30.4144)
(64.1476 0 -9.91896)
(31.9805 0 -61.8524)
(-63.7868 0 -14.4863)
(24.2305 0 -72.9858)
(-20.3479 0 -64.672)
(26.2742 0 -78.9096)
(21.5548 0 -81.057)
(-63.6465 0 -15.1731)
(31.7664 0 -75.1734)
(-38.5343 0 -15.5504)
(64.639 0 -1.86841)
(50.8861 0 -33.0989)
(64.2048 0 -9.23007)
(-41.667 0 -65.9517)
(9.28045 0 -1.32269)
(-26.9795 0 -73.0918)
(64.6739 0 -2.88088)
(63.7925 0 -13.3587)
(39.2325 0 -33.7176)
(64.2806 0 -9.60402)
(59.7366 0 -33.0371)
(64.2055 0 -9.05733)
(-28.1167 0 -77.6572)
(64.3025 0 -10.0642)
(-49.8536 0 -54.9331)
(64.3902 0 -8.83354)
(1.08644 0 -29.3001)
(63.9469 0 -11.6096)
(-26.106 0 -78.7843)
(23.1154 0 -74.9187)
(36.09 0 -22.0811)
(64.2052 0 -9.32864)
(50.9398 0 -52.986)
(-64.4389 0 -0.645815)
(-40.2657 0 21.2239)
(29.7616 0 -4.83234)
(18.2077 0 -54.7342)
(41.4524 0 -3.40539)
(63.9056 0 -11.9333)
(-31.9081 0 -74.8317)
(-0.133719 0 -46.076)
(-38.2544 0 -57.7588)
(49.1617 0 -56.0853)
(-60.723 0 -29.8326)
(-38.0467 0 -69.9521)
(18.6016 0 -61.1599)
(-35.6791 0 -68.6294)
(12.1541 0 -15.1666)
(60.0466 0 -32.0226)
(45.3856 0 -4.14759)
(-9.37415 0 -28.4165)
(58.5656 0 -36.5849)
(19.5707 0 -31.7074)
(28.9262 0 -76.8848)
(-64.6408 0 -1.7139)
(63.0382 0 -17.8751)
(-28.971 0 -76.7485)
(-64.3237 0 -8.55519)
(-36.6929 0 -66.3819)
(32.1658 0 -19.5015)
(55.3749 -5.34346e-22 -44.5187)
(-61.3921 -0 -27.426)
(-20.0345 -0 -81.873)
(-64.1537 2.73196e-21 -8.09602)
(62.975 -0 -17.013)
(-24.6675 5.75227e-21 -78.9561)
(-64.0225 1.40379e-21 -6.74379)
(-31.4661 0 -22.6661)
(-50.3251 0 -52.9842)
)
;
    }
    sides
    {
        type            empty;
    }
    outlet
    {
        type            calculated;
        value           uniform (0 0 0);
    }
    top
    {
        type            symmetry;
    }
}


// ************************************************************************* //
