/*--------------------------------*- C++ -*----------------------------------*\
| =========                 |                                                 |
| \\      /  F ield         | OpenFOAM: The Open Source CFD Toolbox           |
|  \\    /   O peration     | Version:  2606                                  |
|   \\  /    A nd           | Website:  www.openfoam.com                      |
|    \\/     M anipulation  |                                                 |
\*---------------------------------------------------------------------------*/
FoamFile
{
    version     2.0;
    format      ascii;
    arch        "LSB;label=32;scalar=64";
    class       volScalarField;
    location    "0.625";
    object      p_rgh;
}
// * * * * * * * * * * * * * * * * * * * * * * * * * * * * * * * * * * * * * //

dimensions      [1 -1 -2 0 0 0 0];

internalField   nonuniform List<scalar> 
4800
(
16.943523
16.898847
16.805613
16.694554
16.603505
16.522877
16.453666
16.402957
16.377606
16.37534
16.385603
16.399635
16.412204
16.425785
16.447478
16.482861
16.528747
16.564843
16.57309
16.556198
16.517171
16.466767
16.420287
16.386147
16.365991
16.358037
16.357578
16.361862
16.370122
16.381642
16.3952
16.409192
16.417571
16.413667
16.395292
16.356766
16.293183
16.204025
16.092175
15.963473
15.826225
15.689723
15.562533
15.451207
15.359188
15.287336
15.234889
15.198955
15.181005
15.177287
15.176855
15.176963
15.178547
15.179213
15.177192
15.17387
15.170499
15.170402
15.17613
15.189948
15.20883
15.22656
15.233549
15.226314
15.203633
15.158224
15.086592
14.992705
14.882886
14.762215
14.633824
14.500131
14.364524
14.231544
14.105143
13.986486
13.873073
13.758315
13.634256
13.497865
13.353796
13.211547
13.078478
12.959241
12.874793
12.843069
12.825806
12.782747
12.682188
12.460868
12.158699
12.036007
12.10438
12.293151
12.630869
12.876417
12.866658
12.74933
12.591169
12.400652
12.224152
12.098133
12.013945
11.939844
11.84276
11.682694
11.415439
11.016077
10.512569
9.9549032
9.1997649
8.0815675
7.1780179
7.0907731
7.5455991
8.077959
9.0704436
10.030308
10.052897
9.4256051
7.9742965
6.3620719
5.8626887
6.7569831
7.7236499
7.2551052
6.3094411
5.9932991
5.3981555
5.5616315
10.014166
13.154785
10.971617
5.9392405
3.2538998
3.1782137
4.3092105
5.4458132
5.7430866
5.4312757
4.6948141
4.7792295
8.7176557
12.846237
12.664575
9.2974681
4.813657
1.2847005
-0.71405521
-2.074262
-2.7272511
-2.6168121
-1.7768198
0.1964734
1.32445
1.2861061
1.2446287
1.220545
1.08041
0.78289093
0.32697367
-0.2605789
-0.86348542
-1.3221578
-1.6578702
-2.1862384
-3.2162877
-4.0593997
-4.0484148
-3.9243442
-3.9079497
-3.8664291
-3.575947
-3.7453738
-7.5166204
-10.682868
-10.245717
-9.4366674
-9.3548712
-9.544729
-10.361344
-10.237976
-9.6730006
-7.6109175
-10.917256
-34.782503
-38.693888
-25.450988
-14.528293
-16.336966
-17.055098
-16.928143
-16.981449
-16.787884
-16.10509
-15.945823
-15.959605
-15.945225
-15.999173
-16.045707
-14.669485
-14.205918
-30.07985
-32.49072
-20.485941
-19.697808
-20.797398
-20.511699
-20.042409
-20.162635
-20.176472
-20.062014
-19.932639
-19.736382
-19.457419
-19.762056
-21.172269
-20.734589
-19.552657
-23.031944
-32.317511
-28.646624
-25.411719
-25.624395
-25.762045
-25.812344
-25.875674
-24.520378
-23.696771
-35.089268
-39.321568
-39.727921
-39.905119
-40.036108
-40.139211
-40.215067
-40.271662
-40.311776
-40.337339
-40.349714
-0.32042198
-0.58546224
-0.88302805
-1.2884377
-1.6635884
-1.9931072
-2.2578522
-2.4512353
-2.5353529
-2.5191748
-2.4550251
-2.3774884
-2.316297
-2.2566169
-2.1688427
-2.0265275
-1.8340352
-1.6850244
-1.6514752
-1.6940227
-1.8184559
-1.9795735
-2.1209941
-2.2182782
-2.2707999
-2.2826942
-2.2756245
-2.2573152
-2.2272098
-2.1870342
-2.1422559
-2.0925886
-2.0641532
-2.0739485
-2.1219493
-2.2307807
-2.4133919
-2.6716671
-2.9968677
-3.3699145
-3.7649027
-4.1541761
-4.513374
-4.8243754
-5.0786717
-5.2757229
-5.4157756
-5.5150559
-5.5514836
-5.5479995
-5.5427836
-5.5354838
-5.5231586
-5.5162917
-5.518361
-5.5251669
-5.537356
-5.5361735
-5.5198844
-5.4802508
-5.4084823
-5.3324683
-5.3103236
-5.3227443
-5.3770762
-5.5031934
-5.7122107
-5.9914431
-6.3165132
-6.6640077
-7.0183166
-7.3701385
-7.7126195
-8.0406543
-8.3527291
-8.6539517
-8.9560742
-9.2754714
-9.6263598
-10.010598
-10.415117
-10.81457
-11.191217
-11.541283
-11.783855
-11.830726
-11.846086
-11.931171
-12.181596
-12.826822
-13.891461
-14.153494
-13.967868
-13.399421
-12.244204
-11.482623
-11.582449
-11.917437
-12.422426
-13.000028
-13.506844
-13.846511
-14.053131
-14.225798
-14.4597
-14.876911
-15.61602
-16.752789
-18.21166
-19.744816
-21.407181
-23.773708
-26.224949
-26.531659
-26.214775
-25.024798
-21.930832
-19.183851
-19.267921
-20.238612
-22.576645
-26.95426
-31.426496
-31.889985
-31.292271
-29.571724
-28.928937
-29.73178
-30.453052
-27.183154
-14.017776
-9.5819713
-15.150282
-27.770712
-34.475125
-34.318234
-33.641089
-32.869292
-31.921814
-31.680967
-31.895027
-29.808878
-17.511453
-6.1921218
-8.310908
-17.246125
-28.546865
-35.952364
-39.186836
-39.834948
-39.868801
-39.756557
-39.495716
-39.304801
-39.152299
-38.93335
-38.796766
-38.795366
-38.817093
-38.86807
-38.942114
-39.024361
-39.112986
-39.22548
-39.325197
-39.334887
-39.30989
-39.2587
-39.184452
-39.085879
-39.073212
-39.09173
-39.154203
-39.332428
-39.648851
-40.276063
-40.675835
-40.724456
-40.766938
-40.77058
-40.789614
-40.848986
-40.931624
-40.993021
-41.01119
-40.579273
-40.380303
-41.177452
-41.514943
-41.651439
-41.570674
-41.464482
-41.38591
-41.323695
-41.281843
-41.256238
-41.238639
-41.226474
-41.225838
-41.244312
-41.294196
-41.356658
-41.131119
-41.092348
-41.519984
-41.955829
-42.184497
-42.241323
-42.305408
-42.353191
-42.318097
-42.223311
-42.110397
-42.003318
-41.912312
-41.837455
-41.77607
-41.730232
-41.750868
-41.691639
-41.426992
-41.350515
-41.292256
-41.205115
-41.174585
-41.217713
-41.255478
-41.173784
-41.018252
-40.117804
-39.317243
-39.973967
-39.975653
-40.066623
-40.163069
-40.236763
-40.291288
-40.329527
-40.353707
-40.365388
-40.985209
-40.984711
-40.985315
-40.98464
-40.983925
-40.983497
-40.983324
-40.983324
-40.983411
-40.98348
-40.983475
-40.983323
-40.983054
-40.982755
-40.982446
-40.982139
-40.981874
-40.981677
-40.981546
-40.981502
-40.981499
-40.981512
-40.981568
-40.981724
-40.982046
-40.982568
-40.983272
-40.984096
-40.984915
-40.985579
-40.986
-40.986233
-40.98647
-40.986812
-40.987306
-40.987824
-40.98819
-40.988467
-40.98896
-40.989729
-40.990672
-40.991638
-40.992437
-40.992979
-40.993307
-40.993531
-40.993749
-40.994
-40.994304
-40.994679
-40.995127
-40.995639
-40.996168
-40.996628
-40.996944
-40.997118
-40.997215
-40.997293
-40.997349
-40.997341
-40.997264
-40.997072
-40.996589
-40.995667
-40.994272
-40.992471
-40.990592
-40.98936
-40.990241
-40.994349
-41.001879
-41.011895
-41.022138
-41.029773
-41.032613
-41.030043
-41.023839
-41.018447
-41.016543
-41.017027
-41.017257
-41.01657
-41.015638
-41.015175
-41.015253
-41.015446
-41.015339
-41.015369
-41.016413
-41.018354
-41.019962
-41.020956
-41.020853
-41.019642
-41.018506
-41.0181
-41.018343
-41.019181
-41.020252
-41.021274
-41.022141
-41.022948
-41.023835
-41.024883
-41.0261
-41.027346
-41.028228
-41.028217
-41.027476
-41.028006
-41.032166
-41.038473
-41.043185
-41.045077
-41.040006
-41.028187
-41.017692
-41.010052
-41.002668
-40.999481
-41.003192
-41.012997
-41.031551
-41.061106
-41.091183
-41.119376
-41.143807
-41.15978
-41.128691
-41.063214
-41.023671
-41.041842
-41.070451
-41.091664
-41.102851
-41.113947
-41.121042
-41.130803
-41.145338
-41.156397
-41.126226
-41.051679
-40.998281
-40.939868
-40.915165
-40.938355
-40.952828
-40.960756
-40.962754
-40.968029
-41.003194
-41.050567
-41.084442
-41.098104
-41.102111
-41.103865
-41.104065
-41.102418
-41.099686
-41.096291
-41.092828
-41.090674
-41.089655
-41.088844
-41.087422
-41.085678
-41.082414
-41.076334
-41.069767
-41.064117
-41.058718
-41.05484
-41.047804
-41.03141
-41.001274
-40.942944
-40.87157
-40.84006
-40.834646
-40.832075
-40.843681
-40.890764
-40.985237
-41.121827
-41.281015
-41.390872
-41.483764
-41.654941
-41.75891
-41.771209
-41.700169
-41.579916
-41.448902
-41.34469
-41.28028
-41.239275
-41.204506
-41.183301
-41.17877
-41.196
-41.242533
-41.330038
-41.437798
-41.582834
-41.800674
-42.019838
-42.211232
-42.368166
-42.509035
-42.559653
-42.517558
-42.406228
-42.25327
-42.089704
-41.942058
-41.82509
-41.734621
-41.65898
-41.624289
-41.612893
-41.603178
-41.548838
-41.430367
-41.314202
-41.250786
-41.231068
-41.25367
-40.242751
-39.806729
-40.733914
-41.19957
-40.529916
-40.258062
-40.24204
-40.273331
-40.312126
-40.347217
-40.374079
-40.391842
-40.400624
-40.983116
-40.983442
-40.984034
-40.983706
-40.983433
-40.983351
-40.983193
-40.982939
-40.982761
-40.98267
-40.982614
-40.982496
-40.982306
-40.982078
-40.981835
-40.981615
-40.981464
-40.981374
-40.981346
-40.981371
-40.981411
-40.981439
-40.981492
-40.981649
-40.982004
-40.982601
-40.983415
-40.984319
-40.985121
-40.985609
-40.985686
-40.985499
-40.985534
-40.986066
-40.986964
-40.987788
-40.988259
-40.988561
-40.988999
-40.98961
-40.990382
-40.991192
-40.991855
-40.992283
-40.992526
-40.992703
-40.992902
-40.993145
-40.993451
-40.993841
-40.994319
-40.994865
-40.995416
-40.995882
-40.996209
-40.996425
-40.996609
-40.996794
-40.996947
-40.996988
-40.996858
-40.996475
-40.9957
-40.994526
-40.993272
-40.992164
-40.991412
-40.991174
-40.992811
-40.997182
-41.004731
-41.014974
-41.025769
-41.034038
-41.036647
-41.031962
-41.02164
-41.011463
-41.005903
-41.005215
-41.006383
-41.008603
-41.011052
-41.013208
-41.014648
-41.015454
-41.015822
-41.016243
-41.017259
-41.018722
-41.019876
-41.020479
-41.020324
-41.019457
-41.018721
-41.018678
-41.019133
-41.019906
-41.020801
-41.021647
-41.022408
-41.02317
-41.024071
-41.025209
-41.026578
-41.027997
-41.029024
-41.029161
-41.028657
-41.029188
-41.032632
-41.037635
-41.04135
-41.042172
-41.037497
-41.0282
-41.01993
-41.015
-41.011107
-41.010248
-41.014012
-41.022399
-41.040246
-41.06737
-41.094006
-41.118319
-41.140899
-41.156389
-41.127343
-41.065941
-41.02365
-41.023758
-41.057171
-41.084312
-41.099017
-41.109568
-41.118094
-41.129632
-41.151392
-41.171354
-41.129898
-41.059958
-41.020869
-40.996413
-40.961044
-40.982014
-40.991563
-40.987442
-40.974659
-40.983487
-41.02273
-41.064046
-41.088178
-41.095505
-41.097391
-41.098566
-41.098872
-41.097577
-41.095465
-41.093101
-41.091233
-41.09001
-41.089211
-41.087642
-41.085221
-41.082221
-41.078208
-41.072784
-41.066902
-41.061375
-41.055431
-41.047738
-41.034431
-41.01233
-40.978911
-40.928857
-40.883867
-40.860125
-40.859632
-40.869958
-40.903548
-40.975988
-41.094079
-41.235091
-41.36336
-41.45451
-41.553834
-41.709889
-41.824251
-41.842373
-41.751357
-41.571991
-41.397692
-41.289206
-41.246285
-41.220306
-41.191829
-41.160898
-41.142672
-41.157313
-41.210072
-41.320635
-41.458823
-41.613294
-41.815633
-42.059669
-42.300824
-42.488233
-42.604121
-42.642016
-42.602174
-42.479489
-42.303876
-42.111107
-41.935516
-41.803182
-41.716653
-41.659895
-41.612828
-41.59579
-41.573709
-41.507068
-41.431358
-41.193
-40.658237
-40.575562
-40.899004
-41.636576
-41.929856
-41.957185
-41.57165
-40.881761
-40.554303
-40.44479
-40.414052
-40.413749
-40.424047
-40.435748
-40.44482
-40.449624
-40.980567
-40.981755
-40.98465
-40.983775
-40.983384
-40.983333
-40.983429
-40.983598
-40.983797
-40.983967
-40.983971
-40.983764
-40.983443
-40.983071
-40.982698
-40.982377
-40.982139
-40.981994
-40.981941
-40.981964
-40.982027
-40.982107
-40.982215
-40.982401
-40.982715
-40.983187
-40.983796
-40.984467
-40.985095
-40.985565
-40.985845
-40.986024
-40.986319
-40.987009
-40.988034
-40.988733
-40.988697
-40.988613
-40.989089
-40.989897
-40.990761
-40.991516
-40.992107
-40.992524
-40.992826
-40.993088
-40.993361
-40.993663
-40.994003
-40.994389
-40.994824
-40.995294
-40.995755
-40.996155
-40.996465
-40.9967
-40.996899
-40.997085
-40.99725
-40.997376
-40.997427
-40.997334
-40.997021
-40.996443
-40.995612
-40.994657
-40.993961
-40.994061
-40.995869
-41.000251
-41.007562
-41.017269
-41.027222
-41.034183
-41.035756
-41.031341
-41.024017
-41.018799
-41.016571
-41.0161
-41.016214
-41.016336
-41.016284
-41.016044
-41.015976
-41.016057
-41.016299
-41.016751
-41.017482
-41.018411
-41.019262
-41.019827
-41.019997
-41.019861
-41.019694
-41.019749
-41.0201
-41.020687
-41.021405
-41.022161
-41.022918
-41.023703
-41.024563
-41.025531
-41.0266
-41.027697
-41.028653
-41.029263
-41.029712
-41.0307
-41.032755
-41.035301
-41.03717
-41.037306
-41.034809
-41.030062
-41.025081
-41.021354
-41.019298
-41.019802
-41.023695
-41.031415
-41.044252
-41.061748
-41.08021
-41.09673
-41.108429
-41.111266
-41.098694
-41.07671
-41.061905
-41.061663
-41.068756
-41.080719
-41.090953
-41.098723
-41.103928
-41.10634
-41.109328
-41.110271
-41.097242
-41.066906
-41.039851
-41.012616
-40.992176
-40.988183
-40.987829
-40.993818
-40.995965
-41.004427
-41.024063
-41.048167
-41.068379
-41.080544
-41.087064
-41.090325
-41.091758
-41.091633
-41.090411
-41.088676
-41.086855
-41.085392
-41.084169
-41.082615
-41.080281
-41.077032
-41.072715
-41.067291
-41.061125
-41.054365
-41.046568
-41.036694
-41.022699
-41.002501
-40.975826
-40.939998
-40.912494
-40.897007
-40.896242
-40.911924
-40.955026
-41.041227
-41.178569
-41.325832
-41.439137
-41.414665
-41.520241
-41.687239
-41.832469
-41.930955
-41.806663
-41.604855
-41.385938
-41.262195
-41.238301
-41.209925
-41.172167
-41.150516
-41.15046
-41.169709
-41.216714
-41.306065
-41.44004
-41.612098
-41.824661
-42.070633
-42.344804
-42.55682
-42.683938
-42.719811
-42.65855
-42.533951
-42.381374
-42.169626
-41.964365
-41.799217
-41.682684
-41.605171
-41.566923
-41.569236
-41.321381
-40.75367
-40.641723
-40.87856
-41.421156
-41.466101
-41.509398
-41.632877
-41.783273
-41.731506
-41.390905
-40.964978
-40.727374
-40.60257
-40.541769
-40.515236
-40.505985
-40.504424
-40.505391
-40.506345
-40.98013
-40.984118
-40.984849
-40.983941
-40.983641
-40.983659
-40.983819
-40.984071
-40.984326
-40.984446
-40.984388
-40.984166
-40.983785
-40.983345
-40.982933
-40.982596
-40.982347
-40.982186
-40.982116
-40.982136
-40.982231
-40.982373
-40.982538
-40.98274
-40.983017
-40.983401
-40.983885
-40.984427
-40.984949
-40.985367
-40.98565
-40.985856
-40.986163
-40.986734
-40.987499
-40.988185
-40.988717
-40.989118
-40.989467
-40.989905
-40.990417
-40.990964
-40.99148
-40.991931
-40.992322
-40.992681
-40.993039
-40.993417
-40.993819
-40.994236
-40.994652
-40.995053
-40.995427
-40.995763
-40.996054
-40.996305
-40.996524
-40.996712
-40.996856
-40.996941
-40.99695
-40.996866
-40.996705
-40.996521
-40.996378
-40.996307
-40.996377
-40.996932
-40.998614
-41.002087
-41.007535
-41.014504
-41.021444
-41.026221
-41.02715
-41.02437
-41.020123
-41.016813
-41.01498
-41.014149
-41.013862
-41.013932
-41.014254
-41.014866
-41.015511
-41.016092
-41.016606
-41.017132
-41.017742
-41.018405
-41.019022
-41.019493
-41.019778
-41.019933
-41.020092
-41.020362
-41.020776
-41.021328
-41.021982
-41.022695
-41.023449
-41.02425
-41.025111
-41.026035
-41.027002
-41.027959
-41.028841
-41.029625
-41.030438
-41.031522
-41.032981
-41.034496
-41.035501
-41.035472
-41.034161
-41.031976
-41.029827
-41.028396
-41.028147
-41.029694
-41.033599
-41.040308
-41.050059
-41.062076
-41.074542
-41.085584
-41.092961
-41.093533
-41.084726
-41.071645
-41.061968
-41.063414
-41.070861
-41.078717
-41.086009
-41.092386
-41.098202
-41.103634
-41.103109
-41.095497
-41.081132
-41.06278
-41.044401
-41.026954
-41.015092
-41.01145
-41.012844
-41.012137
-41.014242
-41.021766
-41.034629
-41.04909
-41.061725
-41.071256
-41.077602
-41.081566
-41.083883
-41.084906
-41.084903
-41.084279
-41.08309
-41.081675
-41.08014
-41.078275
-41.075895
-41.072845
-41.068966
-41.064191
-41.058528
-41.051868
-41.043813
-41.033647
-41.020566
-41.004054
-40.984247
-40.95972
-40.941976
-40.933383
-40.937725
-40.961383
-41.017061
-41.12232
-41.28075
-41.426278
-41.3656
-41.390602
-41.563712
-41.868459
-41.968481
-41.947524
-41.793071
-41.531594
-41.323777
-41.163799
-41.196034
-41.243715
-41.205273
-41.177174
-41.167412
-41.181933
-41.232183
-41.326317
-41.464307
-41.643073
-41.856435
-42.034884
-42.331104
-42.588801
-42.73317
-42.82056
-42.75736
-42.614557
-42.42321
-42.200962
-41.977433
-41.79758
-41.682708
-41.459821
-41.032418
-40.998695
-40.984106
-41.246015
-41.467272
-41.482522
-41.47062
-41.481756
-41.500836
-41.540703
-41.557065
-41.461766
-41.225281
-40.983526
-40.812394
-40.712887
-40.643572
-40.604678
-40.583606
-40.572824
-40.567685
-40.565584
-40.983373
-40.984089
-40.983945
-40.983714
-40.9838
-40.984203
-40.984719
-40.985239
-40.985643
-40.985806
-40.985608
-40.985111
-40.984475
-40.983835
-40.983287
-40.982871
-40.982584
-40.982413
-40.982348
-40.982381
-40.982495
-40.98266
-40.982846
-40.983057
-40.983319
-40.983652
-40.984054
-40.984502
-40.984955
-40.98536
-40.985686
-40.98595
-40.986257
-40.986749
-40.987392
-40.98799
-40.988485
-40.988981
-40.989479
-40.989973
-40.990488
-40.990995
-40.991466
-40.991893
-40.992289
-40.992675
-40.993071
-40.993483
-40.993907
-40.994326
-40.994729
-40.995112
-40.995478
-40.995829
-40.996163
-40.996476
-40.996765
-40.997029
-40.997266
-40.997471
-40.99764
-40.997763
-40.997834
-40.997863
-40.997887
-40.997986
-40.998285
-40.998991
-41.000433
-41.002918
-41.006546
-41.010995
-41.01516
-41.017867
-41.01901
-41.018797
-41.017713
-41.016631
-41.015915
-41.015656
-41.015698
-41.015857
-41.016032
-41.016161
-41.01633
-41.01658
-41.016934
-41.017388
-41.017918
-41.018478
-41.019009
-41.019459
-41.019813
-41.020109
-41.020414
-41.020782
-41.02124
-41.02179
-41.022418
-41.023105
-41.02384
-41.024621
-41.025451
-41.026326
-41.027227
-41.028124
-41.028993
-41.029837
-41.030722
-41.031732
-41.032848
-41.033877
-41.034539
-41.034594
-41.033981
-41.032954
-41.032022
-41.031688
-41.032344
-41.03437
-41.038083
-41.043687
-41.05113
-41.059786
-41.068519
-41.076033
-41.080949
-41.082079
-41.079363
-41.074947
-41.07142
-41.069789
-41.072191
-41.076141
-41.080109
-41.083061
-41.084021
-41.08486
-41.084835
-41.081151
-41.071883
-41.059666
-41.046933
-41.035239
-41.026531
-41.021655
-41.018602
-41.020612
-41.024084
-41.030324
-41.039287
-41.049131
-41.058229
-41.065723
-41.071385
-41.07537
-41.077938
-41.07935
-41.079845
-41.079609
-41.079022
-41.078218
-41.076963
-41.075244
-41.072989
-41.07011
-41.066511
-41.062066
-41.056699
-41.050264
-41.042429
-41.032879
-41.021228
-41.007601
-40.992851
-40.977087
-40.96674
-40.964251
-40.973858
-41.00359
-41.068056
-41.188132
-41.362653
-41.513263
-41.182798
-41.514948
-41.724513
-41.86072
-41.935652
-41.904565
-41.801302
-41.616633
-40.638736
-40.494536
-41.207006
-41.271296
-41.241812
-41.221467
-41.215785
-41.233523
-41.282762
-41.368632
-41.496246
-41.667913
-41.876489
-42.107676
-42.301267
-42.523209
-42.702622
-42.760924
-42.718148
-42.589126
-42.409299
-42.201866
-41.820861
-41.449887
-41.324436
-41.235597
-41.30908
-41.490671
-41.540425
-41.542619
-41.52925
-41.494231
-41.463216
-41.450787
-41.44552
-41.436318
-41.396926
-41.30057
-41.152425
-41.000092
-40.875057
-40.785037
-40.720685
-40.679451
-40.652717
-40.636564
-40.627532
-40.623296
-40.982476
-40.98305
-40.983464
-40.983737
-40.984196
-40.984856
-40.985606
-40.986323
-40.986859
-40.987052
-40.986839
-40.986216
-40.985314
-40.984386
-40.983635
-40.9831
-40.982763
-40.982587
-40.982537
-40.982587
-40.98271
-40.982879
-40.983074
-40.983298
-40.983564
-40.983882
-40.984246
-40.98464
-40.985035
-40.985406
-40.985744
-40.986064
-40.986419
-40.986887
-40.987479
-40.988116
-40.988675
-40.98912
-40.989521
-40.989955
-40.990428
-40.990907
-40.991369
-40.991807
-40.992224
-40.992631
-40.993041
-40.993459
-40.993879
-40.994292
-40.994687
-40.995061
-40.995414
-40.995747
-40.996058
-40.996349
-40.99662
-40.996873
-40.997105
-40.997317
-40.997511
-40.997695
-40.997886
-40.998115
-40.998417
-40.998832
-40.999425
-41.000318
-41.001688
-41.003658
-41.006232
-41.009184
-41.011977
-41.014118
-41.015409
-41.015926
-41.015849
-41.015483
-41.015105
-41.014866
-41.014796
-41.014879
-41.015115
-41.0155
-41.015954
-41.016432
-41.016919
-41.017425
-41.017951
-41.018484
-41.018995
-41.019461
-41.019879
-41.02027
-41.02067
-41.02111
-41.021611
-41.022177
-41.022804
-41.023484
-41.024211
-41.024982
-41.025793
-41.026639
-41.027507
-41.028383
-41.029256
-41.030132
-41.031039
-41.031995
-41.032966
-41.033845
-41.03449
-41.034795
-41.034772
-41.03459
-41.034541
-41.034949
-41.036114
-41.038301
-41.041697
-41.046353
-41.052095
-41.058446
-41.06467
-41.069932
-41.073435
-41.074668
-41.073758
-41.071852
-41.070555
-41.071032
-41.072811
-41.075451
-41.078326
-41.081043
-41.083691
-41.0826
-41.079465
-41.074542
-41.067366
-41.05868
-41.049708
-41.041615
-41.035458
-41.031842
-41.031122
-41.03082
-41.032887
-41.037281
-41.043461
-41.050401
-41.057129
-41.063016
-41.067782
-41.071396
-41.073948
-41.075575
-41.076429
-41.076662
-41.076471
-41.075769
-41.074693
-41.073158
-41.071117
-41.068512
-41.065307
-41.061229
-41.056433
-41.050707
-41.043918
-41.035862
-41.026452
-41.015957
-41.005237
-40.995945
-40.990767
-40.993282
-41.00728
-41.04059
-41.108215
-41.233677
-41.412949
-41.504572
-41.160172
-41.55903
-41.675856
-41.770167
-41.819457
-41.813929
-41.745082
-40.712035
-40.14531
-40.497791
-41.379037
-41.324429
-41.29236
-41.277212
-41.279307
-41.300702
-41.346043
-41.421575
-41.533004
-41.684066
-41.873358
-42.093056
-42.302804
-42.401382
-42.477694
-42.499527
-42.456919
-42.359213
-42.184924
-41.970503
-41.788517
-41.705862
-41.677628
-41.647136
-41.629116
-41.61166
-41.577841
-41.539502
-41.509161
-41.474814
-41.442488
-41.417501
-41.394853
-41.364966
-41.313819
-41.231187
-41.124181
-41.01382
-40.916944
-40.840087
-40.782024
-40.740675
-40.712191
-40.693552
-40.682485
-40.676883
-40.981278
-40.981993
-40.9828
-40.983647
-40.984559
-40.98556
-40.986655
-40.987783
-40.988734
-40.989174
-40.988891
-40.987896
-40.986451
-40.985015
-40.983948
-40.983256
-40.982858
-40.982684
-40.982657
-40.982733
-40.982874
-40.983056
-40.983265
-40.983499
-40.983765
-40.984066
-40.984401
-40.98476
-40.985128
-40.98549
-40.985841
-40.986192
-40.98657
-40.987011
-40.987511
-40.988028
-40.988523
-40.988989
-40.989439
-40.989897
-40.990364
-40.990831
-40.991286
-40.991728
-40.992158
-40.992583
-40.993004
-40.993425
-40.993841
-40.99425
-40.994647
-40.99503
-40.9954
-40.995759
-40.996109
-40.996453
-40.996788
-40.997114
-40.997426
-40.997724
-40.99801
-40.99829
-40.998574
-40.998885
-40.999257
-40.999741
-41.000405
-41.001339
-41.002621
-41.004292
-41.006325
-41.008549
-41.01067
-41.012432
-41.01367
-41.014441
-41.014772
-41.014895
-41.014974
-41.015101
-41.015295
-41.015544
-41.015806
-41.016094
-41.016406
-41.016758
-41.01716
-41.017605
-41.018081
-41.018574
-41.019063
-41.019535
-41.01999
-41.020437
-41.020897
-41.021387
-41.021921
-41.022504
-41.023136
-41.023815
-41.024535
-41.025295
-41.02609
-41.026915
-41.027762
-41.028623
-41.029492
-41.030372
-41.031269
-41.032179
-41.033072
-41.033889
-41.034564
-41.035061
-41.035413
-41.035747
-41.036255
-41.037153
-41.038639
-41.040879
-41.043965
-41.047882
-41.052475
-41.057398
-41.062162
-41.066227
-41.069113
-41.070566
-41.070723
-41.070195
-41.069828
-41.070151
-41.071215
-41.072713
-41.074209
-41.075343
-41.075219
-41.075023
-41.073394
-41.069697
-41.064376
-41.058049
-41.051506
-41.045542
-41.040816
-41.037672
-41.035872
-41.03655
-41.038574
-41.042
-41.046527
-41.051617
-41.056713
-41.061379
-41.065357
-41.068545
-41.070943
-41.072609
-41.073627
-41.074094
-41.074095
-41.073637
-41.072739
-41.071416
-41.069607
-41.067251
-41.064261
-41.0608
-41.056599
-41.051668
-41.045976
-41.039512
-41.03239
-41.025019
-41.018278
-41.013654
-41.013272
-41.019825
-41.037002
-41.071245
-41.137064
-41.258119
-41.428975
-41.408809
-41.111405
-41.351847
-41.651166
-41.693475
-41.713814
-41.699599
-40.761316
-40.065115
-39.961517
-41.310147
-41.409947
-41.368454
-41.344759
-41.3359
-41.342299
-41.364464
-41.406084
-41.471165
-41.56365
-41.686796
-41.841684
-42.022467
-42.209145
-42.36939
-42.462583
-42.489508
-42.462696
-42.388314
-42.278251
-42.160283
-42.033006
-41.914192
-41.819967
-41.726857
-41.655092
-41.609586
-41.567354
-41.526789
-41.490475
-41.455771
-41.422795
-41.391554
-41.358905
-41.31908
-41.265041
-41.193405
-41.109342
-41.024007
-40.946588
-40.881665
-40.830075
-40.791047
-40.762778
-40.74342
-40.731522
-40.725231
-40.980655
-40.981813
-40.982712
-40.983774
-40.984989
-40.986386
-40.988045
-40.989934
-40.991702
-40.992639
-40.992227
-40.990594
-40.988278
-40.98588
-40.984235
-40.983342
-40.982867
-40.982703
-40.982715
-40.982832
-40.983006
-40.983211
-40.983436
-40.98368
-40.983946
-40.984238
-40.984555
-40.984891
-40.985238
-40.98559
-40.985945
-40.986312
-40.986705
-40.987141
-40.987619
-40.988112
-40.988589
-40.98904
-40.989482
-40.989929
-40.990382
-40.990833
-40.991278
-40.991713
-40.992139
-40.99256
-40.992978
-40.993396
-40.993812
-40.99422
-40.994621
-40.995011
-40.995393
-40.995765
-40.996129
-40.996483
-40.996825
-40.997158
-40.997485
-40.99781
-40.99814
-40.998486
-40.99886
-40.999283
-40.999778
-41.000377
-41.001124
-41.002073
-41.003268
-41.004726
-41.006402
-41.008176
-41.009879
-41.011363
-41.012561
-41.013329
-41.013839
-41.014142
-41.014349
-41.01454
-41.014758
-41.015024
-41.015369
-41.015755
-41.016185
-41.016643
-41.017121
-41.017615
-41.018119
-41.018625
-41.019126
-41.019618
-41.020103
-41.020591
-41.021093
-41.02162
-41.022181
-41.022781
-41.023422
-41.024102
-41.02482
-41.025573
-41.026358
-41.027171
-41.028006
-41.028859
-41.029726
-41.030606
-41.031497
-41.03239
-41.033265
-41.034091
-41.03484
-41.03551
-41.036139
-41.036817
-41.037668
-41.038836
-41.040454
-41.042624
-41.045388
-41.048709
-41.052443
-41.05634
-41.060079
-41.063324
-41.065799
-41.067386
-41.068195
-41.068558
-41.068892
-41.069477
-41.070371
-41.071448
-41.072511
-41.07335
-41.073363
-41.072027
-41.069897
-41.066738
-41.062627
-41.05792
-41.053113
-41.048725
-41.045199
-41.042831
-41.041853
-41.041868
-41.043249
-41.045767
-41.049128
-41.052961
-41.056889
-41.060601
-41.063888
-41.066635
-41.068804
-41.070406
-41.071481
-41.072081
-41.072252
-41.072013
-41.071376
-41.070346
-41.068899
-41.067001
-41.064616
-41.061753
-41.058354
-41.054403
-41.049933
-41.045063
-41.040065
-41.035438
-41.032022
-41.031096
-41.034408
-41.04416
-41.06336
-41.097026
-41.157728
-41.265954
-41.420577
-41.512658
-41.077671
-40.949032
-41.354366
-41.112012
-40.563324
-40.104794
-39.985315
-39.883339
-41.464032
-41.4859
-41.434775
-41.404614
-41.387191
-41.382765
-41.3915
-41.414289
-41.453061
-41.509883
-41.586508
-41.683978
-41.801831
-41.936082
-42.075276
-42.199411
-42.289435
-42.334564
-42.333768
-42.292507
-42.215152
-42.114718
-42.001802
-41.892422
-41.800449
-41.719788
-41.653094
-41.600543
-41.555396
-41.514398
-41.476188
-41.439621
-41.404035
-41.368278
-41.329965
-41.285755
-41.232565
-41.169862
-41.101162
-41.032366
-40.968747
-40.913553
-40.868057
-40.832233
-40.805321
-40.786309
-40.774311
-40.767971
-40.98077
-40.981853
-40.982864
-40.984076
-40.985563
-40.987481
-40.990043
-40.993272
-40.99664
-40.997727
-40.996406
-40.994162
-40.991109
-40.987251
-40.984547
-40.983326
-40.982762
-40.982634
-40.982713
-40.982891
-40.98311
-40.983346
-40.983589
-40.98384
-40.984106
-40.984389
-40.984691
-40.985009
-40.985342
-40.985684
-40.986037
-40.986404
-40.986791
-40.987205
-40.987641
-40.988088
-40.988535
-40.988979
-40.989421
-40.989867
-40.990316
-40.990766
-40.991213
-40.991656
-40.992093
-40.992526
-40.992952
-40.993374
-40.993792
-40.994204
-40.994609
-40.995007
-40.995398
-40.995783
-40.996163
-40.996538
-40.996908
-40.997276
-40.997646
-40.998022
-40.998408
-40.998812
-40.999247
-40.99973
-41.000282
-41.000931
-41.001707
-41.002639
-41.00375
-41.005037
-41.006463
-41.007946
-41.009378
-41.010664
-41.011746
-41.012592
-41.013234
-41.013723
-41.014137
-41.014517
-41.014888
-41.015265
-41.01562
-41.016001
-41.016398
-41.016817
-41.017259
-41.017722
-41.018205
-41.018701
-41.019204
-41.019711
-41.02022
-41.020737
-41.021268
-41.021823
-41.022405
-41.02302
-41.02367
-41.024354
-41.025072
-41.025821
-41.026601
-41.027406
-41.028235
-41.029084
-41.029949
-41.030828
-41.031718
-41.03261
-41.033494
-41.034355
-41.035186
-41.035997
-41.036823
-41.037728
-41.038798
-41.040127
-41.041798
-41.04387
-41.046354
-41.049203
-41.052303
-41.055477
-41.058511
-41.061192
-41.063356
-41.064932
-41.065982
-41.066684
-41.067257
-41.067858
-41.068523
-41.069163
-41.06958
-41.069406
-41.069452
-41.068775
-41.067101
-41.0646
-41.061446
-41.057903
-41.05431
-41.051022
-41.048347
-41.046502
-41.045564
-41.045708
-41.046783
-41.048681
-41.051214
-41.054139
-41.057202
-41.060179
-41.062901
-41.06526
-41.067202
-41.06871
-41.069795
-41.070483
-41.070797
-41.070753
-41.070361
-41.069624
-41.068536
-41.067088
-41.065276
-41.063102
-41.060563
-41.057695
-41.054582
-41.051401
-41.04847
-41.046306
-41.04569
-41.047731
-41.053898
-41.066019
-41.086383
-41.118646
-41.171584
-41.260331
-41.390477
-41.534547
-41.639049
-41.375295
-40.168717
-39.908883
-39.895109
-39.800665
-40.972017
-41.498015
-41.529308
-41.488621
-41.452038
-41.430632
-41.418819
-41.418109
-41.428708
-41.451687
-41.487815
-41.537987
-41.602696
-41.681545
-41.77249
-41.871026
-41.969281
-42.05641
-42.121452
-42.155587
-42.155529
-42.124272
-42.072356
-42.002591
-41.922413
-41.840975
-41.765828
-41.698581
-41.640141
-41.589516
-41.544221
-41.502388
-41.462772
-41.424437
-41.386557
-41.347979
-41.307044
-41.261929
-41.21141
-41.155851
-41.097549
-41.039908
-40.986168
-40.938607
-40.898409
-40.865897
-40.840838
-40.822741
-40.811095
-40.805058
-40.978019
-40.982061
-40.98312
-40.984449
-40.98626
-40.988882
-40.992771
-40.998026
-41.00239
-41.005849
-41.006359
-41.002632
-40.995604
-40.987964
-40.983829
-40.98311
-40.982545
-40.98248
-40.982674
-40.982936
-40.983213
-40.983482
-40.983742
-40.983999
-40.984261
-40.984534
-40.984821
-40.985125
-40.985444
-40.985777
-40.986124
-40.986488
-40.986871
-40.987278
-40.987704
-40.988142
-40.988582
-40.989019
-40.989456
-40.989894
-40.990335
-40.990774
-40.991212
-40.991646
-40.992077
-40.992505
-40.992932
-40.993356
-40.993776
-40.994193
-40.994604
-40.995011
-40.995413
-40.995812
-40.996208
-40.996602
-40.996996
-40.997392
-40.997793
-40.998203
-40.99863
-40.999079
-40.999562
-41.000093
-41.000688
-41.001367
-41.002149
-41.003051
-41.004083
-41.005237
-41.006479
-41.007752
-41.008989
-41.010126
-41.011121
-41.011948
-41.012606
-41.013127
-41.013614
-41.014049
-41.014469
-41.014902
-41.015349
-41.0158
-41.016267
-41.016748
-41.017242
-41.017745
-41.018254
-41.018766
-41.019282
-41.019803
-41.020332
-41.020871
-41.021426
-41.022001
-41.022602
-41.02323
-41.023889
-41.024578
-41.025297
-41.026047
-41.026824
-41.027627
-41.028453
-41.029301
-41.030167
-41.031049
-41.031945
-41.032849
-41.033755
-41.034659
-41.035563
-41.036481
-41.037444
-41.038498
-41.039701
-41.041112
-41.042783
-41.044743
-41.04699
-41.049481
-41.052128
-41.054806
-41.057368
-41.059676
-41.061625
-41.063171
-41.064347
-41.065246
-41.065981
-41.066636
-41.067232
-41.067731
-41.068057
-41.068236
-41.067646
-41.066677
-41.065185
-41.063161
-41.060709
-41.058015
-41.055313
-41.052843
-41.050822
-41.049414
-41.048728
-41.048784
-41.049576
-41.051011
-41.052951
-41.05522
-41.057639
-41.060044
-41.062303
-41.064322
-41.066046
-41.067447
-41.068521
-41.069275
-41.069723
-41.069876
-41.069744
-41.069333
-41.068647
-41.06769
-41.066469
-41.065006
-41.063337
-41.061531
-41.059716
-41.058105
-41.057035
-41.057002
-41.058709
-41.063113
-41.071449
-41.085215
-41.106155
-41.136791
-41.182226
-41.250839
-41.348576
-41.466335
-41.56987
-41.645597
-41.627215
-41.490027
-41.433748
-41.561924
-41.612942
-41.573661
-41.52447
-41.489251
-41.464662
-41.450269
-41.444196
-41.447083
-41.459358
-41.481747
-41.514749
-41.558694
-41.613457
-41.678096
-41.750379
-41.826259
-41.899656
-41.963243
-42.010079
-42.034969
-42.0357
-42.013772
-41.973691
-41.92111
-41.860841
-41.797883
-41.736489
-41.67891
-41.62609
-41.577776
-41.532979
-41.490751
-41.450265
-41.410755
-41.371451
-41.331445
-41.289689
-41.245242
-41.197706
-41.147648
-41.096644
-41.046834
-41.000307
-40.958667
-40.922902
-40.893447
-40.870337
-40.853389
-40.842334
-40.83675
-40.977067
-40.982194
-40.98335
-40.984789
-40.986966
-40.990398
-40.995833
-41.003449
-41.011479
-41.017175
-41.018822
-41.014745
-41.004821
-40.991288
-40.98314
-40.98187
-40.982269
-40.982298
-40.982637
-40.983004
-40.983343
-40.983642
-40.983909
-40.984162
-40.984412
-40.98467
-40.984942
-40.98523
-40.985536
-40.985858
-40.986197
-40.986554
-40.986928
-40.987321
-40.987728
-40.988146
-40.988569
-40.988996
-40.989427
-40.989861
-40.990299
-40.990739
-40.991178
-40.991617
-40.992052
-40.992485
-40.992915
-40.993342
-40.993766
-40.994187
-40.994605
-40.99502
-40.995432
-40.995842
-40.996253
-40.996664
-40.997078
-40.997498
-40.997926
-40.998367
-40.998827
-40.999313
-40.999834
-41.000399
-41.001023
-41.001719
-41.002498
-41.00337
-41.004338
-41.00539
-41.006501
-41.007633
-41.008739
-41.009776
-41.010717
-41.011547
-41.012276
-41.012943
-41.013497
-41.014023
-41.014499
-41.014957
-41.015418
-41.01588
-41.016345
-41.016818
-41.0173
-41.017796
-41.018305
-41.018824
-41.019352
-41.019887
-41.020432
-41.020989
-41.021562
-41.022153
-41.022768
-41.023407
-41.024073
-41.024768
-41.02549
-41.02624
-41.027016
-41.027818
-41.028644
-41.029493
-41.030361
-41.031249
-41.032153
-41.033072
-41.034003
-41.034948
-41.035912
-41.036909
-41.037964
-41.03911
-41.040385
-41.041827
-41.043467
-41.045318
-41.047369
-41.049581
-41.051887
-41.054197
-41.056411
-41.058435
-41.060199
-41.061671
-41.062862
-41.063819
-41.064598
-41.065243
-41.065765
-41.066136
-41.066306
-41.066149
-41.065799
-41.064988
-41.06375
-41.062129
-41.060216
-41.058145
-41.056083
-41.054205
-41.052665
-41.051588
-41.051045
-41.051107
-41.051726
-41.052839
-41.054351
-41.056142
-41.058082
-41.06005
-41.061943
-41.063683
-41.065218
-41.066518
-41.06757
-41.068374
-41.068935
-41.069264
-41.069373
-41.069274
-41.068979
-41.068504
-41.067871
-41.067115
-41.066296
-41.065508
-41.064903
-41.06471
-41.065264
-41.067032
-41.070642
-41.076909
-41.086863
-41.101715
-41.122837
-41.151999
-41.191978
-41.246236
-41.316187
-41.396869
-41.476895
-41.549938
-41.611791
-41.648664
-41.650953
-41.619814
-41.578413
-41.543597
-41.512496
-41.490659
-41.47561
-41.467273
-41.465748
-41.471472
-41.484862
-41.50636
-41.536262
-41.574571
-41.620836
-41.673911
-41.731692
-41.790896
-41.847052
-41.895058
-41.930186
-41.949183
-41.95086
-41.935864
-41.905687
-41.86441
-41.816008
-41.764112
-41.711654
-41.660537
-41.611777
-41.565602
-41.521711
-41.479615
-41.438786
-41.39867
-41.358677
-41.318176
-41.276553
-41.233376
-41.188624
-41.142864
-41.097216
-41.053106
-41.01195
-40.974903
-40.942763
-40.915975
-40.894704
-40.878938
-40.868568
-40.863468
-40.97901
-40.982086
-40.983386
-40.984949
-40.98738
-40.991391
-40.997876
-41.006961
-41.017389
-41.025198
-41.026491
-41.020932
-41.010171
-40.996503
-40.983848
-40.97929
-40.981815
-40.982257
-40.98268
-40.983152
-40.98354
-40.983847
-40.984104
-40.984337
-40.984565
-40.984801
-40.985053
-40.985325
-40.985616
-40.985928
-40.986259
-40.986608
-40.986975
-40.98736
-40.987759
-40.988169
-40.988587
-40.989009
-40.989436
-40.989865
-40.990298
-40.990733
-40.991168
-40.991603
-40.992038
-40.992471
-40.992903
-40.993333
-40.993761
-40.994187
-40.99461
-40.995033
-40.995454
-40.995876
-40.9963
-40.996726
-40.997158
-40.997598
-40.998049
-40.998516
-40.999002
-40.999515
-41.000063
-41.000652
-41.001293
-41.001994
-41.002763
-41.003605
-41.004518
-41.005491
-41.006505
-41.00753
-41.008536
-41.009494
-41.010382
-41.01119
-41.011918
-41.012574
-41.013167
-41.013708
-41.014244
-41.014753
-41.015256
-41.01576
-41.016269
-41.016783
-41.017302
-41.017824
-41.018349
-41.018881
-41.01942
-41.019968
-41.020527
-41.021098
-41.021684
-41.022289
-41.022915
-41.023564
-41.024238
-41.024937
-41.025663
-41.026415
-41.027193
-41.027996
-41.028824
-41.029675
-41.030548
-41.031443
-41.032359
-41.033294
-41.034251
-41.035231
-41.036243
-41.037299
-41.038416
-41.039619
-41.040933
-41.042382
-41.04398
-41.045733
-41.047626
-41.049627
-41.051683
-41.053729
-41.055694
-41.057512
-41.059133
-41.06053
-41.061704
-41.062675
-41.063469
-41.064107
-41.064593
-41.064909
-41.065022
-41.064909
-41.064482
-41.063753
-41.062717
-41.061409
-41.059901
-41.058295
-41.05671
-41.055272
-41.054095
-41.053272
-41.05287
-41.052914
-41.053398
-41.054276
-41.055478
-41.056917
-41.058499
-41.060133
-41.061738
-41.063252
-41.064629
-41.06584
-41.066871
-41.067717
-41.068384
-41.068881
-41.069221
-41.06942
-41.069499
-41.069483
-41.069407
-41.069321
-41.0693
-41.069455
-41.069946
-41.071003
-41.072949
-41.076214
-41.081356
-41.089072
-41.100202
-41.115709
-41.13666
-41.164319
-41.200307
-41.246129
-41.301375
-41.361702
-41.421268
-41.476851
-41.522304
-41.548393
-41.554017
-41.547918
-41.534571
-41.518872
-41.503912
-41.492375
-41.484491
-41.481302
-41.483398
-41.491287
-41.50536
-41.525893
-41.552998
-41.586505
-41.625827
-41.669816
-41.716614
-41.763579
-41.807382
-41.844393
-41.871311
-41.88582
-41.886973
-41.875123
-41.851529
-41.818423
-41.778536
-41.73454
-41.688701
-41.642649
-41.59739
-41.553382
-41.510677
-41.469101
-41.428368
-41.388128
-41.347998
-41.307595
-41.2666
-41.224871
-41.182559
-41.140174
-41.098544
-41.058672
-41.021564
-40.988078
-40.958857
-40.934316
-40.914674
-40.900009
-40.890319
-40.885684
-40.974326
-40.981508
-40.983174
-40.98474
-40.987191
-40.991289
-40.997875
-41.007017
-41.017265
-41.024749
-41.025898
-41.020501
-41.010051
-40.997352
-40.98477
-40.979939
-40.981792
-40.982659
-40.983008
-40.983498
-40.983866
-40.98413
-40.984338
-40.984526
-40.984716
-40.984923
-40.985151
-40.985404
-40.985682
-40.985983
-40.986305
-40.986647
-40.987008
-40.987385
-40.987775
-40.988177
-40.988586
-40.989003
-40.989425
-40.989852
-40.990283
-40.990716
-40.991151
-40.991587
-40.992023
-40.992459
-40.992893
-40.993326
-40.993758
-40.994189
-40.994618
-40.995048
-40.995478
-40.99591
-40.996345
-40.996785
-40.997232
-40.997689
-40.998159
-40.998646
-40.999152
-40.999688
-41.000255
-41.00086
-41.001511
-41.002213
-41.002971
-41.003786
-41.004654
-41.005568
-41.006511
-41.007462
-41.008401
-41.009305
-41.010161
-41.010959
-41.011698
-41.012382
-41.013016
-41.013611
-41.014174
-41.014717
-41.015246
-41.015767
-41.016283
-41.016799
-41.017319
-41.017848
-41.018383
-41.018925
-41.019476
-41.020035
-41.020605
-41.021188
-41.021786
-41.022401
-41.023037
-41.023693
-41.024373
-41.025077
-41.025806
-41.026561
-41.027341
-41.028146
-41.028976
-41.02983
-41.030709
-41.031611
-41.032538
-41.033489
-41.034467
-41.035477
-41.036524
-41.037619
-41.038777
-41.040013
-41.041343
-41.042782
-41.044336
-41.046004
-41.04777
-41.049608
-41.051475
-41.053324
-41.055101
-41.05676
-41.058261
-41.059583
-41.060719
-41.061674
-41.062458
-41.063079
-41.063536
-41.063818
-41.063906
-41.063775
-41.063409
-41.062794
-41.061941
-41.060886
-41.059688
-41.058426
-41.057191
-41.056076
-41.055167
-41.054535
-41.054229
-41.05428
-41.054677
-41.05539
-41.056368
-41.057549
-41.058863
-41.060243
-41.061625
-41.06296
-41.064209
-41.065346
-41.066359
-41.067242
-41.068002
-41.068649
-41.069201
-41.069679
-41.070108
-41.07053
-41.070991
-41.071548
-41.072283
-41.073317
-41.07481
-41.076985
-41.080136
-41.084651
-41.091018
-41.09983
-41.111771
-41.127589
-41.148075
-41.174071
-41.206446
-41.245721
-41.291202
-41.340298
-41.38951
-41.435397
-41.473625
-41.500037
-41.513342
-41.514897
-41.511115
-41.504958
-41.498521
-41.493609
-41.491203
-41.492226
-41.497299
-41.506914
-41.521402
-41.540978
-41.565648
-41.595148
-41.628857
-41.665708
-41.704119
-41.741981
-41.776778
-41.805864
-41.826857
-41.838046
-41.838605
-41.82863
-41.808992
-41.781255
-41.747294
-41.709036
-41.668212
-41.626186
-41.583899
-41.541909
-41.500465
-41.459606
-41.419238
-41.379193
-41.33927
-41.299282
-41.259112
-41.218782
-41.178517
-41.138769
-41.100178
-41.063488
-41.029444
-40.998708
-40.971802
-40.9491
-40.930838
-40.917138
-40.908069
-40.90385
-40.963494
-40.979147
-40.982764
-40.984115
-40.986253
-40.989874
-40.995629
-41.003504
-41.012085
-41.018222
-41.019179
-41.014599
-41.00557
-40.9938
-40.987112
-40.98438
-40.983875
-40.983586
-40.983774
-40.984126
-40.984366
-40.984506
-40.984611
-40.984721
-40.984855
-40.985023
-40.985226
-40.985461
-40.985726
-40.986019
-40.986335
-40.986672
-40.987028
-40.9874
-40.987785
-40.988182
-40.988588
-40.989001
-40.98942
-40.989845
-40.990274
-40.990706
-40.99114
-40.991576
-40.992012
-40.992449
-40.992886
-40.993322
-40.993758
-40.994193
-40.994628
-40.995064
-40.995501
-40.995942
-40.996386
-40.996837
-40.997297
-40.997768
-40.998253
-40.998757
-40.999279
-40.99983
-41.000411
-41.001027
-41.001683
-41.002383
-41.003128
-41.003919
-41.004753
-41.00562
-41.006509
-41.007404
-41.008289
-41.009149
-41.009973
-41.010753
-41.011486
-41.012174
-41.012822
-41.013437
-41.014025
-41.014593
-41.015147
-41.015695
-41.01624
-41.016784
-41.017326
-41.017869
-41.018416
-41.018968
-41.019528
-41.020097
-41.020676
-41.021269
-41.021876
-41.0225
-41.023142
-41.023805
-41.02449
-41.025199
-41.025931
-41.026688
-41.02747
-41.028278
-41.029111
-41.029969
-41.030853
-41.031763
-41.032699
-41.033665
-41.034661
-41.035693
-41.036766
-41.03789
-41.039073
-41.040327
-41.041661
-41.043084
-41.044597
-41.046194
-41.047861
-41.049575
-41.051302
-41.053005
-41.054644
-41.056182
-41.057589
-41.058844
-41.059938
-41.060867
-41.061634
-41.062238
-41.062677
-41.062944
-41.063027
-41.06292
-41.0626
-41.062077
-41.06137
-41.06051
-41.059547
-41.058542
-41.057566
-41.056689
-41.055979
-41.055489
-41.055258
-41.055312
-41.055647
-41.056241
-41.057057
-41.058047
-41.059161
-41.060348
-41.061558
-41.062751
-41.063896
-41.064971
-41.065965
-41.066877
-41.067716
-41.068495
-41.069242
-41.069981
-41.07074
-41.071595
-41.072589
-41.073786
-41.075265
-41.07717
-41.079637
-41.082863
-41.087106
-41.092696
-41.100047
-41.109652
-41.122068
-41.137883
-41.157687
-41.182038
-41.211374
-41.245723
-41.284278
-41.325275
-41.366414
-41.405007
-41.438103
-41.463495
-41.48043
-41.489777
-41.493572
-41.494265
-41.49395
-41.494197
-41.496082
-41.500433
-41.50786
-41.518814
-41.533561
-41.552312
-41.574997
-41.601306
-41.630635
-41.66203
-41.694157
-41.72532
-41.753572
-41.776912
-41.793559
-41.802198
-41.802133
-41.793317
-41.776283
-41.752144
-41.722262
-41.688076
-41.650939
-41.611986
-41.572079
-41.53181
-41.491535
-41.451429
-41.411544
-41.371855
-41.332309
-41.292862
-41.253531
-41.214436
-41.175833
-41.138125
-41.101827
-41.06752
-41.035785
-41.007146
-40.98204
-40.960802
-40.943665
-40.930768
-40.922233
-40.918364
-40.962781
-40.976169
-40.982278
-40.983079
-40.984649
-40.987419
-40.99182
-40.997792
-41.004172
-41.008639
-41.009253
-41.00559
-40.997156
-40.98905
-40.98734
-40.987422
-40.986087
-40.984869
-40.984847
-40.985007
-40.985023
-40.984953
-40.984898
-40.984899
-40.984968
-40.985096
-40.985272
-40.985492
-40.985747
-40.986032
-40.986344
-40.986679
-40.987032
-40.987401
-40.987784
-40.988177
-40.98858
-40.988991
-40.989408
-40.989831
-40.99026
-40.990692
-40.991127
-40.991564
-40.992003
-40.992442
-40.992881
-40.993321
-40.99376
-40.994199
-40.994639
-40.99508
-40.995524
-40.995971
-40.996424
-40.996884
-40.997354
-40.997836
-40.998333
-40.998849
-40.999384
-40.999946
-41.000537
-41.00116
-41.001818
-41.002513
-41.003247
-41.004019
-41.004824
-41.005656
-41.006505
-41.00736
-41.008209
-41.00904
-41.009844
-41.010616
-41.011351
-41.01205
-41.012715
-41.013349
-41.013962
-41.01455
-41.015122
-41.01568
-41.016233
-41.016782
-41.017332
-41.017884
-41.01844
-41.019001
-41.019569
-41.020146
-41.020733
-41.021333
-41.021947
-41.022577
-41.023226
-41.023894
-41.024583
-41.025294
-41.02603
-41.026789
-41.027573
-41.028383
-41.029219
-41.030081
-41.030969
-41.031886
-41.032831
-41.033808
-41.034819
-41.035867
-41.036959
-41.038101
-41.0393
-41.040562
-41.041895
-41.0433
-41.044777
-41.046318
-41.047909
-41.04953
-41.051153
-41.052748
-41.054284
-41.05573
-41.057062
-41.058261
-41.059314
-41.060216
-41.060963
-41.061553
-41.06198
-41.06224
-41.062327
-41.062241
-41.061973
-41.061535
-41.060946
-41.060237
-41.059449
-41.058634
-41.057847
-41.057145
-41.05658
-41.056194
-41.056018
-41.05608
-41.056372
-41.056881
-41.057581
-41.058428
-41.059393
-41.060434
-41.061512
-41.062593
-41.063654
-41.064678
-41.065658
-41.066597
-41.067509
-41.068416
-41.069348
-41.070349
-41.071481
-41.072774
-41.074304
-41.076143
-41.078346
-41.081164
-41.084592
-41.088843
-41.094133
-41.100723
-41.108926
-41.119114
-41.131705
-41.147156
-41.16593
-41.188465
-41.215041
-41.245569
-41.279357
-41.315102
-41.351081
-41.385263
-41.415524
-41.44024
-41.458775
-41.471554
-41.480021
-41.485668
-41.489968
-41.494201
-41.499383
-41.5063
-41.515527
-41.527472
-41.542482
-41.560589
-41.58171
-41.605547
-41.631549
-41.658875
-41.686392
-41.712711
-41.736277
-41.755524
-41.769047
-41.775785
-41.775126
-41.766953
-41.751635
-41.729932
-41.702859
-41.671536
-41.637054
-41.600381
-41.562305
-41.52342
-41.48414
-41.444728
-41.405338
-41.366055
-41.326932
-41.288029
-41.24945
-41.211373
-41.174067
-41.137897
-41.103299
-41.070746
-41.040714
-41.013637
-40.98989
-40.969775
-40.953515
-40.941255
-40.93315
-40.929559
-40.962419
-40.962204
-40.981118
-40.981755
-40.982677
-40.984645
-40.987866
-40.992184
-40.996607
-40.99947
-40.999407
-40.996155
-40.988607
-40.985579
-40.987351
-40.988726
-40.987044
-40.985718
-40.985684
-40.985714
-40.985577
-40.985285
-40.98509
-40.985023
-40.985054
-40.985153
-40.985309
-40.985513
-40.985759
-40.986039
-40.986347
-40.986681
-40.987032
-40.987399
-40.98778
-40.988171
-40.988572
-40.988981
-40.989398
-40.98982
-40.990248
-40.99068
-40.991116
-40.991554
-40.991995
-40.992436
-40.992878
-40.993321
-40.993763
-40.994206
-40.99465
-40.995096
-40.995544
-40.995997
-40.996456
-40.996924
-40.997401
-40.997892
-40.998398
-40.998923
-40.999468
-41.000039
-41.000636
-41.001263
-41.001921
-41.002612
-41.003336
-41.004091
-41.004874
-41.005679
-41.006498
-41.007323
-41.008143
-41.00895
-41.009737
-41.010497
-41.011228
-41.011928
-41.0126
-41.013242
-41.013861
-41.014466
-41.015058
-41.01564
-41.016212
-41.016777
-41.017339
-41.0179
-41.018464
-41.019032
-41.019606
-41.020189
-41.020783
-41.021388
-41.022007
-41.022643
-41.023295
-41.023967
-41.024659
-41.025373
-41.026111
-41.026872
-41.027658
-41.02847
-41.029308
-41.030173
-41.031066
-41.031988
-41.03294
-41.033925
-41.034947
-41.036008
-41.037112
-41.038266
-41.039474
-41.040741
-41.042069
-41.043458
-41.044906
-41.046404
-41.047939
-41.049491
-41.051039
-41.052556
-41.054016
-41.055394
-41.056669
-41.057822
-41.058841
-41.059717
-41.060447
-41.061023
-41.061445
-41.061703
-41.0618
-41.061734
-41.061509
-41.061137
-41.060638
-41.060041
-41.059383
-41.058705
-41.058054
-41.057478
-41.057017
-41.056707
-41.056575
-41.056637
-41.056896
-41.057341
-41.057963
-41.058693
-41.059543
-41.060471
-41.061445
-41.062438
-41.063431
-41.064411
-41.065375
-41.06633
-41.067295
-41.068299
-41.069384
-41.070605
-41.072029
-41.073724
-41.075776
-41.078285
-41.081376
-41.084967
-41.089213
-41.094513
-41.100907
-41.108539
-41.117576
-41.128217
-41.140714
-41.155413
-41.172703
-41.193018
-41.216693
-41.243783
-41.273857
-41.305905
-41.338499
-41.370027
-41.398797
-41.423477
-41.443419
-41.458757
-41.470397
-41.479382
-41.486874
-41.49398
-41.501603
-41.510459
-41.521086
-41.533869
-41.548898
-41.566401
-41.586298
-41.608311
-41.631924
-41.656365
-41.680638
-41.703576
-41.723901
-41.740328
-41.751702
-41.757117
-41.756005
-41.748178
-41.73395
-41.713827
-41.688627
-41.659252
-41.626611
-41.591553
-41.554808
-41.516962
-41.478459
-41.439617
-41.40066
-41.361746
-41.323006
-41.284568
-41.246591
-41.209289
-41.172935
-41.137867
-41.104471
-41.073154
-41.044323
-41.018354
-40.99558
-40.976277
-40.96066
-40.94887
-40.941087
-40.937704
-40.980503
-40.968027
-40.966689
-40.974909
-40.980731
-40.982112
-40.984608
-40.987844
-40.990953
-40.992348
-40.991205
-40.985845
-40.983109
-40.98453
-40.987404
-40.987911
-40.986395
-40.985458
-40.985549
-40.985689
-40.985567
-40.985311
-40.985142
-40.985087
-40.985119
-40.985213
-40.985359
-40.985552
-40.985787
-40.986058
-40.986357
-40.986692
-40.987037
-40.9874
-40.987777
-40.988165
-40.988564
-40.988971
-40.989386
-40.989808
-40.990236
-40.990669
-40.991107
-40.991547
-40.99199
-40.992434
-40.992879
-40.993324
-40.99377
-40.994216
-40.994663
-40.995112
-40.995564
-40.996021
-40.996484
-40.996956
-40.997439
-40.997935
-40.998447
-40.998978
-40.99953
-41.000105
-41.000706
-41.001335
-41.001992
-41.002678
-41.003393
-41.004135
-41.0049
-41.005684
-41.006481
-41.007284
-41.008086
-41.008879
-41.009657
-41.010414
-41.011147
-41.011856
-41.012538
-41.013198
-41.013832
-41.014446
-41.015044
-41.01563
-41.016207
-41.016778
-41.017347
-41.017915
-41.018485
-41.019058
-41.019637
-41.020225
-41.020821
-41.02143
-41.022052
-41.02269
-41.023345
-41.024019
-41.024713
-41.025429
-41.026167
-41.02693
-41.027718
-41.028531
-41.029371
-41.030238
-41.031133
-41.032059
-41.033016
-41.034007
-41.035035
-41.036104
-41.037217
-41.038378
-41.03959
-41.040858
-41.042181
-41.043559
-41.044986
-41.046453
-41.047949
-41.049455
-41.050952
-41.052416
-41.053825
-41.055157
-41.056392
-41.057513
-41.058506
-41.059358
-41.060081
-41.060649
-41.061062
-41.061324
-41.061431
-41.061385
-41.061193
-41.06087
-41.060434
-41.059914
-41.059341
-41.058755
-41.058194
-41.057699
-41.057305
-41.057044
-41.056937
-41.056999
-41.057231
-41.057624
-41.058154
-41.058842
-41.059621
-41.060471
-41.061371
-41.062299
-41.063239
-41.064185
-41.065134
-41.066096
-41.067095
-41.068167
-41.069365
-41.070754
-41.072411
-41.074423
-41.076885
-41.079898
-41.083563
-41.087974
-41.093324
-41.099486
-41.106744
-41.114968
-41.124348
-41.135056
-41.147284
-41.161316
-41.177329
-41.195536
-41.216323
-41.240085
-41.266939
-41.296378
-41.327252
-41.357962
-41.386744
-41.412176
-41.433497
-41.450652
-41.464106
-41.474984
-41.484532
-41.493535
-41.502783
-41.512932
-41.524429
-41.537545
-41.552674
-41.56998
-41.589311
-41.610289
-41.632396
-41.654945
-41.677097
-41.697882
-41.716184
-41.730868
-41.740891
-41.74543
-41.743942
-41.736188
-41.722374
-41.703196
-41.679175
-41.651033
-41.619569
-41.585556
-41.549687
-41.512539
-41.474571
-41.436135
-41.397496
-41.358862
-41.320406
-41.282303
-41.244745
-41.207963
-41.172235
-41.13788
-41.105254
-41.074726
-41.046661
-41.021403
-40.999256
-40.980481
-40.965283
-40.953803
-40.946234
-40.942993
-40.980883
-40.979767
-40.975481
-40.97382
-40.973666
-40.975795
-40.980165
-40.981804
-40.983499
-40.985349
-40.9834
-40.981272
-40.98222
-40.986536
-40.987046
-40.986808
-40.985358
-40.984659
-40.984908
-40.985217
-40.985312
-40.985266
-40.985202
-40.985172
-40.985198
-40.985285
-40.985427
-40.985616
-40.985847
-40.986112
-40.986409
-40.986732
-40.987075
-40.987434
-40.987807
-40.988193
-40.988589
-40.988994
-40.989407
-40.989826
-40.990252
-40.990683
-40.991118
-40.991557
-40.991998
-40.992441
-40.992885
-40.99333
-40.993775
-40.994221
-40.994669
-40.99512
-40.995573
-40.996032
-40.996498
-40.996972
-40.997458
-40.997957
-40.998473
-40.999006
-40.999563
-41.000141
-41.000744
-41.001375
-41.002033
-41.00272
-41.003433
-41.004171
-41.004932
-41.005709
-41.006497
-41.007291
-41.008082
-41.008866
-41.009635
-41.010386
-41.011114
-41.011818
-41.012497
-41.013156
-41.013795
-41.014416
-41.015021
-41.015614
-41.016198
-41.016774
-41.017347
-41.017919
-41.018491
-41.019067
-41.019649
-41.020238
-41.020837
-41.021448
-41.022073
-41.022713
-41.02337
-41.024045
-41.024741
-41.025459
-41.026199
-41.026963
-41.027751
-41.028566
-41.029407
-41.030275
-41.031173
-41.0321
-41.03306
-41.034055
-41.035087
-41.03616
-41.037276
-41.038441
-41.039657
-41.040925
-41.042246
-41.043619
-41.045037
-41.046491
-41.047968
-41.049453
-41.050926
-41.052365
-41.05375
-41.055058
-41.056273
-41.057378
-41.05836
-41.059216
-41.059911
-41.060466
-41.060875
-41.061133
-41.061242
-41.061205
-41.061028
-41.060728
-41.060323
-41.059839
-41.059309
-41.058767
-41.05825
-41.057795
-41.057436
-41.057199
-41.057106
-41.057169
-41.05739
-41.057763
-41.058275
-41.058916
-41.059655
-41.060465
-41.061326
-41.062219
-41.06313
-41.06405
-41.064985
-41.065943
-41.06695
-41.068044
-41.069283
-41.070736
-41.072481
-41.074612
-41.077223
-41.080408
-41.084255
-41.08883
-41.094197
-41.100398
-41.107486
-41.115838
-41.125544
-41.136705
-41.149415
-41.163696
-41.179708
-41.197668
-41.217792
-41.24027
-41.265161
-41.292247
-41.320827
-41.349615
-41.377228
-41.40249
-41.424672
-41.443522
-41.459197
-41.472192
-41.483214
-41.493355
-41.503512
-41.514413
-41.526642
-41.540599
-41.556398
-41.573794
-41.592635
-41.612685
-41.63354
-41.654637
-41.675229
-41.694382
-41.711111
-41.724427
-41.733444
-41.737469
-41.73606
-41.729065
-41.716244
-41.697808
-41.674443
-41.646928
-41.616049
-41.582558
-41.547127
-41.51033
-41.472635
-41.434406
-41.395933
-41.357443
-41.319135
-41.281203
-41.243855
-41.207331
-41.171909
-41.137901
-41.105648
-41.075501
-41.047808
-41.022894
-41.001053
-40.982536
-40.967543
-40.956214
-40.948743
-40.945563
)
;

boundaryField
{
    leftWall
    {
        type            fixedFluxPressure;
        gradient        uniform 0;
        value           nonuniform List<scalar> 
20
(
16.943523
-0.32042198
-40.985209
-40.983116
-40.980567
-40.98013
-40.983373
-40.982476
-40.981278
-40.980655
-40.98077
-40.978019
-40.977067
-40.97901
-40.974326
-40.963494
-40.962781
-40.962419
-40.980503
-40.980883
)
;
    }
    rightWall
    {
        type            fixedFluxPressure;
        gradient        uniform 0;
        value           nonuniform List<scalar> 
20
(
-40.349714
-40.365388
-40.400624
-40.449624
-40.506345
-40.565584
-40.623296
-40.676883
-40.725231
-40.767971
-40.805058
-40.83675
-40.863468
-40.885684
-40.90385
-40.918364
-40.929559
-40.937704
-40.942993
-40.945563
)
;
    }
    lowerWall
    {
        type            fixedFluxPressure;
        gradient        uniform 0;
        value           nonuniform List<scalar> 
240
(
16.943523
16.898847
16.805613
16.694554
16.603505
16.522877
16.453666
16.402957
16.377606
16.37534
16.385603
16.399635
16.412204
16.425785
16.447478
16.482861
16.528747
16.564843
16.57309
16.556198
16.517171
16.466767
16.420287
16.386147
16.365991
16.358037
16.357578
16.361862
16.370122
16.381642
16.3952
16.409192
16.417571
16.413667
16.395292
16.356766
16.293183
16.204025
16.092175
15.963473
15.826225
15.689723
15.562533
15.451207
15.359188
15.287336
15.234889
15.198955
15.181005
15.177287
15.176855
15.176963
15.178547
15.179213
15.177192
15.17387
15.170499
15.170402
15.17613
15.189948
15.20883
15.22656
15.233549
15.226314
15.203633
15.158224
15.086592
14.992705
14.882886
14.762215
14.633824
14.500131
14.364524
14.231544
14.105143
13.986486
13.873073
13.758315
13.634256
13.497865
13.353796
13.211547
13.078478
12.959241
12.874793
12.843069
12.825806
12.782747
12.682188
12.460868
12.158699
12.036007
12.10438
12.293151
12.630869
12.876417
12.866658
12.74933
12.591169
12.400652
12.224152
12.098133
12.013945
11.939844
11.84276
11.682694
11.415439
11.016077
10.512569
9.9549032
9.1997649
8.0815675
7.1780179
7.0907731
7.5455991
8.077959
9.0704436
10.030308
10.052897
9.4256051
7.9742965
6.3620719
5.8626887
6.7569831
7.7236499
7.2551052
6.3094411
5.9932991
5.3981555
5.5616315
10.014166
13.154785
10.971617
5.9392405
3.2538998
3.1782137
4.3092105
5.4458132
5.7430866
5.4312757
4.6948141
4.7792295
8.7176557
12.846237
12.664575
9.2974681
4.813657
1.2847005
-0.71405521
-2.074262
-2.7272511
-2.6168121
-1.7768198
0.1964734
1.32445
1.2861061
1.2446287
1.220545
1.08041
0.78289093
0.32697367
-0.2605789
-0.86348542
-1.3221578
-1.6578702
-2.1862384
-3.2162877
-4.0593997
-4.0484148
-3.9243442
-3.9079497
-3.8664291
-3.575947
-3.7453738
-7.5166204
-10.682868
-10.245717
-9.4366674
-9.3548712
-9.544729
-10.361344
-10.237976
-9.6730006
-7.6109175
-10.917256
-34.782503
-38.693888
-25.450988
-14.528293
-16.336966
-17.055098
-16.928143
-16.981449
-16.787884
-16.10509
-15.945823
-15.959605
-15.945225
-15.999173
-16.045707
-14.669485
-14.205918
-30.07985
-32.49072
-20.485941
-19.697808
-20.797398
-20.511699
-20.042409
-20.162635
-20.176472
-20.062014
-19.932639
-19.736382
-19.457419
-19.762056
-21.172269
-20.734589
-19.552657
-23.031944
-32.317511
-28.646624
-25.411719
-25.624395
-25.762045
-25.812344
-25.875674
-24.520378
-23.696771
-35.089268
-39.321568
-39.727921
-39.905119
-40.036108
-40.139211
-40.215067
-40.271662
-40.311776
-40.337339
-40.349714
)
;
    }
    atmosphere
    {
        type            fixedFluxPressure;
        gradient        uniform 0;
        value           nonuniform List<scalar> 
240
(
-40.980883
-40.979767
-40.975481
-40.97382
-40.973666
-40.975795
-40.980165
-40.981804
-40.983499
-40.985349
-40.9834
-40.981272
-40.98222
-40.986536
-40.987046
-40.986808
-40.985358
-40.984659
-40.984908
-40.985217
-40.985312
-40.985266
-40.985202
-40.985172
-40.985198
-40.985285
-40.985427
-40.985616
-40.985847
-40.986112
-40.986409
-40.986732
-40.987075
-40.987434
-40.987807
-40.988193
-40.988589
-40.988994
-40.989407
-40.989826
-40.990252
-40.990683
-40.991118
-40.991557
-40.991998
-40.992441
-40.992885
-40.99333
-40.993775
-40.994221
-40.994669
-40.99512
-40.995573
-40.996032
-40.996498
-40.996972
-40.997458
-40.997957
-40.998473
-40.999006
-40.999563
-41.000141
-41.000744
-41.001375
-41.002033
-41.00272
-41.003433
-41.004171
-41.004932
-41.005709
-41.006497
-41.007291
-41.008082
-41.008866
-41.009635
-41.010386
-41.011114
-41.011818
-41.012497
-41.013156
-41.013795
-41.014416
-41.015021
-41.015614
-41.016198
-41.016774
-41.017347
-41.017919
-41.018491
-41.019067
-41.019649
-41.020238
-41.020837
-41.021448
-41.022073
-41.022713
-41.02337
-41.024045
-41.024741
-41.025459
-41.026199
-41.026963
-41.027751
-41.028566
-41.029407
-41.030275
-41.031173
-41.0321
-41.03306
-41.034055
-41.035087
-41.03616
-41.037276
-41.038441
-41.039657
-41.040925
-41.042246
-41.043619
-41.045037
-41.046491
-41.047968
-41.049453
-41.050926
-41.052365
-41.05375
-41.055058
-41.056273
-41.057378
-41.05836
-41.059216
-41.059911
-41.060466
-41.060875
-41.061133
-41.061242
-41.061205
-41.061028
-41.060728
-41.060323
-41.059839
-41.059309
-41.058767
-41.05825
-41.057795
-41.057436
-41.057199
-41.057106
-41.057169
-41.05739
-41.057763
-41.058275
-41.058916
-41.059655
-41.060465
-41.061326
-41.062219
-41.06313
-41.06405
-41.064985
-41.065943
-41.06695
-41.068044
-41.069283
-41.070736
-41.072481
-41.074612
-41.077223
-41.080408
-41.084255
-41.08883
-41.094197
-41.100398
-41.107486
-41.115838
-41.125544
-41.136705
-41.149415
-41.163696
-41.179708
-41.197668
-41.217792
-41.24027
-41.265161
-41.292247
-41.320827
-41.349615
-41.377228
-41.40249
-41.424672
-41.443522
-41.459197
-41.472192
-41.483214
-41.493355
-41.503512
-41.514413
-41.526642
-41.540599
-41.556398
-41.573794
-41.592635
-41.612685
-41.63354
-41.654637
-41.675229
-41.694382
-41.711111
-41.724427
-41.733444
-41.737469
-41.73606
-41.729065
-41.716244
-41.697808
-41.674443
-41.646928
-41.616049
-41.582558
-41.547127
-41.51033
-41.472635
-41.434406
-41.395933
-41.357443
-41.319135
-41.281203
-41.243855
-41.207331
-41.171909
-41.137901
-41.105648
-41.075501
-41.047808
-41.022894
-41.001053
-40.982536
-40.967543
-40.956214
-40.948743
-40.945563
)
;
    }
    defaultFaces
    {
        type            empty;
    }
}


// ************************************************************************* //
