/*--------------------------------*- C++ -*----------------------------------*\
| =========                 |                                                 |
| \\      /  F ield         | OpenFOAM: The Open Source CFD Toolbox           |
|  \\    /   O peration     | Version:  2606                                  |
|   \\  /    A nd           | Website:  www.openfoam.com                      |
|    \\/     M anipulation  |                                                 |
\*---------------------------------------------------------------------------*/
FoamFile
{
    version     2.0;
    format      ascii;
    arch        "LSB;label=32;scalar=64";
    class       volScalarField;
    location    "0.75";
    object      p_rgh;
}
// * * * * * * * * * * * * * * * * * * * * * * * * * * * * * * * * * * * * * //

dimensions      [1 -1 -2 0 0 0 0];

internalField   nonuniform List<scalar> 
1920
(
19.693
19.6854
19.7199
19.7247
19.7192
19.7163
19.713
19.7058
19.6946
19.6837
19.6741
19.6654
19.6556
19.6403
19.6151
19.5789
19.5352
19.4899
19.4473
19.4094
19.3736
19.3342
19.286
19.2247
19.1475
19.0542
18.9473
18.8318
18.7147
18.6033
18.5043
18.4229
18.3633
18.3294
18.3285
18.3487
18.3896
18.4503
18.5252
18.6076
18.6856
18.7506
18.7745
18.7604
18.7099
18.5973
18.4041
18.1241
17.7665
17.345
16.8959
16.4877
16.1237
16.047
16.0297
15.9499
15.9263
15.9826
16.034
16.0266
15.9946
15.9854
16.0769
16.2229
16.0492
15.7943
16.2359
16.377
13.2841
9.85697
11.8385
13.6576
13.3016
13.3173
13.5496
13.3008
9.15375
9.01554
11.037
11.2667
11.1881
11.1571
11.1272
11.0534
11.0131
10.8873
8.60486
7.41963
7.42763
6.48386
6.03519
6.445
6.60776
-2.15834
-3.82327
1.20825
1.78258
1.64796
1.66026
1.62117
1.54079
1.41691
1.17619
0.887428
0.680298
0.714436
0.631858
-5.79345
-8.49625
-6.71692
-6.53728
-7.41819
-7.31801
-4.77987
6.33485
19.7167
27.6311
32.0301
29.2964
34.9985
-18.4018
-18.4868
-18.384
-18.3725
-18.376
-18.3728
-18.3726
-18.3841
-18.4064
-18.426
-18.4422
-18.4546
-18.4678
-18.4924
-18.5399
-18.6137
-18.705
-18.8002
-18.8897
-18.9679
-19.0405
-19.1199
-19.218
-19.3445
-19.5047
-19.6991
-19.9221
-20.1626
-20.4057
-20.6355
-20.8374
-21.0009
-21.1188
-21.1828
-21.1728
-21.1236
-21.0264
-20.8869
-20.7176
-20.5318
-20.3597
-20.2131
-20.1644
-20.1915
-20.2972
-20.5372
-20.9493
-21.5464
-22.3054
-23.1863
-24.1399
-24.9552
-25.6887
-25.862
-25.8885
-25.8944
-25.8976
-25.9037
-25.9108
-25.9172
-25.9161
-25.8851
-25.7849
-25.6065
-25.416
-25.3315
-25.3338
-25.335
-25.3334
-25.35
-25.54
-25.8589
-25.9717
-25.9094
-25.8194
-25.7663
-25.745
-25.7359
-25.7341
-25.7507
-25.7905
-25.7997
-25.8557
-25.9358
-26.0193
-26.0994
-26.1848
-26.2761
-26.3585
-26.4174
-26.447
-26.4495
-26.3578
-25.7945
-25.3483
-25.3992
-25.4725
-25.6345
-25.724
-25.7489
-25.8306
-26.0365
-26.427
-26.6189
-26.7347
-26.9031
-27.0927
-27.2378
-27.4132
-27.4715
-27.4493
-27.3863
-27.3008
-26.8836
-24.7592
-21.889
-17.0477
1.85654
26.5103
43.8973
-25.8468
-25.8473
-25.8476
-25.8479
-25.8481
-25.8487
-25.8491
-25.8491
-25.849
-25.8491
-25.8492
-25.8493
-25.8496
-25.8499
-25.8503
-25.8509
-25.8517
-25.8526
-25.8535
-25.8543
-25.8551
-25.8558
-25.8565
-25.8573
-25.8582
-25.8593
-25.8605
-25.8617
-25.863
-25.8644
-25.8655
-25.8664
-25.8669
-25.8672
-25.8678
-25.8692
-25.8715
-25.8748
-25.8783
-25.8808
-25.8815
-25.8809
-25.8799
-25.8794
-25.8793
-25.8793
-25.8795
-25.8805
-25.8831
-25.8842
-25.8875
-25.8943
-25.883
-25.878
-25.8834
-25.8887
-25.8946
-25.902
-25.9088
-25.9241
-25.9599
-25.9824
-25.9187
-25.8231
-25.7237
-25.4208
-25.2403
-25.2581
-25.1888
-25.1129
-25.2429
-25.6768
-26.0042
-25.9187
-25.8206
-25.7601
-25.7021
-25.6529
-25.6161
-25.6437
-25.6872
-25.7125
-25.7736
-25.8964
-26.0102
-26.0932
-26.185
-26.2817
-26.3724
-26.4448
-26.4872
-26.4863
-26.4477
-26.3854
-26.3233
-26.2832
-26.2603
-26.2491
-26.2482
-26.2661
-26.3072
-26.3759
-26.4652
-26.5755
-26.7216
-26.9122
-27.1295
-27.3262
-27.4714
-27.5521
-27.5528
-27.4856
-27.369
-27.2167
-27.0294
-26.5263
-25.2324
-21.7245
13.52
66.7726
-25.8482
-25.8485
-25.8474
-25.8446
-25.8439
-25.8467
-25.8495
-25.8497
-25.8496
-25.8495
-25.8497
-25.8501
-25.8505
-25.8507
-25.8509
-25.8512
-25.8517
-25.8523
-25.8531
-25.854
-25.8551
-25.8561
-25.8571
-25.858
-25.8589
-25.8599
-25.8608
-25.8618
-25.863
-25.8641
-25.8653
-25.8664
-25.8673
-25.8681
-25.8689
-25.87
-25.8717
-25.8739
-25.8763
-25.8782
-25.8794
-25.8802
-25.8807
-25.8812
-25.8817
-25.8821
-25.8826
-25.8832
-25.8842
-25.8859
-25.8897
-25.8917
-25.8803
-25.8747
-25.8784
-25.8822
-25.8865
-25.8985
-25.9063
-25.9194
-25.9423
-25.9634
-25.9552
-25.9454
-25.7423
-25.336
-25.2559
-25.2174
-25.1361
-25.1095
-25.2765
-25.7791
-26.0348
-25.9617
-25.5656
-25.5563
-25.5658
-25.5368
-25.5344
-25.7289
-25.9097
-25.928
-25.9541
-25.9951
-26.0541
-26.131
-26.2031
-26.2997
-26.3835
-26.4472
-26.4956
-26.4884
-26.4527
-26.4067
-26.3566
-26.3155
-26.2882
-26.255
-26.2274
-26.2334
-26.2611
-26.3169
-26.4139
-26.5258
-26.6926
-26.9188
-27.1718
-27.4014
-27.5659
-27.6446
-27.6206
-27.5325
-27.4028
-27.2568
-27.1217
-26.9082
-26.4897
-25.4286
-10.206
56.9649
-25.8485
-25.8495
-25.8508
-25.848
-25.8453
-25.8502
-25.85
-25.8501
-25.8502
-25.8503
-25.8505
-25.8508
-25.8511
-25.8514
-25.8517
-25.8521
-25.8525
-25.8531
-25.8538
-25.8546
-25.8555
-25.8564
-25.8573
-25.8582
-25.8591
-25.86
-25.861
-25.862
-25.863
-25.8641
-25.8651
-25.8661
-25.8671
-25.8681
-25.8692
-25.8704
-25.8719
-25.8737
-25.8755
-25.8769
-25.8779
-25.8784
-25.8788
-25.8792
-25.8797
-25.8802
-25.8809
-25.8819
-25.8831
-25.8844
-25.8858
-25.8868
-25.8853
-25.8856
-25.8871
-25.8887
-25.8901
-25.8918
-25.8944
-25.8981
-25.9058
-25.9178
-25.9527
-25.9736
-25.8677
-25.9802
-25.9812
-25.9651
-25.9584
-25.5069
-25.1633
-25.8373
-26.0008
-25.6065
-25.5571
-25.7569
-25.9632
-25.9547
-25.9525
-25.9501
-25.9465
-25.9577
-25.9825
-26.0205
-26.0688
-26.1348
-26.223
-26.3036
-26.3761
-26.4281
-26.4739
-26.4693
-26.4299
-26.3769
-26.3254
-26.282
-26.2553
-26.2384
-26.2326
-26.2385
-26.2591
-26.3004
-26.3722
-26.494
-26.6846
-26.948
-27.2446
-27.5085
-27.687
-27.7545
-27.7317
-27.6203
-27.4597
-27.2879
-27.1381
-26.9763
-26.6975
-26.2254
-22.7737
43.8704
-25.8498
-25.8503
-25.8512
-25.8516
-25.8514
-25.8508
-25.8505
-25.8504
-25.8506
-25.8507
-25.8509
-25.8512
-25.8515
-25.8518
-25.8521
-25.8524
-25.8529
-25.8534
-25.8541
-25.855
-25.8558
-25.8567
-25.8575
-25.8584
-25.8593
-25.8602
-25.8611
-25.8621
-25.8631
-25.8642
-25.8652
-25.8663
-25.8674
-25.8685
-25.8695
-25.8706
-25.8718
-25.8732
-25.8746
-25.876
-25.8772
-25.8782
-25.8791
-25.8799
-25.8806
-25.8814
-25.8821
-25.8829
-25.8837
-25.8846
-25.8854
-25.8857
-25.8856
-25.886
-25.8866
-25.8872
-25.8876
-25.8877
-25.887
-25.8846
-25.8819
-25.8923
-25.9505
-26.0072
-25.996
-26.0369
-26.0022
-25.9934
-25.9971
-26.0279
-25.9926
-25.7213
-25.6588
-26.0035
-26.011
-26.003
-25.9832
-25.9743
-25.9719
-25.9728
-25.9779
-25.9914
-26.0142
-26.0485
-26.0958
-26.1559
-26.2252
-26.2962
-26.3591
-26.4051
-26.4273
-26.4261
-26.408
-26.3821
-26.3494
-26.3175
-26.2895
-26.2658
-26.2471
-26.2362
-26.2381
-26.261
-26.3204
-26.4495
-26.6812
-27.0237
-27.4147
-27.7534
-27.9679
-28.0363
-27.9672
-27.7918
-27.5644
-27.3359
-27.1485
-27.008
-26.8144
-26.4294
-25.5439
28.8677
-25.8502
-25.8505
-25.851
-25.8513
-25.8509
-25.851
-25.8508
-25.8508
-25.8509
-25.8511
-25.8513
-25.8515
-25.8518
-25.8522
-25.8525
-25.8529
-25.8534
-25.854
-25.8546
-25.8553
-25.8561
-25.8569
-25.8578
-25.8586
-25.8595
-25.8604
-25.8613
-25.8623
-25.8632
-25.8642
-25.8653
-25.8663
-25.8673
-25.8684
-25.8695
-25.8706
-25.8718
-25.873
-25.8742
-25.8754
-25.8764
-25.8773
-25.8781
-25.8789
-25.8796
-25.8804
-25.8812
-25.8821
-25.8829
-25.8838
-25.8846
-25.8852
-25.8855
-25.8859
-25.8864
-25.8868
-25.887
-25.8868
-25.886
-25.8842
-25.8834
-25.8967
-25.948
-26.0164
-26.0219
-26.0114
-25.9973
-26.0026
-26.0116
-26.0287
-26.0494
-26.0568
-26.0418
-26.0198
-26.0068
-25.9978
-25.9912
-25.9887
-25.9895
-25.9934
-26.0016
-26.0161
-26.0378
-26.0678
-26.1067
-26.1538
-26.2068
-26.2605
-26.3088
-26.3457
-26.3674
-26.3731
-26.3648
-26.3473
-26.3274
-26.307
-26.2874
-26.2691
-26.2519
-26.2352
-26.2238
-26.2287
-26.2758
-26.4236
-26.7493
-27.2547
-27.8149
-28.2585
-28.496
-28.5281
-28.3745
-28.0912
-27.7614
-27.4515
-27.2065
-27.0518
-26.9432
-26.6739
-24.9471
37.0606
-25.8504
-25.8506
-25.8509
-25.851
-25.8511
-25.8511
-25.851
-25.851
-25.8512
-25.8514
-25.8516
-25.8518
-25.8521
-25.8525
-25.8528
-25.8532
-25.8537
-25.8543
-25.8549
-25.8556
-25.8564
-25.8572
-25.858
-25.8588
-25.8597
-25.8606
-25.8615
-25.8624
-25.8634
-25.8644
-25.8654
-25.8664
-25.8675
-25.8685
-25.8696
-25.8707
-25.8718
-25.873
-25.8742
-25.8753
-25.8764
-25.8774
-25.8784
-25.8792
-25.8801
-25.8809
-25.8817
-25.8825
-25.8833
-25.884
-25.8847
-25.8853
-25.8858
-25.8864
-25.8869
-25.8874
-25.8879
-25.8885
-25.8891
-25.8902
-25.8941
-25.9085
-25.9437
-25.9878
-25.9846
-25.9832
-25.9882
-26.0061
-26.0192
-26.0301
-26.0344
-26.0283
-26.016
-26.0075
-26.0036
-25.9995
-25.9972
-25.9978
-26.0014
-26.008
-26.0186
-26.034
-26.0549
-26.0819
-26.1151
-26.1537
-26.1957
-26.2378
-26.2762
-26.3073
-26.3287
-26.3396
-26.3411
-26.3354
-26.325
-26.3115
-26.2959
-26.2789
-26.2594
-26.2372
-26.214
-26.2005
-26.2387
-26.4288
-26.9269
-27.6963
-28.4798
-29.0313
-29.2798
-29.2418
-28.9621
-28.531
-28.0656
-27.6481
-27.3227
-27.1217
-27.0475
-26.8844
-22.8238
75.4829
-25.8506
-25.8507
-25.8509
-25.8511
-25.8511
-25.8511
-25.8511
-25.8512
-25.8514
-25.8516
-25.8519
-25.8521
-25.8524
-25.8528
-25.8531
-25.8536
-25.8541
-25.8546
-25.8552
-25.8559
-25.8566
-25.8574
-25.8582
-25.859
-25.8598
-25.8607
-25.8616
-25.8625
-25.8635
-25.8645
-25.8654
-25.8665
-25.8675
-25.8685
-25.8696
-25.8706
-25.8717
-25.8728
-25.8739
-25.875
-25.876
-25.8769
-25.8778
-25.8786
-25.8795
-25.8803
-25.8812
-25.882
-25.8828
-25.8836
-25.8844
-25.8852
-25.8859
-25.8866
-25.8874
-25.8882
-25.8893
-25.8909
-25.8932
-25.897
-25.9039
-25.9171
-25.9436
-25.9662
-25.9694
-25.9774
-25.9976
-26.0216
-26.0324
-26.0334
-26.0283
-26.0199
-26.011
-26.0044
-26.0012
-26.0001
-26.0011
-26.0044
-26.0102
-26.0188
-26.0307
-26.0465
-26.0667
-26.0915
-26.1208
-26.1537
-26.1888
-26.2236
-26.2557
-26.2828
-26.3033
-26.3167
-26.3235
-26.3248
-26.322
-26.3158
-26.3064
-26.2935
-26.2759
-26.2526
-26.2233
-26.1952
-26.2246
-26.4874
-27.1833
-28.2096
-29.1314
-29.7131
-29.9629
-29.8936
-29.5354
-28.984
-28.3947
-27.8689
-27.4571
-27.2094
-27.0878
-26.9996
-17.4859
89.7163
-25.8507
-25.8508
-25.8509
-25.8511
-25.8511
-25.8511
-25.8513
-25.8515
-25.8517
-25.8519
-25.8521
-25.8524
-25.8527
-25.853
-25.8534
-25.8538
-25.8543
-25.8549
-25.8555
-25.8561
-25.8568
-25.8576
-25.8583
-25.8591
-25.86
-25.8608
-25.8617
-25.8627
-25.8636
-25.8646
-25.8655
-25.8665
-25.8676
-25.8686
-25.8696
-25.8707
-25.8717
-25.8728
-25.8739
-25.875
-25.876
-25.877
-25.8779
-25.8788
-25.8797
-25.8806
-25.8814
-25.8822
-25.883
-25.8838
-25.8846
-25.8853
-25.8861
-25.887
-25.8879
-25.8891
-25.8908
-25.8932
-25.8969
-25.9026
-25.9116
-25.9254
-25.9438
-25.9672
-25.9779
-25.9991
-26.0319
-26.0573
-26.0617
-26.0483
-26.0294
-26.014
-26.0042
-25.9995
-25.9983
-25.9997
-26.0032
-26.0087
-26.0164
-26.0265
-26.0393
-26.0554
-26.075
-26.0981
-26.1245
-26.1535
-26.1839
-26.2142
-26.2426
-26.2675
-26.2879
-26.3032
-26.3138
-26.3202
-26.3232
-26.3234
-26.3209
-26.3148
-26.3038
-26.2882
-26.2671
-26.2429
-26.2784
-26.5994
-27.4133
-28.5251
-29.4398
-29.9871
-30.2316
-30.1786
-29.8248
-29.2395
-28.59
-27.99
-27.5124
-27.2364
-27.0625
-26.9144
-7.901
100.173
-25.8508
-25.8509
-25.851
-25.8511
-25.8512
-25.8513
-25.8515
-25.8517
-25.8519
-25.8521
-25.8523
-25.8526
-25.8529
-25.8532
-25.8536
-25.854
-25.8545
-25.8551
-25.8557
-25.8563
-25.857
-25.8577
-25.8585
-25.8593
-25.8601
-25.8609
-25.8618
-25.8627
-25.8637
-25.8646
-25.8656
-25.8666
-25.8676
-25.8686
-25.8696
-25.8706
-25.8717
-25.8727
-25.8737
-25.8747
-25.8757
-25.8767
-25.8776
-25.8785
-25.8794
-25.8802
-25.8811
-25.8819
-25.8828
-25.8836
-25.8845
-25.8854
-25.8862
-25.8872
-25.8884
-25.8898
-25.8918
-25.8946
-25.8989
-25.9055
-25.9154
-25.9296
-25.949
-25.9746
-26.0008
-26.0375
-26.0859
-26.1117
-26.1065
-26.0729
-26.035
-26.0099
-25.9973
-25.9932
-25.994
-25.9976
-26.0033
-26.0108
-26.0202
-26.0316
-26.0453
-26.0616
-26.0807
-26.1025
-26.1268
-26.153
-26.1803
-26.2075
-26.2334
-26.257
-26.2775
-26.2946
-26.3083
-26.3193
-26.3279
-26.3346
-26.34
-26.3435
-26.3441
-26.3468
-26.3561
-26.3716
-26.4374
-26.7481
-27.5148
-28.5567
-29.4008
-29.9086
-30.1596
-30.1317
-29.8016
-29.2346
-28.5681
-27.9324
-27.4237
-27.1258
-26.906
-26.5868
8.76789
112.041
-25.8509
-25.8509
-25.8511
-25.8512
-25.8514
-25.8515
-25.8518
-25.852
-25.8522
-25.8524
-25.8526
-25.8528
-25.8531
-25.8534
-25.8538
-25.8542
-25.8547
-25.8552
-25.8558
-25.8564
-25.8571
-25.8578
-25.8586
-25.8594
-25.8602
-25.861
-25.8619
-25.8628
-25.8637
-25.8647
-25.8656
-25.8666
-25.8676
-25.8686
-25.8696
-25.8706
-25.8717
-25.8727
-25.8737
-25.8747
-25.8757
-25.8767
-25.8776
-25.8786
-25.8795
-25.8803
-25.8812
-25.8821
-25.8829
-25.8837
-25.8846
-25.8855
-25.8864
-25.8874
-25.8886
-25.8901
-25.8921
-25.8949
-25.8989
-25.9049
-25.9143
-25.928
-25.9482
-25.9789
-26.0187
-26.0708
-26.1336
-26.1632
-26.1494
-26.0938
-26.0326
-25.9975
-25.9851
-25.9838
-25.9878
-25.9941
-26.002
-26.0113
-26.0221
-26.0346
-26.0491
-26.0656
-26.0844
-26.1054
-26.1282
-26.1526
-26.1778
-26.203
-26.2274
-26.2502
-26.271
-26.2896
-26.306
-26.3208
-26.3345
-26.3478
-26.3617
-26.3771
-26.3947
-26.4209
-26.4785
-26.5633
-26.6782
-26.9076
-27.4688
-28.3221
-29.0829
-29.544
-29.7533
-29.6978
-29.4305
-28.927
-28.2858
-27.6505
-27.1548
-26.8326
-26.5555
-26.0363
12.1334
56.5612
-25.8508
-25.8509
-25.8511
-25.8513
-25.8516
-25.8519
-25.8522
-25.8525
-25.8526
-25.8526
-25.8527
-25.8529
-25.8532
-25.8535
-25.8539
-25.8543
-25.8548
-25.8553
-25.8559
-25.8565
-25.8572
-25.8579
-25.8587
-25.8594
-25.8603
-25.8611
-25.862
-25.8628
-25.8638
-25.8647
-25.8657
-25.8666
-25.8676
-25.8686
-25.8696
-25.8706
-25.8716
-25.8726
-25.8736
-25.8746
-25.8756
-25.8765
-25.8775
-25.8784
-25.8793
-25.8802
-25.881
-25.8819
-25.8828
-25.8836
-25.8845
-25.8854
-25.8864
-25.8874
-25.8886
-25.8899
-25.8916
-25.8938
-25.8969
-25.9014
-25.9091
-25.9212
-25.9409
-25.9728
-26.0184
-26.0782
-26.1424
-26.1735
-26.1561
-26.0921
-26.0187
-25.9774
-25.9696
-25.9729
-25.9805
-25.9895
-25.9995
-26.0104
-26.0226
-26.0361
-26.0512
-26.0681
-26.0867
-26.1071
-26.129
-26.1521
-26.1759
-26.1999
-26.2233
-26.2458
-26.267
-26.2869
-26.3056
-26.3236
-26.3416
-26.3607
-26.3825
-26.409
-26.4423
-26.4912
-26.5888
-26.7503
-26.9014
-27.0307
-27.2932
-27.8392
-28.4935
-28.9771
-29.2754
-29.3841
-29.1151
-28.6142
-27.9873
-27.3649
-26.8301
-26.4305
-26.036
-25.4599
3.70636
57.7906
-25.8507
-25.8508
-25.851
-25.8513
-25.8517
-25.8523
-25.8528
-25.853
-25.853
-25.8529
-25.8529
-25.853
-25.8533
-25.8536
-25.8539
-25.8544
-25.8549
-25.8554
-25.856
-25.8566
-25.8573
-25.858
-25.8587
-25.8595
-25.8603
-25.8612
-25.862
-25.8629
-25.8638
-25.8647
-25.8657
-25.8667
-25.8676
-25.8686
-25.8696
-25.8706
-25.8716
-25.8726
-25.8736
-25.8746
-25.8756
-25.8765
-25.8775
-25.8784
-25.8793
-25.8802
-25.8811
-25.8819
-25.8828
-25.8836
-25.8845
-25.8854
-25.8863
-25.8873
-25.8883
-25.8894
-25.8907
-25.892
-25.8938
-25.8964
-25.9019
-25.9118
-25.9291
-25.9582
-26.0012
-26.0568
-26.1127
-26.1398
-26.1236
-26.0643
-26.0019
-25.9669
-25.9608
-25.9669
-25.9756
-25.9855
-25.9965
-26.0087
-26.0219
-26.0363
-26.052
-26.0692
-26.0878
-26.1079
-26.1293
-26.1516
-26.1746
-26.1978
-26.2207
-26.2431
-26.2647
-26.2856
-26.3061
-26.3266
-26.348
-26.3715
-26.3985
-26.4322
-26.4756
-26.5363
-26.6404
-26.8071
-26.9783
-27.043
-27.0537
-27.2153
-27.5873
-28.0154
-28.3061
-28.2974
-28.1347
-27.8505
-27.3621
-26.7881
-26.2604
-25.8523
-25.4272
-24.6758
5.86902
84.5327
-25.8507
-25.8507
-25.8509
-25.8513
-25.8518
-25.8526
-25.8532
-25.8534
-25.8532
-25.8529
-25.8529
-25.853
-25.8532
-25.8536
-25.8539
-25.8544
-25.8549
-25.8554
-25.856
-25.8566
-25.8573
-25.858
-25.8587
-25.8595
-25.8603
-25.8612
-25.862
-25.8629
-25.8638
-25.8647
-25.8657
-25.8666
-25.8676
-25.8686
-25.8696
-25.8706
-25.8716
-25.8726
-25.8736
-25.8746
-25.8755
-25.8765
-25.8774
-25.8783
-25.8792
-25.8801
-25.8809
-25.8818
-25.8827
-25.8835
-25.8844
-25.8852
-25.8861
-25.887
-25.8878
-25.8887
-25.8894
-25.89
-25.8907
-25.8918
-25.895
-25.9024
-25.9169
-25.9416
-25.9784
-26.0252
-26.071
-26.0901
-26.0685
-26.0244
-25.9934
-25.9783
-25.9704
-25.9707
-25.9763
-25.9841
-25.9945
-26.0068
-26.0205
-26.0355
-26.0518
-26.0693
-26.088
-26.1079
-26.1289
-26.1508
-26.1733
-26.196
-26.2186
-26.241
-26.263
-26.2846
-26.3062
-26.3282
-26.3516
-26.3776
-26.4077
-26.4443
-26.4903
-26.5516
-26.6429
-26.7757
-26.9195
-26.9601
-26.8908
-26.8233
-26.8722
-27.1907
-27.7019
-28.2629
-28.4866
-28.2813
-27.7842
-27.154
-26.5309
-25.985
-25.1292
-22.7404
37.7599
93.3699
-25.8505
-25.8504
-25.8506
-25.851
-25.8515
-25.8522
-25.8527
-25.8529
-25.8529
-25.8529
-25.853
-25.8531
-25.8534
-25.8537
-25.854
-25.8545
-25.8549
-25.8555
-25.8561
-25.8567
-25.8574
-25.8581
-25.8588
-25.8596
-25.8604
-25.8612
-25.8621
-25.8629
-25.8638
-25.8648
-25.8657
-25.8667
-25.8676
-25.8686
-25.8696
-25.8706
-25.8716
-25.8726
-25.8736
-25.8746
-25.8755
-25.8765
-25.8774
-25.8783
-25.8792
-25.8801
-25.881
-25.8818
-25.8826
-25.8835
-25.8843
-25.8851
-25.886
-25.8868
-25.8876
-25.8883
-25.8888
-25.8891
-25.8892
-25.8897
-25.8917
-25.8976
-25.91
-25.9318
-25.9636
-26.0015
-26.0308
-26.0375
-26.0234
-26.0045
-25.9947
-25.9881
-25.9792
-25.9763
-25.9801
-25.9871
-25.9967
-26.0083
-26.0217
-26.0365
-26.0526
-26.07
-26.0885
-26.1083
-26.129
-26.1506
-26.1727
-26.1952
-26.2176
-26.2399
-26.262
-26.2839
-26.306
-26.3289
-26.3532
-26.3802
-26.4112
-26.4482
-26.4938
-26.5529
-26.6343
-26.7404
-26.8499
-26.9032
-26.8645
-26.7167
-26.6239
-26.7251
-26.9138
-20.8955
1.37409
1.40952
1.81337
2.31832
2.10852
-12.1226
-1.14123
51.9839
92.2158
81.8127
)
;

boundaryField
{
    leftWall
    {
        type            fixedFluxPressure;
        gradient        uniform 0;
        value           nonuniform List<scalar> 
16
(
19.693
-18.4018
-25.8468
-25.8482
-25.8485
-25.8498
-25.8502
-25.8504
-25.8506
-25.8507
-25.8508
-25.8509
-25.8508
-25.8507
-25.8507
-25.8505
)
;
    }
    rightWall
    {
        type            fixedFluxPressure;
        gradient        uniform 0;
        value           nonuniform List<scalar> 
16
(
34.9985
43.8973
66.7726
56.9649
43.8704
28.8677
37.0606
75.4829
89.7163
100.173
112.041
56.5612
57.7906
84.5327
93.3699
81.8127
)
;
    }
    lowerWall
    {
        type            fixedFluxPressure;
        gradient        uniform 0;
        value           nonuniform List<scalar> 
120
(
19.693
19.6854
19.7199
19.7247
19.7192
19.7163
19.713
19.7058
19.6946
19.6837
19.6741
19.6654
19.6556
19.6403
19.6151
19.5789
19.5352
19.4899
19.4473
19.4094
19.3736
19.3342
19.286
19.2247
19.1475
19.0542
18.9473
18.8318
18.7147
18.6033
18.5043
18.4229
18.3633
18.3294
18.3285
18.3487
18.3896
18.4503
18.5252
18.6076
18.6856
18.7506
18.7745
18.7604
18.7099
18.5973
18.4041
18.1241
17.7665
17.345
16.8959
16.4877
16.1237
16.047
16.0297
15.9499
15.9263
15.9826
16.034
16.0266
15.9946
15.9854
16.0769
16.2229
16.0492
15.7943
16.2359
16.377
13.2841
9.85697
11.8385
13.6576
13.3016
13.3173
13.5496
13.3008
9.15375
9.01554
11.037
11.2667
11.1881
11.1571
11.1272
11.0534
11.0131
10.8873
8.60486
7.41963
7.42763
6.48386
6.03519
6.445
6.60776
-2.15834
-3.82327
1.20825
1.78258
1.64796
1.66026
1.62117
1.54079
1.41691
1.17619
0.887428
0.680298
0.714436
0.631858
-5.79345
-8.49625
-6.71692
-6.53728
-7.41819
-7.31801
-4.77987
6.33485
19.7167
27.6311
32.0301
29.2964
34.9985
)
;
    }
    atmosphere
    {
        type            fixedFluxPressure;
        gradient        uniform 0;
        value           nonuniform List<scalar> 
120
(
-25.8505
-25.8504
-25.8506
-25.851
-25.8515
-25.8522
-25.8527
-25.8529
-25.8529
-25.8529
-25.853
-25.8531
-25.8534
-25.8537
-25.854
-25.8545
-25.8549
-25.8555
-25.8561
-25.8567
-25.8574
-25.8581
-25.8588
-25.8596
-25.8604
-25.8612
-25.8621
-25.8629
-25.8638
-25.8648
-25.8657
-25.8667
-25.8676
-25.8686
-25.8696
-25.8706
-25.8716
-25.8726
-25.8736
-25.8746
-25.8755
-25.8765
-25.8774
-25.8783
-25.8792
-25.8801
-25.881
-25.8818
-25.8826
-25.8835
-25.8843
-25.8851
-25.886
-25.8868
-25.8876
-25.8883
-25.8888
-25.8891
-25.8892
-25.8897
-25.8917
-25.8976
-25.91
-25.9318
-25.9636
-26.0015
-26.0308
-26.0375
-26.0234
-26.0045
-25.9947
-25.9881
-25.9792
-25.9763
-25.9801
-25.9871
-25.9967
-26.0083
-26.0217
-26.0365
-26.0526
-26.07
-26.0885
-26.1083
-26.129
-26.1506
-26.1727
-26.1952
-26.2176
-26.2399
-26.262
-26.2839
-26.306
-26.3289
-26.3532
-26.3802
-26.4112
-26.4482
-26.4938
-26.5529
-26.6343
-26.7404
-26.8499
-26.9032
-26.8645
-26.7167
-26.6239
-26.7251
-26.9138
-20.8955
1.37409
1.40952
1.81337
2.31832
2.10852
-12.1226
-1.14123
51.9839
92.2158
81.8127
)
;
    }
    defaultFaces
    {
        type            empty;
    }
}


// ************************************************************************* //
