/*--------------------------------*- C++ -*----------------------------------*\
| =========                 |                                                 |
| \\      /  F ield         | OpenFOAM: The Open Source CFD Toolbox           |
|  \\    /   O peration     | Version:  2606                                  |
|   \\  /    A nd           | Website:  www.openfoam.com                      |
|    \\/     M anipulation  |                                                 |
\*---------------------------------------------------------------------------*/
FoamFile
{
    version     2.0;
    format      ascii;
    arch        "LSB;label=32;scalar=64";
    class       volScalarField;
    location    "4.4996781973";
    object      T;
}
// * * * * * * * * * * * * * * * * * * * * * * * * * * * * * * * * * * * * * //

dimensions      [0 0 0 1 0 0 0];

internalField   nonuniform List<scalar> 
1000
(
11.006678
10.999779
10.98938
10.973989
10.955678
10.933216
10.908799
10.880136
10.84972
10.813195
10.774541
10.730247
10.681895
10.628957
10.571535
10.509702
10.44395
10.373671
10.298913
10.220801
10.137234
10.049137
9.9583968
9.8650894
9.768435
9.6741922
9.5684884
9.462227
9.3640833
9.2463571
9.1288163
9.016239
8.9072226
8.7751498
8.6474342
8.5057394
8.3946581
8.2810724
8.1364294
8.0066123
7.9749939
7.913623
7.7927928
7.6896189
7.6431674
7.5156669
7.3515334
7.1915391
7.0493396
6.8844536
11.004301
10.997591
10.987509
10.972737
10.955088
10.933439
10.909661
10.881525
10.851662
10.816057
10.778154
10.735032
10.68789
10.636353
10.58054
10.520325
10.456314
10.388151
10.315403
10.239345
10.158438
10.073221
9.9854789
9.8941983
9.8007659
9.7095707
9.6055575
9.5039328
9.4085862
9.2956657
9.1828884
9.0747811
8.9692429
8.8452611
8.7216149
8.5888545
8.472594
8.370058
8.2390632
8.1102441
8.0642782
8.0154586
7.9061635
7.7990586
7.7356888
7.6352624
7.4923531
7.3280292
7.1922571
7.0033554
10.999865
10.993368
10.98355
10.969376
10.952582
10.932035
10.908664
10.881048
10.851524
10.816734
10.779396
10.737159
10.691124
10.640775
10.586369
10.527562
10.464963
10.3985
10.327463
10.253052
10.174537
10.091822
10.006423
9.9171007
9.8264205
9.7375751
9.6352597
9.5370836
9.4438655
9.3323843
9.2214891
9.1156635
9.0108717
8.8876934
8.7651264
8.6364153
8.5147418
8.4166584
8.2997897
8.173948
8.1132434
8.0730324
7.9698073
7.8500084
7.7692254
7.6818152
7.5505021
7.3852331
7.2427888
7.0462498
10.995015
10.988677
10.978994
10.965229
10.948967
10.929374
10.907135
10.881073
10.852383
10.818398
10.781682
10.740282
10.695246
10.645832
10.592632
10.535089
10.473755
10.408868
10.339688
10.26687
10.190682
10.110758
10.027979
9.9408137
9.8532965
9.7665405
9.6664294
9.5720846
9.4813471
9.3742586
9.2646978
9.1597414
9.0573447
8.9360782
8.8152512
8.6921318
8.5703612
8.4712807
8.3713428
8.2552393
8.1766822
8.1306322
8.0436279
7.9163032
7.8184709
7.7326379
7.6152278
7.4596003
7.3142415
7.1083675
10.99181
10.98572
10.97632
10.96304
10.947006
10.927744
10.906044
10.880972
10.853189
10.820903
10.785391
10.744782
10.700765
10.652292
10.600439
10.54448
10.484735
10.421636
10.354877
10.284142
10.210341
10.133718
10.053959
9.9692062
9.8859813
9.8004291
9.7023896
9.6127273
9.524312
9.4187915
9.3123194
9.211257
9.1111652
8.9917222
8.8715112
8.7508884
8.6368154
8.5390105
8.4456964
8.345824
8.2558279
8.1908797
8.1139733
7.9936017
7.8791902
7.78759
7.6797458
7.5369948
7.3961715
7.1863051
10.990248
10.98443
10.975403
10.962668
10.946888
10.928282
10.906825
10.88209
10.854625
10.823996
10.790177
10.751147
10.708985
10.661799
10.611553
10.557459
10.499522
10.438134
10.373761
10.305301
10.233789
10.160464
10.083621
10.002179
9.9224678
9.8380057
9.7440524
9.6585744
9.5712933
9.4667228
9.3632376
9.2655914
9.1657374
9.0477988
8.9305282
8.8127184
8.706733
8.6176533
8.5284392
8.4417666
8.3437542
8.2585789
8.1821335
8.0748642
7.9477558
7.8427246
7.7442612
7.6159819
7.4797896
7.2694112
10.988942
10.983424
10.974919
10.962882
10.947458
10.929667
10.90872
10.884899
10.857954
10.828525
10.796108
10.758473
10.718463
10.673106
10.624664
10.572405
10.516265
10.456277
10.393915
10.328134
10.258353
10.187667
10.113462
10.035144
9.959068
9.8741984
9.7844894
9.7045532
9.6151739
9.5116816
9.4132134
9.3179971
9.2177651
9.1003874
8.9867277
8.8751945
8.7794663
8.702123
8.6136396
8.5344128
8.4369673
8.3315702
8.2419603
8.1480395
8.0282846
7.9020366
7.7986074
7.687939
7.5657664
7.3581424
10.985986
10.980844
10.973111
10.962126
10.94755
10.930632
10.910293
10.887784
10.861514
10.833341
10.802428
10.76605
10.728141
10.684465
10.638078
10.587396
10.532882
10.474088
10.412925
10.348931
10.280763
10.211028
10.137391
10.062743
9.9870714
9.9026366
9.8181943
9.7400914
9.6489182
9.546317
9.4517649
9.3578953
9.2566832
9.1410196
9.0324732
8.929963
8.8469481
8.7835545
8.6975579
8.614858
8.5195881
8.4095968
8.3009533
8.2022514
8.0970822
7.970757
7.8537378
7.7455703
7.6407295
7.4450891
10.979082
10.974407
10.96765
10.957957
10.944724
10.929315
10.910239
10.888987
10.863403
10.836562
10.807367
10.772794
10.737101
10.694697
10.649586
10.599266
10.545534
10.486789
10.425057
10.361157
10.293852
10.222247
10.149492
10.076776
9.9998581
9.9169947
9.8372719
9.7585689
9.6641774
9.5645338
9.473814
9.3778982
9.2745327
9.1629016
9.0620996
8.9737055
8.9054204
8.8517301
8.7719622
8.6838492
8.5804567
8.4743084
8.3599107
8.2436678
8.1380926
8.0252833
7.9108118
7.7984379
7.7002125
7.5182291
10.966468
10.962332
10.956589
10.948154
10.936421
10.922996
10.905847
10.886552
10.862551
10.837184
10.80921
10.776499
10.742954
10.701486
10.656637
10.605004
10.551365
10.49257
10.429824
10.363994
10.2959
10.221817
10.147982
10.07293
9.99433
9.9155111
9.8394037
9.7556712
9.6588475
9.5669713
9.4808423
9.3817741
9.2754657
9.1674876
9.0731938
9.0036703
8.9528088
8.9024965
8.8237958
8.7335297
8.6205227
8.5121913
8.4005114
8.2777045
8.1615489
8.0524879
7.9499156
7.8409023
7.7447126
7.5718875
10.947469
10.943931
10.93913
10.931946
10.921771
10.91014
10.894801
10.87786
10.856544
10.833512
10.807399
10.777218
10.745114
10.703875
10.658774
10.604621
10.546804
10.483036
10.414
10.340609
10.265968
10.187003
10.108543
10.030671
9.9527269
9.879007
9.8036674
9.717742
9.627573
9.5459569
9.4583227
9.3550563
9.2512663
9.1518641
9.0685754
9.0209282
8.9848879
8.932566
8.8496259
8.7586341
8.6419581
8.5278077
8.415164
8.2940331
8.1740291
8.0628729
7.9649496
7.8627279
7.7709022
7.6045684
10.92166
10.918784
10.914868
10.909092
10.900663
10.890713
10.87694
10.8619
10.843329
10.822318
10.796706
10.767213
10.731598
10.686356
10.637207
10.575825
10.506454
10.43125
10.349309
10.263457
10.176482
10.092416
10.011018
9.9358238
9.8639322
9.794976
9.7222154
9.6458328
9.5708723
9.4945177
9.4030362
9.304442
9.2110657
9.1205259
9.0495557
9.0261443
8.9985278
8.9429607
8.8565135
8.7640204
8.6471812
8.5276344
8.4108505
8.2897269
8.173509
8.063427
7.9662558
7.8667286
7.7761595
7.6151701
10.887992
10.885928
10.883135
10.879217
10.872945
10.864866
10.852865
10.839659
10.823851
10.804759
10.779156
10.747028
10.700277
10.639678
10.569551
10.486019
10.396315
10.307372
10.218345
10.127847
10.03625
9.9539973
9.878965
9.8172433
9.7599606
9.6972821
9.6335593
9.5719618
9.502701
9.4236218
9.3359982
9.2491166
9.1643488
9.0777602
9.0234875
9.026579
9.0025538
8.9438148
8.8526458
8.7518026
8.6346893
8.5135686
8.3930276
8.2744891
8.1689388
8.0637063
7.9630643
7.859682
7.7676564
7.609947
10.842276
10.841297
10.839704
10.8372
10.832143
10.824664
10.812555
10.798625
10.782715
10.762443
10.729857
10.687995
10.621064
10.523917
10.41528
10.307214
10.207589
10.120635
10.044146
9.9665571
9.8936329
9.8281292
9.7748572
9.7226138
9.6850544
9.6407277
9.5850138
9.5226855
9.4451901
9.3593969
9.2734771
9.1915402
9.1095121
9.027436
9.0100173
9.0364134
9.0029565
8.9317797
8.8295323
8.7202913
8.6029507
8.4871624
8.3737449
8.2622313
8.1590958
8.0530946
7.9478813
7.837706
7.7430769
7.593227
10.785447
10.787434
10.789472
10.789804
10.786335
10.779912
10.766671
10.748344
10.725174
10.698591
10.653438
10.579904
10.45889
10.298766
10.156258
10.05337
9.9804265
9.9268434
9.8839666
9.8311129
9.7844194
9.743078
9.7081733
9.6707424
9.637004
9.6094241
9.5559674
9.4830216
9.3949619
9.3033955
9.218067
9.137485
9.0562388
8.9897895
9.0014615
9.0396506
8.9882384
8.8896635
8.77543
8.6669768
8.555955
8.4507103
8.3448224
8.2362849
8.1298195
8.0225411
7.9140494
7.8017314
7.7103091
7.572991
10.455284
10.470671
10.488641
10.500898
10.510571
10.509687
10.495208
10.463183
10.412665
10.356803
10.300314
10.231734
10.120266
9.9587329
9.8215239
9.7723222
9.775994
9.7922922
9.7899392
9.7745779
9.7355524
9.7042263
9.6747664
9.6260248
9.5738651
9.5447737
9.4886482
9.4129488
9.3121288
9.2129854
9.117721
9.0489109
8.9942605
8.9566314
9.0057633
9.037025
8.9462446
8.8146357
8.6981899
8.5986831
8.5003271
8.4080668
8.3082947
8.2003654
8.0915906
7.9836405
7.8770338
7.7730953
7.6861188
7.5565779
6.0426291
6.0858184
6.1520766
6.2453206
6.3662361
6.5051344
6.6597013
6.8101118
6.9521623
7.1412222
7.3916471
7.6710848
8.0140523
8.3877517
8.7551706
9.0986018
9.3776397
9.5559956
9.6198909
9.6903009
9.6687212
9.630795
9.5415904
9.4287612
9.3962616
9.4057996
9.4072622
9.3744408
9.234475
9.0940738
8.9602552
8.9043859
8.8886857
8.8835477
8.9864436
8.9765205
8.8370972
8.6941477
8.589685
8.5061698
8.4200458
8.3358264
8.2403966
8.1310378
8.0251576
7.9301464
7.8411971
7.7408058
7.6542682
7.5484415
1
1
1
1
1
1
1
1
1
1
1
0.98811691
1.1527486
2.238412
3.3521373
4.2205949
4.9457065
5.6243966
6.0365776
6.4331738
6.9320789
7.3100178
7.3124054
7.4390719
7.8690218
8.4593969
8.9768393
9.0790269
8.9754112
8.8540192
8.7409376
8.7438575
8.771553
8.8186757
8.9239243
8.81624
8.6610461
8.5496526
8.4660536
8.3904388
8.2938454
8.1806264
8.0523564
7.9082211
7.7881626
7.7029971
7.6475199
7.5951555
7.5234252
7.4963682
1
1
1
1
1
1
1
1
1
1
1
1
1
1
1
1
1
1
1
1
1
0.98419418
1.2509212
1.9858956
3.2677882
4.7063654
6.0514205
6.725241
7.0249018
7.3115624
7.7077272
8.1101708
8.3723347
8.6244961
8.7556517
8.5413061
8.3640711
8.2315817
8.1076127
7.972556
7.7921662
7.588035
7.3774213
7.1657089
7.048947
6.9650139
6.9164801
6.8300805
6.8696942
6.9619579
1
1
1
1
1
1
1
1
1
1
1
1
1
1
1
1
1
1
1
1
1
1
1
1
1
1
1
0.98469466
1.3186736
2.2321482
3.6339114
4.9141777
5.8790936
6.5189657
6.6143769
6.7770215
6.9304531
7.0037845
7.1582515
7.2154094
7.2667998
7.2615325
7.2510622
7.2665835
7.3371924
7.349126
7.3370959
7.3028211
7.4470512
7.5092933
)
;

boundaryField
{
    cylinder
    {
        type            zeroGradient;
    }
    outlet
    {
        type            zeroGradient;
    }
    farfield
    {
        type            fixedValue;
        value           uniform 1;
    }
    bottom
    {
        type            symmetryPlane;
    }
    defaultFaces
    {
        type            empty;
    }
}


// ************************************************************************* //
