/*--------------------------------*- C++ -*----------------------------------*\
| =========                 |                                                 |
| \\      /  F ield         | OpenFOAM: The Open Source CFD Toolbox           |
|  \\    /   O peration     | Version:  2606                                  |
|   \\  /    A nd           | Website:  www.openfoam.com                      |
|    \\/     M anipulation  |                                                 |
\*---------------------------------------------------------------------------*/
FoamFile
{
    version     2.0;
    format      ascii;
    arch        "LSB;label=32;scalar=64";
    class       surfaceScalarField;
    location    "1000";
    object      phi;
}
// * * * * * * * * * * * * * * * * * * * * * * * * * * * * * * * * * * * * * //

dimensions      [0 3 -1 0 0 0 0];

oriented        oriented;

internalField   nonuniform List<scalar> 
2320
(
9.717497993109446e-07
2.782502006890668e-07
7.036425367283858e-07
2.681072625819762e-07
5.275622979177841e-07
1.760802388101013e-07
4.246302781631545e-07
1.029320197542968e-07
3.658701966713499e-07
5.876008149154939e-08
3.311088789080146e-07
3.476131776296317e-08
3.089803583101463e-07
2.212852059725828e-08
2.936091353574079e-07
1.537122295212581e-08
2.820908653394616e-07
1.151827001774392e-08
2.729806683940844e-07
9.110196945678776e-09
2.654997350941056e-07
7.480933300279997e-09
2.591853521185003e-07
6.314382975161134e-09
2.537431836982251e-07
5.442168418902391e-09
2.489769187679537e-07
4.766264928772478e-09
2.447500837060906e-07
4.226835061322505e-09
2.409645925313358e-07
3.785491175312976e-09
2.375474682781785e-07
3.417124253857792e-09
2.344430807884289e-07
3.104387489581757e-09
2.316075817485441e-07
2.835499038540755e-09
2.290060220734637e-07
2.601559673033983e-09
2.26609548495672e-07
2.396473576265447e-09
2.243945478742982e-07
2.215000621542508e-09
2.223407699747306e-07
2.053777901009087e-09
2.204315012474252e-07
1.909268728246872e-09
2.186518550480325e-07
1.779646199235184e-09
2.169896742978011e-07
1.662180750256758e-09
2.154335941522986e-07
1.556080146434522e-09
2.139746624597101e-07
1.458931693603246e-09
2.126038776757587e-07
1.370784784462574e-09
2.113146711820356e-07
1.289206493872469e-09
2.100996099670457e-07
1.215061214911584e-09
2.089540072685805e-07
1.145602699231413e-09
2.078714062018217e-07
1.082601069724729e-09
2.068487161937723e-07
1.022690011304301e-09
2.058799735077557e-07
9.687426860156967e-10
2.049635607924117e-07
9.164127132633376e-10
2.040935735477525e-07
8.699872443702844e-10
2.032698801623367e-07
8.236933857194481e-10
2.024862080872892e-07
7.836720727115228e-10
2.017440451192856e-07
7.421629657862477e-10
2.010363016580561e-07
7.077434632478498e-10
2.003663268746566e-07
6.699747867988478e-10
1.997257338246854e-07
6.405930498803321e-10
1.991200554009918e-07
6.056784207253374e-10
1.985391224089448e-07
5.809329885080108e-10
1.979909806765446e-07
5.481417283520852e-10
1.974632915895332e-07
5.276890846091051e-10
1.96966770618977e-07
4.965209734586606e-10
1.96486880229593e-07
4.798903950934339e-10
1.960365859610692e-07
4.50294270068147e-10
1.956000574984117e-07
4.365284593008784e-10
1.951906574327194e-07
4.094000628415309e-10
1.947943020750728e-07
3.963553572787995e-10
1.944197224381539e-07
3.745796363924385e-10
1.940620896351423e-07
3.576328018788118e-10
1.937138746707098e-07
3.482149645446887e-10
1.93395480193731e-07
3.183944783362003e-10
1.930580851386391e-07
3.373950556722835e-10
1.927736954450815e-07
2.843896927303516e-10
3.673730351657174e-10
1.298801589835262e-06
2.294486108532821e-07
1.245808178931813e-06
3.211006734845975e-07
1.150123026182959e-06
2.717653915583397e-07
1.048687450186396e-06
2.043675957502902e-07
9.613509546295248e-07
1.460965770480752e-07
8.927182612129186e-07
1.033940111793896e-07
8.404187113605631e-07
7.442807044917311e-08
8.005312561806995e-07
5.525867813097382e-08
7.695452048014625e-07
4.250432139573033e-08
7.448433319264755e-07
3.381206982000799e-08
7.246257542764299e-07
2.769851095071238e-08
7.076835102134088e-07
2.325662703895499e-08
6.932000061003175e-07
1.992567253171385e-08
6.806139304308367e-07
1.73523405961585e-08
6.695302330333805e-07
1.531053245582459e-08
6.59663787853859e-07
1.365193635281064e-08
6.508032818227964e-07
1.227763028464649e-08
6.427883915721071e-07
1.111927774107899e-08
6.354944172094692e-07
1.012947340166786e-08
6.288226300654466e-07
9.273346815945001e-09
6.226930623375913e-07
8.526041301342014e-09
6.170403426168678e-07
7.867720339710066e-09
6.118097737108975e-07
7.284346806700059e-09
6.069556959880277e-07
6.763346452520699e-09
6.024388486488116e-07
6.29649353926692e-09
5.982261162800678e-07
5.874913118894692e-09
5.942882534568733e-07
5.493942970183876e-09
5.906006148033803e-07
5.146570348790923e-09
5.871407262701804e-07
4.83067331969412e-09
5.838899437071413e-07
4.539989058598458e-09
5.808304772448797e-07
4.274527677420266e-09
5.779481248446046e-07
4.027955098032874e-09
5.752283475100258e-07
3.802378404237146e-09
5.726603888216553e-07
3.590648703443354e-09
5.702319096097484e-07
3.397221901643673e-09
5.679349825931694e-07
3.213339729484711e-09
5.657586372674427e-07
3.04633256913306e-09
5.636974413095316e-07
2.884889345254115e-09
5.617410732844617e-07
2.740040097234686e-09
5.598864944276386e-07
2.596741816993156e-09
5.581233439501794e-07
2.470893936341196e-09
5.564510881097999e-07
2.342230628667202e-09
5.548586049472508e-07
2.233076215583222e-09
5.533481865017677e-07
2.116096867222763e-09
5.519071443555406e-07
2.021975134565721e-09
5.505411235890833e-07
1.914162492223466e-09
5.492349566234468e-07
1.833856043496591e-09
5.479983435687666e-07
1.73313402286154e-09
5.468126556500544e-07
1.665578316594212e-09
5.456924020514588e-07
1.570547875221377e-09
5.446146216227486e-07
1.514308889919081e-09
5.435990995121459e-07
1.424922171249759e-09
5.426182531586505e-07
1.377201709968972e-09
5.416965515364683e-07
1.296281258945375e-09
5.408029987644388e-07
1.251185572601852e-09
5.399637475936141e-07
1.187466133380034e-09
5.391477718339699e-07
1.134370237848001e-09
5.383774111635275e-07
1.107755727001451e-09
5.376205764260429e-07
1.041224430481641e-09
1.086884917315443e-09
1.323073263401856e-06
1.5637534745106e-07
1.370091576248159e-06
2.74082360637821e-07
1.37248065488428e-06
2.693763129217992e-07
1.343935300331015e-06
2.329129503030433e-07
1.301129981904489e-06
1.889018954742493e-07
1.255435850213342e-06
1.490881428705293e-07
1.212442052511909e-06
1.174218681506872e-07
1.174270826427116e-06
9.342990421533626e-08
1.141246434360644e-06
7.552871346101677e-08
1.112893109632498e-06
6.216539454685458e-08
1.08849859451652e-06
5.209302606639849e-08
1.067365794498301e-06
4.438942705826319e-08
1.048897099253096e-06
3.839436777820746e-08
1.032608559864069e-06
3.364087998480986e-08
1.018117851192456e-06
2.980124112483991e-08
1.005125324755891e-06
2.664446278606144e-08
9.933955298807714e-07
2.400742515785409e-08
9.82742143372894e-07
2.177266424940979e-08
9.730159690976799e-07
1.985564767895125e-08
9.640962588458378e-07
1.819305706935826e-08
9.558838496444148e-07
1.673845050183534e-08
9.482966035343721e-07
1.545496644678466e-08
9.41265405391379e-07
1.431554494760528e-08
9.347319213599055e-07
1.329683048443925e-08
9.286459947464193e-07
1.238242015405785e-08
9.229647535135746e-07
1.155615435208882e-08
9.176505832052986e-07
1.080811327861519e-08
9.126711475131399e-07
1.012600604222601e-08
9.079974501114523e-07
9.504370723765706e-09
9.036046357617393e-07
8.932803411143756e-09
8.994697858024105e-07
8.409377638254517e-09
8.955735574455638e-07
7.924183452855016e-09
8.918973724550086e-07
7.478563391345621e-09
8.884261070866972e-07
7.061914072338801e-09
8.851442663875431e-07
6.679062604955015e-09
8.820401064500506e-07
6.317499668704115e-09
8.791002418008911e-07
5.986197217818193e-09
8.763158059886499e-07
5.669325159948394e-09
8.736746967246139e-07
5.381149363763463e-09
8.711707064216311e-07
5.100732115426405e-09
8.687922260780974e-07
4.849374271561609e-09
8.665357682480015e-07
4.598688455676291e-09
8.643893530027062e-07
4.379491463420426e-09
8.623525970098763e-07
4.152852863544529e-09
8.604120799889139e-07
3.962492159646598e-09
8.585713258112368e-07
3.754916672954204e-09
8.568140276350479e-07
3.591154215443073e-09
8.551489998813097e-07
3.39816176657944e-09
8.535549944050583e-07
3.259583788466901e-09
8.52048315243007e-07
3.077227042139095e-09
8.505998042483306e-07
2.962819889811226e-09
8.492365753066685e-07
2.788151113563977e-09
8.479172939994186e-07
2.696483017931788e-09
8.466846834528681e-07
2.528891807646722e-09
8.454791557284513e-07
2.456713296362501e-09
8.443658117456197e-07
2.300810112423121e-09
8.43258018097093e-07
2.242163884010265e-09
8.422530739607788e-07
2.112699863245661e-09
8.412274019102375e-07
2.066896481439956e-09
1.993798450604869e-09
1.301372649729555e-06
1.050026977211848e-07
1.365245216014139e-06
2.102097943527732e-07
1.408335885356493e-06
2.262856435790568e-07
1.428218292322717e-06
2.130305433363137e-07
1.430101316546122e-06
1.87018871250372e-07
1.420819324505097e-06
1.583701349113992e-07
1.405580500837021e-06
1.32660691818997e-07
1.387728760527843e-06
1.112816445246979e-07
1.369235931503031e-06
9.40215424853046e-08
1.351162593375695e-06
8.023873267286615e-08
1.334023777037415e-06
6.923184240343883e-08
1.318028781340689e-06
6.038442275500109e-08
1.303221816967386e-06
5.320133215285896e-08
1.289563281054765e-06
4.729941589865687e-08
1.276975600558571e-06
4.23889216204472e-08
1.265368005604626e-06
3.825205773741205e-08
1.254649113123637e-06
3.472631763575649e-08
1.244732951164407e-06
3.168882620708028e-08
1.235541245136837e-06
2.904735370755062e-08
1.227004049486796e-06
2.673025272202606e-08
1.219059272988102e-06
2.468322700209108e-08
1.21165212121277e-06
2.286211822094241e-08
1.204734085818368e-06
2.12335803395777e-08
1.198262379359112e-06
1.97685369426199e-08
1.192198916307918e-06
1.844588320574981e-08
1.186510024399794e-06
1.724504626065621e-08
1.181165453464857e-06
1.615268421347758e-08
1.176138430471153e-06
1.515302903623525e-08
1.171404596906819e-06
1.423820428957919e-08
1.166942461168061e-06
1.339493915287406e-08
1.162732113070538e-06
1.26197257388145e-08
1.158756178511074e-06
1.190011801195985e-08
1.154998104816242e-06
1.123663708205882e-08
1.15144381099966e-06
1.061620788632325e-08
1.148079245798643e-06
1.004362780765618e-08
1.14489306320633e-06
9.503682262661462e-09
1.141872997268002e-06
9.006263156020604e-09
1.139010109231231e-06
8.532213199501025e-09
1.136293256107571e-06
8.098002492498956e-09
1.133715809656819e-06
7.678178565522219e-09
1.131267046831838e-06
7.298137089082903e-09
1.128942827653071e-06
6.922907628329989e-09
1.126731982276919e-06
6.590336838452489e-09
1.124633413143885e-06
6.251421997897459e-09
1.122634293723802e-06
5.961611584357096e-09
1.120737687587045e-06
5.651522817610012e-09
1.118927283817439e-06
5.401557987524576e-09
1.117212305388515e-06
5.113140187401067e-09
1.11557009081755e-06
4.901798350472444e-09
1.114019392643901e-06
4.627925215393084e-09
1.112526673761641e-06
4.455538775427605e-09
1.111125662928162e-06
4.189161947803633e-09
1.109764933091018e-06
4.057212856888225e-09
1.108501552063216e-06
3.792272840322861e-09
1.107255900051411e-06
3.702365309916149e-09
1.106120016906875e-06
3.436693252926038e-09
1.104973439520614e-06
3.388741266398379e-09
1.103954590316422e-06
3.131549066592973e-09
1.102900503528465e-06
3.120983269454215e-09
2.912792813106797e-09
1.283926274240991e-06
7.107642347986022e-08
1.338251860104029e-06
1.558842084892441e-07
1.387169731198513e-06
1.773677724842338e-07
1.424766217526896e-06
1.754340570075011e-07
1.450187735224204e-06
1.615973535525418e-07
1.465521459679915e-06
1.430364104553124e-07
1.4734322915109e-06
1.247498599880929e-07
1.476158611130695e-06
1.085553249053683e-07
1.475384152601653e-06
9.479600101455106e-08
1.472306801196435e-06
8.331608407733038e-08
1.4677574241362e-06
7.378121946208902e-08
1.462307691722259e-06
6.583415516765802e-08
1.456348368465839e-06
5.916065540942498e-08
1.450144623243797e-06
5.3503161122127e-08
1.443874954191429e-06
4.865859067405196e-08
1.437658157846086e-06
4.446885408228447e-08
1.431571932584933e-06
4.081254289450135e-08
1.425665710083354e-06
3.759504870572598e-08
1.419969505426286e-06
3.474355836332623e-08
1.414500025063535e-06
3.219973308612312e-08
1.409264877774266e-06
2.991837429386805e-08
1.404265507732861e-06
2.786148826346843e-08
1.399499201800448e-06
2.599988627106398e-08
1.394960530383446e-06
2.430720835830088e-08
1.390642286217346e-06
2.276412737146169e-08
1.38653623300231e-06
2.135109947581373e-08
1.382633494765116e-06
2.00554224504598e-08
1.378925008896934e-06
1.886151490381739e-08
1.375401588084859e-06
1.776162510155936e-08
1.372054301224154e-06
1.674222601543109e-08
1.368874272269812e-06
1.5799754696704e-08
1.365853156252231e-06
1.492123403126884e-08
1.36298263123037e-06
1.410716210152061e-08
1.360255153769397e-06
1.334368534411663e-08
1.357662989098927e-06
1.26357924776374e-08
1.355199516131928e-06
1.196715522951991e-08
1.352857483229239e-06
1.134829605738524e-08
1.350631311365169e-06
1.075838506543331e-08
1.348514003605415e-06
1.021531025822572e-08
1.346501222883809e-06
9.690959290037735e-09
1.344585837559027e-06
9.213522410239676e-09
1.342765131279558e-06
8.743613902953087e-09
1.341031194505297e-06
8.324273609711549e-09
1.339383635482253e-06
7.898981018035071e-09
1.337812698383977e-06
7.532548683231623e-09
1.336321577549834e-06
7.142643660027009e-09
1.334896889469834e-06
6.826246075417845e-09
1.333547600825304e-06
6.462428828949446e-09
1.332253753058039e-06
6.195646109299728e-09
1.331033746969382e-06
5.847931301255925e-09
1.329856284463002e-06
5.633001282321716e-09
1.328755065580544e-06
5.290380827684313e-09
1.327680115967607e-06
5.132162469209343e-09
1.326689136742892e-06
4.783252071028872e-09
1.325703358383406e-06
4.688143674144805e-09
1.324815267761261e-06
4.32478387214609e-09
1.323907594603526e-06
4.296414419873669e-09
1.323113508687167e-06
3.92563498268007e-09
1.322284890528722e-06
3.949601428580795e-09
3.630924870935117e-09
1.273064208813643e-06
4.801221466586516e-08
1.315966366362452e-06
1.129820509399036e-07
1.35991189288986e-06
1.334222459565055e-07
1.399598755582346e-06
1.357471943146957e-07
1.432666572908459e-06
1.285295362259917e-07
1.458952494404568e-06
1.167504889587033e-07
1.479370669483974e-06
1.043316849084488e-07
1.495010496402561e-06
9.291549798707727e-08
1.506858624208317e-06
8.294787320935429e-08
1.515731206212783e-06
7.444350207288318e-08
1.52227693011339e-06
6.723549556038275e-08
1.527005083092008e-06
6.110600218725492e-08
1.530314202970519e-06
5.585153552971303e-08
1.532516048500534e-06
5.130131559247151e-08
1.533854950401669e-06
4.73196887745258e-08
1.534522818952718e-06
4.380098553259908e-08
1.534670792890666e-06
4.066456895611891e-08
1.534418114725295e-06
3.784772686868336e-08
1.533859106979453e-06
3.530256610646319e-08
1.533068426484009e-06
3.299041358074093e-08
1.532105314644248e-06
3.088148613511574e-08
1.531016710008637e-06
2.895009290116101e-08
1.529839915522902e-06
2.717668075771035e-08
1.528604420361529e-06
2.554270351940219e-08
1.527333649347794e-06
2.403489838477651e-08
1.526045982134718e-06
2.263876668880617e-08
1.524755978554962e-06
2.134542602999577e-08
1.523474877271812e-06
2.014261618589234e-08
1.522211533318052e-06
1.902496905378681e-08
1.520972563047126e-06
1.798119628637088e-08
1.519763132824509e-06
1.700918492189124e-08
1.518586858932919e-06
1.609750792536549e-08
1.517446515402667e-06
1.524750563139164e-08
1.516343783440568e-06
1.444641730464616e-08
1.515279875060641e-06
1.369970085718305e-08
1.514255259402498e-06
1.299177088633728e-08
1.513270098391514e-06
1.233345706512487e-08
1.512324176831175e-06
1.170430662553204e-08
1.511416876026375e-06
1.112261106788725e-08
1.510547743714413e-06
1.05600916059864e-08
1.509715426724362e-06
1.00458393999064e-08
1.508919714395563e-06
9.539326230930773e-09
1.508158304808041e-06
9.085683196495554e-09
1.507431875218519e-06
8.625410602609902e-09
1.506736594959945e-06
8.227828937025424e-09
1.506075034966012e-06
7.804203658632652e-09
1.50544069421957e-06
7.460586830992324e-09
1.504839683178108e-06
7.063439870773839e-09
1.50426081637746e-06
6.77451290385786e-09
1.503716421255702e-06
6.392326421981317e-09
1.503187322162527e-06
6.162100376683159e-09
1.502696223593115e-06
5.781479391605936e-09
1.502210989922557e-06
5.617396134233256e-09
1.501770533997582e-06
5.223708000175528e-09
1.501323479615077e-06
5.135198063029316e-09
1.500931204077397e-06
4.717059407892237e-09
1.50051887613635e-06
4.708742356323439e-09
1.50017092029391e-06
4.273590825940786e-09
1.499799025562102e-06
4.321496162979334e-09
3.943957718775085e-09
1.266394631377938e-06
3.161758328757191e-08
1.300925231597816e-06
7.845145071944325e-08
1.339119393250309e-06
9.522808430365252e-08
1.376279632159558e-06
9.858695540521219e-08
1.409992604237949e-06
9.481656414736538e-08
1.439383486788282e-06
8.735960640795961e-08
1.464606895411346e-06
7.910827628488593e-08
1.486148232637896e-06
7.137416076032521e-08
1.504543112071441e-06
6.455299377614993e-08
1.520287204119522e-06
5.869941002531107e-08
1.533806133262168e-06
5.371656641760888e-08
1.545454727014648e-06
4.94574084335762e-08
1.5555262951639e-06
4.577996737872952e-08
1.564263124738312e-06
4.256448601700777e-08
1.571866135991242e-06
3.971667752209749e-08
1.578502749538654e-06
3.71643719868693e-08
1.584313298690578e-06
3.485401980549524e-08
1.589415868528516e-06
3.274515703021202e-08
1.59391034451559e-06
3.080809011720589e-08
1.597881341120546e-06
2.901941697374756e-08
1.601400897335968e-06
2.736192991942306e-08
1.604530257197204e-06
2.582073304129259e-08
1.607321827030468e-06
2.438511092603497e-08
1.609820211086444e-06
2.304431946420797e-08
1.612063779635594e-06
2.179132983573837e-08
1.61408515158623e-06
2.061739473825776e-08
1.615912593431469e-06
1.951798418479432e-08
1.617570027641609e-06
1.84851819747924e-08
1.61907842913095e-06
1.751656756225155e-08
1.620455370484127e-06
1.660425493163477e-08
1.621716566801966e-06
1.574798860483508e-08
1.622874918946774e-06
1.493915578215229e-08
1.623942361268635e-06
1.418006330980422e-08
1.624928320592188e-06
1.346045798138008e-08
1.625842035724611e-06
1.278598572620485e-08
1.626690309858483e-06
1.214349675173346e-08
1.627480489537412e-06
1.154327738199713e-08
1.628217354472988e-06
1.096744168781875e-08
1.628906957730585e-06
1.043300781313485e-08
1.629552479026189e-06
9.914570312975066e-09
1.630159121979002e-06
9.439196447189255e-09
1.630728774137342e-06
8.969674075242733e-09
1.63126610388502e-06
8.548353452825536e-09
1.631771956848789e-06
8.119557635445294e-09
1.632250649994779e-06
7.749135782950005e-09
1.632702245207256e-06
7.352608446568294e-09
1.633130732538521e-06
7.032099507209218e-09
1.633535737593375e-06
6.658434816134365e-09
1.633920730647279e-06
6.389519844216347e-09
1.634285436493426e-06
6.027620577472175e-09
1.634632324336036e-06
5.815212539131498e-09
1.6349620265261e-06
5.451777196163228e-09
1.635275237445622e-06
5.3041852050978e-09
1.635574521095953e-06
4.924424351073074e-09
1.635858064949366e-06
4.851654216244676e-09
1.636131035423447e-06
4.444088931915833e-09
1.636389783737968e-06
4.449994035806408e-09
1.636640617613486e-06
4.022756951065719e-09
1.636882967400941e-06
4.079146379866497e-09
3.709318522053121e-09
1.262384582829949e-06
1.923300045726706e-08
1.291344808263875e-06
4.949122528489841e-08
1.325289018917918e-06
6.128387364916802e-08
1.35970843512452e-06
6.416753919837115e-08
1.39224467298612e-06
6.228032628573474e-08
1.4217841913312e-06
5.78200880627586e-08
1.448185900580864e-06
5.270656703473272e-08
1.471699089809903e-06
4.786097153059475e-08
1.492674244749059e-06
4.357783883666426e-08
1.511463057970605e-06
3.991059680413525e-08
1.528377154405776e-06
3.680246998310049e-08
1.543677609836667e-06
3.415695300272932e-08
1.557579135490508e-06
3.187844172376817e-08
1.57025789098539e-06
2.988573052033813e-08
1.581859493761709e-06
2.811507474463605e-08
1.592505642560656e-06
2.651822318840171e-08
1.602299524320827e-06
2.506013804700814e-08
1.611329587131032e-06
2.371509422131984e-08
1.619672652744088e-06
2.246502450388312e-08
1.627395807323488e-06
2.129626239285042e-08
1.634558291952097e-06
2.019944528953678e-08
1.64121235349287e-06
1.916667150047173e-08
1.647404622436887e-06
1.819284198289825e-08
1.653176355070726e-06
1.727258683121079e-08
1.658564686346911e-06
1.640299855992862e-08
1.663602414618734e-06
1.557966646677216e-08
1.668319358197718e-06
1.480104060628661e-08
1.672741678326206e-06
1.406286184594684e-08
1.676893522235914e-06
1.33647236506337e-08
1.680795783486438e-06
1.270199367897866e-08
1.684468234488266e-06
1.207553760228896e-08
1.68792753880338e-06
1.147985146685298e-08
1.691190141376068e-06
1.091746073643638e-08
1.694269245032156e-06
1.038135432622195e-08
1.697178836621383e-06
9.876394140254278e-09
1.699929195913159e-06
9.393137460896995e-09
1.702532605126e-06
8.939868165507343e-09
1.704996745426625e-06
8.503301384583283e-09
1.707332894657977e-06
8.096858583304206e-09
1.709546245422792e-06
7.701219548466851e-09
1.711647788838007e-06
7.337653030084138e-09
1.713640098954902e-06
6.97736396198433e-09
1.71553470280209e-06
6.653749613815229e-09
1.717331126996185e-06
6.323133441328812e-09
1.71904247851292e-06
6.037784257685098e-09
1.720664405832131e-06
5.730681125464077e-09
1.722213020508107e-06
5.483484837030478e-09
1.723678702032401e-06
5.192753290035814e-09
1.725082583585109e-06
4.985638283469349e-09
1.726407613644044e-06
4.702590520910984e-09
1.727682806943879e-06
4.540019248304187e-09
1.728880534968279e-06
4.254049168490634e-09
1.730041591382176e-06
4.143128779860004e-09
1.731123634334432e-06
3.842381398272575e-09
1.732183969776769e-06
3.791318780851155e-09
1.733161285774089e-06
3.46677293248823e-09
1.734133244035201e-06
3.478035766621085e-09
1.735019012509472e-06
3.136988475485981e-09
1.735912388404319e-06
3.185770489475253e-09
2.891755196217125e-09
1.260125250866024e-06
9.107749590888133e-09
1.285679796790471e-06
2.393667935982936e-08
1.316959886764158e-06
3.000378367496788e-08
1.349502239186523e-06
3.162518677566128e-08
1.380933272198378e-06
3.084929327390861e-08
1.410003573529364e-06
2.874978673198175e-08
1.436424076504461e-06
2.628606405948297e-08
1.460349421247757e-06
2.393562678649372e-08
1.482070195295336e-06
2.185706478806928e-08
1.501897706337684e-06
2.008308576142614e-08
1.520112475243867e-06
1.858770107760177e-08
1.53694680077705e-06
1.732262747061632e-08
1.552586270393073e-06
1.623897210794834e-08
1.56717719980896e-06
1.529480110313442e-08
1.580835208728852e-06
1.445706582265976e-08
1.593652659467846e-06
1.370077244819877e-08
1.605704901432308e-06
1.300789608322694e-08
1.617054617769351e-06
1.236537788624504e-08
1.62775537906632e-06
1.176426320853534e-08
1.637853664781701e-06
1.119797667764131e-08
1.64739085910905e-06
1.066225096123203e-08
1.65640392406278e-06
1.015360654578179e-08
1.664926726576465e-06
9.670039468869992e-09
1.672989931812287e-06
9.20938159536766e-09
1.680622196598719e-06
8.770733773443954e-09
1.68784950557019e-06
8.352357495531806e-09
1.694696561777147e-06
7.953984400058375e-09
1.701185568161131e-06
7.573855462271211e-09
1.707338079240704e-06
7.212212569995153e-09
1.71317307933632e-06
6.866993581689547e-09
1.718709588095726e-06
6.539028841661872e-09
1.723963747458232e-06
6.225692102676998e-09
1.728952579499504e-06
5.928628692828905e-09
1.733689620232747e-06
5.644313593191681e-09
1.738190418254954e-06
5.375596121936209e-09
1.742465999838452e-06
5.117555879650866e-09
1.746531004340032e-06
4.874863661519612e-09
1.750393873664793e-06
4.640432058132066e-09
1.754069008231887e-06
4.421724017879235e-09
1.757561958415775e-06
4.208269363379084e-09
1.760887757669291e-06
4.011853772035889e-09
1.764048420915739e-06
3.816700718030179e-09
1.767060832988322e-06
3.641337551258622e-09
1.769922325908587e-06
3.461640523720886e-09
1.772653418337049e-06
3.306691821665003e-09
1.775244854691648e-06
3.139244768851598e-09
1.777723450389127e-06
3.004889145171012e-09
1.780070338741097e-06
2.845864934698417e-09
1.78232260020222e-06
2.733376811302884e-09
1.784447163357246e-06
2.578027367069295e-09
1.786497121379971e-06
2.490061236499196e-09
1.788418640891261e-06
2.332529655672262e-09
1.790288600075602e-06
2.273169583846051e-09
1.79202408053362e-06
2.106900939425484e-09
1.793734660359241e-06
2.080738963193052e-09
1.795300603148071e-06
1.900830142016547e-09
1.796869634879108e-06
1.909004026230551e-09
1.798286806712383e-06
1.719816638685891e-09
1.799724700666532e-06
1.747876538440139e-09
1.585267335837085e-09
1.259107749590554e-06
-2.532600488242602e-20
1.283044428949958e-06
-1.69167779179062e-19
1.313048212624759e-06
-3.582306048790834e-19
1.344673399400283e-06
-3.514134716233797e-19
1.375522692674346e-06
-2.707202004583675e-19
1.404272479407213e-06
-5.374583480821522e-19
1.430558543468341e-06
-1.320956181721051e-18
1.454494170256581e-06
-2.143716479147049e-18
1.476351235045704e-06
-2.26651911919303e-18
1.496434320807476e-06
-1.54961061939272e-18
1.515022021885734e-06
-7.935441792965637e-19
1.532344649358513e-06
-1.042702430787189e-18
1.548583621470273e-06
-2.501814709080713e-18
1.563878422577657e-06
-4.195994080489757e-18
1.578335488403495e-06
-4.777108243911369e-18
1.592036260853416e-06
-3.788125921497239e-18
1.605044156937975e-06
-2.105889586518659e-18
1.617409534826463e-06
-1.022067812205848e-18
1.62917379803817e-06
-9.262102693119936e-19
1.64037177471851e-06
-1.091886817520864e-18
1.651034025680573e-06
-6.787275459496909e-19
1.66118763222508e-06
4.376710718021273e-19
1.670857671691062e-06
1.86021852218929e-18
1.68006705328223e-06
3.238652817756837e-18
1.688837787050353e-06
4.466978458992261e-18
1.697190144539971e-06
5.60743291972028e-18
1.705144128933846e-06
6.689087858826666e-18
1.712717984389121e-06
7.513379939635539e-18
1.719930196950861e-06
7.899406735017172e-18
1.72679719052363e-06
8.150179263516287e-18
1.733336219355834e-06
8.691477603402464e-18
1.739561911447028e-06
9.357942667157433e-18
1.745490540126565e-06
9.784380663714225e-18
1.751134853708623e-06
1.012594049476274e-17
1.756510449823458e-06
1.030894763813772e-17
1.761628005695942e-06
9.481449388229532e-18
1.766502869348389e-06
7.442291865214556e-18
1.771143301400694e-06
5.442382525244751e-18
1.775565025417056e-06
4.343426429107872e-18
1.779773294775533e-06
3.623666648911347e-18
1.78378514853867e-06
2.817332948264577e-18
1.787601849255407e-06
2.160537876639489e-18
1.791243186815073e-06
1.348877268019488e-18
1.794704827342207e-06
-1.411884296934768e-20
1.798011519158239e-06
-1.217337411931707e-18
1.801150763927297e-06
-1.494784078597191e-18
1.804155653080848e-06
-1.914283756615143e-18
1.807001518015419e-06
-3.381652015082454e-18
1.809734894818925e-06
-4.793365843610841e-18
1.812312922190594e-06
-4.727262791810917e-18
1.814802983442274e-06
-4.231212695047292e-18
1.817135513100843e-06
-4.169433836070191e-18
1.819408682676516e-06
-3.846199140150485e-18
1.821515583617787e-06
-2.721057915901423e-18
1.823596322592786e-06
-3.090103034617301e-18
1.825497152740088e-06
-5.986817960182593e-18
1.827406156767158e-06
-9.672284990969458e-18
1.829125973412273e-06
-1.037121386653548e-17
1.830873849960897e-06
-8.222904283301296e-18
-6.610189457073042e-18
1.259107749590538e-06
-9.10774959093676e-09
1.283044428949953e-06
-2.393667936014172e-08
1.31304821262479e-06
-3.000378367565352e-08
1.344673399400321e-06
-3.162518677645064e-08
1.375522692674283e-06
-3.084929327462186e-08
1.404272479407044e-06
-2.874978673312882e-08
1.430558543468199e-06
-2.628606406186169e-08
1.454494170256631e-06
-2.39356267902661e-08
1.476351235045942e-06
-2.18570647922854e-08
1.496434320807692e-06
-2.008308576484358e-08
1.515022021885692e-06
-1.858770108004835e-08
1.532344649358205e-06
-1.732262747343637e-08
1.548583621469934e-06
-1.623897211282751e-08
1.5638784225776e-06
-1.529480111048937e-08
1.578335488403802e-06
-1.445706583097994e-08
1.592036260853863e-06
-1.370077245526853e-08
1.605044156938284e-06
-1.300789608801976e-08
1.617409534826531e-06
-1.236537788940106e-08
1.629173798038147e-06
-1.176426321115012e-08
1.640371774718586e-06
-1.119797667974871e-08
1.651034025680798e-06
-1.066225096189739e-08
1.661187632225379e-06
-1.015360654420768e-08
1.670857671691383e-06
-9.670039464920532e-09
1.680067053282524e-06
-9.209381589113512e-09
1.688837787050626e-06
-8.770733764987985e-09
1.697190144540236e-06
-8.352357484891593e-09
1.705144128934064e-06
-7.953984387233994e-09
1.712717984389286e-06
-7.57385544762264e-09
1.719930196951061e-06
-7.212212554188529e-09
1.726797190523953e-06
-6.866993564922806e-09
1.733336219356287e-06
-6.539028823621631e-09
1.739561911447586e-06
-6.225692083536823e-09
1.745490540127234e-06
-5.92862867340635e-09
1.751134853709314e-06
-5.644313573698322e-09
1.756510449823998e-06
-5.375596102403983e-09
1.761628005696365e-06
-5.117555861637993e-09
1.766502869348925e-06
-4.874863646965202e-09
1.771143301401452e-06
-4.640432046796503e-09
1.775565025418002e-06
-4.421724008322273e-09
1.779773294776636e-06
-4.20826935542294e-09
1.783785148539871e-06
-4.011853766319743e-09
1.787601849256585e-06
-3.81670071441287e-09
1.791243186816165e-06
-3.641337549680128e-09
1.794704827343347e-06
-3.461640524650654e-09
1.798011519159473e-06
-3.306691824321911e-09
1.801150763928443e-06
-3.139244771438948e-09
1.804155653081839e-06
-3.004889148333464e-09
1.807001518016497e-06
-2.845864940806257e-09
1.809734894820186e-06
-2.733376820398157e-09
1.812312922191856e-06
-2.578027376500992e-09
1.814802983443438e-06
-2.490061245518516e-09
1.817135513102014e-06
-2.332529664752709e-09
1.81940868267761e-06
-2.273169592107566e-09
1.82151558361845e-06
-2.106900945258441e-09
1.823596322592828e-06
-2.080738969557061e-09
1.825497152740019e-06
-1.900830153490774e-09
1.82740615676752e-06
-1.90900404399751e-09
1.829125973413036e-06
-1.719816657690316e-09
1.830873849961413e-06
-1.747876554197621e-09
-1.585267349012392e-09
1.260125250865964e-06
-1.923300045731252e-08
1.285679796790431e-06
-4.949122528515239e-08
1.316959886764227e-06
-6.128387364979349e-08
1.349502239186578e-06
-6.416753919931905e-08
1.380933272198207e-06
-6.228032628687167e-08
1.410003573528924e-06
-5.782008806408824e-08
1.436424076504067e-06
-5.270656703650962e-08
1.460349421247803e-06
-4.786097153315199e-08
1.482070195295844e-06
-4.357783884011274e-08
1.501897706338167e-06
-3.991059680824678e-08
1.520112475243762e-06
-3.680246998750374e-08
1.53694680077628e-06
-3.415695300719279e-08
1.552586270392231e-06
-3.187844172835436e-08
1.567177199808772e-06
-2.988573052529333e-08
1.58083520872952e-06
-2.811507475012965e-08
1.593652659468872e-06
-2.651822319434715e-08
1.60570490143301e-06
-2.506013805307592e-08
1.617054617769558e-06
-2.371509422690644e-08
1.627755379066369e-06
-2.246502450803781e-08
1.637853664781967e-06
-2.129626239461483e-08
1.647390859109622e-06
-2.019944528866615e-08
1.656403924063533e-06
-1.916667149758139e-08
1.664926726577226e-06
-1.819284197865332e-08
1.672989931813022e-06
-1.727258682562423e-08
1.680622196599468e-06
-1.640299855260737e-08
1.687849505570939e-06
-1.557966645740467e-08
1.694696561777809e-06
-1.480104059472739e-08
1.701185568161719e-06
-1.406286183220736e-08
1.707338079241456e-06
-1.336472363484759e-08
1.713173079337427e-06
-1.270199366120684e-08
1.718709588097115e-06
-1.207553758286445e-08
1.723963747459888e-06
-1.147985144703287e-08
1.728952579501509e-06
-1.091746071767284e-08
1.733689620234845e-06
-1.038135430864168e-08
1.738190418256707e-06
-9.876394123289103e-09
1.742465999839971e-06
-9.393137445056876e-09
1.746531004341935e-06
-8.939868151646393e-09
1.750393873667343e-06
-8.503301372190911e-09
1.754069008234859e-06
-8.096858571833776e-09
1.757561958419077e-06
-7.701219539191794e-09
1.760887757672858e-06
-7.337653024612552e-09
1.764048420919221e-06
-6.977363960197993e-09
1.767060832991644e-06
-6.653749614768745e-09
1.769922325912171e-06
-6.323133444039304e-09
1.772653418340918e-06
-6.037784260476735e-09
1.775244854695206e-06
-5.730681127036032e-09
1.777723450392175e-06
-5.483484838956194e-09
1.780070338744283e-06
-5.19275329499311e-09
1.782322600205837e-06
-4.985638291629086e-09
1.784447163360853e-06
-4.702590530283737e-09
1.7864971213833e-06
-4.540019258322114e-09
1.788418640894701e-06
-4.254049178890158e-09
1.790288600078791e-06
-4.143128789063115e-09
1.792024080535551e-06
-3.842381405075989e-09
1.793734660359438e-06
-3.791318788001857e-09
1.795300603147893e-06
-3.466772942972549e-09
1.796869634880117e-06
-3.478035780660242e-09
1.79828680671439e-06
-3.136988490195741e-09
1.799724700667876e-06
-3.185770503421032e-09
-2.891755209088294e-09
1.26238458282987e-06
-3.161758328761393e-08
1.291344808263789e-06
-7.845145071963671e-08
1.325289018917956e-06
-9.522808430420863e-08
1.359708435124581e-06
-9.85869554063001e-08
1.392244672985947e-06
-9.481656414888955e-08
1.421784191330708e-06
-8.735960640948612e-08
1.448185900580348e-06
-7.910827628613309e-08
1.47169908980981e-06
-7.13741607617562e-08
1.492674244749469e-06
-6.455299377881651e-08
1.511463057971056e-06
-5.86994100299256e-08
1.528377154405685e-06
-5.37165664236484e-08
1.543677609835896e-06
-4.94574084393901e-08
1.557579135489589e-06
-4.577996738293564e-08
1.570257890985059e-06
-4.256448601977804e-08
1.581859493762202e-06
-3.971667752511692e-08
1.592505642561515e-06
-3.716437199184344e-08
1.602299524321449e-06
-3.48540198125239e-08
1.611329587131328e-06
-3.274515703746061e-08
1.619672652744396e-06
-3.080809012209376e-08
1.62739580732407e-06
-2.901941697488551e-08
1.634558291952877e-06
-2.736192991745755e-08
1.641212353493698e-06
-2.582073303796132e-08
1.647404622437731e-06
-2.438511092227169e-08
1.653176355071627e-06
-2.304431945957184e-08
1.658564686347956e-06
-2.179132982946205e-08
1.663602414619928e-06
-2.061739473000893e-08
1.668319358198963e-06
-1.951798417444359e-08
1.672741678327533e-06
-1.848518196198995e-08
1.676893522237624e-06
-1.751656754662907e-08
1.680795783488663e-06
-1.66042549132436e-08
1.684468234490794e-06
-1.574798858480357e-08
1.687927538806188e-06
-1.493915576263389e-08
1.691190141379427e-06
-1.418006329247945e-08
1.694269245035838e-06
-1.346045796600135e-08
1.697178836624789e-06
-1.278598571170061e-08
1.699929195916476e-06
-1.21434967378607e-08
1.702532605130065e-06
-1.154327736870182e-08
1.704996745431601e-06
-1.096744167452265e-08
1.707332894663326e-06
-1.043300780045362e-08
1.709546245428353e-06
-9.914570303543735e-09
1.711647788843818e-06
-9.439196442984215e-09
1.713640098960689e-06
-8.969674075599503e-09
1.715534702807899e-06
-8.548353455709451e-09
1.717331127002638e-06
-8.119557638785297e-09
1.719042478519842e-06
-7.749135784994561e-09
1.720664405838359e-06
-7.352608447277073e-09
1.722213020513269e-06
-7.032099509021843e-09
1.723678702037555e-06
-6.658434821141864e-09
1.725082583590737e-06
-6.389519851878136e-09
1.726407613649557e-06
-6.027620586366633e-09
1.72768280694909e-06
-5.815212549085057e-09
1.728880534973803e-06
-5.45177720653768e-09
1.730041591387321e-06
-5.304185214402559e-09
1.731123634337516e-06
-4.924424359177808e-09
1.732183969777197e-06
-4.851654225143176e-09
1.733161285773969e-06
-4.444088942026442e-09
1.734133244036565e-06
-4.44999404587392e-09
1.735019012512051e-06
-4.022756960965259e-09
1.735912388406004e-06
-4.079146391335858e-09
-3.709318533952328e-09
1.266394631377841e-06
-4.801221466590628e-08
1.300925231597671e-06
-1.129820509400789e-07
1.339119393250249e-06
-1.334222459570095e-07
1.376279632159564e-06
-1.357471943157916e-07
1.409992604237836e-06
-1.285295362276312e-07
1.439383486787902e-06
-1.167504889603211e-07
1.464606895410808e-06
-1.043316849095498e-07
1.486148232637504e-06
-9.291549798810475e-08
1.504543112071368e-06
-8.294787321161769e-08
1.520287204119611e-06
-7.444350207738916e-08
1.533806133262043e-06
-6.72354955665523e-08
1.545454727014111e-06
-6.110600219309625e-08
1.555526295163121e-06
-5.585153553353686e-08
1.564263124737677e-06
-5.130131559454776e-08
1.571866135990959e-06
-4.731968877692366e-08
1.578502749538597e-06
-4.380098553723071e-08
1.584313298690601e-06
-4.066456896283342e-08
1.589415868528728e-06
-3.784772687522307e-08
1.593910344516154e-06
-3.530256611033068e-08
1.597881341121295e-06
-3.299041358125697e-08
1.601400897336604e-06
-3.088148613363505e-08
1.604530257197675e-06
-2.895009289923381e-08
1.607321827030995e-06
-2.717668075538469e-08
1.609820211087241e-06
-2.554270351561763e-08
1.612063779636764e-06
-2.403489837889921e-08
1.614085151587803e-06
-2.2638766680998e-08
1.615912593433403e-06
-2.134542602031641e-08
1.617570027644007e-06
-2.014261617381934e-08
1.619078429134045e-06
-1.902496903877606e-08
1.620455370487811e-06
-1.798119626875004e-08
1.621716566805774e-06
-1.700918490330871e-08
1.622874918950785e-06
-1.609750790798399e-08
1.623942361273437e-06
-1.524750561611674e-08
1.624928320597705e-06
-1.444641729068117e-08
1.625842035730184e-06
-1.369970084371645e-08
1.626690309864341e-06
-1.299177087337027e-08
1.627480489544399e-06
-1.23334570523381e-08
1.628217354480892e-06
-1.170430661255007e-08
1.628906957738435e-06
-1.112261105629103e-08
1.629552479033824e-06
-1.056009159868073e-08
1.630159121986818e-06
-1.004583939782519e-08
1.630728774145384e-06
-9.539326232250263e-09
1.631266103893563e-06
-9.085683198810424e-09
1.631771956858467e-06
-8.625410604308613e-09
1.632250650004915e-06
-8.227828937747622e-09
1.63270224521603e-06
-7.804203659990199e-09
1.633130732545489e-06
-7.460586835184202e-09
1.633535737600028e-06
-7.063439877621264e-09
1.633920730654324e-06
-6.774512911203421e-09
1.634285436500284e-06
-6.39232642905919e-09
1.634632324342732e-06
-6.162100384284902e-09
1.634962026533339e-06
-5.781479399761945e-09
1.63527523745222e-06
-5.617396142697537e-09
1.635574521099692e-06
-5.223708010095699e-09
1.63585806494987e-06
-5.13519807463954e-09
1.636131035423265e-06
-4.71705941845858e-09
1.63638978373915e-06
-4.708742363447103e-09
1.636640617615708e-06
-4.273590831974481e-09
1.636882967402256e-06
-4.321496171549944e-09
-3.94395772869902e-09
1.273064208813541e-06
-7.107642347990152e-08
1.315966366362253e-06
-1.558842084894533e-07
1.359911892889696e-06
-1.773677724847264e-07
1.399598755582281e-06
-1.7543405700846e-07
1.43266657290841e-06
-1.615973535539659e-07
1.458952494404334e-06
-1.43036410456845e-07
1.479370669483433e-06
-1.247498599894199e-07
1.495010496401798e-06
-1.085553249067609e-07
1.506858624207591e-06
-9.479600101681799e-08
1.515731206212286e-06
-8.331608408101724e-08
1.522276930113059e-06
-7.378121946675358e-08
1.527005083091577e-06
-6.583415517217629e-08
1.530314202969694e-06
-5.916065541299594e-08
1.532516048499268e-06
-5.350316112513565e-08
1.533854950400182e-06
-4.865859067756537e-08
1.534522818951368e-06
-4.446885408681646e-08
1.534670792889841e-06
-4.081254289926833e-08
1.534418114725287e-06
-3.759504870933747e-08
1.533859106980067e-06
-3.47435583650719e-08
1.533068426484607e-06
-3.219973308676617e-08
1.532105314644352e-06
-2.991837429457849e-08
1.531016710008457e-06
-2.786148826419149e-08
1.529839915522977e-06
-2.599988627030215e-08
1.528604420362162e-06
-2.430720835480284e-08
1.52733364934907e-06
-2.276412736542375e-08
1.526045982136728e-06
-2.135109946806013e-08
1.524755978557794e-06
-2.005542244116219e-08
1.523474877275588e-06
-1.886151489251528e-08
1.522211533322808e-06
-1.776162508806455e-08
1.520972563052379e-06
-1.674222600049251e-08
1.51976313282959e-06
-1.579975468182443e-08
1.518586858938127e-06
-1.49212340174132e-08
1.517446515409033e-06
-1.410716208809177e-08
1.516343783448171e-06
-1.334368533021369e-08
1.515279875068735e-06
-1.263579246388097e-08
1.514255259411268e-06
-1.196715521699614e-08
1.513270098401638e-06
-1.134829604584702e-08
1.512324176841863e-06
-1.075838505470666e-08
1.51141687603623e-06
-1.021531025023238e-08
1.51054774372352e-06
-9.690959286395598e-09
1.509715426733776e-06
-9.213522409629147e-09
1.508919714405788e-06
-8.743613902762695e-09
1.508158304819418e-06
-8.324273608826083e-09
1.507431875231337e-06
-7.898981017024613e-09
1.506736594972748e-06
-7.532548683767858e-09
1.506075034976418e-06
-7.142643664472644e-09
1.505440694227413e-06
-6.826246083881603e-09
1.504839683185471e-06
-6.462428837722316e-09
1.504260816385304e-06
-6.195646114960907e-09
1.503716421263443e-06
-5.847931304599356e-09
1.503187322170297e-06
-5.633001285887343e-09
1.502696223601421e-06
-5.29038083284325e-09
1.50221098992965e-06
-5.132162477180341e-09
1.501770534001051e-06
-4.783252083263543e-09
1.501323479615103e-06
-4.688143688222012e-09
1.50093120407675e-06
-4.324783882859887e-09
1.500518876136697e-06
-4.296414424894359e-09
1.500170920294971e-06
-3.925634986001487e-09
1.499799025562437e-06
-3.949601433975162e-09
-3.630924878060774e-09
1.28392627424087e-06
-1.050026977212318e-07
1.338251860103788e-06
-2.102097943530596e-07
1.387169731198264e-06
-2.262856435795599e-07
1.424766217526746e-06
-2.130305433370525e-07
1.450187735224127e-06
-1.870188712513883e-07
1.465521459679668e-06
-1.583701349127111e-07
1.473432291510185e-06
-1.326606918206408e-07
1.476158611129466e-06
-1.112816445266888e-07
1.47538415260024e-06
-9.402154248755846e-08
1.4723068011953e-06
-8.023873267521741e-08
1.467757424135491e-06
-6.923184240586072e-08
1.462307691721545e-06
-6.038442275780421e-08
1.456348368464474e-06
-5.320133215651724e-08
1.450144623241493e-06
-4.729941590323709e-08
1.443874954188582e-06
-4.238892162519702e-08
1.437658157843542e-06
-3.825205774108749e-08
1.431571932583497e-06
-3.472631763755143e-08
1.425665710083201e-06
-3.16888262073948e-08
1.419969505426765e-06
-2.904735370792675e-08
1.414500025063604e-06
-2.673025272398782e-08
1.409264877773564e-06
-2.468322700554232e-08
1.404265507732012e-06
-2.286211822374441e-08
1.399499201800246e-06
-2.123358033936756e-08
1.394960530384122e-06
-1.976853693890907e-08
1.390642286218897e-06
-1.844588319974576e-08
1.38653623300494e-06
-1.72450462533568e-08
1.382633494769039e-06
-1.615268420491239e-08
1.378925008902174e-06
-1.515302902634239e-08
1.375401588091099e-06
-1.423820427883557e-08
1.37205430123054e-06
-1.339493914216424e-08
1.368874272275669e-06
-1.261972572868109e-08
1.36585315625834e-06
-1.190011800150997e-08
1.362982631238219e-06
-1.123663706951331e-08
1.360255153778999e-06
-1.061620787182987e-08
1.357662989109249e-06
-1.004362779397459e-08
1.355199516143066e-06
-9.50368225165075e-09
1.352857483241598e-06
-9.006263147052727e-09
1.350631311377384e-06
-8.532213192553763e-09
1.348514003615862e-06
-8.098002489056999e-09
1.346501222893322e-06
-7.678178564832163e-09
1.344585837569518e-06
-7.298137087653133e-09
1.342765131291735e-06
-6.922907624525397e-09
1.341031194519117e-06
-6.590336834113078e-09
1.339383635497181e-06
-6.251421995863382e-09
1.337812698397768e-06
-5.961611587191013e-09
1.336321577560046e-06
-5.651522826494246e-09
1.334896889477142e-06
-5.401557999148393e-09
1.333547600832632e-06
-5.113140195339478e-09
1.332253753066312e-06
-4.901798352130703e-09
1.331033746977653e-06
-4.62792521441131e-09
1.329856284471169e-06
-4.455538775906142e-09
1.32875506558872e-06
-4.189161951593961e-09
1.327680115973699e-06
-4.057212865455402e-09
1.326689136744869e-06
-3.792272854073958e-09
1.325703358382245e-06
-3.702365324144132e-09
1.324815267759706e-06
-3.436693262011423e-09
1.323907594602678e-06
-3.38874126946369e-09
1.323113508686763e-06
-3.131549067935239e-09
1.322284890527926e-06
-3.120983271927033e-09
-2.912792817377902e-09
1.301372649729442e-06
-1.563753474511261e-07
1.365245216013892e-06
-2.740823606381982e-07
1.408335885356206e-06
-2.693763129222924e-07
1.428218292322489e-06
-2.329129503035436e-07
1.430101316545917e-06
-1.889018954748736e-07
1.420819324504617e-06
-1.490881428716028e-07
1.405580500835892e-06
-1.1742186815243e-07
1.387728760526041e-06
-9.342990421744823e-08
1.369235931501038e-06
-7.552871346273191e-08
1.351162593374119e-06
-6.216539454772753e-08
1.334023777036332e-06
-5.209302606704196e-08
1.318028781339421e-06
-4.438942706011282e-08
1.30322181696506e-06
-3.839436778215734e-08
1.289563281051246e-06
-3.364087999006514e-08
1.276975600554728e-06
-2.980124112921573e-08
1.265368005601713e-06
-2.664446278777914e-08
1.254649113122387e-06
-2.400742515708699e-08
1.244732951164515e-06
-2.177266424824846e-08
1.235541245137117e-06
-1.985564767984102e-08
1.227004049486183e-06
-1.81930570731273e-08
1.219059272986728e-06
-1.673845050670513e-08
1.211652121211776e-06
-1.545496644967114e-08
1.204734085818516e-06
-1.431554494684283e-08
1.198262379360298e-06
-1.329683048084261e-08
1.192198916310044e-06
-1.238242014910143e-08
1.186510024403226e-06
-1.15561543461472e-08
1.181165453469847e-06
-1.080811327163624e-08
1.176138430477422e-06
-1.012600603479562e-08
1.171404596913649e-06
-9.504370716778539e-09
1.166942461174438e-06
-8.932803404987686e-09
1.162732113076179e-06
-8.409377632137006e-09
1.158756178517482e-06
-7.924183444530252e-09
1.1549981048251e-06
-7.478563379230865e-09
1.151443811010386e-06
-7.061914058577972e-09
1.148079245809724e-06
-6.67906259364709e-09
1.144893063217961e-06
-6.317499660939833e-09
1.141872997280467e-06
-5.986197212167158e-09
1.139010109242663e-06
-5.669325156737679e-09
1.13629325611666e-06
-5.381149363591631e-09
1.133715809665609e-06
-5.100732115120653e-09
1.131267046842935e-06
-4.8493742673408e-09
1.128942827666609e-06
-4.598688448835601e-09
1.12673198229178e-06
-4.379491458465594e-09
1.124633413158671e-06
-4.152852863584403e-09
1.122634293735946e-06
-3.962492165982405e-09
1.120737687594909e-06
-3.754916684353182e-09
1.118927283823261e-06
-3.591154226013919e-09
1.11721230539579e-06
-3.398161770073118e-09
1.115570090826293e-06
-3.259583785640076e-09
1.114019392652098e-06
-3.077227039180526e-09
1.112526673768876e-06
-2.962819890339841e-09
1.111125662934503e-06
-2.788151117986971e-09
1.109764933094617e-06
-2.69648302678153e-09
1.108501552062888e-06
-2.528891820138416e-09
1.107255900048922e-06
-2.456713307435688e-09
1.106120016904625e-06
-2.300810118137716e-09
1.104973439518958e-06
-2.242163885160664e-09
1.103954590315076e-06
-2.112699863224398e-09
1.10290050352698e-06
-2.066896481956942e-09
-1.993798452823207e-09
1.32307326340175e-06
-2.294486108533241e-07
1.370091576247922e-06
-3.211006734850481e-07
1.372480654883966e-06
-2.717653915587786e-07
1.3439353003307e-06
-2.04367595750591e-07
1.301129981904069e-06
-1.460965770484576e-07
1.255435850212438e-06
-1.033940111802436e-07
1.212442052510217e-06
-7.44280704506105e-08
1.174270826424839e-06
-5.525867813243812e-08
1.141246434358477e-06
-4.250432139641656e-08
1.112893109630971e-06
-3.381206981982242e-08
1.088498594515339e-06
-2.769851095074669e-08
1.067365794496464e-06
-2.325662704065717e-08
1.048897099249919e-06
-1.992567253535537e-08
1.032608559860038e-06
-1.735234060018414e-08
1.018117851188963e-06
-1.531053245806557e-08
1.005125324754086e-06
-1.365193635247205e-08
9.933955298807178e-07
-1.227763028304994e-08
9.827421433735636e-07
-1.111927774056992e-08
9.73015969097717e-07
-1.012947340379374e-08
9.640962588447464e-07
-9.273346820166712e-09
9.558838496431496e-07
-8.526041305260041e-09
9.482966035342571e-07
-7.867720341075789e-09
9.41265405392606e-07
-7.284346805412901e-09
9.347319213618429e-07
-6.763346450014779e-09
9.286459947490448e-07
-6.296493536247484e-09
9.229647535174898e-07
-5.874913114999901e-09
9.176505832105706e-07
-5.493942965611758e-09
9.126711475190936e-07
-5.146570344589131e-09
9.079974501171682e-07
-4.830673316497836e-09
9.036046357664746e-07
-4.539989055990897e-09
8.994697858066574e-07
-4.274527673835224e-09
8.955735574514139e-07
-4.027955091256972e-09
8.918973724635896e-07
-3.80237839406971e-09
8.884261070962885e-07
-3.590648693386511e-09
8.851442663965447e-07
-3.397221895056365e-09
8.820401064593772e-07
-3.213339725622355e-09
8.791002418107728e-07
-3.046332566350512e-09
8.763158059968554e-07
-2.884889344483979e-09
8.736746967308146e-07
-2.740040098085337e-09
8.711707064292172e-07
-2.596741815307588e-09
8.687922260892756e-07
-2.47089393022421e-09
8.665357682612426e-07
-2.342230622139124e-09
8.643893530158508e-07
-2.233076213258327e-09
8.623525970214211e-07
-2.116096870239892e-09
8.604120799969588e-07
-2.021975142245408e-09
8.585713258158613e-07
-1.914162501797649e-09
8.568140276399768e-07
-1.833856049171774e-09
8.551489998892379e-07
-1.733134021388289e-09
8.535549944137364e-07
-1.665578312104601e-09
8.520483152494014e-07
-1.570547873750435e-09
8.505998042526894e-07
-1.514308892322393e-09
8.492365753097997e-07
-1.424922175925424e-09
8.479172940000505e-07
-1.377201716910378e-09
8.466846834507125e-07
-1.296281267378132e-09
8.45479155725665e-07
-1.251185578893117e-09
8.443658117437977e-07
-1.187466135694879e-09
8.432580180957119e-07
-1.134370237628853e-09
8.422530739593895e-07
-1.10775572628073e-09
8.412274019087135e-07
-1.041224430219217e-09
-1.086884918472325e-09
1.298801589835087e-06
-2.782502006888634e-07
1.245808178931551e-06
-2.681072625821984e-07
1.150123026182612e-06
-1.760802388103723e-07
1.048687450186005e-06
-1.029320197544566e-07
9.613509546288785e-07
-5.87600814917842e-08
8.927182612116708e-07
-3.476131776349622e-08
8.404187113586633e-07
-2.212852059798882e-08
8.005312561786652e-07
-1.537122295263324e-08
7.695452047999508e-07
-1.151827001768653e-08
7.448433319255756e-07
-9.110196945311688e-09
7.2462575427541e-07
-7.480933300388576e-09
7.076835102114156e-07
-6.314382976370079e-09
6.932000060973835e-07
-5.44216842086558e-09
6.80613930428072e-07
-4.766264930276573e-09
6.695302330320024e-07
-4.226835061381148e-09
6.59663787854139e-07
-3.785491174158343e-09
6.508032818239472e-07
-3.417124252730914e-09
6.4278839157294e-07
-3.104387489689323e-09
6.354944172092903e-07
-2.835499040187846e-09
6.288226300647307e-07
-2.601559675327753e-09
6.226930623376394e-07
-2.396473577713566e-09
6.17040342618321e-07
-2.215000621388431e-09
6.118097737130107e-07
-2.053777899879039e-09
6.069556959900265e-07
-1.909268727058699e-09
6.02438848651113e-07
-1.779646197928839e-09
5.982261162833423e-07
-1.66218074842069e-09
5.942882534608023e-07
-1.556080144465466e-09
5.906006148071204e-07
-1.45893169227861e-09
5.871407262730955e-07
-1.370784783860189e-09
5.838899437091165e-07
-1.289206493344253e-09
5.808304772470528e-07
-1.215061213292541e-09
5.779481248487662e-07
-1.145602695399831e-09
5.752283475158903e-07
-1.082601064376337e-09
5.726603888268979e-07
-1.022690007141451e-09
5.702319096139783e-07
-9.687426843679039e-10
5.679349825982379e-07
-9.16412712596612e-10
5.657586372729764e-07
-8.699872437488215e-10
5.636974413133438e-07
-8.236933861791632e-10
5.617410732877289e-07
-7.836720734760132e-10
5.598864944339277e-07
-7.421629639510739e-10
5.581233439596235e-07
-7.077434588879618e-10
5.564510881194162e-07
-6.699747836524566e-10
5.54858604955392e-07
-6.405930502988319e-10
5.533481865080084e-07
-6.056784241140979e-10
5.519071443592585e-07
-5.809329936329581e-10
5.505411235918958e-07
-5.481417330925658e-10
5.492349566288197e-07
-5.276890856885546e-10
5.479983435765865e-07
-4.965209705377361e-10
5.468126556560603e-07
-4.798903923305063e-10
5.456924020537435e-07
-4.50294270692491e-10
5.446146216235181e-07
-4.365284620349554e-10
5.435990995126471e-07
-4.094000657855705e-10
5.426182531577188e-07
-3.963553607582384e-10
5.416965515343958e-07
-3.745796403317962e-10
5.408029987631306e-07
-3.576328043828125e-10
5.399637475933582e-07
-3.482149648429647e-10
5.39147771833465e-07
-3.183944774801125e-10
5.383774111624586e-07
-3.373950548179119e-10
5.3762057642485e-07
-2.843896924399274e-10
-3.673730357864121e-10
9.71749799310696e-07
7.036425367282105e-07
5.275622979175996e-07
4.246302781629042e-07
3.658701966708706e-07
3.311088789071976e-07
3.089803583092051e-07
2.936091353567109e-07
2.820908653391441e-07
2.72980668393846e-07
2.654997350935125e-07
2.591853521174824e-07
2.537431836972819e-07
2.489769187677135e-07
2.447500837066792e-07
2.409645925322939e-07
2.37547468278939e-07
2.344430807887338e-07
2.316075817485936e-07
2.290060220738628e-07
2.266095484968556e-07
2.243945478758668e-07
2.223407699758877e-07
2.204315012481116e-07
2.18651855048891e-07
2.169896742990227e-07
2.154335941534291e-07
2.139746624604037e-07
2.126038776759706e-07
2.113146711819598e-07
2.100996099674012e-07
2.08954007269809e-07
2.078714062029274e-07
2.068487161938092e-07
2.058799735078546e-07
2.049635607937654e-07
2.040935735491872e-07
2.032698801628542e-07
2.02486208088589e-07
2.017440451227048e-07
2.010363016620024e-07
2.00366326877496e-07
1.997257338268283e-07
1.991200554028418e-07
1.985391224104301e-07
1.979909806788644e-07
1.974632915935423e-07
1.969667706225705e-07
1.964868802303438e-07
1.960365859600666e-07
1.956000574980236e-07
1.951906574328885e-07
1.947943020747242e-07
1.944197224379093e-07
1.940620896357692e-07
1.937138746713861e-07
1.933954801934811e-07
1.930580851378569e-07
1.92773695444515e-07
)
;

boundaryField
{
    inlet
    {
        type            calculated;
        value           nonuniform List<scalar> 
20
(
-1.25e-06
-1.250000000000001e-06
-1.249999999999999e-06
-1.25e-06
-1.25e-06
-1.249999999999999e-06
-1.250000000000001e-06
-1.249999999999999e-06
-1.249999999999999e-06
-1.250000000000001e-06
-1.250000000000005e-06
-1.249999999999994e-06
-1.250000000000001e-06
-1.250000000000001e-06
-1.250000000000005e-06
-1.249999999999998e-06
-1.249999999999998e-06
-1.250000000000005e-06
-1.249999999999998e-06
-1.249999999999998e-06
)
;
    }
    outlet
    {
        type            calculated;
        value           nonuniform List<scalar> 
20
(
1.924063224083422e-07
5.369010645430196e-07
8.403204883765166e-07
1.10198150916547e-06
1.321566758470575e-06
1.499485992715002e-06
1.637117606599912e-06
1.736729951733294e-06
1.801031188529818e-06
1.832459117305435e-06
1.83245911730542e-06
1.801031188529745e-06
1.736729951733103e-06
1.637117606599361e-06
1.499485992713832e-06
1.321566758468758e-06
1.101981509163409e-06
8.403204883747586e-07
5.369010645419375e-07
1.924063224081562e-07
)
;
    }
    ductWalls
    {
        type            calculated;
        value           uniform 0;
    }
    frontAndBack
    {
        type            empty;
    }
}


// ************************************************************************* //
