/*--------------------------------*- C++ -*----------------------------------*\
| =========                 |                                                 |
| \\      /  F ield         | OpenFOAM: The Open Source CFD Toolbox           |
|  \\    /   O peration     | Version:  2606                                  |
|   \\  /    A nd           | Website:  www.openfoam.com                      |
|    \\/     M anipulation  |                                                 |
\*---------------------------------------------------------------------------*/
FoamFile
{
    version     2.0;
    format      ascii;
    arch        "LSB;label=32;scalar=64";
    class       volScalarField;
    location    "0.125";
    object      p;
}
// * * * * * * * * * * * * * * * * * * * * * * * * * * * * * * * * * * * * * //

dimensions      [1 -1 -2 0 0 0 0];

internalField   nonuniform List<scalar> 
4800
(
0
0.058942576
-1.0369387
-3.0642933
-5.807619
-9.2006396
-13.263885
-18.01978
-23.479723
-29.6543
-36.552281
-44.177389
-52.5296
-61.607462
-71.407553
-81.92266
-93.135409
-105.01553
-117.50168
-130.50788
-143.92549
-157.56444
-171.14267
-184.32288
-196.96089
-209.02366
-220.11474
-229.92671
-238.95578
-247.98909
-257.07734
-264.99375
-270.79369
-275.29472
-279.82176
-285.2867
-292.07166
-299.4815
-305.931
-310.45479
-314.49378
-320.55295
-329.66288
-334.83794
-339.36551
-350.12105
-356.90179
-359.86535
-360.61431
-360.80459
-360.91
-361.00796
-361.09185
-361.16126
-361.21842
-361.26505
-361.30294
-361.33375
-361.35889
-361.37947
-361.3964
-361.41038
-361.42195
-361.43159
-361.43964
-361.44637
-361.45204
-361.4568
-361.46083
-361.46423
-361.46711
-361.46955
-361.47163
-361.47339
-361.47488
-361.47616
-361.47724
-361.47817
-361.47896
-361.47963
-361.4802
-361.48069
-361.48111
-361.48146
-361.48177
-361.48202
-361.48225
-361.48243
-361.4826
-361.48273
-361.48285
-361.48295
-361.48304
-361.48311
-361.48317
-361.48323
-361.48327
-361.48331
-361.48335
-361.48338
-361.4834
-361.48342
-361.48344
-361.48345
-361.48347
-361.48348
-361.48349
-361.48349
-361.4835
-361.48351
-361.48351
-361.48352
-361.48352
-361.48352
-361.48353
-361.48353
-361.48353
-361.48353
-361.48353
-361.48354
-361.48354
-361.48354
-361.48354
-361.48354
-361.48354
-361.48354
-361.48354
-361.48354
-361.48354
-361.48354
-361.48354
-361.48354
-361.48354
-361.48354
-361.48354
-361.48354
-361.48354
-361.48354
-361.48354
-361.48354
-361.48354
-361.48354
-361.48354
-361.48354
-361.48354
-361.48354
-361.48354
-361.48354
-361.48354
-361.48354
-361.48354
-361.48354
-361.48354
-361.48354
-361.48354
-361.48354
-361.48354
-361.48354
-361.48354
-361.48354
-361.48354
-361.48354
-361.48354
-361.48354
-361.48354
-361.48354
-361.48354
-361.48354
-361.48354
-361.48354
-361.48354
-361.48354
-361.48354
-361.48354
-361.48354
-361.48354
-361.48354
-361.48354
-361.48354
-361.48354
-361.48354
-361.48354
-361.48354
-361.48354
-361.48354
-361.48354
-361.48354
-361.48354
-361.48354
-361.48354
-361.48354
-361.48354
-361.48354
-361.48354
-361.48354
-361.48354
-361.48354
-361.48354
-361.48354
-361.48354
-361.48354
-361.48354
-361.48354
-361.48354
-361.48354
-361.48354
-361.48354
-361.48354
-361.48354
-361.48354
-361.48354
-361.48354
-361.48354
-361.48354
-361.48354
-361.48354
-361.48354
-361.48354
-361.48354
-361.48354
-361.48354
-361.48354
-361.48354
-361.48354
-361.48354
-361.48354
-361.48354
-361.48354
-361.48354
-361.48354
-361.48354
-361.48354
-361.48354
-361.48354
-361.48354
-361.48354
-361.48354
-361.48354
-361.48354
-361.48354
-35.210607
-35.175573
-36.303355
-38.348435
-41.102909
-44.518515
-48.61958
-53.426851
-58.9519
-65.205787
-72.19728
-79.930643
-88.407263
-97.627766
-107.59135
-118.29692
-129.73191
-141.87607
-154.65239
-167.97446
-181.70012
-195.64591
-209.47258
-222.70631
-235.30912
-247.21683
-257.89923
-267.37783
-276.78585
-286.718
-296.07125
-303.09493
-307.39955
-310.40191
-313.9189
-319.69267
-327.91566
-336.36653
-342.8371
-345.38148
-346.28527
-349.3195
-356.15611
-358.15565
-357.59312
-361.69592
-361.70697
-361.15273
-360.98802
-360.91291
-360.9552
-361.0514
-361.13937
-361.20902
-361.26469
-361.30941
-361.34548
-361.37476
-361.39866
-361.41828
-361.43445
-361.44783
-361.45895
-361.46822
-361.47598
-361.48249
-361.48796
-361.49258
-361.49648
-361.49978
-361.50258
-361.50495
-361.50697
-361.50869
-361.51014
-361.51138
-361.51244
-361.51334
-361.51411
-361.51476
-361.51532
-361.5158
-361.51621
-361.51655
-361.51685
-361.5171
-361.51732
-361.5175
-361.51766
-361.51779
-361.51791
-361.51801
-361.51809
-361.51816
-361.51822
-361.51828
-361.51832
-361.51836
-361.51839
-361.51842
-361.51844
-361.51846
-361.51848
-361.5185
-361.51851
-361.51852
-361.51853
-361.51854
-361.51854
-361.51855
-361.51855
-361.51856
-361.51856
-361.51856
-361.51857
-361.51857
-361.51857
-361.51857
-361.51857
-361.51858
-361.51858
-361.51858
-361.51858
-361.51858
-361.51858
-361.51858
-361.51858
-361.51858
-361.51858
-361.51858
-361.51858
-361.51858
-361.51858
-361.51858
-361.51858
-361.51858
-361.51858
-361.51858
-361.51858
-361.51858
-361.51858
-361.51858
-361.51858
-361.51858
-361.51858
-361.51858
-361.51858
-361.51858
-361.51858
-361.51858
-361.51858
-361.51858
-361.51858
-361.51858
-361.51858
-361.51858
-361.51858
-361.51858
-361.51858
-361.51858
-361.51858
-361.51858
-361.51858
-361.51858
-361.51858
-361.51858
-361.51858
-361.51858
-361.51858
-361.51858
-361.51858
-361.51858
-361.51858
-361.51858
-361.51858
-361.51858
-361.51858
-361.51858
-361.51858
-361.51858
-361.51858
-361.51858
-361.51858
-361.51858
-361.51858
-361.51858
-361.51858
-361.51858
-361.51858
-361.51858
-361.51858
-361.51858
-361.51858
-361.51858
-361.51858
-361.51858
-361.51858
-361.51858
-361.51858
-361.51858
-361.51858
-361.51858
-361.51858
-361.51858
-361.51858
-361.51858
-361.51858
-361.51858
-361.51858
-361.51858
-361.51858
-361.51858
-361.51858
-361.51858
-361.51858
-361.51858
-361.51858
-361.51858
-361.51858
-361.51858
-361.51858
-361.51858
-361.51858
-361.51858
-361.51858
-361.51858
-361.51858
-361.51858
-361.51858
-361.51858
-361.51858
-361.51858
-361.51858
-361.51858
-361.51858
-361.51858
-361.51858
-361.51858
-361.51858
-361.51858
-70.577999
-70.592953
-71.779923
-73.859028
-76.639841
-80.103206
-84.280709
-89.19158
-94.847644
-101.26053
-108.43914
-116.3889
-125.11427
-134.62095
-144.91554
-156.01512
-167.91235
-180.6081
-193.95412
-207.907
-222.21949
-236.79117
-251.14387
-264.97304
-279.03797
-292.49516
-302.22241
-309.36536
-317.20275
-328.65682
-341.37746
-347.45239
-348.06753
-348.59341
-348.98507
-350.11166
-353.70354
-358.89813
-361.55621
-362.10491
-362.11858
-362.17347
-362.27623
-362.41476
-362.84108
-364.32828
-364.06101
-362.59466
-361.64265
-361.23283
-361.15232
-361.18755
-361.23974
-361.289
-361.33193
-361.36806
-361.39816
-361.42319
-361.444
-361.46133
-361.4758
-361.48789
-361.49801
-361.50651
-361.51367
-361.5197
-361.52479
-361.5291
-361.53276
-361.53585
-361.53849
-361.54072
-361.54262
-361.54424
-361.54562
-361.54679
-361.54779
-361.54865
-361.54938
-361.55
-361.55053
-361.55098
-361.55136
-361.55169
-361.55197
-361.55221
-361.55242
-361.5526
-361.55274
-361.55287
-361.55298
-361.55308
-361.55316
-361.55322
-361.55328
-361.55333
-361.55337
-361.55341
-361.55344
-361.55347
-361.55349
-361.55351
-361.55353
-361.55354
-361.55355
-361.55356
-361.55357
-361.55358
-361.55358
-361.55359
-361.5536
-361.5536
-361.5536
-361.55361
-361.55361
-361.55361
-361.55361
-361.55361
-361.55361
-361.55362
-361.55362
-361.55362
-361.55362
-361.55362
-361.55362
-361.55362
-361.55362
-361.55362
-361.55362
-361.55362
-361.55362
-361.55362
-361.55362
-361.55362
-361.55362
-361.55362
-361.55362
-361.55362
-361.55362
-361.55362
-361.55362
-361.55362
-361.55362
-361.55362
-361.55362
-361.55362
-361.55362
-361.55362
-361.55362
-361.55362
-361.55362
-361.55362
-361.55362
-361.55362
-361.55362
-361.55362
-361.55362
-361.55362
-361.55362
-361.55362
-361.55362
-361.55362
-361.55362
-361.55362
-361.55362
-361.55362
-361.55362
-361.55362
-361.55362
-361.55362
-361.55362
-361.55362
-361.55362
-361.55362
-361.55362
-361.55362
-361.55362
-361.55362
-361.55362
-361.55362
-361.55362
-361.55362
-361.55362
-361.55362
-361.55362
-361.55362
-361.55362
-361.55362
-361.55362
-361.55362
-361.55362
-361.55362
-361.55362
-361.55362
-361.55362
-361.55362
-361.55362
-361.55362
-361.55362
-361.55362
-361.55362
-361.55362
-361.55362
-361.55362
-361.55362
-361.55362
-361.55362
-361.55362
-361.55362
-361.55362
-361.55362
-361.55362
-361.55362
-361.55362
-361.55362
-361.55362
-361.55362
-361.55362
-361.55362
-361.55362
-361.55362
-361.55362
-361.55362
-361.55362
-361.55362
-361.55362
-361.55362
-361.55362
-361.55362
-361.55362
-361.55362
-361.55362
-361.55362
-361.55362
-361.55362
-361.55362
-361.55362
-361.55362
-361.55362
-361.55362
-106.06947
-106.15806
-107.42503
-109.55225
-112.37676
-115.91527
-120.20852
-125.2745
-131.1251
-137.77282
-145.22764
-153.49876
-162.59785
-172.53993
-183.33766
-195.03474
-207.59765
-221.07837
-235.23057
-250.34955
-266.22569
-283.25532
-299.23888
-313.40396
-329.4681
-345.85215
-349.31108
-351.07696
-353.04748
-356.05866
-360.27421
-361.83046
-361.95042
-362.00421
-362.04471
-362.07648
-362.11773
-362.15821
-362.18705
-362.19027
-362.19322
-362.22577
-362.29107
-362.41295
-362.67525
-363.1513
-363.55997
-363.0388
-362.06987
-361.57677
-361.41292
-361.36853
-361.3708
-361.38993
-361.41357
-361.43697
-361.45838
-361.4773
-361.49372
-361.50783
-361.51988
-361.53014
-361.53886
-361.54626
-361.55256
-361.5579
-361.56245
-361.56632
-361.56961
-361.57241
-361.5748
-361.57683
-361.57857
-361.58004
-361.5813
-361.58238
-361.5833
-361.58408
-361.58475
-361.58532
-361.58581
-361.58622
-361.58658
-361.58688
-361.58714
-361.58736
-361.58755
-361.58771
-361.58785
-361.58797
-361.58807
-361.58816
-361.58823
-361.58829
-361.58835
-361.58839
-361.58843
-361.58847
-361.58849
-361.58852
-361.58854
-361.58856
-361.58857
-361.58859
-361.5886
-361.58861
-361.58861
-361.58862
-361.58863
-361.58863
-361.58864
-361.58864
-361.58864
-361.58865
-361.58865
-361.58865
-361.58865
-361.58865
-361.58866
-361.58866
-361.58866
-361.58866
-361.58866
-361.58866
-361.58866
-361.58866
-361.58866
-361.58866
-361.58866
-361.58866
-361.58866
-361.58866
-361.58866
-361.58866
-361.58866
-361.58866
-361.58866
-361.58866
-361.58866
-361.58866
-361.58866
-361.58866
-361.58866
-361.58866
-361.58866
-361.58866
-361.58866
-361.58866
-361.58866
-361.58866
-361.58866
-361.58866
-361.58866
-361.58866
-361.58866
-361.58866
-361.58866
-361.58866
-361.58866
-361.58866
-361.58866
-361.58866
-361.58866
-361.58866
-361.58866
-361.58866
-361.58866
-361.58866
-361.58866
-361.58866
-361.58866
-361.58866
-361.58866
-361.58866
-361.58866
-361.58866
-361.58866
-361.58866
-361.58866
-361.58866
-361.58866
-361.58866
-361.58866
-361.58866
-361.58866
-361.58866
-361.58866
-361.58866
-361.58866
-361.58866
-361.58866
-361.58866
-361.58866
-361.58866
-361.58866
-361.58866
-361.58866
-361.58866
-361.58866
-361.58866
-361.58866
-361.58866
-361.58866
-361.58866
-361.58866
-361.58866
-361.58866
-361.58866
-361.58866
-361.58866
-361.58866
-361.58866
-361.58866
-361.58866
-361.58866
-361.58866
-361.58866
-361.58866
-361.58866
-361.58866
-361.58866
-361.58866
-361.58866
-361.58866
-361.58866
-361.58866
-361.58866
-361.58866
-361.58866
-361.58866
-361.58866
-361.58866
-361.58866
-361.58866
-361.58866
-361.58866
-361.58866
-361.58866
-361.58866
-361.58866
-141.63715
-141.82141
-143.18246
-145.36901
-148.25586
-151.8976
-156.34393
-161.61216
-167.71621
-174.67278
-182.49638
-191.20266
-200.8103
-211.32391
-222.74524
-235.13433
-248.48271
-263.10822
-278.8752
-297.09521
-315.46072
-335.46905
-348.41171
-352.1946
-356.8747
-361.72483
-361.93933
-361.96801
-362.01205
-362.04034
-362.04004
-361.98371
-361.97165
-361.99607
-362.03851
-362.09065
-362.14264
-362.18664
-362.21491
-362.22508
-362.23601
-362.28099
-362.37493
-362.52547
-362.71924
-362.93161
-363.08906
-362.83065
-362.24169
-361.82489
-361.62484
-361.53611
-361.50271
-361.49556
-361.5006
-361.51088
-361.52294
-361.53508
-361.5465
-361.55687
-361.56608
-361.57415
-361.58116
-361.58723
-361.59246
-361.59696
-361.60082
-361.60413
-361.60697
-361.6094
-361.61147
-361.61325
-361.61477
-361.61607
-361.61718
-361.61813
-361.61894
-361.61963
-361.62022
-361.62073
-361.62116
-361.62153
-361.62185
-361.62212
-361.62235
-361.62255
-361.62271
-361.62286
-361.62298
-361.62309
-361.62318
-361.62325
-361.62332
-361.62337
-361.62342
-361.62346
-361.6235
-361.62353
-361.62355
-361.62357
-361.62359
-361.62361
-361.62362
-361.62363
-361.62364
-361.62365
-361.62366
-361.62367
-361.62367
-361.62368
-361.62368
-361.62368
-361.62369
-361.62369
-361.62369
-361.62369
-361.62369
-361.6237
-361.6237
-361.6237
-361.6237
-361.6237
-361.6237
-361.6237
-361.6237
-361.6237
-361.6237
-361.6237
-361.6237
-361.6237
-361.6237
-361.6237
-361.6237
-361.6237
-361.6237
-361.6237
-361.6237
-361.6237
-361.6237
-361.6237
-361.6237
-361.6237
-361.6237
-361.6237
-361.6237
-361.6237
-361.6237
-361.6237
-361.6237
-361.6237
-361.6237
-361.6237
-361.6237
-361.6237
-361.6237
-361.6237
-361.6237
-361.6237
-361.6237
-361.6237
-361.6237
-361.6237
-361.6237
-361.6237
-361.6237
-361.6237
-361.6237
-361.6237
-361.6237
-361.6237
-361.6237
-361.6237
-361.6237
-361.6237
-361.6237
-361.6237
-361.6237
-361.6237
-361.6237
-361.6237
-361.6237
-361.6237
-361.6237
-361.6237
-361.6237
-361.6237
-361.6237
-361.6237
-361.6237
-361.6237
-361.6237
-361.6237
-361.6237
-361.6237
-361.6237
-361.6237
-361.6237
-361.6237
-361.6237
-361.6237
-361.6237
-361.6237
-361.6237
-361.6237
-361.6237
-361.6237
-361.6237
-361.6237
-361.6237
-361.6237
-361.6237
-361.6237
-361.6237
-361.6237
-361.6237
-361.6237
-361.6237
-361.6237
-361.6237
-361.6237
-361.6237
-361.6237
-361.6237
-361.6237
-361.6237
-361.6237
-361.6237
-361.6237
-361.6237
-361.6237
-361.6237
-361.6237
-361.6237
-361.6237
-361.6237
-361.6237
-361.6237
-361.6237
-361.6237
-361.6237
-177.23301
-177.533
-178.99331
-181.24563
-184.21115
-187.98015
-192.61266
-198.13196
-204.55773
-211.91473
-220.21697
-229.46559
-239.66599
-250.7672
-262.84757
-276.04205
-290.56694
-307.43074
-325.28657
-344.9043
-352.98937
-359.77454
-361.96292
-362.01405
-362.04113
-362.0359
-361.98872
-361.99129
-362.01968
-362.05369
-362.05521
-362.01333
-361.99723
-362.03041
-362.07554
-362.12078
-362.16261
-362.19868
-362.22602
-362.24584
-362.26916
-362.31311
-362.39061
-362.51345
-362.66375
-362.75839
-362.73848
-362.53328
-362.19887
-361.92836
-361.76206
-361.66918
-361.61907
-361.59515
-361.58617
-361.58539
-361.58894
-361.59456
-361.60098
-361.60749
-361.61369
-361.61941
-361.62456
-361.62914
-361.63318
-361.63671
-361.63978
-361.64245
-361.64476
-361.64674
-361.64846
-361.64993
-361.6512
-361.65228
-361.65321
-361.65401
-361.6547
-361.65528
-361.65578
-361.65621
-361.65658
-361.65689
-361.65716
-361.65739
-361.65759
-361.65776
-361.6579
-361.65802
-361.65813
-361.65822
-361.65829
-361.65836
-361.65841
-361.65846
-361.6585
-361.65854
-361.65857
-361.65859
-361.65862
-361.65863
-361.65865
-361.65866
-361.65867
-361.65868
-361.65869
-361.6587
-361.65871
-361.65871
-361.65872
-361.65872
-361.65872
-361.65873
-361.65873
-361.65873
-361.65873
-361.65873
-361.65874
-361.65874
-361.65874
-361.65874
-361.65874
-361.65874
-361.65874
-361.65874
-361.65874
-361.65874
-361.65874
-361.65874
-361.65874
-361.65874
-361.65874
-361.65874
-361.65874
-361.65874
-361.65874
-361.65874
-361.65874
-361.65874
-361.65874
-361.65874
-361.65874
-361.65874
-361.65874
-361.65874
-361.65874
-361.65874
-361.65874
-361.65874
-361.65874
-361.65874
-361.65874
-361.65874
-361.65874
-361.65874
-361.65874
-361.65874
-361.65874
-361.65874
-361.65874
-361.65874
-361.65874
-361.65874
-361.65874
-361.65874
-361.65874
-361.65874
-361.65874
-361.65874
-361.65874
-361.65874
-361.65874
-361.65874
-361.65874
-361.65874
-361.65874
-361.65874
-361.65874
-361.65874
-361.65874
-361.65874
-361.65874
-361.65874
-361.65874
-361.65874
-361.65874
-361.65874
-361.65874
-361.65874
-361.65874
-361.65874
-361.65874
-361.65874
-361.65874
-361.65874
-361.65874
-361.65874
-361.65874
-361.65874
-361.65874
-361.65874
-361.65874
-361.65874
-361.65874
-361.65874
-361.65874
-361.65874
-361.65874
-361.65874
-361.65874
-361.65874
-361.65874
-361.65874
-361.65874
-361.65874
-361.65874
-361.65874
-361.65874
-361.65874
-361.65874
-361.65874
-361.65874
-361.65874
-361.65874
-361.65874
-361.65874
-361.65874
-361.65874
-361.65874
-361.65874
-361.65874
-361.65874
-361.65874
-361.65874
-361.65874
-361.65874
-361.65874
-361.65874
-361.65874
-361.65874
-361.65874
-212.78583
-213.20297
-214.75514
-217.0812
-220.1442
-224.08023
-228.96988
-234.83136
-241.66997
-249.51272
-258.32103
-268.10383
-278.882
-290.6103
-303.61764
-318.08939
-333.07788
-347.7305
-356.15868
-361.83969
-362.11
-362.07617
-362.06511
-362.04666
-362.05632
-362.04112
-362.02469
-362.03612
-362.05733
-362.07411
-362.07586
-362.06519
-362.06794
-362.08335
-362.1122
-362.14574
-362.17885
-362.20868
-362.23399
-362.25649
-362.28201
-362.31778
-362.3667
-362.42565
-362.49778
-362.53585
-362.484
-362.3359
-362.14262
-361.97583
-361.8526
-361.76898
-361.71618
-361.68421
-361.66631
-361.65742
-361.65409
-361.65407
-361.65594
-361.65878
-361.66205
-361.6654
-361.66864
-361.67168
-361.67446
-361.67696
-361.67919
-361.68115
-361.68288
-361.68438
-361.68569
-361.68683
-361.68781
-361.68866
-361.68939
-361.69001
-361.69055
-361.69102
-361.69142
-361.69176
-361.69205
-361.6923
-361.69251
-361.6927
-361.69286
-361.69299
-361.6931
-361.6932
-361.69329
-361.69336
-361.69342
-361.69347
-361.69352
-361.69356
-361.69359
-361.69362
-361.69364
-361.69366
-361.69368
-361.6937
-361.69371
-361.69372
-361.69373
-361.69374
-361.69374
-361.69375
-361.69375
-361.69376
-361.69376
-361.69376
-361.69377
-361.69377
-361.69377
-361.69377
-361.69377
-361.69378
-361.69378
-361.69378
-361.69378
-361.69378
-361.69378
-361.69378
-361.69378
-361.69378
-361.69378
-361.69378
-361.69378
-361.69378
-361.69378
-361.69378
-361.69378
-361.69378
-361.69378
-361.69378
-361.69378
-361.69378
-361.69378
-361.69378
-361.69378
-361.69378
-361.69378
-361.69378
-361.69378
-361.69378
-361.69378
-361.69378
-361.69378
-361.69378
-361.69378
-361.69378
-361.69378
-361.69378
-361.69378
-361.69378
-361.69378
-361.69378
-361.69378
-361.69378
-361.69378
-361.69378
-361.69378
-361.69378
-361.69378
-361.69378
-361.69378
-361.69378
-361.69378
-361.69378
-361.69378
-361.69378
-361.69378
-361.69378
-361.69378
-361.69378
-361.69378
-361.69378
-361.69378
-361.69378
-361.69378
-361.69378
-361.69378
-361.69378
-361.69378
-361.69378
-361.69378
-361.69378
-361.69378
-361.69378
-361.69378
-361.69378
-361.69378
-361.69378
-361.69378
-361.69378
-361.69378
-361.69378
-361.69378
-361.69378
-361.69378
-361.69378
-361.69378
-361.69378
-361.69378
-361.69378
-361.69378
-361.69378
-361.69378
-361.69378
-361.69378
-361.69378
-361.69378
-361.69378
-361.69378
-361.69378
-361.69378
-361.69378
-361.69378
-361.69378
-361.69378
-361.69378
-361.69378
-361.69378
-361.69378
-361.69378
-361.69378
-361.69378
-361.69378
-361.69378
-361.69378
-361.69378
-361.69378
-361.69378
-361.69378
-361.69378
-361.69378
-361.69378
-361.69378
-361.69378
-361.69378
-361.69378
-248.21172
-248.74972
-250.38205
-252.79791
-255.96047
-260.12069
-265.34843
-271.57812
-278.80576
-287.04816
-296.21082
-306.40899
-318.24836
-330.04167
-342.04894
-351.51925
-358.42334
-362.00068
-362.19128
-362.12783
-362.12868
-362.11867
-362.09786
-362.08639
-362.09168
-362.08043
-362.07564
-362.08065
-362.09298
-362.10368
-362.10817
-362.10995
-362.11719
-362.13133
-362.15208
-362.17638
-362.20143
-362.22533
-362.24737
-362.26854
-362.29147
-362.31889
-362.35091
-362.38223
-362.40433
-362.40035
-362.34889
-362.24928
-362.12697
-362.01278
-361.91888
-361.84771
-361.79694
-361.76224
-361.7395
-361.72532
-361.7169
-361.71237
-361.71039
-361.70998
-361.71055
-361.71166
-361.71306
-361.71456
-361.71608
-361.71753
-361.71888
-361.72012
-361.72124
-361.72223
-361.72311
-361.72388
-361.72456
-361.72515
-361.72566
-361.72611
-361.72649
-361.72682
-361.72711
-361.72735
-361.72756
-361.72774
-361.7279
-361.72803
-361.72815
-361.72824
-361.72833
-361.7284
-361.72846
-361.72851
-361.72856
-361.7286
-361.72863
-361.72866
-361.72868
-361.7287
-361.72872
-361.72874
-361.72875
-361.72876
-361.72877
-361.72878
-361.72878
-361.72879
-361.72879
-361.7288
-361.7288
-361.7288
-361.72881
-361.72881
-361.72881
-361.72881
-361.72881
-361.72882
-361.72882
-361.72882
-361.72882
-361.72882
-361.72882
-361.72882
-361.72882
-361.72882
-361.72882
-361.72882
-361.72882
-361.72882
-361.72882
-361.72882
-361.72882
-361.72882
-361.72882
-361.72882
-361.72882
-361.72882
-361.72882
-361.72882
-361.72882
-361.72882
-361.72882
-361.72882
-361.72882
-361.72882
-361.72882
-361.72882
-361.72882
-361.72882
-361.72882
-361.72882
-361.72882
-361.72882
-361.72882
-361.72882
-361.72882
-361.72882
-361.72882
-361.72882
-361.72882
-361.72882
-361.72882
-361.72882
-361.72882
-361.72882
-361.72882
-361.72882
-361.72882
-361.72882
-361.72882
-361.72882
-361.72882
-361.72882
-361.72882
-361.72882
-361.72882
-361.72882
-361.72882
-361.72882
-361.72882
-361.72882
-361.72882
-361.72882
-361.72882
-361.72882
-361.72882
-361.72882
-361.72882
-361.72882
-361.72882
-361.72882
-361.72882
-361.72882
-361.72882
-361.72882
-361.72882
-361.72882
-361.72882
-361.72882
-361.72882
-361.72882
-361.72882
-361.72882
-361.72882
-361.72882
-361.72882
-361.72882
-361.72882
-361.72882
-361.72882
-361.72882
-361.72882
-361.72882
-361.72882
-361.72882
-361.72882
-361.72882
-361.72882
-361.72882
-361.72882
-361.72882
-361.72882
-361.72882
-361.72882
-361.72882
-361.72882
-361.72882
-361.72882
-361.72882
-361.72882
-361.72882
-361.72882
-361.72882
-361.72882
-361.72882
-361.72882
-361.72882
-361.72882
-361.72882
-361.72882
-361.72882
-361.72882
-361.72882
-283.5072
-284.41361
-286.1585
-288.67857
-291.78671
-296.01864
-301.39011
-307.80152
-315.2175
-324.01035
-332.83265
-341.39632
-350.69904
-356.14557
-360.97284
-362.16184
-362.2163
-362.18513
-362.19514
-362.18003
-362.16648
-362.1571
-362.1393
-362.13027
-362.1286
-362.12382
-362.12248
-362.1262
-362.13337
-362.14023
-362.14538
-362.15066
-362.15885
-362.17134
-362.1876
-362.20617
-362.22554
-362.24454
-362.2627
-362.28034
-362.29837
-362.3174
-362.33655
-362.35133
-362.35415
-362.33574
-362.28926
-362.21671
-362.13056
-362.0461
-361.97215
-361.91196
-361.86546
-361.83089
-361.80598
-361.78855
-361.77662
-361.76869
-361.76366
-361.7605
-361.75869
-361.75778
-361.75746
-361.75752
-361.75781
-361.75824
-361.75873
-361.75923
-361.75973
-361.7602
-361.76064
-361.76104
-361.76141
-361.76173
-361.76201
-361.76226
-361.76248
-361.76267
-361.76284
-361.76298
-361.76311
-361.76321
-361.76331
-361.76339
-361.76345
-361.76351
-361.76356
-361.76361
-361.76364
-361.76367
-361.7637
-361.76373
-361.76375
-361.76376
-361.76378
-361.76379
-361.7638
-361.76381
-361.76382
-361.76382
-361.76383
-361.76383
-361.76384
-361.76384
-361.76385
-361.76385
-361.76385
-361.76385
-361.76385
-361.76386
-361.76386
-361.76386
-361.76386
-361.76386
-361.76386
-361.76386
-361.76386
-361.76386
-361.76386
-361.76386
-361.76386
-361.76386
-361.76386
-361.76386
-361.76386
-361.76386
-361.76386
-361.76386
-361.76386
-361.76386
-361.76386
-361.76386
-361.76386
-361.76386
-361.76386
-361.76386
-361.76386
-361.76386
-361.76386
-361.76386
-361.76386
-361.76386
-361.76386
-361.76386
-361.76386
-361.76386
-361.76386
-361.76386
-361.76386
-361.76386
-361.76386
-361.76386
-361.76386
-361.76386
-361.76386
-361.76386
-361.76386
-361.76386
-361.76386
-361.76386
-361.76386
-361.76386
-361.76386
-361.76386
-361.76386
-361.76386
-361.76386
-361.76386
-361.76386
-361.76386
-361.76386
-361.76386
-361.76386
-361.76386
-361.76386
-361.76386
-361.76386
-361.76386
-361.76386
-361.76386
-361.76386
-361.76386
-361.76386
-361.76386
-361.76386
-361.76386
-361.76386
-361.76386
-361.76386
-361.76386
-361.76386
-361.76386
-361.76386
-361.76386
-361.76386
-361.76386
-361.76386
-361.76386
-361.76386
-361.76386
-361.76386
-361.76386
-361.76386
-361.76386
-361.76386
-361.76386
-361.76386
-361.76386
-361.76386
-361.76386
-361.76386
-361.76386
-361.76386
-361.76386
-361.76386
-361.76386
-361.76386
-361.76386
-361.76386
-361.76386
-361.76386
-361.76386
-361.76386
-361.76386
-361.76386
-361.76386
-361.76386
-361.76386
-361.76386
-361.76386
-361.76386
-361.76386
-361.76386
-361.76386
-361.76386
-361.76386
-361.76386
-361.76386
-361.76386
-361.76386
-318.04026
-320.28643
-322.04132
-324.70938
-327.2618
-330.89731
-335.84723
-341.17802
-346.53774
-352.96791
-357.13152
-360.55098
-362.14184
-362.28226
-362.26234
-362.25337
-362.25497
-362.24511
-362.23373
-362.22111
-362.20543
-362.19238
-362.17902
-362.171
-362.16678
-362.16411
-362.16416
-362.16723
-362.1721
-362.17747
-362.18289
-362.18915
-362.19739
-362.20816
-362.2212
-362.23574
-362.25086
-362.26581
-362.28014
-362.29372
-362.30651
-362.31837
-362.32763
-362.3312
-362.32435
-362.30207
-362.26187
-362.20608
-362.14163
-362.07681
-362.01743
-361.96648
-361.92475
-361.89176
-361.86638
-361.84726
-361.83309
-361.82274
-361.81527
-361.80992
-361.80611
-361.80344
-361.80159
-361.80032
-361.79947
-361.79893
-361.79858
-361.79837
-361.79827
-361.79822
-361.79822
-361.79825
-361.79829
-361.79834
-361.7984
-361.79845
-361.7985
-361.79855
-361.79859
-361.79863
-361.79867
-361.7987
-361.79873
-361.79875
-361.79877
-361.79879
-361.7988
-361.79882
-361.79883
-361.79884
-361.79885
-361.79886
-361.79886
-361.79887
-361.79887
-361.79888
-361.79888
-361.79889
-361.79889
-361.79889
-361.79889
-361.79889
-361.7989
-361.7989
-361.7989
-361.7989
-361.7989
-361.7989
-361.7989
-361.7989
-361.7989
-361.7989
-361.7989
-361.7989
-361.7989
-361.7989
-361.7989
-361.7989
-361.7989
-361.7989
-361.7989
-361.7989
-361.7989
-361.7989
-361.7989
-361.7989
-361.7989
-361.7989
-361.7989
-361.7989
-361.7989
-361.7989
-361.7989
-361.7989
-361.7989
-361.7989
-361.7989
-361.7989
-361.7989
-361.7989
-361.7989
-361.7989
-361.7989
-361.7989
-361.7989
-361.7989
-361.7989
-361.7989
-361.7989
-361.7989
-361.7989
-361.7989
-361.7989
-361.7989
-361.7989
-361.7989
-361.7989
-361.7989
-361.7989
-361.7989
-361.7989
-361.7989
-361.7989
-361.7989
-361.7989
-361.7989
-361.7989
-361.7989
-361.7989
-361.7989
-361.7989
-361.7989
-361.7989
-361.7989
-361.7989
-361.7989
-361.7989
-361.7989
-361.7989
-361.7989
-361.7989
-361.7989
-361.7989
-361.7989
-361.7989
-361.7989
-361.7989
-361.7989
-361.7989
-361.7989
-361.7989
-361.7989
-361.7989
-361.7989
-361.7989
-361.7989
-361.7989
-361.7989
-361.7989
-361.7989
-361.7989
-361.7989
-361.7989
-361.7989
-361.7989
-361.7989
-361.7989
-361.7989
-361.7989
-361.7989
-361.7989
-361.7989
-361.7989
-361.7989
-361.7989
-361.7989
-361.7989
-361.7989
-361.7989
-361.7989
-361.7989
-361.7989
-361.7989
-361.7989
-361.7989
-361.7989
-361.7989
-361.7989
-361.7989
-361.7989
-361.7989
-361.7989
-361.7989
-361.7989
-361.7989
-361.7989
-361.7989
-361.7989
-361.7989
-361.7989
-346.76402
-349.71872
-350.40546
-352.21167
-352.79182
-355.08033
-357.55046
-359.71931
-361.40819
-361.98828
-362.15132
-362.22245
-362.26822
-362.30186
-362.30486
-362.29815
-362.29037
-362.28007
-362.26575
-362.2497
-362.23568
-362.224
-362.21452
-362.20836
-362.2046
-362.20279
-362.2033
-362.20587
-362.20981
-362.21451
-362.21982
-362.22607
-362.23374
-362.24296
-362.25354
-362.26502
-362.27678
-362.28828
-362.29908
-362.30883
-362.31719
-362.32324
-362.32571
-362.32238
-362.31049
-362.2876
-362.25294
-362.20837
-362.15796
-362.10652
-362.05789
-362.01446
-361.97729
-361.94648
-361.92158
-361.90181
-361.88633
-361.87433
-361.86509
-361.858
-361.85257
-361.84841
-361.84522
-361.84277
-361.84089
-361.83944
-361.83831
-361.83744
-361.83675
-361.83621
-361.83579
-361.83545
-361.83518
-361.83496
-361.83478
-361.83464
-361.83453
-361.83443
-361.83435
-361.83429
-361.83423
-361.83419
-361.83415
-361.83412
-361.83409
-361.83407
-361.83405
-361.83403
-361.83402
-361.83401
-361.834
-361.83399
-361.83398
-361.83398
-361.83397
-361.83397
-361.83397
-361.83396
-361.83396
-361.83396
-361.83396
-361.83395
-361.83395
-361.83395
-361.83395
-361.83395
-361.83395
-361.83395
-361.83395
-361.83395
-361.83395
-361.83395
-361.83395
-361.83395
-361.83394
-361.83394
-361.83394
-361.83394
-361.83394
-361.83394
-361.83394
-361.83394
-361.83394
-361.83394
-361.83394
-361.83394
-361.83394
-361.83394
-361.83394
-361.83394
-361.83394
-361.83394
-361.83394
-361.83394
-361.83394
-361.83394
-361.83394
-361.83394
-361.83394
-361.83394
-361.83394
-361.83394
-361.83394
-361.83394
-361.83394
-361.83394
-361.83394
-361.83394
-361.83394
-361.83394
-361.83394
-361.83394
-361.83394
-361.83394
-361.83394
-361.83394
-361.83394
-361.83394
-361.83394
-361.83394
-361.83394
-361.83394
-361.83394
-361.83394
-361.83394
-361.83394
-361.83394
-361.83394
-361.83394
-361.83394
-361.83394
-361.83394
-361.83394
-361.83394
-361.83394
-361.83394
-361.83394
-361.83394
-361.83394
-361.83394
-361.83394
-361.83394
-361.83394
-361.83394
-361.83394
-361.83394
-361.83394
-361.83394
-361.83394
-361.83394
-361.83394
-361.83394
-361.83394
-361.83394
-361.83394
-361.83394
-361.83394
-361.83394
-361.83394
-361.83394
-361.83394
-361.83394
-361.83394
-361.83394
-361.83394
-361.83394
-361.83394
-361.83394
-361.83394
-361.83394
-361.83394
-361.83394
-361.83394
-361.83394
-361.83394
-361.83394
-361.83394
-361.83394
-361.83394
-361.83394
-361.83394
-361.83394
-361.83394
-361.83394
-361.83394
-361.83394
-361.83394
-361.83394
-361.83394
-361.83394
-361.83394
-361.83394
-361.83394
-361.83394
-361.83394
-361.83394
-361.83394
-361.83394
-361.83394
-361.83394
-360.63284
-361.25367
-361.44356
-361.92151
-361.98576
-361.96962
-361.95581
-361.94961
-361.97382
-362.04968
-362.18092
-362.28357
-362.33173
-362.34122
-362.33622
-362.32841
-362.31601
-362.30021
-362.28626
-362.2735
-362.26305
-362.25454
-362.24806
-362.24375
-362.24119
-362.24027
-362.24109
-362.24341
-362.24687
-362.25115
-362.25616
-362.26201
-362.26887
-362.27663
-362.28521
-362.29423
-362.30324
-362.31181
-362.31949
-362.3259
-362.33047
-362.33229
-362.3303
-362.32301
-362.30885
-362.28667
-362.25643
-362.21952
-362.17849
-362.13631
-362.09558
-362.05812
-362.02496
-361.99646
-361.97251
-361.95272
-361.93658
-361.92353
-361.91304
-361.90463
-361.8979
-361.89251
-361.88819
-361.88472
-361.88192
-361.87966
-361.87782
-361.87633
-361.8751
-361.8741
-361.87327
-361.87258
-361.87201
-361.87154
-361.87114
-361.87081
-361.87053
-361.87029
-361.8701
-361.86993
-361.86979
-361.86967
-361.86957
-361.86948
-361.86941
-361.86934
-361.86929
-361.86925
-361.86921
-361.86917
-361.86915
-361.86912
-361.8691
-361.86909
-361.86907
-361.86906
-361.86905
-361.86904
-361.86903
-361.86902
-361.86902
-361.86901
-361.86901
-361.869
-361.869
-361.869
-361.869
-361.86899
-361.86899
-361.86899
-361.86899
-361.86899
-361.86899
-361.86899
-361.86899
-361.86899
-361.86899
-361.86899
-361.86899
-361.86899
-361.86899
-361.86898
-361.86898
-361.86898
-361.86898
-361.86898
-361.86898
-361.86898
-361.86898
-361.86898
-361.86898
-361.86898
-361.86898
-361.86898
-361.86898
-361.86898
-361.86898
-361.86898
-361.86898
-361.86898
-361.86898
-361.86898
-361.86898
-361.86898
-361.86898
-361.86898
-361.86898
-361.86898
-361.86898
-361.86898
-361.86898
-361.86898
-361.86898
-361.86898
-361.86898
-361.86898
-361.86898
-361.86898
-361.86898
-361.86898
-361.86898
-361.86898
-361.86898
-361.86898
-361.86898
-361.86898
-361.86898
-361.86898
-361.86898
-361.86898
-361.86898
-361.86898
-361.86898
-361.86898
-361.86898
-361.86898
-361.86898
-361.86898
-361.86898
-361.86898
-361.86898
-361.86898
-361.86898
-361.86898
-361.86898
-361.86898
-361.86898
-361.86898
-361.86898
-361.86898
-361.86898
-361.86898
-361.86898
-361.86898
-361.86898
-361.86898
-361.86898
-361.86898
-361.86898
-361.86898
-361.86898
-361.86898
-361.86898
-361.86898
-361.86898
-361.86898
-361.86898
-361.86898
-361.86898
-361.86898
-361.86898
-361.86898
-361.86898
-361.86898
-361.86898
-361.86898
-361.86898
-361.86898
-361.86898
-361.86898
-361.86898
-361.86898
-361.86898
-361.86898
-361.86898
-361.86898
-361.86898
-361.86898
-361.86898
-361.86898
-361.86898
-361.86898
-361.86898
-361.86898
-361.86898
-361.86898
-361.86898
-361.86898
-361.86898
-361.86898
-361.98321
-361.97688
-361.98858
-362.01415
-362.01408
-362.00964
-362.00838
-362.01445
-362.04358
-362.11992
-362.23597
-362.3266
-362.3612
-362.35949
-362.35072
-362.33805
-362.3265
-362.31495
-362.30526
-362.29713
-362.29035
-362.28487
-362.28074
-362.27805
-362.27668
-362.27661
-362.27779
-362.28009
-362.28331
-362.28726
-362.29188
-362.29716
-362.30308
-362.30964
-362.31656
-362.32357
-362.33033
-362.33642
-362.34141
-362.34512
-362.34665
-362.34538
-362.34048
-362.33097
-362.31596
-362.29497
-362.2682
-362.2367
-362.20217
-362.16657
-362.13169
-362.09892
-362.06915
-362.04281
-362.02
-362.00055
-361.98417
-361.97049
-361.95915
-361.94977
-361.94203
-361.93565
-361.93039
-361.92605
-361.92246
-361.91949
-361.91702
-361.91496
-361.91325
-361.91181
-361.91061
-361.9096
-361.90876
-361.90804
-361.90744
-361.90692
-361.90649
-361.90612
-361.90581
-361.90555
-361.90532
-361.90513
-361.90497
-361.90483
-361.90471
-361.90461
-361.90452
-361.90445
-361.90439
-361.90434
-361.90429
-361.90425
-361.90422
-361.90419
-361.90417
-361.90415
-361.90413
-361.90411
-361.9041
-361.90409
-361.90408
-361.90407
-361.90406
-361.90406
-361.90405
-361.90405
-361.90405
-361.90404
-361.90404
-361.90404
-361.90404
-361.90403
-361.90403
-361.90403
-361.90403
-361.90403
-361.90403
-361.90403
-361.90403
-361.90403
-361.90403
-361.90403
-361.90403
-361.90403
-361.90403
-361.90402
-361.90402
-361.90402
-361.90402
-361.90402
-361.90402
-361.90402
-361.90402
-361.90402
-361.90402
-361.90402
-361.90402
-361.90402
-361.90402
-361.90402
-361.90402
-361.90402
-361.90402
-361.90402
-361.90402
-361.90402
-361.90402
-361.90402
-361.90402
-361.90402
-361.90402
-361.90402
-361.90402
-361.90402
-361.90402
-361.90402
-361.90402
-361.90402
-361.90402
-361.90402
-361.90402
-361.90402
-361.90402
-361.90402
-361.90402
-361.90402
-361.90402
-361.90402
-361.90402
-361.90402
-361.90402
-361.90402
-361.90402
-361.90402
-361.90402
-361.90402
-361.90402
-361.90402
-361.90402
-361.90402
-361.90402
-361.90402
-361.90402
-361.90402
-361.90402
-361.90402
-361.90402
-361.90402
-361.90402
-361.90402
-361.90402
-361.90402
-361.90402
-361.90402
-361.90402
-361.90402
-361.90402
-361.90402
-361.90402
-361.90402
-361.90402
-361.90402
-361.90402
-361.90402
-361.90402
-361.90402
-361.90402
-361.90402
-361.90402
-361.90402
-361.90402
-361.90402
-361.90402
-361.90402
-361.90402
-361.90402
-361.90402
-361.90402
-361.90402
-361.90402
-361.90402
-361.90402
-361.90402
-361.90402
-361.90402
-361.90402
-361.90402
-361.90402
-361.90402
-361.90402
-361.90402
-361.90402
-361.90402
-361.90402
-361.90402
-361.90402
-361.90402
-361.90402
-361.90402
-361.90402
-362.0258
-362.02637
-362.03326
-362.04414
-362.05254
-362.06146
-362.07312
-362.08879
-362.12195
-362.18733
-362.26872
-362.33264
-362.35608
-362.35101
-362.34652
-362.34138
-362.33541
-362.33005
-362.32533
-362.32126
-362.31775
-362.31489
-362.31282
-362.31165
-362.31139
-362.31207
-362.31366
-362.31606
-362.31916
-362.32286
-362.32709
-362.3318
-362.33692
-362.34235
-362.34788
-362.35325
-362.35816
-362.36227
-362.36534
-362.36658
-362.36576
-362.36227
-362.35546
-362.34472
-362.32955
-362.30979
-362.28573
-362.25817
-362.22829
-362.19745
-362.16694
-362.13781
-362.11082
-362.0864
-362.06472
-362.04577
-362.02941
-362.01541
-362.00351
-361.99343
-361.98493
-361.97777
-361.97175
-361.96668
-361.96243
-361.95884
-361.95582
-361.95328
-361.95113
-361.94931
-361.94777
-361.94647
-361.94537
-361.94443
-361.94364
-361.94296
-361.94239
-361.9419
-361.94148
-361.94113
-361.94082
-361.94057
-361.94035
-361.94016
-361.94
-361.93986
-361.93975
-361.93965
-361.93956
-361.93949
-361.93943
-361.93937
-361.93933
-361.93929
-361.93926
-361.93923
-361.93921
-361.93919
-361.93917
-361.93915
-361.93914
-361.93913
-361.93912
-361.93911
-361.9391
-361.9391
-361.93909
-361.93909
-361.93909
-361.93908
-361.93908
-361.93908
-361.93908
-361.93907
-361.93907
-361.93907
-361.93907
-361.93907
-361.93907
-361.93907
-361.93907
-361.93907
-361.93907
-361.93907
-361.93907
-361.93907
-361.93907
-361.93907
-361.93906
-361.93906
-361.93906
-361.93906
-361.93906
-361.93906
-361.93906
-361.93906
-361.93906
-361.93906
-361.93906
-361.93906
-361.93906
-361.93906
-361.93906
-361.93906
-361.93906
-361.93906
-361.93906
-361.93906
-361.93906
-361.93906
-361.93906
-361.93906
-361.93906
-361.93906
-361.93906
-361.93906
-361.93906
-361.93906
-361.93906
-361.93906
-361.93906
-361.93906
-361.93906
-361.93906
-361.93906
-361.93906
-361.93906
-361.93906
-361.93906
-361.93906
-361.93906
-361.93906
-361.93906
-361.93906
-361.93906
-361.93906
-361.93906
-361.93906
-361.93906
-361.93906
-361.93906
-361.93906
-361.93906
-361.93906
-361.93906
-361.93906
-361.93906
-361.93906
-361.93906
-361.93906
-361.93906
-361.93906
-361.93906
-361.93906
-361.93906
-361.93906
-361.93906
-361.93906
-361.93906
-361.93906
-361.93906
-361.93906
-361.93906
-361.93906
-361.93906
-361.93906
-361.93906
-361.93906
-361.93906
-361.93906
-361.93906
-361.93906
-361.93906
-361.93906
-361.93906
-361.93906
-361.93906
-361.93906
-361.93906
-361.93906
-361.93906
-361.93906
-361.93906
-361.93906
-361.93906
-361.93906
-361.93906
-361.93906
-361.93906
-361.93906
-361.93906
-361.93906
-361.93906
-361.93906
-361.93906
-361.93906
-361.93906
-361.93906
-361.93906
-361.93906
-362.07186
-362.07411
-362.07932
-362.088
-362.10202
-362.12193
-362.14533
-362.16688
-362.19469
-362.23328
-362.27648
-362.31184
-362.33233
-362.34106
-362.3445
-362.34536
-362.34592
-362.34648
-362.34643
-362.34594
-362.34532
-362.34479
-362.34456
-362.34479
-362.34557
-362.34694
-362.34893
-362.35149
-362.35456
-362.35806
-362.36194
-362.36613
-362.37054
-362.37502
-362.3794
-362.38343
-362.38683
-362.38939
-362.39062
-362.39016
-362.38763
-362.38257
-362.37455
-362.36315
-362.34813
-362.32948
-362.30751
-362.28283
-362.25633
-362.22898
-362.20174
-362.17542
-362.15066
-362.12785
-362.10722
-362.08883
-362.07263
-362.05849
-362.04624
-362.03567
-362.0266
-362.01884
-362.01222
-362.00657
-362.00176
-361.99766
-361.99418
-361.99121
-361.98869
-361.98654
-361.98471
-361.98315
-361.98182
-361.98069
-361.97972
-361.9789
-361.9782
-361.9776
-361.97709
-361.97665
-361.97628
-361.97596
-361.97569
-361.97546
-361.97526
-361.97509
-361.97495
-361.97483
-361.97472
-361.97463
-361.97455
-361.97449
-361.97443
-361.97439
-361.97434
-361.97431
-361.97428
-361.97425
-361.97423
-361.97421
-361.9742
-361.97418
-361.97417
-361.97416
-361.97415
-361.97415
-361.97414
-361.97414
-361.97413
-361.97413
-361.97412
-361.97412
-361.97412
-361.97412
-361.97411
-361.97411
-361.97411
-361.97411
-361.97411
-361.97411
-361.97411
-361.97411
-361.97411
-361.97411
-361.97411
-361.97411
-361.97411
-361.97411
-361.97411
-361.97411
-361.9741
-361.9741
-361.9741
-361.9741
-361.9741
-361.9741
-361.9741
-361.9741
-361.9741
-361.9741
-361.9741
-361.9741
-361.9741
-361.9741
-361.9741
-361.9741
-361.9741
-361.9741
-361.9741
-361.9741
-361.9741
-361.9741
-361.9741
-361.9741
-361.9741
-361.9741
-361.9741
-361.9741
-361.9741
-361.9741
-361.9741
-361.9741
-361.9741
-361.9741
-361.9741
-361.9741
-361.9741
-361.9741
-361.9741
-361.9741
-361.9741
-361.9741
-361.9741
-361.9741
-361.9741
-361.9741
-361.9741
-361.9741
-361.9741
-361.9741
-361.9741
-361.9741
-361.9741
-361.9741
-361.9741
-361.9741
-361.9741
-361.9741
-361.9741
-361.9741
-361.9741
-361.9741
-361.9741
-361.9741
-361.9741
-361.9741
-361.9741
-361.9741
-361.9741
-361.9741
-361.9741
-361.9741
-361.9741
-361.9741
-361.9741
-361.9741
-361.9741
-361.9741
-361.9741
-361.9741
-361.9741
-361.9741
-361.9741
-361.9741
-361.9741
-361.9741
-361.9741
-361.9741
-361.9741
-361.9741
-361.9741
-361.9741
-361.9741
-361.9741
-361.9741
-361.9741
-361.9741
-361.9741
-361.9741
-361.9741
-361.9741
-361.9741
-361.9741
-361.9741
-361.9741
-361.9741
-361.9741
-361.9741
-361.9741
-361.9741
-362.11916
-362.12203
-362.12762
-362.13763
-362.15887
-362.19262
-362.22486
-362.24731
-362.2602
-362.27225
-362.28909
-362.30564
-362.31992
-362.33263
-362.34303
-362.35182
-362.35911
-362.36483
-362.36875
-362.37142
-362.37335
-362.37488
-362.37627
-362.37775
-362.37945
-362.38146
-362.38383
-362.38657
-362.38964
-362.39299
-362.39658
-362.40032
-362.40412
-362.40783
-362.41128
-362.41426
-362.41653
-362.41773
-362.41762
-362.41584
-362.41206
-362.40593
-362.39713
-362.38541
-362.37065
-362.35294
-362.33255
-362.31
-362.28595
-362.26115
-362.23634
-362.21216
-362.18914
-362.16765
-362.14792
-362.13006
-362.11408
-362.09992
-362.08745
-362.07656
-362.06708
-362.05887
-362.05178
-362.04567
-362.04041
-362.0359
-362.03203
-362.02872
-362.02588
-362.02345
-362.02138
-362.0196
-362.01808
-362.01678
-362.01567
-362.01472
-362.01391
-362.01322
-362.01262
-362.01212
-362.01169
-362.01132
-362.011
-362.01073
-362.0105
-362.0103
-362.01013
-362.00999
-362.00987
-362.00976
-362.00967
-362.00959
-362.00953
-362.00947
-362.00943
-362.00938
-362.00935
-362.00932
-362.00929
-362.00927
-362.00925
-362.00924
-362.00922
-362.00921
-362.0092
-362.00919
-362.00919
-362.00918
-362.00918
-362.00917
-362.00917
-362.00916
-362.00916
-362.00916
-362.00916
-362.00915
-362.00915
-362.00915
-362.00915
-362.00915
-362.00915
-362.00915
-362.00915
-362.00915
-362.00915
-362.00915
-362.00915
-362.00915
-362.00915
-362.00915
-362.00915
-362.00914
-362.00914
-362.00914
-362.00914
-362.00914
-362.00914
-362.00914
-362.00914
-362.00914
-362.00914
-362.00914
-362.00914
-362.00914
-362.00914
-362.00914
-362.00914
-362.00914
-362.00914
-362.00914
-362.00914
-362.00914
-362.00914
-362.00914
-362.00914
-362.00914
-362.00914
-362.00914
-362.00914
-362.00914
-362.00914
-362.00914
-362.00914
-362.00914
-362.00914
-362.00914
-362.00914
-362.00914
-362.00914
-362.00914
-362.00914
-362.00914
-362.00914
-362.00914
-362.00914
-362.00914
-362.00914
-362.00914
-362.00914
-362.00914
-362.00914
-362.00914
-362.00914
-362.00914
-362.00914
-362.00914
-362.00914
-362.00914
-362.00914
-362.00914
-362.00914
-362.00914
-362.00914
-362.00914
-362.00914
-362.00914
-362.00914
-362.00914
-362.00914
-362.00914
-362.00914
-362.00914
-362.00914
-362.00914
-362.00914
-362.00914
-362.00914
-362.00914
-362.00914
-362.00914
-362.00914
-362.00914
-362.00914
-362.00914
-362.00914
-362.00914
-362.00914
-362.00914
-362.00914
-362.00914
-362.00914
-362.00914
-362.00914
-362.00914
-362.00914
-362.00914
-362.00914
-362.00914
-362.00914
-362.00914
-362.00914
-362.00914
-362.00914
-362.00914
-362.00914
-362.00914
-362.00914
-362.00914
-362.00914
-362.00914
-362.16583
-362.16886
-362.17563
-362.18768
-362.213
-362.25359
-362.29467
-362.31675
-362.31708
-362.3063
-362.30192
-362.30767
-362.3196
-362.33462
-362.35017
-362.36441
-362.37648
-362.38588
-362.3929
-362.39818
-362.40226
-362.4055
-362.40826
-362.41078
-362.41326
-362.41582
-362.41854
-362.42144
-362.42453
-362.42778
-362.43113
-362.43451
-362.43782
-362.44092
-362.44365
-362.4458
-362.44713
-362.44738
-362.44628
-362.44354
-362.43887
-362.432
-362.42272
-362.41085
-362.39638
-362.3794
-362.36019
-362.33918
-362.3169
-362.29394
-362.27089
-362.2483
-362.2266
-362.20614
-362.18714
-362.16974
-362.15399
-362.13985
-362.12728
-362.11617
-362.1064
-362.09786
-362.09042
-362.08396
-362.07836
-362.07353
-362.06936
-362.06577
-362.06268
-362.06003
-362.05775
-362.0558
-362.05412
-362.05269
-362.05146
-362.0504
-362.0495
-362.04873
-362.04807
-362.04751
-362.04703
-362.04661
-362.04626
-362.04596
-362.0457
-362.04548
-362.04529
-362.04513
-362.04499
-362.04488
-362.04477
-362.04469
-362.04462
-362.04455
-362.0445
-362.04445
-362.04441
-362.04438
-362.04435
-362.04433
-362.04431
-362.04429
-362.04427
-362.04426
-362.04425
-362.04424
-362.04423
-362.04423
-362.04422
-362.04421
-362.04421
-362.04421
-362.0442
-362.0442
-362.0442
-362.0442
-362.04419
-362.04419
-362.04419
-362.04419
-362.04419
-362.04419
-362.04419
-362.04419
-362.04419
-362.04419
-362.04419
-362.04419
-362.04419
-362.04419
-362.04419
-362.04419
-362.04418
-362.04418
-362.04418
-362.04418
-362.04418
-362.04418
-362.04418
-362.04418
-362.04418
-362.04418
-362.04418
-362.04418
-362.04418
-362.04418
-362.04418
-362.04418
-362.04418
-362.04418
-362.04418
-362.04418
-362.04418
-362.04418
-362.04418
-362.04418
-362.04418
-362.04418
-362.04418
-362.04418
-362.04418
-362.04418
-362.04418
-362.04418
-362.04418
-362.04418
-362.04418
-362.04418
-362.04418
-362.04418
-362.04418
-362.04418
-362.04418
-362.04418
-362.04418
-362.04418
-362.04418
-362.04418
-362.04418
-362.04418
-362.04418
-362.04418
-362.04418
-362.04418
-362.04418
-362.04418
-362.04418
-362.04418
-362.04418
-362.04418
-362.04418
-362.04418
-362.04418
-362.04418
-362.04418
-362.04418
-362.04418
-362.04418
-362.04418
-362.04418
-362.04418
-362.04418
-362.04418
-362.04418
-362.04418
-362.04418
-362.04418
-362.04418
-362.04418
-362.04418
-362.04418
-362.04418
-362.04418
-362.04418
-362.04418
-362.04418
-362.04418
-362.04418
-362.04418
-362.04418
-362.04418
-362.04418
-362.04418
-362.04418
-362.04418
-362.04418
-362.04418
-362.04418
-362.04418
-362.04418
-362.04418
-362.04418
-362.04418
-362.04418
-362.04418
-362.04418
-362.04418
-362.04418
-362.04418
-362.04418
-362.2092
-362.21258
-362.21986
-362.23209
-362.25644
-362.29478
-362.33474
-362.35653
-362.35076
-362.32696
-362.31118
-362.31252
-362.3259
-362.34539
-362.36513
-362.38295
-362.39799
-362.41004
-362.41943
-362.42668
-362.43238
-362.43695
-362.44077
-362.44411
-362.44721
-362.4502
-362.4532
-362.45625
-362.45937
-362.46254
-362.46571
-362.46882
-362.47177
-362.47442
-362.47661
-362.47815
-362.47882
-362.47838
-362.47657
-362.47316
-362.46788
-362.46054
-362.45095
-362.43904
-362.4248
-362.40837
-362.38999
-362.37005
-362.34899
-362.3273
-362.30549
-362.28402
-362.26327
-362.24356
-362.22512
-362.20808
-362.19251
-362.17843
-362.1658
-362.15456
-362.1446
-362.13583
-362.12814
-362.12143
-362.11559
-362.11052
-362.10613
-362.10233
-362.09906
-362.09623
-362.09381
-362.09172
-362.08993
-362.08839
-362.08707
-362.08594
-362.08497
-362.08414
-362.08343
-362.08282
-362.0823
-362.08185
-362.08147
-362.08114
-362.08087
-362.08063
-362.08042
-362.08025
-362.0801
-362.07997
-362.07986
-362.07977
-362.07969
-362.07962
-362.07957
-362.07952
-362.07947
-362.07944
-362.07941
-362.07938
-362.07936
-362.07934
-362.07932
-362.07931
-362.0793
-362.07929
-362.07928
-362.07927
-362.07926
-362.07926
-362.07925
-362.07925
-362.07924
-362.07924
-362.07924
-362.07924
-362.07924
-362.07923
-362.07923
-362.07923
-362.07923
-362.07923
-362.07923
-362.07923
-362.07923
-362.07923
-362.07923
-362.07923
-362.07923
-362.07923
-362.07923
-362.07923
-362.07923
-362.07922
-362.07922
-362.07922
-362.07922
-362.07922
-362.07922
-362.07922
-362.07922
-362.07922
-362.07922
-362.07922
-362.07922
-362.07922
-362.07922
-362.07922
-362.07922
-362.07922
-362.07922
-362.07922
-362.07922
-362.07922
-362.07922
-362.07922
-362.07922
-362.07922
-362.07922
-362.07922
-362.07922
-362.07922
-362.07922
-362.07922
-362.07922
-362.07922
-362.07922
-362.07922
-362.07922
-362.07922
-362.07922
-362.07922
-362.07922
-362.07922
-362.07922
-362.07922
-362.07922
-362.07922
-362.07922
-362.07922
-362.07922
-362.07922
-362.07922
-362.07922
-362.07922
-362.07922
-362.07922
-362.07922
-362.07922
-362.07922
-362.07922
-362.07922
-362.07922
-362.07922
-362.07922
-362.07922
-362.07922
-362.07922
-362.07922
-362.07922
-362.07922
-362.07922
-362.07922
-362.07922
-362.07922
-362.07922
-362.07922
-362.07922
-362.07922
-362.07922
-362.07922
-362.07922
-362.07922
-362.07922
-362.07922
-362.07922
-362.07922
-362.07922
-362.07922
-362.07922
-362.07922
-362.07922
-362.07922
-362.07922
-362.07922
-362.07922
-362.07922
-362.07922
-362.07922
-362.07922
-362.07922
-362.07922
-362.07922
-362.07922
-362.07922
-362.07922
-362.07922
-362.07922
-362.07922
-362.07922
-362.24953
-362.25276
-362.25956
-362.27107
-362.2907
-362.3198
-362.35143
-362.37098
-362.36743
-362.34467
-362.32885
-362.32879
-362.33972
-362.36066
-362.38401
-362.40529
-362.42304
-362.43724
-362.44849
-362.45701
-362.46388
-362.46941
-362.47398
-362.4779
-362.48143
-362.48474
-362.48793
-362.49109
-362.49424
-362.49736
-362.50042
-362.50334
-362.50604
-362.50839
-362.51022
-362.51136
-362.5116
-362.51071
-362.50845
-362.50461
-362.49896
-362.49132
-362.48157
-362.46964
-362.45557
-362.4395
-362.42166
-362.40239
-362.3821
-362.36121
-362.34019
-362.31942
-362.29929
-362.28008
-362.262
-362.24521
-362.22979
-362.21576
-362.20311
-362.19178
-362.1817
-362.1728
-362.16495
-362.15808
-362.15208
-362.14685
-362.14232
-362.13839
-362.13499
-362.13206
-362.12953
-362.12735
-362.12548
-362.12387
-362.12249
-362.12131
-362.12029
-362.11942
-362.11868
-362.11804
-362.11749
-362.11702
-362.11662
-362.11628
-362.11599
-362.11574
-362.11552
-362.11534
-362.11518
-362.11505
-362.11494
-362.11484
-362.11476
-362.11468
-362.11462
-362.11457
-362.11453
-362.11449
-362.11446
-362.11443
-362.1144
-362.11438
-362.11437
-362.11435
-362.11434
-362.11433
-362.11432
-362.11431
-362.1143
-362.1143
-362.11429
-362.11429
-362.11429
-362.11428
-362.11428
-362.11428
-362.11428
-362.11427
-362.11427
-362.11427
-362.11427
-362.11427
-362.11427
-362.11427
-362.11427
-362.11427
-362.11427
-362.11427
-362.11427
-362.11427
-362.11427
-362.11427
-362.11427
-362.11427
-362.11426
-362.11426
-362.11426
-362.11426
-362.11426
-362.11426
-362.11426
-362.11426
-362.11426
-362.11426
-362.11426
-362.11426
-362.11426
-362.11426
-362.11426
-362.11426
-362.11426
-362.11426
-362.11426
-362.11426
-362.11426
-362.11426
-362.11426
-362.11426
-362.11426
-362.11426
-362.11426
-362.11426
-362.11426
-362.11426
-362.11426
-362.11426
-362.11426
-362.11426
-362.11426
-362.11426
-362.11426
-362.11426
-362.11426
-362.11426
-362.11426
-362.11426
-362.11426
-362.11426
-362.11426
-362.11426
-362.11426
-362.11426
-362.11426
-362.11426
-362.11426
-362.11426
-362.11426
-362.11426
-362.11426
-362.11426
-362.11426
-362.11426
-362.11426
-362.11426
-362.11426
-362.11426
-362.11426
-362.11426
-362.11426
-362.11426
-362.11426
-362.11426
-362.11426
-362.11426
-362.11426
-362.11426
-362.11426
-362.11426
-362.11426
-362.11426
-362.11426
-362.11426
-362.11426
-362.11426
-362.11426
-362.11426
-362.11426
-362.11426
-362.11426
-362.11426
-362.11426
-362.11426
-362.11426
-362.11426
-362.11426
-362.11426
-362.11426
-362.11426
-362.11426
-362.11426
-362.11426
-362.11426
-362.11426
-362.11426
-362.11426
-362.11426
-362.11426
-362.11426
-362.11426
-362.11426
-362.28684
-362.28982
-362.29634
-362.30687
-362.32288
-362.34503
-362.36922
-362.38502
-362.3855
-362.37446
-362.36421
-362.36265
-362.3708
-362.38785
-362.40974
-362.43157
-362.45082
-362.46666
-362.47915
-362.48928
-362.49702
-362.50312
-362.50809
-362.51232
-362.51607
-362.51953
-362.52283
-362.52605
-362.5292
-362.5323
-362.53529
-362.53813
-362.5407
-362.54289
-362.54455
-362.54548
-362.5455
-362.54438
-362.54191
-362.53786
-362.53203
-362.52425
-362.51442
-362.5025
-362.48851
-362.47261
-362.45504
-362.43609
-362.41617
-362.39567
-362.37503
-362.35461
-362.33478
-362.31581
-362.29792
-362.28125
-362.2659
-362.2519
-362.23925
-362.22789
-362.21776
-362.20878
-362.20087
-362.19392
-362.18784
-362.18254
-362.17793
-362.17393
-362.17047
-362.16748
-362.16491
-362.16269
-362.16078
-362.15913
-362.15772
-362.15651
-362.15547
-362.15458
-362.15382
-362.15317
-362.15261
-362.15213
-362.15172
-362.15137
-362.15107
-362.15081
-362.1506
-362.15041
-362.15025
-362.15011
-362.14999
-362.14989
-362.14981
-362.14973
-362.14967
-362.14962
-362.14957
-362.14953
-362.1495
-362.14947
-362.14945
-362.14943
-362.14941
-362.14939
-362.14938
-362.14937
-362.14936
-362.14935
-362.14935
-362.14934
-362.14933
-362.14933
-362.14933
-362.14932
-362.14932
-362.14932
-362.14932
-362.14931
-362.14931
-362.14931
-362.14931
-362.14931
-362.14931
-362.14931
-362.14931
-362.14931
-362.14931
-362.14931
-362.14931
-362.14931
-362.14931
-362.14931
-362.14931
-362.14931
-362.14931
-362.1493
-362.1493
-362.1493
-362.1493
-362.1493
-362.1493
-362.1493
-362.1493
-362.1493
-362.1493
-362.1493
-362.1493
-362.1493
-362.1493
-362.1493
-362.1493
-362.1493
-362.1493
-362.1493
-362.1493
-362.1493
-362.1493
-362.1493
-362.1493
-362.1493
-362.1493
-362.1493
-362.1493
-362.1493
-362.1493
-362.1493
-362.1493
-362.1493
-362.1493
-362.1493
-362.1493
-362.1493
-362.1493
-362.1493
-362.1493
-362.1493
-362.1493
-362.1493
-362.1493
-362.1493
-362.1493
-362.1493
-362.1493
-362.1493
-362.1493
-362.1493
-362.1493
-362.1493
-362.1493
-362.1493
-362.1493
-362.1493
-362.1493
-362.1493
-362.1493
-362.1493
-362.1493
-362.1493
-362.1493
-362.1493
-362.1493
-362.1493
-362.1493
-362.1493
-362.1493
-362.1493
-362.1493
-362.1493
-362.1493
-362.1493
-362.1493
-362.1493
-362.1493
-362.1493
-362.1493
-362.1493
-362.1493
-362.1493
-362.1493
-362.1493
-362.1493
-362.1493
-362.1493
-362.1493
-362.1493
-362.1493
-362.1493
-362.1493
-362.1493
-362.1493
-362.1493
-362.1493
-362.1493
-362.1493
-362.1493
-362.1493
-362.1493
-362.1493
-362.1493
-362.1493
)
;

boundaryField
{
    leftWall
    {
        type            calculated;
        value           nonuniform List<scalar> 
20
(
3.5527137e-15
-35.210607
-70.577999
-106.06947
-141.63715
-177.23301
-212.78583
-248.21172
-283.5072
-318.04026
-346.76402
-360.63284
-361.98321
-362.0258
-362.07186
-362.11916
-362.16583
-362.2092
-362.24953
-362.28684
)
;
    }
    rightWall
    {
        type            calculated;
        value           nonuniform List<scalar> 
20
(
-361.48354
-361.51858
-361.55362
-361.58866
-361.6237
-361.65874
-361.69378
-361.72882
-361.76386
-361.7989
-361.83394
-361.86898
-361.90402
-361.93906
-361.9741
-362.00914
-362.04418
-362.07922
-362.11426
-362.1493
)
;
    }
    lowerWall
    {
        type            calculated;
        value           nonuniform List<scalar> 
240
(
17.521084
17.579343
16.483254
14.455816
11.712455
8.3194191
4.2561668
-0.49973105
-5.9596748
-12.134253
-19.032234
-26.657342
-35.009553
-44.087415
-53.887506
-64.402613
-75.615362
-87.495487
-99.981637
-112.98784
-126.40545
-140.04439
-153.62263
-166.80283
-179.44085
-191.50362
-202.59472
-212.40671
-221.43581
-230.46916
-239.5575
-247.47406
-253.27421
-257.77551
-262.30291
-267.76855
-274.55376
-281.96442
-288.41521
-292.94047
-296.98136
-303.05291
-312.20657
-317.42331
-323.32303
-343.60319
-356.5877
-359.78186
-360.58462
-360.78521
-360.89224
-360.99042
-361.07433
-361.14374
-361.2009
-361.24753
-361.28542
-361.31623
-361.34137
-361.36195
-361.37888
-361.39286
-361.40443
-361.41407
-361.42212
-361.42885
-361.43452
-361.43928
-361.44331
-361.44671
-361.44959
-361.45203
-361.45411
-361.45587
-361.45736
-361.45864
-361.45972
-361.46065
-361.46144
-361.46211
-361.46268
-361.46317
-361.46359
-361.46394
-361.46425
-361.4645
-361.46473
-361.46491
-361.46508
-361.46521
-361.46533
-361.46543
-361.46552
-361.46559
-361.46565
-361.46571
-361.46575
-361.46579
-361.46583
-361.46586
-361.46588
-361.4659
-361.46592
-361.46593
-361.46595
-361.46596
-361.46597
-361.46597
-361.46598
-361.46599
-361.46599
-361.466
-361.466
-361.466
-361.46601
-361.46601
-361.46601
-361.46601
-361.46601
-361.46602
-361.46602
-361.46602
-361.46602
-361.46602
-361.46602
-361.46602
-361.46602
-361.46602
-361.46602
-361.46602
-361.46602
-361.46602
-361.46602
-361.46602
-361.46602
-361.46602
-361.46602
-361.46602
-361.46602
-361.46602
-361.46602
-361.46602
-361.46602
-361.46602
-361.46602
-361.46602
-361.46602
-361.46602
-361.46602
-361.46602
-361.46602
-361.46602
-361.46602
-361.46602
-361.46602
-361.46602
-361.46602
-361.46602
-361.46602
-361.46602
-361.46602
-361.46602
-361.46602
-361.46602
-361.46602
-361.46602
-361.46602
-361.46602
-361.46602
-361.46602
-361.46602
-361.46602
-361.46602
-361.46602
-361.46602
-361.46602
-361.46602
-361.46602
-361.46602
-361.46602
-361.46602
-361.46602
-361.46602
-361.46602
-361.46602
-361.46602
-361.46602
-361.46602
-361.46602
-361.46602
-361.46602
-361.46602
-361.46602
-361.46602
-361.46602
-361.46602
-361.46602
-361.46602
-361.46602
-361.46602
-361.46602
-361.46602
-361.46602
-361.46602
-361.46602
-361.46602
-361.46602
-361.46602
-361.46602
-361.46602
-361.46602
-361.46602
-361.46602
-361.46602
-361.46602
-361.46602
-361.46602
-361.46602
-361.46602
-361.46602
-361.46602
-361.46602
-361.46602
-361.46602
-361.46602
-361.46602
-361.46602
-361.46602
-361.46602
-361.46602
-361.46602
-361.46602
-361.46602
-361.46602
-361.46602
-361.46602
-361.46602
-361.46602
-361.46602
-361.46602
)
;
    }
    atmosphere
    {
        type            calculated;
        value           nonuniform List<scalar> 
240
(
-362.30436
-362.30734
-362.31386
-362.32439
-362.3404
-362.36255
-362.38674
-362.40254
-362.40302
-362.39198
-362.38173
-362.38017
-362.38832
-362.40537
-362.42726
-362.44909
-362.46834
-362.48418
-362.49667
-362.5068
-362.51454
-362.52064
-362.52561
-362.52984
-362.53359
-362.53705
-362.54035
-362.54357
-362.54672
-362.54982
-362.55281
-362.55565
-362.55822
-362.56041
-362.56207
-362.563
-362.56302
-362.5619
-362.55943
-362.55538
-362.54955
-362.54177
-362.53194
-362.52002
-362.50603
-362.49013
-362.47256
-362.45361
-362.43369
-362.41319
-362.39255
-362.37213
-362.3523
-362.33333
-362.31544
-362.29877
-362.28342
-362.26942
-362.25677
-362.24541
-362.23528
-362.2263
-362.21839
-362.21144
-362.20536
-362.20006
-362.19545
-362.19145
-362.18799
-362.185
-362.18243
-362.18021
-362.1783
-362.17665
-362.17524
-362.17403
-362.17299
-362.1721
-362.17134
-362.17069
-362.17013
-362.16965
-362.16924
-362.16889
-362.16859
-362.16833
-362.16812
-362.16793
-362.16777
-362.16763
-362.16751
-362.16741
-362.16733
-362.16725
-362.16719
-362.16714
-362.16709
-362.16705
-362.16702
-362.16699
-362.16697
-362.16695
-362.16693
-362.16691
-362.1669
-362.16689
-362.16688
-362.16687
-362.16687
-362.16686
-362.16685
-362.16685
-362.16685
-362.16684
-362.16684
-362.16684
-362.16684
-362.16683
-362.16683
-362.16683
-362.16683
-362.16683
-362.16683
-362.16683
-362.16683
-362.16683
-362.16683
-362.16683
-362.16683
-362.16683
-362.16683
-362.16683
-362.16683
-362.16683
-362.16683
-362.16683
-362.16682
-362.16682
-362.16682
-362.16682
-362.16682
-362.16682
-362.16682
-362.16682
-362.16682
-362.16682
-362.16682
-362.16682
-362.16682
-362.16682
-362.16682
-362.16682
-362.16682
-362.16682
-362.16682
-362.16682
-362.16682
-362.16682
-362.16682
-362.16682
-362.16682
-362.16682
-362.16682
-362.16682
-362.16682
-362.16682
-362.16682
-362.16682
-362.16682
-362.16682
-362.16682
-362.16682
-362.16682
-362.16682
-362.16682
-362.16682
-362.16682
-362.16682
-362.16682
-362.16682
-362.16682
-362.16682
-362.16682
-362.16682
-362.16682
-362.16682
-362.16682
-362.16682
-362.16682
-362.16682
-362.16682
-362.16682
-362.16682
-362.16682
-362.16682
-362.16682
-362.16682
-362.16682
-362.16682
-362.16682
-362.16682
-362.16682
-362.16682
-362.16682
-362.16682
-362.16682
-362.16682
-362.16682
-362.16682
-362.16682
-362.16682
-362.16682
-362.16682
-362.16682
-362.16682
-362.16682
-362.16682
-362.16682
-362.16682
-362.16682
-362.16682
-362.16682
-362.16682
-362.16682
-362.16682
-362.16682
-362.16682
-362.16682
-362.16682
-362.16682
-362.16682
-362.16682
-362.16682
-362.16682
-362.16682
-362.16682
-362.16682
-362.16682
-362.16682
-362.16682
)
;
    }
    defaultFaces
    {
        type            empty;
    }
}


// ************************************************************************* //
