/*--------------------------------*- C++ -*----------------------------------*\
| =========                 |                                                 |
| \\      /  F ield         | OpenFOAM: The Open Source CFD Toolbox           |
|  \\    /   O peration     | Version:  2606                                  |
|   \\  /    A nd           | Website:  www.openfoam.com                      |
|    \\/     M anipulation  |                                                 |
\*---------------------------------------------------------------------------*/
FoamFile
{
    version     2.0;
    format      ascii;
    arch        "LSB;label=32;scalar=64";
    class       volScalarField;
    location    "0.05";
    object      p;
}
// * * * * * * * * * * * * * * * * * * * * * * * * * * * * * * * * * * * * * //

dimensions      [1 -1 -2 0 0 0 0];

internalField   nonuniform List<scalar> 
3000
(
-474.798
-474.799
-474.799
-474.799
-474.8
-474.8
-474.8
-474.8
-474.801
-474.801
-474.801
-474.801
-474.802
-474.802
-474.802
-474.802
-474.802
-474.802
-474.802
-474.802
-474.802
-474.803
-474.803
-474.803
-474.803
-474.803
-474.803
-474.803
-474.803
-474.803
-474.803
-474.803
-474.803
-474.803
-474.803
-474.803
-474.803
-474.803
-474.803
-474.803
-474.803
-474.803
-474.803
-474.803
-474.803
-474.803
-474.803
-474.803
-474.803
-474.803
-474.803
-474.803
-474.804
-474.804
-474.804
-474.804
-474.804
-474.804
-474.804
-474.804
-474.804
-474.804
-474.804
-474.804
-474.804
-474.804
-474.804
-474.804
-474.804
-474.804
-474.804
-474.804
-474.804
-474.804
-474.804
-474.826
-474.827
-474.827
-474.827
-474.828
-474.828
-474.828
-474.829
-474.829
-474.829
-474.829
-474.829
-474.83
-474.83
-474.83
-474.83
-474.83
-474.83
-474.83
-474.83
-474.831
-474.831
-474.831
-474.831
-474.831
-474.831
-474.831
-474.831
-474.831
-474.831
-474.831
-474.831
-474.831
-474.831
-474.831
-474.831
-474.831
-474.831
-474.831
-474.831
-474.831
-474.831
-474.831
-474.831
-474.831
-474.831
-474.831
-474.831
-474.832
-474.832
-474.832
-474.832
-474.832
-474.832
-474.832
-474.832
-474.832
-474.832
-474.832
-474.832
-474.832
-474.832
-474.832
-474.832
-474.832
-474.832
-474.832
-474.832
-474.832
-474.832
-474.832
-474.832
-474.832
-474.832
-474.832
-474.854
-474.855
-474.855
-474.855
-474.856
-474.856
-474.856
-474.857
-474.857
-474.857
-474.857
-474.857
-474.858
-474.858
-474.858
-474.858
-474.858
-474.858
-474.858
-474.858
-474.859
-474.859
-474.859
-474.859
-474.859
-474.859
-474.859
-474.859
-474.859
-474.859
-474.859
-474.859
-474.859
-474.859
-474.859
-474.859
-474.859
-474.859
-474.859
-474.859
-474.859
-474.859
-474.859
-474.859
-474.859
-474.86
-474.86
-474.86
-474.86
-474.86
-474.86
-474.86
-474.86
-474.86
-474.86
-474.86
-474.86
-474.86
-474.86
-474.86
-474.86
-474.86
-474.86
-474.86
-474.86
-474.86
-474.86
-474.86
-474.86
-474.86
-474.86
-474.86
-474.86
-474.86
-474.86
-474.882
-474.883
-474.883
-474.884
-474.884
-474.884
-474.884
-474.885
-474.885
-474.885
-474.885
-474.886
-474.886
-474.886
-474.886
-474.886
-474.886
-474.886
-474.886
-474.887
-474.887
-474.887
-474.887
-474.887
-474.887
-474.887
-474.887
-474.887
-474.887
-474.887
-474.887
-474.887
-474.887
-474.887
-474.887
-474.887
-474.887
-474.887
-474.887
-474.887
-474.887
-474.887
-474.887
-474.888
-474.888
-474.888
-474.888
-474.888
-474.888
-474.888
-474.888
-474.888
-474.888
-474.888
-474.888
-474.888
-474.888
-474.888
-474.888
-474.888
-474.888
-474.888
-474.888
-474.888
-474.888
-474.888
-474.888
-474.888
-474.888
-474.888
-474.888
-474.888
-474.888
-474.888
-474.888
-474.911
-474.911
-474.911
-474.912
-474.912
-474.912
-474.913
-474.913
-474.913
-474.913
-474.913
-474.914
-474.914
-474.914
-474.914
-474.914
-474.914
-474.914
-474.915
-474.915
-474.915
-474.915
-474.915
-474.915
-474.915
-474.915
-474.915
-474.915
-474.915
-474.915
-474.915
-474.915
-474.915
-474.915
-474.915
-474.915
-474.915
-474.915
-474.915
-474.915
-474.916
-474.916
-474.916
-474.916
-474.916
-474.916
-474.916
-474.916
-474.916
-474.916
-474.916
-474.916
-474.916
-474.916
-474.916
-474.916
-474.916
-474.916
-474.916
-474.916
-474.916
-474.916
-474.916
-474.916
-474.916
-474.916
-474.916
-474.916
-474.916
-474.916
-474.916
-474.916
-474.916
-474.916
-474.916
-474.939
-474.939
-474.94
-474.94
-474.94
-474.94
-474.941
-474.941
-474.941
-474.941
-474.942
-474.942
-474.942
-474.942
-474.942
-474.942
-474.942
-474.942
-474.943
-474.943
-474.943
-474.943
-474.943
-474.943
-474.943
-474.943
-474.943
-474.943
-474.943
-474.943
-474.943
-474.943
-474.943
-474.943
-474.943
-474.943
-474.943
-474.943
-474.944
-474.944
-474.944
-474.944
-474.944
-474.944
-474.944
-474.944
-474.944
-474.944
-474.944
-474.944
-474.944
-474.944
-474.944
-474.944
-474.944
-474.944
-474.944
-474.944
-474.944
-474.944
-474.944
-474.944
-474.944
-474.944
-474.944
-474.944
-474.944
-474.944
-474.944
-474.944
-474.944
-474.944
-474.944
-474.944
-474.944
-474.967
-474.967
-474.968
-474.968
-474.968
-474.969
-474.969
-474.969
-474.969
-474.969
-474.97
-474.97
-474.97
-474.97
-474.97
-474.97
-474.97
-474.971
-474.971
-474.971
-474.971
-474.971
-474.971
-474.971
-474.971
-474.971
-474.971
-474.971
-474.971
-474.971
-474.971
-474.971
-474.971
-474.971
-474.971
-474.971
-474.972
-474.972
-474.972
-474.972
-474.972
-474.972
-474.972
-474.972
-474.972
-474.972
-474.972
-474.972
-474.972
-474.972
-474.972
-474.972
-474.972
-474.972
-474.972
-474.972
-474.972
-474.972
-474.972
-474.972
-474.972
-474.972
-474.972
-474.972
-474.972
-474.972
-474.972
-474.972
-474.972
-474.972
-474.972
-474.972
-474.972
-474.972
-474.972
-474.995
-474.996
-474.996
-474.996
-474.997
-474.997
-474.997
-474.997
-474.997
-474.998
-474.998
-474.998
-474.998
-474.998
-474.998
-474.998
-474.999
-474.999
-474.999
-474.999
-474.999
-474.999
-474.999
-474.999
-474.999
-474.999
-474.999
-474.999
-474.999
-474.999
-474.999
-474.999
-474.999
-474.999
-475
-475
-475
-475
-475
-475
-475
-475
-475
-475
-475
-475
-475
-475
-475
-475
-475
-475
-475
-475
-475
-475
-475
-475
-475
-475
-475
-475
-475
-475
-475
-475
-475
-475
-475
-475
-475
-475
-475
-475
-475
-475.024
-475.024
-475.024
-475.025
-475.025
-475.025
-475.025
-475.025
-475.026
-475.026
-475.026
-475.026
-475.026
-475.026
-475.026
-475.027
-475.027
-475.027
-475.027
-475.027
-475.027
-475.027
-475.027
-475.027
-475.027
-475.027
-475.027
-475.027
-475.027
-475.027
-475.027
-475.027
-475.028
-475.028
-475.028
-475.028
-475.028
-475.028
-475.028
-475.028
-475.028
-475.028
-475.028
-475.028
-475.028
-475.028
-475.028
-475.028
-475.028
-475.028
-475.028
-475.028
-475.028
-475.028
-475.028
-475.028
-475.028
-475.028
-475.028
-475.028
-475.028
-475.028
-475.028
-475.028
-475.028
-475.028
-475.028
-475.028
-475.028
-475.028
-475.028
-475.028
-475.028
-475.028
-475.028
-475.052
-475.052
-475.053
-475.053
-475.053
-475.053
-475.053
-475.054
-475.054
-475.054
-475.054
-475.054
-475.054
-475.054
-475.055
-475.055
-475.055
-475.055
-475.055
-475.055
-475.055
-475.055
-475.055
-475.055
-475.055
-475.055
-475.055
-475.055
-475.055
-475.055
-475.056
-475.056
-475.056
-475.056
-475.056
-475.056
-475.056
-475.056
-475.056
-475.056
-475.056
-475.056
-475.056
-475.056
-475.056
-475.056
-475.056
-475.056
-475.056
-475.056
-475.056
-475.056
-475.056
-475.056
-475.056
-475.056
-475.056
-475.056
-475.056
-475.056
-475.056
-475.056
-475.056
-475.056
-475.056
-475.056
-475.056
-475.056
-475.056
-475.056
-475.056
-475.056
-475.056
-475.056
-475.056
-475.08
-475.081
-475.081
-475.081
-475.081
-475.081
-475.082
-475.082
-475.082
-475.082
-475.082
-475.082
-475.083
-475.083
-475.083
-475.083
-475.083
-475.083
-475.083
-475.083
-475.083
-475.083
-475.083
-475.083
-475.083
-475.083
-475.083
-475.083
-475.084
-475.084
-475.084
-475.084
-475.084
-475.084
-475.084
-475.084
-475.084
-475.084
-475.084
-475.084
-475.084
-475.084
-475.084
-475.084
-475.084
-475.084
-475.084
-475.084
-475.084
-475.084
-475.084
-475.084
-475.084
-475.084
-475.084
-475.084
-475.084
-475.084
-475.084
-475.084
-475.084
-475.084
-475.084
-475.084
-475.084
-475.084
-475.084
-475.084
-475.084
-475.084
-475.084
-475.084
-475.084
-475.084
-475.084
-475.109
-475.109
-475.109
-475.109
-475.11
-475.11
-475.11
-475.11
-475.11
-475.11
-475.11
-475.111
-475.111
-475.111
-475.111
-475.111
-475.111
-475.111
-475.111
-475.111
-475.111
-475.111
-475.111
-475.111
-475.111
-475.111
-475.112
-475.112
-475.112
-475.112
-475.112
-475.112
-475.112
-475.112
-475.112
-475.112
-475.112
-475.112
-475.112
-475.112
-475.112
-475.112
-475.112
-475.112
-475.112
-475.112
-475.112
-475.112
-475.112
-475.112
-475.112
-475.112
-475.112
-475.112
-475.112
-475.112
-475.112
-475.112
-475.112
-475.112
-475.112
-475.112
-475.112
-475.112
-475.112
-475.112
-475.112
-475.112
-475.112
-475.112
-475.112
-475.112
-475.112
-475.112
-475.112
-475.137
-475.137
-475.137
-475.138
-475.138
-475.138
-475.138
-475.138
-475.138
-475.139
-475.139
-475.139
-475.139
-475.139
-475.139
-475.139
-475.139
-475.139
-475.139
-475.139
-475.139
-475.139
-475.139
-475.139
-475.14
-475.14
-475.14
-475.14
-475.14
-475.14
-475.14
-475.14
-475.14
-475.14
-475.14
-475.14
-475.14
-475.14
-475.14
-475.14
-475.14
-475.14
-475.14
-475.14
-475.14
-475.14
-475.14
-475.14
-475.14
-475.14
-475.14
-475.14
-475.14
-475.14
-475.14
-475.14
-475.14
-475.14
-475.14
-475.14
-475.14
-475.14
-475.14
-475.14
-475.14
-475.14
-475.14
-475.14
-475.14
-475.14
-475.14
-475.14
-475.14
-475.14
-475.14
-475.165
-475.166
-475.166
-475.166
-475.166
-475.166
-475.166
-475.167
-475.167
-475.167
-475.167
-475.167
-475.167
-475.167
-475.167
-475.167
-475.167
-475.167
-475.167
-475.167
-475.167
-475.168
-475.168
-475.168
-475.168
-475.168
-475.168
-475.168
-475.168
-475.168
-475.168
-475.168
-475.168
-475.168
-475.168
-475.168
-475.168
-475.168
-475.168
-475.168
-475.168
-475.168
-475.168
-475.168
-475.168
-475.168
-475.168
-475.168
-475.168
-475.168
-475.168
-475.168
-475.168
-475.168
-475.168
-475.168
-475.168
-475.168
-475.168
-475.168
-475.168
-475.168
-475.168
-475.168
-475.168
-475.168
-475.168
-475.168
-475.168
-475.168
-475.168
-475.168
-475.168
-475.168
-475.168
-475.194
-475.194
-475.194
-475.194
-475.194
-475.195
-475.195
-475.195
-475.195
-475.195
-475.195
-475.195
-475.195
-475.195
-475.195
-475.195
-475.195
-475.195
-475.196
-475.196
-475.196
-475.196
-475.196
-475.196
-475.196
-475.196
-475.196
-475.196
-475.196
-475.196
-475.196
-475.196
-475.196
-475.196
-475.196
-475.196
-475.196
-475.196
-475.196
-475.196
-475.196
-475.196
-475.196
-475.196
-475.196
-475.196
-475.196
-475.196
-475.196
-475.196
-475.196
-475.196
-475.196
-475.196
-475.196
-475.196
-475.196
-475.196
-475.196
-475.196
-475.196
-475.196
-475.196
-475.196
-475.196
-475.196
-475.196
-475.196
-475.196
-475.196
-475.196
-475.196
-475.196
-475.196
-475.196
-475.222
-475.222
-475.223
-475.223
-475.223
-475.223
-475.223
-475.223
-475.223
-475.223
-475.223
-475.223
-475.223
-475.223
-475.223
-475.224
-475.224
-475.224
-475.224
-475.224
-475.224
-475.224
-475.224
-475.224
-475.224
-475.224
-475.224
-475.224
-475.224
-475.224
-475.224
-475.224
-475.224
-475.224
-475.224
-475.224
-475.224
-475.224
-475.224
-475.224
-475.224
-475.224
-475.224
-475.224
-475.224
-475.224
-475.224
-475.224
-475.224
-475.224
-475.224
-475.224
-475.224
-475.224
-475.224
-475.224
-475.224
-475.224
-475.224
-475.224
-475.224
-475.224
-475.224
-475.224
-475.224
-475.224
-475.224
-475.224
-475.224
-475.224
-475.224
-475.224
-475.224
-475.224
-475.224
-475.251
-475.251
-475.251
-475.251
-475.251
-475.251
-475.251
-475.251
-475.251
-475.251
-475.251
-475.252
-475.252
-475.252
-475.252
-475.252
-475.252
-475.252
-475.252
-475.252
-475.252
-475.252
-475.252
-475.252
-475.252
-475.252
-475.252
-475.252
-475.252
-475.252
-475.252
-475.252
-475.252
-475.252
-475.252
-475.252
-475.252
-475.252
-475.252
-475.252
-475.252
-475.252
-475.252
-475.252
-475.252
-475.252
-475.252
-475.252
-475.252
-475.252
-475.252
-475.252
-475.252
-475.252
-475.252
-475.252
-475.252
-475.252
-475.252
-475.252
-475.252
-475.252
-475.252
-475.252
-475.252
-475.252
-475.252
-475.252
-475.252
-475.252
-475.252
-475.252
-475.252
-475.252
-475.252
-475.279
-475.279
-475.279
-475.279
-475.279
-475.28
-475.28
-475.28
-475.28
-475.28
-475.28
-475.28
-475.28
-475.28
-475.28
-475.28
-475.28
-475.28
-475.28
-475.28
-475.28
-475.28
-475.28
-475.28
-475.28
-475.28
-475.28
-475.28
-475.28
-475.28
-475.28
-475.28
-475.28
-475.28
-475.28
-475.28
-475.28
-475.28
-475.28
-475.28
-475.28
-475.28
-475.28
-475.28
-475.28
-475.28
-475.28
-475.28
-475.28
-475.28
-475.28
-475.28
-475.28
-475.28
-475.28
-475.28
-475.28
-475.28
-475.28
-475.28
-475.28
-475.28
-475.28
-475.28
-475.28
-475.28
-475.28
-475.28
-475.28
-475.28
-475.28
-475.28
-475.28
-475.28
-475.28
-475.308
-475.308
-475.308
-475.308
-475.308
-475.308
-475.308
-475.308
-475.308
-475.308
-475.308
-475.308
-475.308
-475.308
-475.308
-475.308
-475.308
-475.308
-475.308
-475.308
-475.308
-475.308
-475.308
-475.308
-475.308
-475.308
-475.308
-475.308
-475.308
-475.308
-475.308
-475.308
-475.308
-475.308
-475.308
-475.308
-475.308
-475.308
-475.308
-475.308
-475.308
-475.308
-475.308
-475.308
-475.308
-475.308
-475.308
-475.308
-475.308
-475.308
-475.308
-475.308
-475.308
-475.308
-475.308
-475.308
-475.308
-475.308
-475.308
-475.308
-475.308
-475.308
-475.308
-475.308
-475.308
-475.308
-475.308
-475.308
-475.308
-475.308
-475.308
-475.308
-475.308
-475.308
-475.308
-475.336
-475.336
-475.336
-475.336
-475.336
-475.336
-475.336
-475.336
-475.336
-475.336
-475.336
-475.336
-475.336
-475.336
-475.336
-475.336
-475.336
-475.336
-475.336
-475.336
-475.336
-475.336
-475.336
-475.336
-475.336
-475.336
-475.336
-475.336
-475.336
-475.336
-475.336
-475.336
-475.336
-475.336
-475.336
-475.336
-475.336
-475.336
-475.336
-475.336
-475.336
-475.336
-475.336
-475.336
-475.336
-475.336
-475.336
-475.336
-475.336
-475.336
-475.336
-475.336
-475.336
-475.336
-475.336
-475.336
-475.336
-475.336
-475.336
-475.336
-475.336
-475.336
-475.336
-475.336
-475.336
-475.336
-475.336
-475.336
-475.336
-475.336
-475.336
-475.336
-475.336
-475.336
-475.336
-475.365
-475.365
-475.365
-475.365
-475.364
-475.364
-475.364
-475.364
-475.364
-475.364
-475.364
-475.364
-475.364
-475.364
-475.364
-475.364
-475.364
-475.364
-475.364
-475.364
-475.364
-475.364
-475.364
-475.364
-475.364
-475.364
-475.364
-475.364
-475.364
-475.364
-475.364
-475.364
-475.364
-475.364
-475.364
-475.364
-475.364
-475.364
-475.364
-475.364
-475.364
-475.364
-475.364
-475.364
-475.364
-475.364
-475.364
-475.364
-475.364
-475.364
-475.364
-475.364
-475.364
-475.364
-475.364
-475.364
-475.364
-475.364
-475.364
-475.364
-475.364
-475.364
-475.364
-475.364
-475.364
-475.364
-475.364
-475.364
-475.364
-475.364
-475.364
-475.364
-475.364
-475.364
-475.364
-475.393
-475.393
-475.393
-475.393
-475.393
-475.393
-475.393
-475.393
-475.393
-475.393
-475.393
-475.393
-475.393
-475.393
-475.392
-475.392
-475.392
-475.392
-475.392
-475.392
-475.392
-475.392
-475.392
-475.392
-475.392
-475.392
-475.392
-475.392
-475.392
-475.392
-475.392
-475.392
-475.392
-475.392
-475.392
-475.392
-475.392
-475.392
-475.392
-475.392
-475.392
-475.392
-475.392
-475.392
-475.392
-475.392
-475.392
-475.392
-475.392
-475.392
-475.392
-475.392
-475.392
-475.392
-475.392
-475.392
-475.392
-475.392
-475.392
-475.392
-475.392
-475.392
-475.392
-475.392
-475.392
-475.392
-475.392
-475.392
-475.392
-475.392
-475.392
-475.392
-475.392
-475.392
-475.392
-475.422
-475.421
-475.421
-475.421
-475.421
-475.421
-475.421
-475.421
-475.421
-475.421
-475.421
-475.421
-475.421
-475.421
-475.421
-475.421
-475.421
-475.421
-475.421
-475.421
-475.421
-475.42
-475.42
-475.42
-475.42
-475.42
-475.42
-475.42
-475.42
-475.42
-475.42
-475.42
-475.42
-475.42
-475.42
-475.42
-475.42
-475.42
-475.42
-475.42
-475.42
-475.42
-475.42
-475.42
-475.42
-475.42
-475.42
-475.42
-475.42
-475.42
-475.42
-475.42
-475.42
-475.42
-475.42
-475.42
-475.42
-475.42
-475.42
-475.42
-475.42
-475.42
-475.42
-475.42
-475.42
-475.42
-475.42
-475.42
-475.42
-475.42
-475.42
-475.42
-475.42
-475.42
-475.42
-475.45
-475.45
-475.45
-475.45
-475.449
-475.449
-475.449
-475.449
-475.449
-475.449
-475.449
-475.449
-475.449
-475.449
-475.449
-475.449
-475.449
-475.449
-475.449
-475.449
-475.449
-475.449
-475.449
-475.449
-475.449
-475.449
-475.449
-475.448
-475.448
-475.448
-475.448
-475.448
-475.448
-475.448
-475.448
-475.448
-475.448
-475.448
-475.448
-475.448
-475.448
-475.448
-475.448
-475.448
-475.448
-475.448
-475.448
-475.448
-475.448
-475.448
-475.448
-475.448
-475.448
-475.448
-475.448
-475.448
-475.448
-475.448
-475.448
-475.448
-475.448
-475.448
-475.448
-475.448
-475.448
-475.448
-475.448
-475.448
-475.448
-475.448
-475.448
-475.448
-475.448
-475.448
-475.448
-475.478
-475.478
-475.478
-475.478
-475.478
-475.478
-475.478
-475.477
-475.477
-475.477
-475.477
-475.477
-475.477
-475.477
-475.477
-475.477
-475.477
-475.477
-475.477
-475.477
-475.477
-475.477
-475.477
-475.477
-475.477
-475.477
-475.477
-475.477
-475.477
-475.477
-475.477
-475.477
-475.477
-475.476
-475.476
-475.476
-475.476
-475.476
-475.476
-475.476
-475.476
-475.476
-475.476
-475.476
-475.476
-475.476
-475.476
-475.476
-475.476
-475.476
-475.476
-475.476
-475.476
-475.476
-475.476
-475.476
-475.476
-475.476
-475.476
-475.476
-475.476
-475.476
-475.476
-475.476
-475.476
-475.476
-475.476
-475.476
-475.476
-475.476
-475.476
-475.476
-475.476
-475.476
-475.476
-475.507
-475.507
-475.506
-475.506
-475.506
-475.506
-475.506
-475.506
-475.506
-475.506
-475.505
-475.505
-475.505
-475.505
-475.505
-475.505
-475.505
-475.505
-475.505
-475.505
-475.505
-475.505
-475.505
-475.505
-475.505
-475.505
-475.505
-475.505
-475.505
-475.505
-475.505
-475.505
-475.505
-475.505
-475.505
-475.505
-475.505
-475.505
-475.505
-475.504
-475.504
-475.504
-475.504
-475.504
-475.504
-475.504
-475.504
-475.504
-475.504
-475.504
-475.504
-475.504
-475.504
-475.504
-475.504
-475.504
-475.504
-475.504
-475.504
-475.504
-475.504
-475.504
-475.504
-475.504
-475.504
-475.504
-475.504
-475.504
-475.504
-475.504
-475.504
-475.504
-475.504
-475.504
-475.504
-475.535
-475.535
-475.535
-475.535
-475.534
-475.534
-475.534
-475.534
-475.534
-475.534
-475.534
-475.534
-475.533
-475.533
-475.533
-475.533
-475.533
-475.533
-475.533
-475.533
-475.533
-475.533
-475.533
-475.533
-475.533
-475.533
-475.533
-475.533
-475.533
-475.533
-475.533
-475.533
-475.533
-475.533
-475.533
-475.533
-475.533
-475.533
-475.533
-475.533
-475.533
-475.533
-475.533
-475.533
-475.533
-475.532
-475.532
-475.532
-475.532
-475.532
-475.532
-475.532
-475.532
-475.532
-475.532
-475.532
-475.532
-475.532
-475.532
-475.532
-475.532
-475.532
-475.532
-475.532
-475.532
-475.532
-475.532
-475.532
-475.532
-475.532
-475.532
-475.532
-475.532
-475.532
-475.532
-475.564
-475.563
-475.563
-475.563
-475.563
-475.563
-475.562
-475.562
-475.562
-475.562
-475.562
-475.562
-475.562
-475.562
-475.561
-475.561
-475.561
-475.561
-475.561
-475.561
-475.561
-475.561
-475.561
-475.561
-475.561
-475.561
-475.561
-475.561
-475.561
-475.561
-475.561
-475.561
-475.561
-475.561
-475.561
-475.561
-475.561
-475.561
-475.561
-475.561
-475.561
-475.561
-475.561
-475.561
-475.561
-475.561
-475.561
-475.561
-475.561
-475.561
-475.561
-475.561
-475.561
-475.56
-475.56
-475.56
-475.56
-475.56
-475.56
-475.56
-475.56
-475.56
-475.56
-475.56
-475.56
-475.56
-475.56
-475.56
-475.56
-475.56
-475.56
-475.56
-475.56
-475.56
-475.56
-475.592
-475.592
-475.591
-475.591
-475.591
-475.591
-475.591
-475.59
-475.59
-475.59
-475.59
-475.59
-475.59
-475.59
-475.59
-475.59
-475.589
-475.589
-475.589
-475.589
-475.589
-475.589
-475.589
-475.589
-475.589
-475.589
-475.589
-475.589
-475.589
-475.589
-475.589
-475.589
-475.589
-475.589
-475.589
-475.589
-475.589
-475.589
-475.589
-475.589
-475.589
-475.589
-475.589
-475.589
-475.589
-475.589
-475.589
-475.589
-475.589
-475.589
-475.589
-475.589
-475.589
-475.589
-475.589
-475.589
-475.589
-475.589
-475.589
-475.589
-475.589
-475.589
-475.589
-475.589
-475.589
-475.589
-475.589
-475.589
-475.589
-475.588
-475.588
-475.588
-475.588
-475.588
-475.588
-475.62
-475.62
-475.62
-475.619
-475.619
-475.619
-475.619
-475.619
-475.618
-475.618
-475.618
-475.618
-475.618
-475.618
-475.618
-475.618
-475.618
-475.617
-475.617
-475.617
-475.617
-475.617
-475.617
-475.617
-475.617
-475.617
-475.617
-475.617
-475.617
-475.617
-475.617
-475.617
-475.617
-475.617
-475.617
-475.617
-475.617
-475.617
-475.617
-475.617
-475.617
-475.617
-475.617
-475.617
-475.617
-475.617
-475.617
-475.617
-475.617
-475.617
-475.617
-475.617
-475.617
-475.617
-475.617
-475.617
-475.617
-475.617
-475.617
-475.617
-475.617
-475.617
-475.617
-475.617
-475.617
-475.617
-475.617
-475.617
-475.617
-475.617
-475.617
-475.617
-475.617
-475.617
-475.617
-475.649
-475.648
-475.648
-475.648
-475.647
-475.647
-475.647
-475.647
-475.647
-475.646
-475.646
-475.646
-475.646
-475.646
-475.646
-475.646
-475.646
-475.646
-475.645
-475.645
-475.645
-475.645
-475.645
-475.645
-475.645
-475.645
-475.645
-475.645
-475.645
-475.645
-475.645
-475.645
-475.645
-475.645
-475.645
-475.645
-475.645
-475.645
-475.645
-475.645
-475.645
-475.645
-475.645
-475.645
-475.645
-475.645
-475.645
-475.645
-475.645
-475.645
-475.645
-475.645
-475.645
-475.645
-475.645
-475.645
-475.645
-475.645
-475.645
-475.645
-475.645
-475.645
-475.645
-475.645
-475.645
-475.645
-475.645
-475.645
-475.645
-475.645
-475.645
-475.645
-475.645
-475.645
-475.645
-475.677
-475.676
-475.676
-475.676
-475.676
-475.675
-475.675
-475.675
-475.675
-475.675
-475.674
-475.674
-475.674
-475.674
-475.674
-475.674
-475.674
-475.674
-475.674
-475.674
-475.673
-475.673
-475.673
-475.673
-475.673
-475.673
-475.673
-475.673
-475.673
-475.673
-475.673
-475.673
-475.673
-475.673
-475.673
-475.673
-475.673
-475.673
-475.673
-475.673
-475.673
-475.673
-475.673
-475.673
-475.673
-475.673
-475.673
-475.673
-475.673
-475.673
-475.673
-475.673
-475.673
-475.673
-475.673
-475.673
-475.673
-475.673
-475.673
-475.673
-475.673
-475.673
-475.673
-475.673
-475.673
-475.673
-475.673
-475.673
-475.673
-475.673
-475.673
-475.673
-475.673
-475.673
-475.673
-475.705
-475.705
-475.704
-475.704
-475.704
-475.704
-475.703
-475.703
-475.703
-475.703
-475.703
-475.702
-475.702
-475.702
-475.702
-475.702
-475.702
-475.702
-475.702
-475.702
-475.702
-475.701
-475.701
-475.701
-475.701
-475.701
-475.701
-475.701
-475.701
-475.701
-475.701
-475.701
-475.701
-475.701
-475.701
-475.701
-475.701
-475.701
-475.701
-475.701
-475.701
-475.701
-475.701
-475.701
-475.701
-475.701
-475.701
-475.701
-475.701
-475.701
-475.701
-475.701
-475.701
-475.701
-475.701
-475.701
-475.701
-475.701
-475.701
-475.701
-475.701
-475.701
-475.701
-475.701
-475.701
-475.701
-475.701
-475.701
-475.701
-475.701
-475.701
-475.701
-475.701
-475.701
-475.701
-475.733
-475.733
-475.733
-475.732
-475.732
-475.732
-475.732
-475.731
-475.731
-475.731
-475.731
-475.731
-475.73
-475.73
-475.73
-475.73
-475.73
-475.73
-475.73
-475.73
-475.73
-475.73
-475.729
-475.729
-475.729
-475.729
-475.729
-475.729
-475.729
-475.729
-475.729
-475.729
-475.729
-475.729
-475.729
-475.729
-475.729
-475.729
-475.729
-475.729
-475.729
-475.729
-475.729
-475.729
-475.729
-475.729
-475.729
-475.729
-475.729
-475.729
-475.729
-475.729
-475.729
-475.729
-475.729
-475.729
-475.729
-475.729
-475.729
-475.729
-475.729
-475.729
-475.729
-475.729
-475.729
-475.729
-475.729
-475.729
-475.729
-475.729
-475.729
-475.729
-475.729
-475.729
-475.729
-475.761
-475.761
-475.761
-475.76
-475.76
-475.76
-475.76
-475.759
-475.759
-475.759
-475.759
-475.759
-475.759
-475.758
-475.758
-475.758
-475.758
-475.758
-475.758
-475.758
-475.758
-475.758
-475.758
-475.757
-475.757
-475.757
-475.757
-475.757
-475.757
-475.757
-475.757
-475.757
-475.757
-475.757
-475.757
-475.757
-475.757
-475.757
-475.757
-475.757
-475.757
-475.757
-475.757
-475.757
-475.757
-475.757
-475.757
-475.757
-475.757
-475.757
-475.757
-475.757
-475.757
-475.757
-475.757
-475.757
-475.757
-475.757
-475.757
-475.757
-475.757
-475.757
-475.757
-475.757
-475.757
-475.757
-475.757
-475.757
-475.757
-475.757
-475.757
-475.757
-475.757
-475.757
-475.757
-475.79
-475.789
-475.789
-475.789
-475.788
-475.788
-475.788
-475.788
-475.787
-475.787
-475.787
-475.787
-475.787
-475.786
-475.786
-475.786
-475.786
-475.786
-475.786
-475.786
-475.786
-475.786
-475.786
-475.786
-475.785
-475.785
-475.785
-475.785
-475.785
-475.785
-475.785
-475.785
-475.785
-475.785
-475.785
-475.785
-475.785
-475.785
-475.785
-475.785
-475.785
-475.785
-475.785
-475.785
-475.785
-475.785
-475.785
-475.785
-475.785
-475.785
-475.785
-475.785
-475.785
-475.785
-475.785
-475.785
-475.785
-475.785
-475.785
-475.785
-475.785
-475.785
-475.785
-475.785
-475.785
-475.785
-475.785
-475.785
-475.785
-475.785
-475.785
-475.785
-475.785
-475.785
-475.785
-475.818
-475.817
-475.817
-475.817
-475.816
-475.816
-475.816
-475.816
-475.815
-475.815
-475.815
-475.815
-475.815
-475.815
-475.814
-475.814
-475.814
-475.814
-475.814
-475.814
-475.814
-475.814
-475.814
-475.814
-475.814
-475.813
-475.813
-475.813
-475.813
-475.813
-475.813
-475.813
-475.813
-475.813
-475.813
-475.813
-475.813
-475.813
-475.813
-475.813
-475.813
-475.813
-475.813
-475.813
-475.813
-475.813
-475.813
-475.813
-475.813
-475.813
-475.813
-475.813
-475.813
-475.813
-475.813
-475.813
-475.813
-475.813
-475.813
-475.813
-475.813
-475.813
-475.813
-475.813
-475.813
-475.813
-475.813
-475.813
-475.813
-475.813
-475.813
-475.813
-475.813
-475.813
-475.813
-475.846
-475.846
-475.845
-475.845
-475.845
-475.844
-475.844
-475.844
-475.844
-475.843
-475.843
-475.843
-475.843
-475.843
-475.842
-475.842
-475.842
-475.842
-475.842
-475.842
-475.842
-475.842
-475.842
-475.842
-475.842
-475.841
-475.841
-475.841
-475.841
-475.841
-475.841
-475.841
-475.841
-475.841
-475.841
-475.841
-475.841
-475.841
-475.841
-475.841
-475.841
-475.841
-475.841
-475.841
-475.841
-475.841
-475.841
-475.841
-475.841
-475.841
-475.841
-475.841
-475.841
-475.841
-475.841
-475.841
-475.841
-475.841
-475.841
-475.841
-475.841
-475.841
-475.841
-475.841
-475.841
-475.841
-475.841
-475.841
-475.841
-475.841
-475.841
-475.841
-475.841
-475.841
-475.841
-475.874
-475.874
-475.873
-475.873
-475.873
-475.872
-475.872
-475.872
-475.872
-475.871
-475.871
-475.871
-475.871
-475.871
-475.871
-475.87
-475.87
-475.87
-475.87
-475.87
-475.87
-475.87
-475.87
-475.87
-475.87
-475.87
-475.869
-475.869
-475.869
-475.869
-475.869
-475.869
-475.869
-475.869
-475.869
-475.869
-475.869
-475.869
-475.869
-475.869
-475.869
-475.869
-475.869
-475.869
-475.869
-475.869
-475.869
-475.869
-475.869
-475.869
-475.869
-475.869
-475.869
-475.869
-475.869
-475.869
-475.869
-475.869
-475.869
-475.869
-475.869
-475.869
-475.869
-475.869
-475.869
-475.869
-475.869
-475.869
-475.869
-475.869
-475.869
-475.869
-475.869
-475.869
-475.869
-475.902
-475.902
-475.901
-475.901
-475.901
-475.9
-475.9
-475.9
-475.9
-475.899
-475.899
-475.899
-475.899
-475.899
-475.899
-475.898
-475.898
-475.898
-475.898
-475.898
-475.898
-475.898
-475.898
-475.898
-475.898
-475.898
-475.898
-475.897
-475.897
-475.897
-475.897
-475.897
-475.897
-475.897
-475.897
-475.897
-475.897
-475.897
-475.897
-475.897
-475.897
-475.897
-475.897
-475.897
-475.897
-475.897
-475.897
-475.897
-475.897
-475.897
-475.897
-475.897
-475.897
-475.897
-475.897
-475.897
-475.897
-475.897
-475.897
-475.897
-475.897
-475.897
-475.897
-475.897
-475.897
-475.897
-475.897
-475.897
-475.897
-475.897
-475.897
-475.897
-475.897
-475.897
-475.897
)
;

boundaryField
{
    leftWall
    {
        type            calculated;
        value           nonuniform List<scalar> 0();
    }
    rightWall
    {
        type            calculated;
        value           nonuniform List<scalar> 0();
    }
    lowerWall
    {
        type            calculated;
        value           nonuniform List<scalar> 
75
(
-474.784
-474.785
-474.785
-474.785
-474.786
-474.786
-474.786
-474.786
-474.787
-474.787
-474.787
-474.787
-474.787
-474.788
-474.788
-474.788
-474.788
-474.788
-474.788
-474.788
-474.788
-474.789
-474.789
-474.789
-474.789
-474.789
-474.789
-474.789
-474.789
-474.789
-474.789
-474.789
-474.789
-474.789
-474.789
-474.789
-474.789
-474.789
-474.789
-474.789
-474.789
-474.789
-474.789
-474.789
-474.789
-474.789
-474.789
-474.789
-474.789
-474.789
-474.789
-474.789
-474.789
-474.789
-474.789
-474.79
-474.79
-474.79
-474.79
-474.79
-474.79
-474.79
-474.79
-474.79
-474.79
-474.79
-474.79
-474.79
-474.79
-474.79
-474.79
-474.79
-474.79
-474.79
-474.79
)
;
    }
    atmosphere
    {
        type            calculated;
        value           nonuniform List<scalar> 
75
(
-475.916
-475.916
-475.915
-475.915
-475.915
-475.914
-475.914
-475.914
-475.914
-475.913
-475.913
-475.913
-475.913
-475.913
-475.913
-475.912
-475.912
-475.912
-475.912
-475.912
-475.912
-475.912
-475.912
-475.912
-475.912
-475.912
-475.912
-475.911
-475.911
-475.911
-475.911
-475.911
-475.911
-475.911
-475.911
-475.911
-475.911
-475.911
-475.911
-475.911
-475.911
-475.911
-475.911
-475.911
-475.911
-475.911
-475.911
-475.911
-475.911
-475.911
-475.911
-475.911
-475.911
-475.911
-475.911
-475.911
-475.911
-475.911
-475.911
-475.911
-475.911
-475.911
-475.911
-475.911
-475.911
-475.911
-475.911
-475.911
-475.911
-475.911
-475.911
-475.911
-475.911
-475.911
-475.911
)
;
    }
    defaultFaces
    {
        type            empty;
    }
    procBoundary1to0
    {
        type            processor;
        value           nonuniform List<scalar> 
40
(
-474.798
-474.826
-474.854
-474.882
-474.91
-474.938
-474.967
-474.995
-475.023
-475.052
-475.08
-475.108
-475.137
-475.165
-475.194
-475.222
-475.251
-475.279
-475.308
-475.336
-475.365
-475.393
-475.422
-475.45
-475.479
-475.507
-475.535
-475.564
-475.592
-475.621
-475.649
-475.677
-475.705
-475.734
-475.762
-475.79
-475.818
-475.846
-475.874
-475.902
)
;
    }
    procBoundary1to2
    {
        type            processor;
        value           nonuniform List<scalar> 
40
(
-474.804
-474.832
-474.86
-474.888
-474.916
-474.944
-474.972
-475
-475.028
-475.056
-475.084
-475.112
-475.14
-475.168
-475.196
-475.224
-475.252
-475.28
-475.308
-475.336
-475.364
-475.392
-475.42
-475.448
-475.476
-475.504
-475.532
-475.56
-475.588
-475.617
-475.645
-475.673
-475.701
-475.729
-475.757
-475.785
-475.813
-475.841
-475.869
-475.897
)
;
    }
}


// ************************************************************************* //
