/*--------------------------------*- C++ -*----------------------------------*\
| =========                 |                                                 |
| \\      /  F ield         | OpenFOAM: The Open Source CFD Toolbox           |
|  \\    /   O peration     | Version:  2606                                  |
|   \\  /    A nd           | Website:  www.openfoam.com                      |
|    \\/     M anipulation  |                                                 |
\*---------------------------------------------------------------------------*/
FoamFile
{
    version     2.0;
    format      ascii;
    arch        "LSB;label=32;scalar=64";
    class       volVectorField;
    location    "0.5";
    object      flux;
}
// * * * * * * * * * * * * * * * * * * * * * * * * * * * * * * * * * * * * * //

dimensions      [0 1 -1 1 0 0 0];

internalField   nonuniform List<vector> 
100
(
(-1.5634738112306e-07 0 0)
(-4.7041890439009e-07 0 0)
(-7.8862695229383e-07 0 0)
(-1.1137500002761e-06 0 0)
(-1.4485976671686e-06 0 0)
(-1.7960230808148e-06 0 0)
(-2.1589351511754e-06 0 0)
(-2.540310722837e-06 0 0)
(-2.9432065756053e-06 0 0)
(-3.3707712437064e-06 0 0)
(-3.8262566188256e-06 0 0)
(-4.3130293019578e-06 0 0)
(-4.8345816665052e-06 0 0)
(-5.3945425918997e-06 0 0)
(-5.996687824468e-06 0 0)
(-6.6449499203483e-06 0 0)
(-7.343427721778e-06 0 0)
(-8.0963953141913e-06 0 0)
(-8.9083104116977e-06 0 0)
(-9.7838221122821e-06 0 0)
(-1.0727777963564e-05 0 0)
(-1.1745230277087e-05 0 0)
(-1.2841441626921e-05 0 0)
(-1.4021889465292e-05 0 0)
(-1.5292269788434e-05 0 0)
(-1.6658499782676e-05 0 0)
(-1.8126719380107e-05 0 0)
(-1.970329165456e-05 0 0)
(-2.139480198697e-05 0 0)
(-2.3208055930255e-05 0 0)
(-2.5150075705799e-05 0 0)
(-2.7228095265462e-05 0 0)
(-2.9449553855822e-05 0 0)
(-3.1822088024113e-05 0 0)
(-3.4353522010561e-05 0 0)
(-3.7051856476326e-05 0 0)
(-3.9925255522021e-05 0 0)
(-4.2982031958807e-05 0 0)
(-4.6230630800267e-05 0 0)
(-4.9679610953307e-05 0 0)
(-5.333762509426e-05 0 0)
(-5.7213397725227e-05 0 0)
(-6.1315701417999e-05 0 0)
(-6.5653331263481e-05 0 0)
(-7.0235077554644e-05 0 0)
(-7.5069696746169e-05 0 0)
(-8.0165880744658e-05 0 0)
(-8.5532224597032e-05 0 0)
(-9.1177192659379e-05 0 0)
(-9.7109083340252e-05 0 0)
(-0.00010333599252897 0 0)
(-0.00010986577583145 0 0)
(-0.00011670600975009 0 0)
(-0.00012386395196005 0 0)
(-0.00013134650084412 0 0)
(-0.00013916015446439 0 0)
(-0.00014731096915938 0 0)
(-0.00015580451796729 0 0)
(-0.00016464584908671 0 0)
(-0.00017383944459591 0 0)
(-0.00018338917965933 0 0)
(-0.00019329828245852 0 0)
(-0.00020356929509008 0 0)
(-0.00021420403567573 0 0)
(-0.00022520356193699 0 0)
(-0.00023656813648163 0 0)
(-0.00024829719405476 0 0)
(-0.00026038931100036 0 0)
(-0.00027284217717639 0 0)
(-0.00028565257056075 0 0)
(-0.00029881633477722 0 0)
(-0.00031232835975828 0 0)
(-0.00032618256575284 0 0)
(-0.00034037189087034 0 0)
(-0.00035488828233867 0 0)
(-0.00036972269163525 0 0)
(-0.00038486507363064 0 0)
(-0.0004003043898646 0 0)
(-0.00041602861605261 0 0)
(-0.00043202475389544 0 0)
(-0.00044827884724148 0 0)
(-0.00046477600262555 0 0)
(-0.00048150041418218 0 0)
(-0.00049843539290301 0 0)
(-0.00051556340018216 0 0)
(-0.00053286608556436 0 0)
(-0.00055032432858585 0 0)
(-0.00056791828456826 0 0)
(-0.00058562743419987 0 0)
(-0.00060343063671436 0 0)
(-0.00062130618645015 0 0)
(-0.00063923187255011 0 0)
(-0.00065718504154074 0 0)
(-0.0006751426625071 0 0)
(-0.00069308139456079 0 0)
(-0.00071097765628323 0 0)
(-0.0007288076968094 0 0)
(-0.00074654766820501 0 0)
(-0.00076417369878016 0 0)
(-0.00078166196697459 0 0)
)
;

boundaryField
{
    centre
    {
        type            calculated;
        value           uniform (0 0 0);
    }
    surface
    {
        type            calculated;
        value           uniform (-0.00079036868822962 0 0);
    }
    sides
    {
        type            empty;
    }
}


// ************************************************************************* //
