/*--------------------------------*- C++ -*----------------------------------*\
| =========                 |                                                 |
| \\      /  F ield         | OpenFOAM: The Open Source CFD Toolbox           |
|  \\    /   O peration     | Version:  2606                                  |
|   \\  /    A nd           | Website:  www.openfoam.com                      |
|    \\/     M anipulation  |                                                 |
\*---------------------------------------------------------------------------*/
FoamFile
{
    version     2.0;
    format      ascii;
    arch        "LSB;label=32;scalar=64";
    class       volScalarField;
    location    "0.2";
    object      p_rgh;
}
// * * * * * * * * * * * * * * * * * * * * * * * * * * * * * * * * * * * * * //

dimensions      [1 -1 -2 0 0 0 0];

internalField   nonuniform List<scalar> 
3000
(
-183.013
-184.837
-186.243
-187.249
-188.141
-188.844
-189.094
-189.731
-192.292
-195.702
-194.778
-190.722
-195.129
-222.678
-237.335
-240.768
-241.588
-241.801
-241.913
-242.01
-242.093
-242.163
-242.222
-242.271
-242.313
-242.347
-242.377
-242.401
-242.422
-242.44
-242.456
-242.469
-242.481
-242.492
-242.501
-242.509
-242.516
-242.522
-242.528
-242.533
-242.537
-242.542
-242.545
-242.549
-242.552
-242.554
-242.557
-242.559
-242.561
-242.563
-242.565
-242.566
-242.568
-242.569
-242.57
-242.571
-242.572
-242.573
-242.574
-242.575
-242.576
-242.576
-242.577
-242.577
-242.578
-242.578
-242.579
-242.579
-242.58
-242.58
-242.58
-242.581
-242.581
-242.581
-242.581
-186.971
-190.261
-192.323
-192.962
-193.61
-194.093
-193.53
-195.083
-206.42
-220.285
-219.957
-213.361
-209.316
-224.854
-240.944
-241.775
-241.878
-241.875
-241.923
-242.015
-242.102
-242.173
-242.231
-242.279
-242.319
-242.353
-242.381
-242.405
-242.425
-242.443
-242.458
-242.471
-242.483
-242.493
-242.502
-242.51
-242.517
-242.523
-242.528
-242.533
-242.538
-242.542
-242.546
-242.549
-242.552
-242.555
-242.557
-242.559
-242.561
-242.563
-242.565
-242.566
-242.568
-242.569
-242.57
-242.571
-242.572
-242.573
-242.574
-242.575
-242.576
-242.576
-242.577
-242.578
-242.578
-242.578
-242.579
-242.579
-242.58
-242.58
-242.58
-242.581
-242.581
-242.581
-242.581
-230.541
-234.566
-237.146
-239.187
-241.4
-242.982
-243.116
-243.115
-243.118
-243.121
-243.109
-243.168
-243.661
-243.753
-240.857
-241.707
-242.514
-242.16
-242.077
-242.111
-242.165
-242.216
-242.263
-242.303
-242.337
-242.367
-242.392
-242.413
-242.432
-242.448
-242.462
-242.475
-242.486
-242.495
-242.504
-242.511
-242.518
-242.524
-242.53
-242.534
-242.539
-242.543
-242.546
-242.55
-242.552
-242.555
-242.558
-242.56
-242.562
-242.564
-242.565
-242.567
-242.568
-242.569
-242.571
-242.572
-242.573
-242.574
-242.574
-242.575
-242.576
-242.576
-242.577
-242.578
-242.578
-242.579
-242.579
-242.579
-242.58
-242.58
-242.58
-242.581
-242.581
-242.581
-242.581
-243.066
-243.081
-243.084
-243.086
-243.092
-243.092
-243.098
-243.111
-243.123
-243.129
-243.129
-243.111
-242.285
-241.244
-242.386
-243.119
-242.917
-242.473
-242.302
-242.257
-242.261
-242.283
-242.31
-242.338
-242.364
-242.387
-242.407
-242.426
-242.442
-242.456
-242.469
-242.48
-242.49
-242.499
-242.507
-242.514
-242.521
-242.526
-242.531
-242.536
-242.54
-242.544
-242.547
-242.55
-242.553
-242.556
-242.558
-242.56
-242.562
-242.564
-242.566
-242.567
-242.568
-242.57
-242.571
-242.572
-242.573
-242.574
-242.575
-242.575
-242.576
-242.577
-242.577
-242.578
-242.578
-242.579
-242.579
-242.579
-242.58
-242.58
-242.58
-242.581
-242.581
-242.581
-242.581
-243.076
-243.095
-243.103
-243.107
-243.108
-243.108
-243.11
-243.121
-243.14
-243.162
-243.202
-243.314
-243.497
-243.697
-243.823
-243.638
-243.114
-242.694
-242.485
-242.393
-242.361
-242.356
-242.365
-242.379
-242.395
-242.411
-242.427
-242.441
-242.454
-242.467
-242.477
-242.487
-242.496
-242.504
-242.511
-242.518
-242.524
-242.529
-242.534
-242.538
-242.542
-242.546
-242.549
-242.552
-242.554
-242.557
-242.559
-242.561
-242.563
-242.565
-242.566
-242.568
-242.569
-242.57
-242.571
-242.572
-242.573
-242.574
-242.575
-242.576
-242.576
-242.577
-242.577
-242.578
-242.578
-242.579
-242.579
-242.58
-242.58
-242.58
-242.581
-242.581
-242.581
-242.581
-242.582
-243.064
-243.082
-243.087
-243.088
-243.086
-243.083
-243.087
-243.103
-243.126
-243.156
-243.204
-243.31
-243.49
-243.586
-243.567
-243.376
-243.047
-242.764
-242.591
-242.495
-242.446
-242.424
-242.418
-242.421
-242.428
-242.437
-242.448
-242.458
-242.469
-242.478
-242.487
-242.495
-242.503
-242.51
-242.516
-242.522
-242.527
-242.532
-242.537
-242.541
-242.544
-242.547
-242.55
-242.553
-242.556
-242.558
-242.56
-242.562
-242.564
-242.565
-242.567
-242.568
-242.57
-242.571
-242.572
-242.573
-242.574
-242.574
-242.575
-242.576
-242.576
-242.577
-242.578
-242.578
-242.579
-242.579
-242.579
-242.58
-242.58
-242.58
-242.581
-242.581
-242.581
-242.581
-242.582
-243.033
-243.054
-243.066
-243.072
-243.077
-243.085
-243.087
-243.093
-243.108
-243.129
-243.162
-243.219
-243.305
-243.35
-243.302
-243.151
-242.951
-242.775
-242.648
-242.564
-242.511
-242.481
-242.466
-242.46
-242.46
-242.464
-242.47
-242.477
-242.484
-242.491
-242.498
-242.504
-242.511
-242.517
-242.522
-242.527
-242.532
-242.536
-242.54
-242.543
-242.547
-242.55
-242.552
-242.555
-242.557
-242.559
-242.561
-242.563
-242.565
-242.566
-242.568
-242.569
-242.57
-242.571
-242.572
-242.573
-242.574
-242.575
-242.576
-242.576
-242.577
-242.577
-242.578
-242.578
-242.579
-242.579
-242.58
-242.58
-242.58
-242.581
-242.581
-242.581
-242.581
-242.582
-242.582
-242.994
-243.014
-243.027
-243.035
-243.041
-243.044
-243.054
-243.064
-243.077
-243.093
-243.114
-243.141
-243.167
-243.167
-243.118
-243.018
-242.894
-242.776
-242.68
-242.61
-242.56
-242.527
-242.507
-242.496
-242.491
-242.49
-242.492
-242.495
-242.499
-242.504
-242.509
-242.514
-242.519
-242.524
-242.528
-242.532
-242.536
-242.54
-242.543
-242.547
-242.549
-242.552
-242.555
-242.557
-242.559
-242.561
-242.563
-242.564
-242.566
-242.567
-242.569
-242.57
-242.571
-242.572
-242.573
-242.574
-242.575
-242.575
-242.576
-242.577
-242.577
-242.578
-242.578
-242.579
-242.579
-242.579
-242.58
-242.58
-242.58
-242.581
-242.581
-242.581
-242.581
-242.582
-242.582
-242.964
-242.981
-242.995
-243.005
-243.012
-243.018
-243.025
-243.034
-243.043
-243.054
-243.066
-243.077
-243.079
-243.062
-243.017
-242.946
-242.859
-242.774
-242.7
-242.641
-242.596
-242.563
-242.541
-242.527
-242.518
-242.514
-242.512
-242.513
-242.514
-242.517
-242.52
-242.524
-242.527
-242.531
-242.535
-242.538
-242.541
-242.544
-242.547
-242.55
-242.553
-242.555
-242.557
-242.559
-242.561
-242.563
-242.564
-242.566
-242.567
-242.569
-242.57
-242.571
-242.572
-242.573
-242.574
-242.574
-242.575
-242.576
-242.576
-242.577
-242.578
-242.578
-242.579
-242.579
-242.579
-242.58
-242.58
-242.58
-242.581
-242.581
-242.581
-242.581
-242.582
-242.582
-242.582
-242.938
-242.954
-242.967
-242.977
-242.984
-242.991
-242.997
-243.004
-243.01
-243.016
-243.021
-243.022
-243.014
-242.992
-242.953
-242.898
-242.834
-242.77
-242.711
-242.662
-242.622
-242.591
-242.569
-242.553
-242.542
-242.535
-242.531
-242.529
-242.529
-242.53
-242.532
-242.534
-242.536
-242.539
-242.541
-242.544
-242.546
-242.549
-242.551
-242.554
-242.556
-242.558
-242.56
-242.561
-242.563
-242.565
-242.566
-242.567
-242.569
-242.57
-242.571
-242.572
-242.573
-242.574
-242.574
-242.575
-242.576
-242.576
-242.577
-242.578
-242.578
-242.579
-242.579
-242.579
-242.58
-242.58
-242.58
-242.581
-242.581
-242.581
-242.581
-242.582
-242.582
-242.582
-242.582
-242.918
-242.932
-242.943
-242.952
-242.96
-242.966
-242.971
-242.975
-242.979
-242.981
-242.98
-242.975
-242.963
-242.941
-242.907
-242.863
-242.814
-242.764
-242.717
-242.676
-242.641
-242.613
-242.591
-242.575
-242.563
-242.554
-242.548
-242.545
-242.543
-242.542
-242.543
-242.543
-242.545
-242.546
-242.548
-242.55
-242.552
-242.554
-242.556
-242.557
-242.559
-242.561
-242.562
-242.564
-242.565
-242.567
-242.568
-242.569
-242.57
-242.571
-242.572
-242.573
-242.574
-242.575
-242.575
-242.576
-242.577
-242.577
-242.578
-242.578
-242.579
-242.579
-242.579
-242.58
-242.58
-242.58
-242.581
-242.581
-242.581
-242.581
-242.582
-242.582
-242.582
-242.582
-242.582
-242.901
-242.913
-242.923
-242.931
-242.937
-242.943
-242.947
-242.949
-242.95
-242.949
-242.946
-242.937
-242.923
-242.902
-242.873
-242.838
-242.799
-242.759
-242.72
-242.685
-242.655
-242.63
-242.609
-242.593
-242.58
-242.571
-242.564
-242.559
-242.556
-242.554
-242.553
-242.553
-242.553
-242.554
-242.555
-242.556
-242.557
-242.558
-242.56
-242.561
-242.563
-242.564
-242.565
-242.566
-242.568
-242.569
-242.57
-242.571
-242.572
-242.573
-242.573
-242.574
-242.575
-242.576
-242.576
-242.577
-242.577
-242.578
-242.578
-242.579
-242.579
-242.579
-242.58
-242.58
-242.58
-242.581
-242.581
-242.581
-242.581
-242.582
-242.582
-242.582
-242.582
-242.582
-242.582
-242.886
-242.896
-242.904
-242.911
-242.917
-242.921
-242.924
-242.925
-242.925
-242.922
-242.916
-242.906
-242.892
-242.872
-242.847
-242.818
-242.786
-242.753
-242.722
-242.692
-242.666
-242.643
-242.624
-242.608
-242.595
-242.585
-242.578
-242.572
-242.568
-242.565
-242.563
-242.562
-242.561
-242.561
-242.561
-242.562
-242.562
-242.563
-242.564
-242.565
-242.566
-242.567
-242.568
-242.569
-242.57
-242.571
-242.572
-242.573
-242.573
-242.574
-242.575
-242.575
-242.576
-242.577
-242.577
-242.578
-242.578
-242.579
-242.579
-242.579
-242.58
-242.58
-242.58
-242.581
-242.581
-242.581
-242.581
-242.582
-242.582
-242.582
-242.582
-242.582
-242.582
-242.582
-242.583
-242.872
-242.881
-242.888
-242.894
-242.898
-242.902
-242.903
-242.903
-242.901
-242.897
-242.891
-242.881
-242.867
-242.849
-242.827
-242.803
-242.776
-242.749
-242.722
-242.696
-242.673
-242.653
-242.635
-242.62
-242.608
-242.598
-242.59
-242.583
-242.578
-242.575
-242.572
-242.57
-242.569
-242.568
-242.568
-242.568
-242.568
-242.568
-242.569
-242.569
-242.57
-242.57
-242.571
-242.572
-242.572
-242.573
-242.574
-242.574
-242.575
-242.576
-242.576
-242.577
-242.577
-242.578
-242.578
-242.579
-242.579
-242.579
-242.58
-242.58
-242.58
-242.581
-242.581
-242.581
-242.581
-242.581
-242.582
-242.582
-242.582
-242.582
-242.582
-242.582
-242.583
-242.583
-242.583
-242.86
-242.867
-242.873
-242.878
-242.882
-242.884
-242.885
-242.884
-242.881
-242.876
-242.869
-242.859
-242.846
-242.83
-242.811
-242.79
-242.767
-242.744
-242.721
-242.699
-242.679
-242.661
-242.644
-242.63
-242.618
-242.608
-242.6
-242.593
-242.588
-242.584
-242.58
-242.578
-242.576
-242.575
-242.574
-242.573
-242.573
-242.573
-242.573
-242.573
-242.573
-242.574
-242.574
-242.574
-242.575
-242.575
-242.576
-242.576
-242.577
-242.577
-242.578
-242.578
-242.578
-242.579
-242.579
-242.579
-242.58
-242.58
-242.58
-242.581
-242.581
-242.581
-242.581
-242.582
-242.582
-242.582
-242.582
-242.582
-242.582
-242.582
-242.583
-242.583
-242.583
-242.583
-242.583
-242.849
-242.855
-242.86
-242.864
-242.866
-242.868
-242.868
-242.866
-242.863
-242.858
-242.851
-242.841
-242.829
-242.814
-242.798
-242.78
-242.76
-242.74
-242.72
-242.701
-242.683
-242.667
-242.652
-242.639
-242.627
-242.617
-242.609
-242.602
-242.596
-242.592
-242.588
-242.585
-242.583
-242.581
-242.579
-242.578
-242.578
-242.577
-242.577
-242.577
-242.577
-242.577
-242.577
-242.577
-242.577
-242.578
-242.578
-242.578
-242.578
-242.579
-242.579
-242.579
-242.58
-242.58
-242.58
-242.58
-242.581
-242.581
-242.581
-242.581
-242.581
-242.582
-242.582
-242.582
-242.582
-242.582
-242.582
-242.583
-242.583
-242.583
-242.583
-242.583
-242.583
-242.583
-242.583
-242.839
-242.844
-242.848
-242.851
-242.853
-242.854
-242.853
-242.851
-242.847
-242.842
-242.835
-242.826
-242.814
-242.801
-242.787
-242.771
-242.754
-242.736
-242.719
-242.702
-242.686
-242.671
-242.658
-242.645
-242.635
-242.625
-242.617
-242.61
-242.604
-242.599
-242.595
-242.592
-242.589
-242.587
-242.585
-242.583
-242.582
-242.581
-242.581
-242.58
-242.58
-242.58
-242.58
-242.58
-242.58
-242.58
-242.58
-242.58
-242.58
-242.58
-242.581
-242.581
-242.581
-242.581
-242.581
-242.581
-242.582
-242.582
-242.582
-242.582
-242.582
-242.582
-242.582
-242.582
-242.583
-242.583
-242.583
-242.583
-242.583
-242.583
-242.583
-242.583
-242.583
-242.583
-242.583
-242.83
-242.834
-242.837
-242.839
-242.841
-242.841
-242.84
-242.837
-242.833
-242.828
-242.821
-242.812
-242.802
-242.79
-242.777
-242.763
-242.748
-242.733
-242.718
-242.703
-242.688
-242.675
-242.662
-242.651
-242.641
-242.632
-242.624
-242.617
-242.611
-242.606
-242.601
-242.598
-242.595
-242.592
-242.59
-242.588
-242.587
-242.586
-242.585
-242.584
-242.583
-242.583
-242.583
-242.582
-242.582
-242.582
-242.582
-242.582
-242.582
-242.582
-242.582
-242.582
-242.582
-242.582
-242.582
-242.582
-242.582
-242.583
-242.583
-242.583
-242.583
-242.583
-242.583
-242.583
-242.583
-242.583
-242.583
-242.583
-242.583
-242.583
-242.583
-242.583
-242.584
-242.584
-242.584
-242.822
-242.825
-242.827
-242.829
-242.83
-242.829
-242.828
-242.825
-242.821
-242.816
-242.809
-242.801
-242.792
-242.781
-242.769
-242.757
-242.744
-242.73
-242.716
-242.703
-242.69
-242.678
-242.666
-242.656
-242.646
-242.637
-242.63
-242.623
-242.617
-242.612
-242.607
-242.603
-242.6
-242.597
-242.595
-242.593
-242.591
-242.59
-242.588
-242.587
-242.587
-242.586
-242.585
-242.585
-242.584
-242.584
-242.584
-242.584
-242.584
-242.584
-242.583
-242.583
-242.583
-242.583
-242.583
-242.583
-242.583
-242.583
-242.583
-242.583
-242.583
-242.583
-242.583
-242.584
-242.584
-242.584
-242.584
-242.584
-242.584
-242.584
-242.584
-242.584
-242.584
-242.584
-242.584
-242.814
-242.817
-242.818
-242.82
-242.82
-242.819
-242.817
-242.814
-242.81
-242.805
-242.799
-242.791
-242.783
-242.773
-242.762
-242.751
-242.739
-242.727
-242.715
-242.703
-242.691
-242.68
-242.669
-242.66
-242.651
-242.642
-242.635
-242.628
-242.622
-242.617
-242.612
-242.608
-242.605
-242.602
-242.599
-242.597
-242.595
-242.593
-242.592
-242.591
-242.59
-242.589
-242.588
-242.587
-242.587
-242.586
-242.586
-242.586
-242.585
-242.585
-242.585
-242.585
-242.585
-242.584
-242.584
-242.584
-242.584
-242.584
-242.584
-242.584
-242.584
-242.584
-242.584
-242.584
-242.584
-242.584
-242.584
-242.584
-242.584
-242.584
-242.584
-242.584
-242.584
-242.584
-242.584
-242.807
-242.809
-242.811
-242.811
-242.811
-242.81
-242.808
-242.805
-242.801
-242.796
-242.79
-242.783
-242.775
-242.766
-242.756
-242.746
-242.735
-242.725
-242.713
-242.703
-242.692
-242.682
-242.672
-242.663
-242.654
-242.646
-242.639
-242.633
-242.627
-242.622
-242.617
-242.613
-242.609
-242.606
-242.603
-242.601
-242.599
-242.597
-242.595
-242.594
-242.592
-242.591
-242.59
-242.59
-242.589
-242.588
-242.588
-242.587
-242.587
-242.587
-242.586
-242.586
-242.586
-242.586
-242.585
-242.585
-242.585
-242.585
-242.585
-242.585
-242.585
-242.585
-242.585
-242.585
-242.584
-242.584
-242.584
-242.584
-242.584
-242.584
-242.584
-242.584
-242.584
-242.584
-242.584
-242.801
-242.802
-242.803
-242.803
-242.803
-242.802
-242.799
-242.796
-242.792
-242.788
-242.782
-242.775
-242.768
-242.76
-242.751
-242.742
-242.732
-242.722
-242.712
-242.702
-242.692
-242.683
-242.674
-242.665
-242.657
-242.65
-242.643
-242.637
-242.631
-242.626
-242.621
-242.617
-242.613
-242.61
-242.607
-242.604
-242.602
-242.6
-242.598
-242.597
-242.595
-242.594
-242.593
-242.592
-242.591
-242.59
-242.59
-242.589
-242.588
-242.588
-242.588
-242.587
-242.587
-242.587
-242.586
-242.586
-242.586
-242.586
-242.586
-242.585
-242.585
-242.585
-242.585
-242.585
-242.585
-242.585
-242.585
-242.585
-242.585
-242.585
-242.585
-242.585
-242.585
-242.584
-242.584
-242.795
-242.796
-242.797
-242.797
-242.796
-242.794
-242.792
-242.789
-242.785
-242.78
-242.775
-242.769
-242.762
-242.755
-242.746
-242.738
-242.729
-242.72
-242.711
-242.702
-242.693
-242.684
-242.676
-242.668
-242.66
-242.653
-242.646
-242.64
-242.635
-242.63
-242.625
-242.621
-242.617
-242.614
-242.61
-242.608
-242.605
-242.603
-242.601
-242.599
-242.598
-242.596
-242.595
-242.594
-242.593
-242.592
-242.591
-242.591
-242.59
-242.589
-242.589
-242.588
-242.588
-242.588
-242.587
-242.587
-242.587
-242.587
-242.586
-242.586
-242.586
-242.586
-242.586
-242.586
-242.585
-242.585
-242.585
-242.585
-242.585
-242.585
-242.585
-242.585
-242.585
-242.585
-242.585
-242.79
-242.791
-242.791
-242.79
-242.789
-242.788
-242.785
-242.782
-242.779
-242.774
-242.769
-242.763
-242.757
-242.75
-242.742
-242.735
-242.726
-242.718
-242.71
-242.701
-242.693
-242.685
-242.677
-242.669
-242.662
-242.656
-242.649
-242.643
-242.638
-242.633
-242.628
-242.624
-242.62
-242.617
-242.614
-242.611
-242.608
-242.606
-242.604
-242.602
-242.6
-242.599
-242.597
-242.596
-242.595
-242.594
-242.593
-242.592
-242.591
-242.591
-242.59
-242.59
-242.589
-242.589
-242.588
-242.588
-242.588
-242.587
-242.587
-242.587
-242.587
-242.586
-242.586
-242.586
-242.586
-242.586
-242.586
-242.585
-242.585
-242.585
-242.585
-242.585
-242.585
-242.585
-242.585
-242.786
-242.786
-242.786
-242.785
-242.784
-242.782
-242.779
-242.776
-242.773
-242.769
-242.764
-242.758
-242.752
-242.746
-242.739
-242.731
-242.724
-242.716
-242.708
-242.701
-242.693
-242.685
-242.678
-242.671
-242.664
-242.658
-242.652
-242.646
-242.641
-242.636
-242.631
-242.627
-242.623
-242.62
-242.616
-242.614
-242.611
-242.608
-242.606
-242.604
-242.602
-242.601
-242.599
-242.598
-242.597
-242.596
-242.595
-242.594
-242.593
-242.592
-242.591
-242.591
-242.59
-242.59
-242.589
-242.589
-242.588
-242.588
-242.588
-242.587
-242.587
-242.587
-242.587
-242.586
-242.586
-242.586
-242.586
-242.586
-242.586
-242.586
-242.585
-242.585
-242.585
-242.585
-242.585
-242.781
-242.781
-242.781
-242.78
-242.779
-242.777
-242.774
-242.771
-242.768
-242.764
-242.759
-242.754
-242.748
-242.742
-242.736
-242.729
-242.722
-242.715
-242.707
-242.7
-242.693
-242.686
-242.679
-242.672
-242.666
-242.66
-242.654
-242.648
-242.643
-242.638
-242.634
-242.63
-242.626
-242.622
-242.619
-242.616
-242.613
-242.611
-242.608
-242.606
-242.604
-242.603
-242.601
-242.6
-242.598
-242.597
-242.596
-242.595
-242.594
-242.593
-242.593
-242.592
-242.591
-242.591
-242.59
-242.59
-242.589
-242.589
-242.588
-242.588
-242.588
-242.587
-242.587
-242.587
-242.587
-242.587
-242.586
-242.586
-242.586
-242.586
-242.586
-242.586
-242.585
-242.585
-242.585
-242.777
-242.777
-242.777
-242.776
-242.774
-242.772
-242.77
-242.767
-242.763
-242.759
-242.755
-242.75
-242.744
-242.739
-242.733
-242.726
-242.72
-242.713
-242.706
-242.7
-242.693
-242.686
-242.68
-242.673
-242.667
-242.661
-242.656
-242.65
-242.645
-242.641
-242.636
-242.632
-242.628
-242.625
-242.621
-242.618
-242.616
-242.613
-242.611
-242.608
-242.606
-242.605
-242.603
-242.601
-242.6
-242.599
-242.597
-242.596
-242.595
-242.594
-242.594
-242.593
-242.592
-242.592
-242.591
-242.59
-242.59
-242.589
-242.589
-242.589
-242.588
-242.588
-242.588
-242.587
-242.587
-242.587
-242.587
-242.586
-242.586
-242.586
-242.586
-242.586
-242.586
-242.586
-242.585
-242.774
-242.774
-242.773
-242.772
-242.77
-242.768
-242.765
-242.763
-242.759
-242.755
-242.751
-242.746
-242.741
-242.736
-242.73
-242.724
-242.718
-242.712
-242.705
-242.699
-242.693
-242.686
-242.68
-242.674
-242.668
-242.663
-242.657
-242.652
-242.647
-242.643
-242.638
-242.634
-242.63
-242.627
-242.623
-242.62
-242.618
-242.615
-242.613
-242.61
-242.608
-242.606
-242.605
-242.603
-242.601
-242.6
-242.599
-242.598
-242.597
-242.596
-242.595
-242.594
-242.593
-242.592
-242.592
-242.591
-242.591
-242.59
-242.59
-242.589
-242.589
-242.588
-242.588
-242.588
-242.587
-242.587
-242.587
-242.587
-242.587
-242.586
-242.586
-242.586
-242.586
-242.586
-242.586
-242.771
-242.77
-242.769
-242.768
-242.766
-242.764
-242.762
-242.759
-242.756
-242.752
-242.748
-242.743
-242.738
-242.733
-242.728
-242.722
-242.717
-242.711
-242.705
-242.699
-242.692
-242.686
-242.681
-242.675
-242.669
-242.664
-242.659
-242.654
-242.649
-242.644
-242.64
-242.636
-242.632
-242.629
-242.625
-242.622
-242.619
-242.617
-242.614
-242.612
-242.61
-242.608
-242.606
-242.604
-242.603
-242.601
-242.6
-242.599
-242.598
-242.597
-242.596
-242.595
-242.594
-242.593
-242.592
-242.592
-242.591
-242.591
-242.59
-242.59
-242.589
-242.589
-242.588
-242.588
-242.588
-242.588
-242.587
-242.587
-242.587
-242.587
-242.586
-242.586
-242.586
-242.586
-242.586
-242.768
-242.767
-242.766
-242.765
-242.763
-242.761
-242.759
-242.756
-242.752
-242.749
-242.745
-242.741
-242.736
-242.731
-242.726
-242.721
-242.715
-242.709
-242.704
-242.698
-242.692
-242.687
-242.681
-242.675
-242.67
-242.665
-242.66
-242.655
-242.65
-242.646
-242.642
-242.638
-242.634
-242.63
-242.627
-242.624
-242.621
-242.618
-242.616
-242.613
-242.611
-242.609
-242.607
-242.606
-242.604
-242.602
-242.601
-242.6
-242.599
-242.597
-242.596
-242.596
-242.595
-242.594
-242.593
-242.592
-242.592
-242.591
-242.591
-242.59
-242.59
-242.589
-242.589
-242.589
-242.588
-242.588
-242.588
-242.587
-242.587
-242.587
-242.587
-242.586
-242.586
-242.586
-242.586
-242.766
-242.765
-242.764
-242.762
-242.76
-242.758
-242.756
-242.753
-242.75
-242.746
-242.742
-242.738
-242.734
-242.729
-242.724
-242.719
-242.714
-242.709
-242.703
-242.698
-242.692
-242.687
-242.681
-242.676
-242.671
-242.666
-242.661
-242.656
-242.651
-242.647
-242.643
-242.639
-242.635
-242.632
-242.629
-242.625
-242.623
-242.62
-242.617
-242.615
-242.613
-242.611
-242.609
-242.607
-242.605
-242.604
-242.602
-242.601
-242.599
-242.598
-242.597
-242.596
-242.595
-242.595
-242.594
-242.593
-242.592
-242.592
-242.591
-242.591
-242.59
-242.59
-242.589
-242.589
-242.588
-242.588
-242.588
-242.588
-242.587
-242.587
-242.587
-242.587
-242.586
-242.586
-242.586
-242.763
-242.762
-242.761
-242.76
-242.758
-242.756
-242.753
-242.75
-242.747
-242.744
-242.74
-242.736
-242.732
-242.727
-242.723
-242.718
-242.713
-242.708
-242.702
-242.697
-242.692
-242.687
-242.681
-242.676
-242.671
-242.666
-242.662
-242.657
-242.653
-242.648
-242.644
-242.64
-242.637
-242.633
-242.63
-242.627
-242.624
-242.621
-242.618
-242.616
-242.614
-242.612
-242.61
-242.608
-242.606
-242.604
-242.603
-242.602
-242.6
-242.599
-242.598
-242.597
-242.596
-242.595
-242.594
-242.594
-242.593
-242.592
-242.592
-242.591
-242.59
-242.59
-242.59
-242.589
-242.589
-242.588
-242.588
-242.588
-242.588
-242.587
-242.587
-242.587
-242.587
-242.586
-242.586
-242.762
-242.761
-242.759
-242.758
-242.756
-242.754
-242.751
-242.748
-242.745
-242.742
-242.738
-242.734
-242.73
-242.726
-242.721
-242.717
-242.712
-242.707
-242.702
-242.697
-242.692
-242.687
-242.682
-242.677
-242.672
-242.667
-242.662
-242.658
-242.653
-242.649
-242.645
-242.641
-242.638
-242.634
-242.631
-242.628
-242.625
-242.622
-242.62
-242.617
-242.615
-242.613
-242.611
-242.609
-242.607
-242.605
-242.604
-242.602
-242.601
-242.6
-242.599
-242.598
-242.597
-242.596
-242.595
-242.594
-242.593
-242.593
-242.592
-242.591
-242.591
-242.59
-242.59
-242.589
-242.589
-242.589
-242.588
-242.588
-242.588
-242.587
-242.587
-242.587
-242.587
-242.587
-242.586
-242.76
-242.759
-242.757
-242.756
-242.754
-242.752
-242.749
-242.747
-242.744
-242.74
-242.737
-242.733
-242.729
-242.725
-242.72
-242.716
-242.711
-242.706
-242.701
-242.696
-242.691
-242.687
-242.682
-242.677
-242.672
-242.667
-242.663
-242.658
-242.654
-242.65
-242.646
-242.642
-242.639
-242.635
-242.632
-242.629
-242.626
-242.623
-242.62
-242.618
-242.616
-242.614
-242.611
-242.61
-242.608
-242.606
-242.604
-242.603
-242.602
-242.6
-242.599
-242.598
-242.597
-242.596
-242.595
-242.594
-242.594
-242.593
-242.592
-242.592
-242.591
-242.591
-242.59
-242.59
-242.589
-242.589
-242.588
-242.588
-242.588
-242.588
-242.587
-242.587
-242.587
-242.587
-242.586
-242.759
-242.757
-242.756
-242.754
-242.752
-242.75
-242.748
-242.745
-242.742
-242.739
-242.735
-242.732
-242.728
-242.724
-242.719
-242.715
-242.71
-242.706
-242.701
-242.696
-242.691
-242.687
-242.682
-242.677
-242.672
-242.668
-242.663
-242.659
-242.655
-242.651
-242.647
-242.643
-242.64
-242.636
-242.633
-242.63
-242.627
-242.624
-242.621
-242.619
-242.616
-242.614
-242.612
-242.61
-242.608
-242.607
-242.605
-242.604
-242.602
-242.601
-242.6
-242.599
-242.598
-242.597
-242.596
-242.595
-242.594
-242.593
-242.593
-242.592
-242.591
-242.591
-242.59
-242.59
-242.589
-242.589
-242.589
-242.588
-242.588
-242.588
-242.587
-242.587
-242.587
-242.587
-242.587
-242.757
-242.756
-242.755
-242.753
-242.751
-242.749
-242.747
-242.744
-242.741
-242.738
-242.734
-242.731
-242.727
-242.723
-242.719
-242.714
-242.71
-242.705
-242.701
-242.696
-242.691
-242.686
-242.682
-242.677
-242.673
-242.668
-242.664
-242.659
-242.655
-242.651
-242.647
-242.644
-242.64
-242.637
-242.633
-242.63
-242.627
-242.625
-242.622
-242.619
-242.617
-242.615
-242.613
-242.611
-242.609
-242.607
-242.606
-242.604
-242.603
-242.601
-242.6
-242.599
-242.598
-242.597
-242.596
-242.595
-242.594
-242.594
-242.593
-242.592
-242.592
-242.591
-242.591
-242.59
-242.59
-242.589
-242.589
-242.588
-242.588
-242.588
-242.588
-242.587
-242.587
-242.587
-242.587
-242.756
-242.755
-242.754
-242.752
-242.75
-242.748
-242.746
-242.743
-242.74
-242.737
-242.733
-242.73
-242.726
-242.722
-242.718
-242.714
-242.709
-242.705
-242.7
-242.696
-242.691
-242.686
-242.682
-242.677
-242.673
-242.668
-242.664
-242.66
-242.656
-242.652
-242.648
-242.644
-242.641
-242.637
-242.634
-242.631
-242.628
-242.625
-242.622
-242.62
-242.618
-242.615
-242.613
-242.611
-242.609
-242.608
-242.606
-242.604
-242.603
-242.602
-242.6
-242.599
-242.598
-242.597
-242.596
-242.595
-242.594
-242.594
-242.593
-242.592
-242.592
-242.591
-242.591
-242.59
-242.59
-242.589
-242.589
-242.589
-242.588
-242.588
-242.588
-242.587
-242.587
-242.587
-242.587
-242.756
-242.755
-242.753
-242.751
-242.749
-242.747
-242.745
-242.742
-242.739
-242.736
-242.733
-242.729
-242.725
-242.722
-242.717
-242.713
-242.709
-242.705
-242.7
-242.696
-242.691
-242.686
-242.682
-242.677
-242.673
-242.669
-242.664
-242.66
-242.656
-242.652
-242.648
-242.645
-242.641
-242.638
-242.634
-242.631
-242.628
-242.626
-242.623
-242.62
-242.618
-242.616
-242.614
-242.612
-242.61
-242.608
-242.606
-242.605
-242.603
-242.602
-242.601
-242.599
-242.598
-242.597
-242.596
-242.595
-242.595
-242.594
-242.593
-242.593
-242.592
-242.591
-242.591
-242.59
-242.59
-242.589
-242.589
-242.589
-242.588
-242.588
-242.588
-242.587
-242.587
-242.587
-242.587
-242.755
-242.754
-242.753
-242.751
-242.749
-242.747
-242.744
-242.742
-242.739
-242.736
-242.732
-242.729
-242.725
-242.721
-242.717
-242.713
-242.709
-242.704
-242.7
-242.695
-242.691
-242.686
-242.682
-242.677
-242.673
-242.669
-242.664
-242.66
-242.656
-242.652
-242.648
-242.645
-242.641
-242.638
-242.635
-242.632
-242.629
-242.626
-242.623
-242.621
-242.618
-242.616
-242.614
-242.612
-242.61
-242.608
-242.606
-242.605
-242.603
-242.602
-242.601
-242.6
-242.599
-242.597
-242.597
-242.596
-242.595
-242.594
-242.593
-242.593
-242.592
-242.591
-242.591
-242.59
-242.59
-242.589
-242.589
-242.589
-242.588
-242.588
-242.588
-242.587
-242.587
-242.587
-242.587
-242.755
-242.754
-242.752
-242.751
-242.749
-242.747
-242.744
-242.741
-242.739
-242.735
-242.732
-242.729
-242.725
-242.721
-242.717
-242.713
-242.709
-242.704
-242.7
-242.695
-242.691
-242.686
-242.682
-242.677
-242.673
-242.669
-242.664
-242.66
-242.656
-242.652
-242.649
-242.645
-242.641
-242.638
-242.635
-242.632
-242.629
-242.626
-242.623
-242.621
-242.618
-242.616
-242.614
-242.612
-242.61
-242.608
-242.607
-242.605
-242.604
-242.602
-242.601
-242.6
-242.599
-242.598
-242.597
-242.596
-242.595
-242.594
-242.593
-242.593
-242.592
-242.591
-242.591
-242.59
-242.59
-242.589
-242.589
-242.589
-242.588
-242.588
-242.588
-242.587
-242.587
-242.587
-242.587
)
;

boundaryField
{
    leftWall
    {
        type            fixedFluxPressure;
        gradient        nonuniform List<scalar> 0();
        value           nonuniform List<scalar> 0();
    }
    rightWall
    {
        type            fixedFluxPressure;
        gradient        nonuniform List<scalar> 0();
        value           nonuniform List<scalar> 0();
    }
    lowerWall
    {
        type            fixedFluxPressure;
        gradient        uniform 0;
        value           nonuniform List<scalar> 
75
(
-183.013
-184.837
-186.243
-187.249
-188.141
-188.844
-189.094
-189.731
-192.292
-195.702
-194.778
-190.722
-195.129
-222.678
-237.335
-240.768
-241.588
-241.801
-241.913
-242.01
-242.093
-242.163
-242.222
-242.271
-242.313
-242.347
-242.377
-242.401
-242.422
-242.44
-242.456
-242.469
-242.481
-242.492
-242.501
-242.509
-242.516
-242.522
-242.528
-242.533
-242.537
-242.542
-242.545
-242.549
-242.552
-242.554
-242.557
-242.559
-242.561
-242.563
-242.565
-242.566
-242.568
-242.569
-242.57
-242.571
-242.572
-242.573
-242.574
-242.575
-242.576
-242.576
-242.577
-242.577
-242.578
-242.578
-242.579
-242.579
-242.58
-242.58
-242.58
-242.581
-242.581
-242.581
-242.581
)
;
    }
    atmosphere
    {
        type            fixedFluxPressure;
        gradient        uniform 0;
        value           nonuniform List<scalar> 
75
(
-242.755
-242.754
-242.752
-242.751
-242.749
-242.747
-242.744
-242.741
-242.739
-242.735
-242.732
-242.729
-242.725
-242.721
-242.717
-242.713
-242.709
-242.704
-242.7
-242.695
-242.691
-242.686
-242.682
-242.677
-242.673
-242.669
-242.664
-242.66
-242.656
-242.652
-242.649
-242.645
-242.641
-242.638
-242.635
-242.632
-242.629
-242.626
-242.623
-242.621
-242.618
-242.616
-242.614
-242.612
-242.61
-242.608
-242.607
-242.605
-242.604
-242.602
-242.601
-242.6
-242.599
-242.598
-242.597
-242.596
-242.595
-242.594
-242.593
-242.593
-242.592
-242.591
-242.591
-242.59
-242.59
-242.589
-242.589
-242.589
-242.588
-242.588
-242.588
-242.587
-242.587
-242.587
-242.587
)
;
    }
    defaultFaces
    {
        type            empty;
    }
    procBoundary1to0
    {
        type            processor;
        value           nonuniform List<scalar> 
40
(
-181.048
-183.537
-225.012
-243.033
-243.038
-243.029
-243
-242.967
-242.941
-242.92
-242.902
-242.887
-242.874
-242.862
-242.852
-242.842
-242.833
-242.825
-242.818
-242.811
-242.805
-242.799
-242.794
-242.789
-242.785
-242.781
-242.777
-242.774
-242.771
-242.768
-242.766
-242.764
-242.762
-242.761
-242.759
-242.758
-242.757
-242.757
-242.756
-242.756
)
;
    }
    procBoundary1to2
    {
        type            processor;
        value           nonuniform List<scalar> 
40
(
-242.582
-242.582
-242.582
-242.582
-242.582
-242.582
-242.582
-242.582
-242.582
-242.582
-242.582
-242.583
-242.583
-242.583
-242.583
-242.583
-242.583
-242.584
-242.584
-242.584
-242.584
-242.584
-242.585
-242.585
-242.585
-242.585
-242.585
-242.585
-242.586
-242.586
-242.586
-242.586
-242.586
-242.586
-242.586
-242.586
-242.586
-242.587
-242.587
-242.587
)
;
    }
}


// ************************************************************************* //
