/*--------------------------------*- C++ -*----------------------------------*\
| =========                 |                                                 |
| \\      /  F ield         | OpenFOAM: The Open Source CFD Toolbox           |
|  \\    /   O peration     | Version:  2606                                  |
|   \\  /    A nd           | Website:  www.openfoam.com                      |
|    \\/     M anipulation  |                                                 |
\*---------------------------------------------------------------------------*/
FoamFile
{
    version     2.0;
    format      ascii;
    arch        "LSB;label=32;scalar=64";
    class       volVectorField;
    location    "0.15";
    object      U;
}
// * * * * * * * * * * * * * * * * * * * * * * * * * * * * * * * * * * * * * //

dimensions      [0 1 -1 0 0 0 0];

internalField   nonuniform List<vector> 
3000
(
(0.000329324 1.21106e-05 0)
(0.000304299 1.11857e-05 0)
(0.000281188 1.03471e-05 0)
(0.00025984 9.56246e-06 0)
(0.000240106 8.83234e-06 0)
(0.000221872 8.15937e-06 0)
(0.000205029 7.53918e-06 0)
(0.000189466 6.9663e-06 0)
(0.000175084 6.43581e-06 0)
(0.000161793 5.94454e-06 0)
(0.000149511 5.49068e-06 0)
(0.000138165 5.07232e-06 0)
(0.000127685 4.68666e-06 0)
(0.000118005 4.33029e-06 0)
(0.000109063 4.00113e-06 0)
(0.000100802 3.69797e-06 0)
(9.31702e-05 3.41894e-06 0)
(8.61144e-05 3.16118e-06 0)
(7.95875e-05 2.92198e-06 0)
(7.3549e-05 2.69961e-06 0)
(6.79648e-05 2.4937e-06 0)
(6.28047e-05 2.30398e-06 0)
(5.80383e-05 2.12944e-06 0)
(5.36356e-05 1.96858e-06 0)
(4.95677e-05 1.82018e-06 0)
(4.58075e-05 1.68283e-06 0)
(4.23306e-05 1.55543e-06 0)
(3.9115e-05 1.43685e-06 0)
(3.61417e-05 1.32643e-06 0)
(3.33945e-05 1.22433e-06 0)
(3.08587e-05 1.13086e-06 0)
(2.8518e-05 1.04575e-06 0)
(2.63552e-05 9.67709e-07 0)
(2.43538e-05 8.95209e-07 0)
(2.24999e-05 8.27424e-07 0)
(2.07846e-05 7.6444e-07 0)
(1.91999e-05 7.06627e-07 0)
(1.7737e-05 6.53773e-07 0)
(1.63853e-05 6.05099e-07 0)
(1.51339e-05 5.59572e-07 0)
(1.39747e-05 5.16711e-07 0)
(1.29026e-05 4.76179e-07 0)
(1.19138e-05 4.38549e-07 0)
(1.10059e-05 4.04402e-07 0)
(1.01741e-05 3.73788e-07 0)
(9.41101e-06 3.46333e-07 0)
(8.70945e-06 3.21785e-07 0)
(8.062e-06 2.98827e-07 0)
(7.46078e-06 2.76708e-07 0)
(6.90212e-06 2.55458e-07 0)
(6.38462e-06 2.35748e-07 0)
(5.90851e-06 2.17294e-07 0)
(5.47118e-06 2.00745e-07 0)
(5.06857e-06 1.86244e-07 0)
(4.69622e-06 1.72182e-07 0)
(4.34966e-06 1.59628e-07 0)
(4.02701e-06 1.47773e-07 0)
(3.726e-06 1.36626e-07 0)
(3.44513e-06 1.26278e-07 0)
(3.18269e-06 1.16183e-07 0)
(2.93737e-06 1.06656e-07 0)
(2.70951e-06 9.73542e-08 0)
(2.50024e-06 8.85907e-08 0)
(2.31038e-06 8.13424e-08 0)
(2.13927e-06 7.57368e-08 0)
(1.98379e-06 7.12716e-08 0)
(1.83957e-06 6.70339e-08 0)
(1.70234e-06 6.26165e-08 0)
(1.57051e-06 5.72463e-08 0)
(1.44441e-06 5.1635e-08 0)
(1.32971e-06 4.46139e-08 0)
(1.21607e-06 4.27442e-08 0)
(1.12125e-06 4.14917e-08 0)
(1.03255e-06 5.44228e-08 0)
(8.397e-07 3.30772e-08 0)
(0.000359848 4.04322e-05 0)
(0.000332492 3.73507e-05 0)
(0.000307241 3.4529e-05 0)
(0.000283908 3.19042e-05 0)
(0.000262347 2.94735e-05 0)
(0.000242426 2.72298e-05 0)
(0.00022402 2.51586e-05 0)
(0.000207013 2.32443e-05 0)
(0.000191296 2.14736e-05 0)
(0.000176771 1.98367e-05 0)
(0.000163352 1.83257e-05 0)
(0.000150956 1.69317e-05 0)
(0.000139505 1.5645e-05 0)
(0.000128927 1.44564e-05 0)
(0.000119155 1.33588e-05 0)
(0.00011013 1.23465e-05 0)
(0.000101789 1.14121e-05 0)
(9.40775e-05 1.05478e-05 0)
(8.6943e-05 9.74681e-06 0)
(8.03437e-05 9.00497e-06 0)
(7.42433e-05 8.31979e-06 0)
(6.86069e-05 7.68834e-06 0)
(6.34e-05 7.10656e-06 0)
(5.85896e-05 6.56958e-06 0)
(5.41447e-05 6.07351e-06 0)
(5.00357e-05 5.61382e-06 0)
(4.62362e-05 5.18716e-06 0)
(4.27223e-05 4.79126e-06 0)
(3.94738e-05 4.42434e-06 0)
(3.64738e-05 4.08604e-06 0)
(3.37054e-05 3.7757e-06 0)
(3.11494e-05 3.49126e-06 0)
(2.87866e-05 3.22899e-06 0)
(2.65992e-05 2.98587e-06 0)
(2.45736e-05 2.75997e-06 0)
(2.27006e-05 2.5509e-06 0)
(2.09711e-05 2.35841e-06 0)
(1.93742e-05 2.18106e-06 0)
(1.78978e-05 2.01676e-06 0)
(1.65303e-05 1.86364e-06 0)
(1.5264e-05 1.72119e-06 0)
(1.40935e-05 1.58883e-06 0)
(1.30147e-05 1.4672e-06 0)
(1.20245e-05 1.35622e-06 0)
(1.11165e-05 1.25525e-06 0)
(1.02822e-05 1.16303e-06 0)
(9.51453e-06 1.07859e-06 0)
(8.8057e-06 9.99961e-07 0)
(8.14722e-06 9.25445e-07 0)
(7.53578e-06 8.5508e-07 0)
(6.96931e-06 7.89678e-07 0)
(6.4487e-06 7.29163e-07 0)
(5.97127e-06 6.73834e-07 0)
(5.53013e-06 6.23505e-07 0)
(5.12196e-06 5.75783e-07 0)
(4.74284e-06 5.32037e-07 0)
(4.38981e-06 4.91278e-07 0)
(4.06075e-06 4.535e-07 0)
(3.75332e-06 4.18114e-07 0)
(3.46615e-06 3.84284e-07 0)
(3.19815e-06 3.52296e-07 0)
(2.94971e-06 3.22572e-07 0)
(2.7231e-06 2.95959e-07 0)
(2.51847e-06 2.73755e-07 0)
(2.33343e-06 2.55106e-07 0)
(2.16372e-06 2.38472e-07 0)
(2.005e-06 2.22136e-07 0)
(1.85258e-06 2.05475e-07 0)
(1.70543e-06 1.87989e-07 0)
(1.56319e-06 1.70742e-07 0)
(1.43412e-06 1.53e-07 0)
(1.29319e-06 1.39132e-07 0)
(1.18513e-06 1.26391e-07 0)
(1.0786e-06 1.34294e-07 0)
(1.01017e-06 1.03477e-07 0)
(0.000357225 6.85701e-05 0)
(0.000330084 6.3368e-05 0)
(0.000305015 5.8555e-05 0)
(0.000281845 5.41032e-05 0)
(0.000260441 4.99854e-05 0)
(0.000240667 4.61812e-05 0)
(0.000222395 4.26666e-05 0)
(0.00020551 3.94179e-05 0)
(0.000189906 3.64154e-05 0)
(0.000175489 3.36428e-05 0)
(0.00016217 3.10841e-05 0)
(0.000149865 2.87215e-05 0)
(0.000138498 2.65395e-05 0)
(0.000127997 2.4524e-05 0)
(0.000118298 2.26632e-05 0)
(0.000109338 2.09448e-05 0)
(0.000101057 1.93564e-05 0)
(9.33978e-05 1.78864e-05 0)
(8.6313e-05 1.65257e-05 0)
(7.97615e-05 1.52684e-05 0)
(7.37068e-05 1.41087e-05 0)
(6.8113e-05 1.30394e-05 0)
(6.29446e-05 1.20526e-05 0)
(5.81688e-05 1.11411e-05 0)
(5.37545e-05 1.02982e-05 0)
(4.96724e-05 9.51717e-06 0)
(4.5898e-05 8.79261e-06 0)
(4.24085e-05 8.12153e-06 0)
(3.91841e-05 7.50138e-06 0)
(3.62081e-05 6.93034e-06 0)
(3.34622e-05 6.4055e-06 0)
(3.09256e-05 5.92234e-06 0)
(2.85791e-05 5.47604e-06 0)
(2.64064e-05 5.0625e-06 0)
(2.43948e-05 4.67968e-06 0)
(2.25356e-05 4.32601e-06 0)
(2.08188e-05 3.99942e-06 0)
(1.92328e-05 3.69718e-06 0)
(1.77656e-05 3.41681e-06 0)
(1.6407e-05 3.15678e-06 0)
(1.51498e-05 2.91684e-06 0)
(1.39887e-05 2.69591e-06 0)
(1.29195e-05 2.49356e-06 0)
(1.19378e-05 2.30822e-06 0)
(1.10373e-05 2.13796e-06 0)
(1.02093e-05 1.98083e-06 0)
(9.44666e-06 1.83536e-06 0)
(8.74114e-06 1.69988e-06 0)
(8.08536e-06 1.57255e-06 0)
(7.47738e-06 1.45349e-06 0)
(6.91514e-06 1.34271e-06 0)
(6.39878e-06 1.24103e-06 0)
(5.92502e-06 1.14645e-06 0)
(5.48668e-06 1.05899e-06 0)
(5.08097e-06 9.77358e-07 0)
(4.70453e-06 9.01915e-07 0)
(4.35413e-06 8.31962e-07 0)
(4.02721e-06 7.66837e-07 0)
(3.7212e-06 7.05504e-07 0)
(3.43528e-06 6.47799e-07 0)
(3.16933e-06 5.94185e-07 0)
(2.92424e-06 5.46105e-07 0)
(2.70184e-06 5.04282e-07 0)
(2.5009e-06 4.68344e-07 0)
(2.3177e-06 4.36073e-07 0)
(2.14815e-06 4.05414e-07 0)
(1.98873e-06 3.7478e-07 0)
(1.836e-06 3.44236e-07 0)
(1.68995e-06 3.15005e-07 0)
(1.55004e-06 2.88306e-07 0)
(1.42354e-06 2.64946e-07 0)
(1.28525e-06 2.45023e-07 0)
(1.1739e-06 2.35572e-07 0)
(1.04955e-06 2.28792e-07 0)
(1.00887e-06 2.05438e-07 0)
(0.000350743 9.65524e-05 0)
(0.000324125 8.92292e-05 0)
(0.000299498 8.24359e-05 0)
(0.000276748 7.61683e-05 0)
(0.00025573 7.03752e-05 0)
(0.000236313 6.50206e-05 0)
(0.000218371 6.00722e-05 0)
(0.000201792 5.54994e-05 0)
(0.000186472 5.12754e-05 0)
(0.000172319 4.73754e-05 0)
(0.000159243 4.37749e-05 0)
(0.000147162 4.04482e-05 0)
(0.000136001 3.73757e-05 0)
(0.000125691 3.45377e-05 0)
(0.000116168 3.19167e-05 0)
(0.00010737 2.94949e-05 0)
(9.9236e-05 2.72551e-05 0)
(9.17131e-05 2.51829e-05 0)
(8.47557e-05 2.32672e-05 0)
(7.83244e-05 2.14986e-05 0)
(7.23814e-05 1.98672e-05 0)
(6.68899e-05 1.83619e-05 0)
(6.18146e-05 1.69712e-05 0)
(5.7124e-05 1.56856e-05 0)
(5.27874e-05 1.44964e-05 0)
(4.87762e-05 1.33955e-05 0)
(4.50677e-05 1.23761e-05 0)
(4.16408e-05 1.14332e-05 0)
(3.84762e-05 1.05629e-05 0)
(3.55565e-05 9.76108e-06 0)
(3.28621e-05 9.0227e-06 0)
(3.03718e-05 8.34125e-06 0)
(2.80668e-05 7.71129e-06 0)
(2.59321e-05 7.12775e-06 0)
(2.39564e-05 6.58811e-06 0)
(2.21304e-05 6.08917e-06 0)
(2.04438e-05 5.62772e-06 0)
(1.88852e-05 5.20064e-06 0)
(1.74438e-05 4.80563e-06 0)
(1.611e-05 4.44102e-06 0)
(1.48766e-05 4.10566e-06 0)
(1.37381e-05 3.79737e-06 0)
(1.26896e-05 3.51443e-06 0)
(1.17265e-05 3.25413e-06 0)
(1.08421e-05 3.01385e-06 0)
(1.00282e-05 2.79148e-06 0)
(9.27816e-06 2.58498e-06 0)
(8.58393e-06 2.39268e-06 0)
(7.93861e-06 2.21311e-06 0)
(7.34064e-06 2.04606e-06 0)
(6.78866e-06 1.89054e-06 0)
(6.28158e-06 1.74754e-06 0)
(5.81586e-06 1.61394e-06 0)
(5.38532e-06 1.49059e-06 0)
(4.987e-06 1.3762e-06 0)
(4.6176e-06 1.26979e-06 0)
(4.27314e-06 1.171e-06 0)
(3.95109e-06 1.07845e-06 0)
(3.64957e-06 9.91464e-07 0)
(3.36874e-06 9.10487e-07 0)
(3.10911e-06 8.3686e-07 0)
(2.87135e-06 7.71573e-07 0)
(2.6559e-06 7.14524e-07 0)
(2.45993e-06 6.63878e-07 0)
(2.27936e-06 6.16758e-07 0)
(2.11055e-06 5.71176e-07 0)
(1.95125e-06 5.26214e-07 0)
(1.79953e-06 4.82492e-07 0)
(1.65549e-06 4.41897e-07 0)
(1.51817e-06 4.04603e-07 0)
(1.3941e-06 3.71177e-07 0)
(1.26224e-06 3.38886e-07 0)
(1.15934e-06 3.18886e-07 0)
(1.03633e-06 3.02032e-07 0)
(9.7462e-07 2.94632e-07 0)
(0.000341988 0.000123943 0)
(0.000316051 0.000114521 0)
(0.000292031 0.000105801 0)
(0.000269856 9.77536e-05 0)
(0.00024936 9.03201e-05 0)
(0.000230425 8.34499e-05 0)
(0.000212931 7.71011e-05 0)
(0.000196766 7.12357e-05 0)
(0.000181831 6.58187e-05 0)
(0.000168033 6.08164e-05 0)
(0.000155284 5.6196e-05 0)
(0.000143504 5.19259e-05 0)
(0.000132623 4.79817e-05 0)
(0.000122571 4.43385e-05 0)
(0.000113285 4.09727e-05 0)
(0.000104704 3.78614e-05 0)
(9.67705e-05 3.4984e-05 0)
(8.94337e-05 3.23231e-05 0)
(8.26506e-05 2.98651e-05 0)
(7.63818e-05 2.75963e-05 0)
(7.05887e-05 2.55025e-05 0)
(6.52342e-05 2.35689e-05 0)
(6.02841e-05 2.17818e-05 0)
(5.57087e-05 2.01303e-05 0)
(5.14779e-05 1.86028e-05 0)
(4.75645e-05 1.71897e-05 0)
(4.39471e-05 1.58829e-05 0)
(4.06058e-05 1.46751e-05 0)
(3.75218e-05 1.35612e-05 0)
(3.46769e-05 1.2534e-05 0)
(3.20506e-05 1.15864e-05 0)
(2.96217e-05 1.07104e-05 0)
(2.73726e-05 9.89962e-06 0)
(2.52896e-05 9.14871e-06 0)
(2.33621e-05 8.4544e-06 0)
(2.15806e-05 7.81198e-06 0)
(1.99352e-05 7.21816e-06 0)
(1.84152e-05 6.66967e-06 0)
(1.70102e-05 6.1638e-06 0)
(1.57109e-05 5.69819e-06 0)
(1.45097e-05 5.27e-06 0)
(1.34008e-05 4.87589e-06 0)
(1.23792e-05 4.5129e-06 0)
(1.144e-05 4.17792e-06 0)
(1.05771e-05 3.86822e-06 0)
(9.78271e-06 3.58173e-06 0)
(9.04989e-06 3.31614e-06 0)
(8.37111e-06 3.06858e-06 0)
(7.74041e-06 2.83764e-06 0)
(7.15632e-06 2.62324e-06 0)
(6.61797e-06 2.42395e-06 0)
(6.12339e-06 2.24019e-06 0)
(5.66916e-06 2.0696e-06 0)
(5.24991e-06 1.91187e-06 0)
(4.86101e-06 1.76588e-06 0)
(4.50007e-06 1.62939e-06 0)
(4.16344e-06 1.50211e-06 0)
(3.84824e-06 1.38278e-06 0)
(3.55373e-06 1.27151e-06 0)
(3.2811e-06 1.16929e-06 0)
(3.03078e-06 1.0772e-06 0)
(2.80222e-06 9.95718e-07 0)
(2.59442e-06 9.23222e-07 0)
(2.40337e-06 8.56899e-07 0)
(2.2252e-06 7.93918e-07 0)
(2.05778e-06 7.32752e-07 0)
(1.90019e-06 6.73726e-07 0)
(1.7518e-06 6.17811e-07 0)
(1.61213e-06 5.66966e-07 0)
(1.47932e-06 5.2066e-07 0)
(1.35763e-06 4.79464e-07 0)
(1.23221e-06 4.38407e-07 0)
(1.1353e-06 4.08669e-07 0)
(1.02328e-06 3.79934e-07 0)
(9.36253e-07 3.669e-07 0)
(0.000331102 0.000150544 0)
(0.000305987 0.000139082 0)
(0.000282734 0.000128502 0)
(0.00026127 0.000118724 0)
(0.000241429 0.000109695 0)
(0.000223097 0.000101353 0)
(0.00020616 9.36459e-05 0)
(0.000190512 8.65265e-05 0)
(0.000176055 7.9951e-05 0)
(0.000162698 7.38774e-05 0)
(0.000150354 6.82653e-05 0)
(0.000138949 6.30792e-05 0)
(0.000128415 5.82881e-05 0)
(0.000118683 5.38621e-05 0)
(0.000109692 4.97719e-05 0)
(0.000101382 4.59903e-05 0)
(9.36989e-05 4.24936e-05 0)
(8.65954e-05 3.92619e-05 0)
(8.00299e-05 3.62773e-05 0)
(7.39627e-05 3.35218e-05 0)
(6.83548e-05 3.09773e-05 0)
(6.317e-05 2.86266e-05 0)
(5.83768e-05 2.64543e-05 0)
(5.39457e-05 2.44481e-05 0)
(4.98474e-05 2.25931e-05 0)
(4.60568e-05 2.08778e-05 0)
(4.25536e-05 1.92926e-05 0)
(3.93196e-05 1.78284e-05 0)
(3.63356e-05 1.64773e-05 0)
(3.35821e-05 1.52306e-05 0)
(3.10388e-05 1.40786e-05 0)
(2.86854e-05 1.30124e-05 0)
(2.65055e-05 1.20248e-05 0)
(2.44872e-05 1.11102e-05 0)
(2.26199e-05 1.02646e-05 0)
(2.08943e-05 9.4828e-06 0)
(1.93017e-05 8.76129e-06 0)
(1.78311e-05 8.09632e-06 0)
(1.64725e-05 7.48406e-06 0)
(1.52163e-05 6.92072e-06 0)
(1.40545e-05 6.40195e-06 0)
(1.29811e-05 5.92361e-06 0)
(1.19918e-05 5.48184e-06 0)
(1.10819e-05 5.07374e-06 0)
(1.0246e-05 4.69656e-06 0)
(9.47621e-06 4.34749e-06 0)
(8.76509e-06 4.02391e-06 0)
(8.1055e-06 3.72242e-06 0)
(7.49332e-06 3.44171e-06 0)
(6.927e-06 3.18144e-06 0)
(6.40566e-06 2.94044e-06 0)
(5.92727e-06 2.71786e-06 0)
(5.48757e-06 2.51211e-06 0)
(5.08163e-06 2.321e-06 0)
(4.70454e-06 2.14366e-06 0)
(4.35384e-06 1.9782e-06 0)
(4.02654e-06 1.82337e-06 0)
(3.72049e-06 1.67876e-06 0)
(3.43608e-06 1.54504e-06 0)
(3.17443e-06 1.4235e-06 0)
(2.93554e-06 1.31422e-06 0)
(2.71736e-06 1.21656e-06 0)
(2.51707e-06 1.12803e-06 0)
(2.33062e-06 1.04496e-06 0)
(2.15521e-06 9.65691e-07 0)
(1.99035e-06 8.89461e-07 0)
(1.8363e-06 8.17145e-07 0)
(1.69276e-06 7.49835e-07 0)
(1.55832e-06 6.88469e-07 0)
(1.43065e-06 6.32182e-07 0)
(1.31181e-06 5.81497e-07 0)
(1.19136e-06 5.32902e-07 0)
(1.1007e-06 4.94261e-07 0)
(9.94375e-07 4.58767e-07 0)
(9.0651e-07 4.309e-07 0)
(0.000318149 0.000176181 0)
(0.000294009 0.000162761 0)
(0.000271673 0.000150391 0)
(0.000251049 0.000138948 0)
(0.00023199 0.000128381 0)
(0.000214377 0.000118621 0)
(0.000198104 0.000109605 0)
(0.000183071 0.000101276 0)
(0.000169182 9.35832e-05 0)
(0.000156348 8.64753e-05 0)
(0.000144486 7.99067e-05 0)
(0.000133527 7.38375e-05 0)
(0.000123406 6.82297e-05 0)
(0.000114054 6.30483e-05 0)
(0.000105413 5.82592e-05 0)
(9.7426e-05 5.38314e-05 0)
(9.00422e-05 4.97383e-05 0)
(8.32174e-05 4.59566e-05 0)
(7.69105e-05 4.24638e-05 0)
(7.10819e-05 3.9238e-05 0)
(6.56936e-05 3.62583e-05 0)
(6.07112e-05 3.35052e-05 0)
(5.61056e-05 3.09624e-05 0)
(5.18474e-05 2.86143e-05 0)
(4.79077e-05 2.64439e-05 0)
(4.42641e-05 2.44376e-05 0)
(4.08977e-05 2.25841e-05 0)
(3.77905e-05 2.08727e-05 0)
(3.4924e-05 1.92923e-05 0)
(3.22782e-05 1.78326e-05 0)
(2.98324e-05 1.64823e-05 0)
(2.7568e-05 1.52315e-05 0)
(2.54703e-05 1.40725e-05 0)
(2.35294e-05 1.29996e-05 0)
(2.17347e-05 1.20081e-05 0)
(2.00773e-05 1.10931e-05 0)
(1.85488e-05 1.025e-05 0)
(1.7138e-05 9.47382e-06 0)
(1.58346e-05 8.7593e-06 0)
(1.46288e-05 8.10101e-06 0)
(1.35126e-05 7.49365e-06 0)
(1.24806e-05 6.93267e-06 0)
(1.15294e-05 6.41433e-06 0)
(1.06547e-05 5.93561e-06 0)
(9.85088e-06 5.4932e-06 0)
(9.11007e-06 5.08349e-06 0)
(8.42482e-06 4.70336e-06 0)
(7.78891e-06 4.34982e-06 0)
(7.19943e-06 4.02164e-06 0)
(6.65505e-06 3.71784e-06 0)
(6.15439e-06 3.4374e-06 0)
(5.69505e-06 3.17829e-06 0)
(5.27231e-06 2.93854e-06 0)
(4.88146e-06 2.71546e-06 0)
(4.51821e-06 2.50772e-06 0)
(4.17979e-06 2.3141e-06 0)
(3.86399e-06 2.13317e-06 0)
(3.56991e-06 1.96537e-06 0)
(3.29847e-06 1.81123e-06 0)
(3.05028e-06 1.67167e-06 0)
(2.82385e-06 1.54576e-06 0)
(2.61603e-06 1.43139e-06 0)
(2.42281e-06 1.32591e-06 0)
(2.24102e-06 1.22584e-06 0)
(2.06971e-06 1.13051e-06 0)
(1.90923e-06 1.04015e-06 0)
(1.76057e-06 9.55657e-07 0)
(1.62312e-06 8.77615e-07 0)
(1.49448e-06 8.06018e-07 0)
(1.37235e-06 7.39717e-07 0)
(1.25835e-06 6.79186e-07 0)
(1.14497e-06 6.23499e-07 0)
(1.06115e-06 5.78507e-07 0)
(9.59899e-07 5.35497e-07 0)
(8.68625e-07 5.10396e-07 0)
(0.0003032 0.000200703 0)
(0.000280197 0.000185421 0)
(0.000258921 0.000171332 0)
(0.00023926 0.000158299 0)
(0.000221102 0.000146263 0)
(0.00020432 0.000135146 0)
(0.000188815 0.000124877 0)
(0.00017449 0.000115392 0)
(0.000161254 0.000106628 0)
(0.000149022 9.85301e-05 0)
(0.000137716 9.10464e-05 0)
(0.000127272 8.41325e-05 0)
(0.000117626 7.77435e-05 0)
(0.000108713 7.18393e-05 0)
(0.000100476 6.63817e-05 0)
(9.28614e-05 6.13363e-05 0)
(8.58241e-05 5.66733e-05 0)
(7.93209e-05 5.23654e-05 0)
(7.33113e-05 4.83859e-05 0)
(6.77571e-05 4.47097e-05 0)
(6.2622e-05 4.13137e-05 0)
(5.78741e-05 3.81764e-05 0)
(5.34859e-05 3.528e-05 0)
(4.94272e-05 3.26049e-05 0)
(4.56707e-05 3.01322e-05 0)
(4.2197e-05 2.78469e-05 0)
(3.89887e-05 2.57361e-05 0)
(3.60277e-05 2.37869e-05 0)
(3.32954e-05 2.19866e-05 0)
(3.07721e-05 2.0322e-05 0)
(2.84377e-05 1.87806e-05 0)
(2.62757e-05 1.73524e-05 0)
(2.42736e-05 1.60296e-05 0)
(2.24227e-05 1.48061e-05 0)
(2.07134e-05 1.36763e-05 0)
(1.91362e-05 1.26355e-05 0)
(1.76823e-05 1.1677e-05 0)
(1.63404e-05 1.07945e-05 0)
(1.50997e-05 9.98109e-06 0)
(1.39507e-05 9.23055e-06 0)
(1.28861e-05 8.53705e-06 0)
(1.19018e-05 7.89617e-06 0)
(1.09947e-05 7.30427e-06 0)
(1.01608e-05 6.75782e-06 0)
(9.39387e-06 6.2528e-06 0)
(8.68637e-06 5.78482e-06 0)
(8.03142e-06 5.35057e-06 0)
(7.42377e-06 4.94756e-06 0)
(6.86135e-06 4.57443e-06 0)
(6.34277e-06 4.23007e-06 0)
(5.86611e-06 3.91239e-06 0)
(5.4284e-06 3.61852e-06 0)
(5.02474e-06 3.34602e-06 0)
(4.65081e-06 3.09223e-06 0)
(4.30317e-06 2.85557e-06 0)
(3.97929e-06 2.63521e-06 0)
(3.67782e-06 2.43018e-06 0)
(3.39855e-06 2.24115e-06 0)
(3.14237e-06 2.06844e-06 0)
(2.90897e-06 1.91138e-06 0)
(2.69527e-06 1.76852e-06 0)
(2.49751e-06 1.63698e-06 0)
(2.31152e-06 1.51408e-06 0)
(2.13522e-06 1.3977e-06 0)
(1.96952e-06 1.28746e-06 0)
(1.81549e-06 1.18415e-06 0)
(1.67377e-06 1.08847e-06 0)
(1.54312e-06 1.00004e-06 0)
(1.42042e-06 9.18374e-07 0)
(1.30382e-06 8.42292e-07 0)
(1.19559e-06 7.72609e-07 0)
(1.09068e-06 7.09229e-07 0)
(1.0127e-06 6.56086e-07 0)
(9.26261e-07 6.01061e-07 0)
(8.19843e-07 5.82931e-07 0)
(0.000286348 0.000223962 0)
(0.000264638 0.000206927 0)
(0.000244552 0.000191196 0)
(0.00022598 0.000176657 0)
(0.000208836 0.000163228 0)
(0.000192991 0.000150825 0)
(0.00017835 0.000139368 0)
(0.000164822 0.000128784 0)
(0.00015232 0.000119004 0)
(0.000140766 0.000109966 0)
(0.000130088 0.000101615 0)
(0.000120224 9.38993e-05 0)
(0.000111112 8.67696e-05 0)
(0.000102693 8.01799e-05 0)
(9.49105e-05 7.40888e-05 0)
(8.77177e-05 6.84587e-05 0)
(8.10712e-05 6.32554e-05 0)
(7.49299e-05 5.84482e-05 0)
(6.92548e-05 5.40068e-05 0)
(6.40097e-05 4.99037e-05 0)
(5.91603e-05 4.61133e-05 0)
(5.46776e-05 4.26129e-05 0)
(5.05341e-05 3.93808e-05 0)
(4.66996e-05 3.63942e-05 0)
(4.31497e-05 3.36338e-05 0)
(3.9868e-05 3.10834e-05 0)
(3.68377e-05 2.87282e-05 0)
(3.40409e-05 2.65523e-05 0)
(3.1459e-05 2.45419e-05 0)
(2.90722e-05 2.26816e-05 0)
(2.68628e-05 2.09583e-05 0)
(2.48169e-05 1.9362e-05 0)
(2.29241e-05 1.78848e-05 0)
(2.11761e-05 1.65201e-05 0)
(1.95641e-05 1.52611e-05 0)
(1.80779e-05 1.4102e-05 0)
(1.67078e-05 1.30342e-05 0)
(1.54421e-05 1.20498e-05 0)
(1.42706e-05 1.11409e-05 0)
(1.31847e-05 1.03012e-05 0)
(1.21782e-05 9.52502e-06 0)
(1.12479e-05 8.80808e-06 0)
(1.0391e-05 8.14635e-06 0)
(9.60322e-06 7.53546e-06 0)
(8.87788e-06 6.97049e-06 0)
(8.20784e-06 6.447e-06 0)
(7.58756e-06 5.96169e-06 0)
(7.01278e-06 5.51246e-06 0)
(6.48194e-06 5.09804e-06 0)
(5.99301e-06 4.71582e-06 0)
(5.54284e-06 4.36288e-06 0)
(5.12869e-06 4.03559e-06 0)
(4.74602e-06 3.73161e-06 0)
(4.39101e-06 3.44839e-06 0)
(4.06119e-06 3.18455e-06 0)
(3.75439e-06 2.93956e-06 0)
(3.46994e-06 2.71262e-06 0)
(3.20817e-06 2.50396e-06 0)
(2.96871e-06 2.31335e-06 0)
(2.75036e-06 2.13918e-06 0)
(2.54944e-06 1.97925e-06 0)
(2.36159e-06 1.83072e-06 0)
(2.18354e-06 1.69102e-06 0)
(2.01441e-06 1.55936e-06 0)
(1.85616e-06 1.43577e-06 0)
(1.71024e-06 1.32089e-06 0)
(1.57645e-06 1.21465e-06 0)
(1.45302e-06 1.11627e-06 0)
(1.33673e-06 1.02479e-06 0)
(1.22658e-06 9.40126e-07 0)
(1.12529e-06 8.6316e-07 0)
(1.02845e-06 7.93745e-07 0)
(9.52983e-07 7.33233e-07 0)
(8.86743e-07 6.65704e-07 0)
(7.72113e-07 6.32224e-07 0)
(0.000267704 0.000245814 0)
(0.000247432 0.000227133 0)
(0.000228652 0.00020986 0)
(0.000211292 0.000193907 0)
(0.000195269 0.00017917 0)
(0.00018046 0.000165559 0)
(0.000166774 0.000152985 0)
(0.000154126 0.000141368 0)
(0.000142436 0.000130632 0)
(0.000131632 0.000120712 0)
(0.00012165 0.000111546 0)
(0.000112427 0.000103077 0)
(0.000103906 9.52516e-05 0)
(9.60321e-05 8.80185e-05 0)
(8.87543e-05 8.13328e-05 0)
(8.20279e-05 7.51538e-05 0)
(7.58135e-05 6.94434e-05 0)
(7.00722e-05 6.41672e-05 0)
(6.47668e-05 5.92923e-05 0)
(5.98636e-05 5.47887e-05 0)
(5.53312e-05 5.06281e-05 0)
(5.11417e-05 4.67868e-05 0)
(4.72672e-05 4.32378e-05 0)
(4.36802e-05 3.99573e-05 0)
(4.03599e-05 3.69258e-05 0)
(3.72914e-05 3.4126e-05 0)
(3.44576e-05 3.15398e-05 0)
(3.18415e-05 2.91505e-05 0)
(2.94247e-05 2.69414e-05 0)
(2.71885e-05 2.48963e-05 0)
(2.5118e-05 2.30022e-05 0)
(2.32021e-05 2.1249e-05 0)
(2.14318e-05 1.96286e-05 0)
(1.97991e-05 1.81329e-05 0)
(1.82953e-05 1.67539e-05 0)
(1.69093e-05 1.54833e-05 0)
(1.56301e-05 1.43118e-05 0)
(1.44471e-05 1.32303e-05 0)
(1.33511e-05 1.22306e-05 0)
(1.23348e-05 1.13062e-05 0)
(1.1393e-05 1.0452e-05 0)
(1.05231e-05 9.6637e-06 0)
(9.7221e-06 8.93621e-06 0)
(8.98493e-06 8.26439e-06 0)
(8.30541e-06 7.64277e-06 0)
(7.67757e-06 7.06721e-06 0)
(7.09688e-06 6.53479e-06 0)
(6.56012e-06 6.04312e-06 0)
(6.0647e-06 5.5903e-06 0)
(5.60761e-06 5.17202e-06 0)
(5.18588e-06 4.78533e-06 0)
(4.79713e-06 4.4261e-06 0)
(4.43754e-06 4.09212e-06 0)
(4.10375e-06 3.78135e-06 0)
(3.79434e-06 3.49247e-06 0)
(3.50736e-06 3.22507e-06 0)
(3.24222e-06 2.97822e-06 0)
(2.99929e-06 2.75108e-06 0)
(2.77759e-06 2.54284e-06 0)
(2.57486e-06 2.35179e-06 0)
(2.38681e-06 2.17512e-06 0)
(2.20929e-06 2.01036e-06 0)
(2.04015e-06 1.85546e-06 0)
(1.87997e-06 1.71023e-06 0)
(1.73104e-06 1.57485e-06 0)
(1.59437e-06 1.44949e-06 0)
(1.46915e-06 1.33336e-06 0)
(1.35326e-06 1.22553e-06 0)
(1.24428e-06 1.12503e-06 0)
(1.14219e-06 1.03282e-06 0)
(1.04921e-06 9.49492e-07 0)
(9.60757e-07 8.76122e-07 0)
(8.84656e-07 8.10484e-07 0)
(8.2525e-07 7.37819e-07 0)
(7.35545e-07 6.71535e-07 0)
(0.000247391 0.000266131 0)
(0.000228683 0.000245905 0)
(0.000211326 0.000227205 0)
(0.00019529 0.000209941 0)
(0.000180487 0.000193991 0)
(0.000166805 0.000179256 0)
(0.000154159 0.000165643 0)
(0.000142469 0.000153064 0)
(0.000131664 0.000141441 0)
(0.000121679 0.0001307 0)
(0.000112454 0.000120778 0)
(0.00010393 0.00011161 0)
(9.60537e-05 0.000103137 0)
(8.87738e-05 9.53066e-05 0)
(8.20457e-05 8.80688e-05 0)
(7.58283e-05 8.13799e-05 0)
(7.00847e-05 7.51989e-05 0)
(6.47788e-05 6.94873e-05 0)
(5.98762e-05 6.42099e-05 0)
(5.53454e-05 5.93341e-05 0)
(5.11584e-05 5.48302e-05 0)
(4.72873e-05 5.06699e-05 0)
(4.37046e-05 4.68249e-05 0)
(4.03876e-05 4.32707e-05 0)
(3.73184e-05 3.99872e-05 0)
(3.4482e-05 3.69549e-05 0)
(3.18623e-05 3.41533e-05 0)
(2.94425e-05 3.15646e-05 0)
(2.72047e-05 2.91698e-05 0)
(2.5133e-05 2.69528e-05 0)
(2.32155e-05 2.49009e-05 0)
(2.14433e-05 2.30037e-05 0)
(1.9808e-05 2.12517e-05 0)
(1.83014e-05 1.96355e-05 0)
(1.69146e-05 1.81451e-05 0)
(1.56359e-05 1.67701e-05 0)
(1.44547e-05 1.55008e-05 0)
(1.33609e-05 1.43276e-05 0)
(1.23466e-05 1.32428e-05 0)
(1.14062e-05 1.22396e-05 0)
(1.05356e-05 1.13131e-05 0)
(9.73203e-06 1.04583e-05 0)
(8.99172e-06 9.66948e-06 0)
(8.30978e-06 8.94081e-06 0)
(7.6807e-06 8.26691e-06 0)
(7.09985e-06 7.64363e-06 0)
(6.56347e-06 7.06804e-06 0)
(6.06829e-06 6.53722e-06 0)
(5.61083e-06 6.04775e-06 0)
(5.18803e-06 5.59526e-06 0)
(4.79693e-06 5.17609e-06 0)
(4.43548e-06 4.78675e-06 0)
(4.10127e-06 4.42478e-06 0)
(3.79135e-06 4.08897e-06 0)
(3.50491e-06 3.77746e-06 0)
(3.24014e-06 3.48972e-06 0)
(2.99594e-06 3.22422e-06 0)
(2.7728e-06 2.97948e-06 0)
(2.56942e-06 2.75442e-06 0)
(2.38264e-06 2.54691e-06 0)
(2.20801e-06 2.35439e-06 0)
(2.04194e-06 2.17475e-06 0)
(1.8834e-06 2.00655e-06 0)
(1.73379e-06 1.84963e-06 0)
(1.59542e-06 1.7038e-06 0)
(1.46875e-06 1.56874e-06 0)
(1.35249e-06 1.44348e-06 0)
(1.24469e-06 1.32702e-06 0)
(1.14402e-06 1.21904e-06 0)
(1.05104e-06 1.12065e-06 0)
(9.6859e-07 1.0313e-06 0)
(8.89441e-07 9.54772e-07 0)
(8.14681e-07 8.8321e-07 0)
(7.47791e-07 8.1471e-07 0)
(6.96088e-07 7.31021e-07 0)
(0.000225543 0.000284786 0)
(0.000208505 0.00026313 0)
(0.000192688 0.000243126 0)
(0.000178077 0.000224659 0)
(0.000164584 0.000207595 0)
(0.000152112 0.00019183 0)
(0.000140582 0.000177262 0)
(0.000129924 0.000163801 0)
(0.000120072 0.000151363 0)
(0.000110969 0.000139871 0)
(0.000102559 0.000129254 0)
(9.47869e-05 0.000119444 0)
(8.76033e-05 0.000110378 0)
(8.09635e-05 0.000101999 0)
(7.48274e-05 9.42549e-05 0)
(6.9158e-05 8.70985e-05 0)
(6.39209e-05 8.04858e-05 0)
(5.90832e-05 7.4375e-05 0)
(5.46137e-05 6.87284e-05 0)
(5.04838e-05 6.35109e-05 0)
(4.6667e-05 5.86908e-05 0)
(4.31364e-05 5.4236e-05 0)
(3.98681e-05 5.01185e-05 0)
(3.68425e-05 4.63135e-05 0)
(3.40441e-05 4.27988e-05 0)
(3.14575e-05 3.95523e-05 0)
(2.90673e-05 3.65528e-05 0)
(2.68579e-05 3.37798e-05 0)
(2.48129e-05 3.1214e-05 0)
(2.29196e-05 2.88399e-05 0)
(2.11689e-05 2.66446e-05 0)
(1.95529e-05 2.46167e-05 0)
(1.80636e-05 2.27448e-05 0)
(1.66925e-05 2.10181e-05 0)
(1.54299e-05 1.94244e-05 0)
(1.4265e-05 1.79528e-05 0)
(1.31876e-05 1.65926e-05 0)
(1.21892e-05 1.53346e-05 0)
(1.12631e-05 1.41714e-05 0)
(1.04051e-05 1.30963e-05 0)
(9.61164e-06 1.2104e-05 0)
(8.87949e-06 1.11882e-05 0)
(8.20465e-06 1.03428e-05 0)
(7.58236e-06 9.5619e-06 0)
(7.00823e-06 8.84017e-06 0)
(6.4787e-06 8.17344e-06 0)
(5.99048e-06 7.55826e-06 0)
(5.53983e-06 6.99089e-06 0)
(5.12274e-06 6.46679e-06 0)
(4.73595e-06 5.98179e-06 0)
(4.37737e-06 5.53197e-06 0)
(4.04582e-06 5.1148e-06 0)
(3.73977e-06 4.72776e-06 0)
(3.45643e-06 4.3696e-06 0)
(3.19509e-06 4.03781e-06 0)
(2.95411e-06 3.73132e-06 0)
(2.73198e-06 3.44803e-06 0)
(2.52949e-06 3.18679e-06 0)
(2.34502e-06 2.94587e-06 0)
(2.17483e-06 2.72307e-06 0)
(2.01465e-06 2.51636e-06 0)
(1.86144e-06 2.32371e-06 0)
(1.71504e-06 2.14395e-06 0)
(1.57722e-06 1.97678e-06 0)
(1.45015e-06 1.82158e-06 0)
(1.33406e-06 1.67761e-06 0)
(1.22743e-06 1.54402e-06 0)
(1.12883e-06 1.42027e-06 0)
(1.03792e-06 1.30633e-06 0)
(9.54446e-07 1.20337e-06 0)
(8.83332e-07 1.10843e-06 0)
(8.12664e-07 1.02775e-06 0)
(7.44594e-07 9.4763e-07 0)
(6.73061e-07 8.8452e-07 0)
(6.32965e-07 8.06066e-07 0)
(0.000202308 0.000301655 0)
(0.000187024 0.000278706 0)
(0.000172855 0.000257525 0)
(0.000159759 0.000237968 0)
(0.000147658 0.000219898 0)
(0.000136473 0.0002032 0)
(0.00012613 0.00018777 0)
(0.000116569 0.000173511 0)
(0.000107734 0.000160337 0)
(9.95703e-05 0.000148167 0)
(9.20271e-05 0.000136922 0)
(8.50545e-05 0.000126532 0)
(7.86085e-05 0.000116929 0)
(7.26504e-05 0.000108054 0)
(6.71452e-05 9.98527e-05 0)
(6.20592e-05 9.2274e-05 0)
(5.73612e-05 8.52709e-05 0)
(5.30213e-05 7.87991e-05 0)
(4.90121e-05 7.2818e-05 0)
(4.53079e-05 6.72912e-05 0)
(4.18835e-05 6.21834e-05 0)
(3.87149e-05 5.7462e-05 0)
(3.57821e-05 5.30986e-05 0)
(3.30679e-05 4.9067e-05 0)
(3.05572e-05 4.53431e-05 0)
(2.8236e-05 4.19026e-05 0)
(2.60898e-05 3.87233e-05 0)
(2.41037e-05 3.57829e-05 0)
(2.22648e-05 3.30629e-05 0)
(2.05636e-05 3.05478e-05 0)
(1.89923e-05 2.82241e-05 0)
(1.75436e-05 2.60787e-05 0)
(1.62094e-05 2.40985e-05 0)
(1.49811e-05 2.22707e-05 0)
(1.38493e-05 2.05826e-05 0)
(1.28041e-05 1.90225e-05 0)
(1.18365e-05 1.75796e-05 0)
(1.09397e-05 1.62451e-05 0)
(1.01083e-05 1.50115e-05 0)
(9.33879e-06 1.38721e-05 0)
(8.62749e-06 1.28206e-05 0)
(7.97088e-06 1.18497e-05 0)
(7.36543e-06 1.09531e-05 0)
(6.8071e-06 1.01247e-05 0)
(6.29224e-06 9.3597e-06 0)
(5.81795e-06 8.65365e-06 0)
(5.38092e-06 8.00218e-06 0)
(4.97683e-06 7.40069e-06 0)
(4.60174e-06 6.84418e-06 0)
(4.25321e-06 6.32873e-06 0)
(3.92994e-06 5.85115e-06 0)
(3.63127e-06 5.40915e-06 0)
(3.35607e-06 5.00028e-06 0)
(3.1014e-06 4.62214e-06 0)
(2.86662e-06 4.27224e-06 0)
(2.65035e-06 3.94805e-06 0)
(2.45141e-06 3.64829e-06 0)
(2.27064e-06 3.37161e-06 0)
(2.10571e-06 3.11633e-06 0)
(1.95313e-06 2.88015e-06 0)
(1.80866e-06 2.66092e-06 0)
(1.66953e-06 2.45688e-06 0)
(1.53647e-06 2.26695e-06 0)
(1.41141e-06 2.0906e-06 0)
(1.29625e-06 1.92692e-06 0)
(1.19119e-06 1.77505e-06 0)
(1.09515e-06 1.63428e-06 0)
(1.007e-06 1.50448e-06 0)
(9.27122e-07 1.38576e-06 0)
(8.53138e-07 1.27931e-06 0)
(7.92969e-07 1.17971e-06 0)
(7.28646e-07 1.09362e-06 0)
(6.71453e-07 1.00395e-06 0)
(6.06227e-07 9.38539e-07 0)
(5.50295e-07 8.68513e-07 0)
(0.000177831 0.00031662 0)
(0.000164376 0.000292539 0)
(0.00015195 0.000270314 0)
(0.00014045 0.00024979 0)
(0.000129816 0.000230824 0)
(0.000119984 0.000213297 0)
(0.000110893 0.000197101 0)
(0.000102491 0.000182136 0)
(9.47274e-05 0.00016831 0)
(8.75542e-05 0.000155537 0)
(8.09241e-05 0.000143735 0)
(7.47937e-05 0.000132829 0)
(6.91255e-05 0.000122749 0)
(6.3887e-05 0.000113435 0)
(5.90473e-05 0.000104827 0)
(5.45762e-05 9.68734e-05 0)
(5.0446e-05 8.95231e-05 0)
(4.66303e-05 8.27301e-05 0)
(4.31057e-05 7.64518e-05 0)
(3.98493e-05 7.06494e-05 0)
(3.68378e-05 6.52858e-05 0)
(3.40515e-05 6.03282e-05 0)
(3.1473e-05 5.57474e-05 0)
(2.9087e-05 5.15148e-05 0)
(2.68798e-05 4.76048e-05 0)
(2.48377e-05 4.39918e-05 0)
(2.29476e-05 4.06517e-05 0)
(2.11975e-05 3.75628e-05 0)
(1.95778e-05 3.47068e-05 0)
(1.80809e-05 3.20677e-05 0)
(1.66998e-05 2.96306e-05 0)
(1.54273e-05 2.73806e-05 0)
(1.42556e-05 2.53031e-05 0)
(1.31766e-05 2.33844e-05 0)
(1.21816e-05 2.16113e-05 0)
(1.1262e-05 1.99721e-05 0)
(1.04103e-05 1.84559e-05 0)
(9.62105e-06 1.7054e-05 0)
(8.89011e-06 1.57587e-05 0)
(8.21415e-06 1.45623e-05 0)
(7.58927e-06 1.34582e-05 0)
(7.01199e-06 1.24381e-05 0)
(6.47967e-06 1.14963e-05 0)
(5.98899e-06 1.06259e-05 0)
(5.53714e-06 9.82233e-06 0)
(5.12118e-06 9.08074e-06 0)
(4.73751e-06 8.396e-06 0)
(4.38183e-06 7.76296e-06 0)
(4.05078e-06 7.17703e-06 0)
(3.74292e-06 6.63463e-06 0)
(3.45779e-06 6.13287e-06 0)
(3.19495e-06 5.66956e-06 0)
(2.95276e-06 5.24161e-06 0)
(2.72839e-06 4.8455e-06 0)
(2.521e-06 4.47903e-06 0)
(2.33016e-06 4.13875e-06 0)
(2.15554e-06 3.82413e-06 0)
(1.99754e-06 3.53369e-06 0)
(1.85356e-06 3.26573e-06 0)
(1.71942e-06 3.01785e-06 0)
(1.59138e-06 2.78758e-06 0)
(1.46747e-06 2.5735e-06 0)
(1.34876e-06 2.37444e-06 0)
(1.23719e-06 2.18989e-06 0)
(1.1346e-06 2.01871e-06 0)
(1.04141e-06 1.86009e-06 0)
(9.56854e-07 1.71356e-06 0)
(8.80307e-07 1.57891e-06 0)
(8.12747e-07 1.45646e-06 0)
(7.4839e-07 1.34683e-06 0)
(6.97645e-07 1.24349e-06 0)
(6.36904e-07 1.15165e-06 0)
(5.89512e-07 1.05418e-06 0)
(5.37626e-07 9.78912e-07 0)
(4.59716e-07 9.09725e-07 0)
(0.000152255 0.000329586 0)
(0.000140718 0.000304544 0)
(0.000130106 0.000281413 0)
(0.000120268 0.000260049 0)
(0.000111165 0.000240305 0)
(0.00010275 0.000222058 0)
(9.49687e-05 0.000205199 0)
(8.77783e-05 0.000189622 0)
(8.11353e-05 0.000175232 0)
(7.49958e-05 0.000161937 0)
(6.93188e-05 0.000149651 0)
(6.40685e-05 0.000138297 0)
(5.9214e-05 0.000127803 0)
(5.47282e-05 0.000118107 0)
(5.0584e-05 0.000109147 0)
(4.67551e-05 0.000100867 0)
(4.32178e-05 9.32149e-05 0)
(3.995e-05 8.61425e-05 0)
(3.69313e-05 7.96061e-05 0)
(3.41419e-05 7.35641e-05 0)
(3.15623e-05 6.79791e-05 0)
(2.91764e-05 6.28169e-05 0)
(2.69687e-05 5.80481e-05 0)
(2.49253e-05 5.36417e-05 0)
(2.30343e-05 4.95701e-05 0)
(2.1283e-05 4.58066e-05 0)
(1.96607e-05 4.2327e-05 0)
(1.81587e-05 3.911e-05 0)
(1.67697e-05 3.61371e-05 0)
(1.54874e-05 3.3391e-05 0)
(1.43051e-05 3.08551e-05 0)
(1.32161e-05 2.85132e-05 0)
(1.22132e-05 2.635e-05 0)
(1.12893e-05 2.43514e-05 0)
(1.0437e-05 2.25039e-05 0)
(9.64871e-06 2.07958e-05 0)
(8.91848e-06 1.92167e-05 0)
(8.24237e-06 1.77571e-05 0)
(7.61662e-06 1.64086e-05 0)
(7.03828e-06 1.5163e-05 0)
(6.50327e-06 1.4013e-05 0)
(6.00904e-06 1.29504e-05 0)
(5.55325e-06 1.19691e-05 0)
(5.13311e-06 1.10618e-05 0)
(4.74705e-06 1.02242e-05 0)
(4.39162e-06 9.45088e-06 0)
(4.06313e-06 8.73624e-06 0)
(3.75786e-06 8.07515e-06 0)
(3.4734e-06 7.46368e-06 0)
(3.20905e-06 6.89852e-06 0)
(2.96488e-06 6.37677e-06 0)
(2.74001e-06 5.89558e-06 0)
(2.53201e-06 5.45092e-06 0)
(2.33882e-06 5.03872e-06 0)
(2.15987e-06 4.6569e-06 0)
(1.99545e-06 4.30248e-06 0)
(1.84635e-06 3.97478e-06 0)
(1.71224e-06 3.67277e-06 0)
(1.58986e-06 3.3939e-06 0)
(1.47498e-06 3.13556e-06 0)
(1.36431e-06 2.89555e-06 0)
(1.25639e-06 2.67247e-06 0)
(1.15286e-06 2.46539e-06 0)
(1.05568e-06 2.27361e-06 0)
(9.66453e-07 2.09631e-06 0)
(8.86048e-07 1.93226e-06 0)
(8.13965e-07 1.78133e-06 0)
(7.49898e-07 1.64322e-06 0)
(6.95038e-07 1.51721e-06 0)
(6.40172e-07 1.40405e-06 0)
(5.97796e-07 1.29664e-06 0)
(5.3933e-07 1.19971e-06 0)
(4.9871e-07 1.09882e-06 0)
(4.61771e-07 1.01311e-06 0)
(3.72419e-07 9.3099e-07 0)
(0.000125726 0.000340498 0)
(0.000116202 0.000314646 0)
(0.000107456 0.00029075 0)
(9.93415e-05 0.000268679 0)
(9.18244e-05 0.000248281 0)
(8.48779e-05 0.000229431 0)
(7.84573e-05 0.000212016 0)
(7.25246e-05 0.000195926 0)
(6.70422e-05 0.000181062 0)
(6.19729e-05 0.000167327 0)
(5.72835e-05 0.000154633 0)
(5.29459e-05 0.000142901 0)
(4.89359e-05 0.00013206 0)
(4.52306e-05 0.000122042 0)
(4.18072e-05 0.000112784 0)
(3.8644e-05 0.000104229 0)
(3.57214e-05 9.63226e-05 0)
(3.30215e-05 8.90153e-05 0)
(3.05273e-05 8.22614e-05 0)
(2.82222e-05 7.60183e-05 0)
(2.60907e-05 7.02476e-05 0)
(2.41205e-05 6.49146e-05 0)
(2.22977e-05 5.99875e-05 0)
(2.06089e-05 5.54344e-05 0)
(1.90447e-05 5.12262e-05 0)
(1.75947e-05 4.73361e-05 0)
(1.6251e-05 4.37399e-05 0)
(1.50076e-05 4.04162e-05 0)
(1.38587e-05 3.73454e-05 0)
(1.27988e-05 3.45089e-05 0)
(1.1822e-05 3.18889e-05 0)
(1.09223e-05 2.94685e-05 0)
(1.00938e-05 2.72321e-05 0)
(9.33044e-06 2.51654e-05 0)
(8.62602e-06 2.32553e-05 0)
(7.97486e-06 2.14895e-05 0)
(7.37163e-06 1.98579e-05 0)
(6.81286e-06 1.83501e-05 0)
(6.296e-06 1.6957e-05 0)
(5.81854e-06 1.56701e-05 0)
(5.37663e-06 1.44814e-05 0)
(4.96814e-06 1.33828e-05 0)
(4.59112e-06 1.23673e-05 0)
(4.24414e-06 1.14287e-05 0)
(3.92617e-06 1.05618e-05 0)
(3.63317e-06 9.76084e-06 0)
(3.36178e-06 9.02058e-06 0)
(3.10927e-06 8.33614e-06 0)
(2.87415e-06 7.70396e-06 0)
(2.65601e-06 7.12073e-06 0)
(2.45485e-06 6.58304e-06 0)
(2.2691e-06 6.0866e-06 0)
(2.0959e-06 5.6271e-06 0)
(1.93437e-06 5.2006e-06 0)
(1.78475e-06 4.8051e-06 0)
(1.64804e-06 4.43866e-06 0)
(1.52583e-06 4.10032e-06 0)
(1.41666e-06 3.7886e-06 0)
(1.31634e-06 3.50027e-06 0)
(1.22106e-06 3.23266e-06 0)
(1.12829e-06 2.98385e-06 0)
(1.03732e-06 2.75281e-06 0)
(9.49904e-07 2.53894e-06 0)
(8.68113e-07 2.3414e-06 0)
(7.93249e-07 2.1593e-06 0)
(7.26424e-07 1.99134e-06 0)
(6.67811e-07 1.83703e-06 0)
(6.16185e-07 1.69626e-06 0)
(5.73579e-07 1.56706e-06 0)
(5.27822e-07 1.45049e-06 0)
(4.93301e-07 1.33932e-06 0)
(4.39087e-07 1.23774e-06 0)
(4.0291e-07 1.13643e-06 0)
(3.69792e-07 1.04404e-06 0)
(2.94185e-07 9.43642e-07 0)
(9.84181e-05 0.000349297 0)
(9.09698e-05 0.000322782 0)
(8.41391e-05 0.000298272 0)
(7.77997e-05 0.000275629 0)
(7.1917e-05 0.000254705 0)
(6.64836e-05 0.000235372 0)
(6.14635e-05 0.000217511 0)
(5.68245e-05 0.000201009 0)
(5.25353e-05 0.000185762 0)
(4.85665e-05 0.000171671 0)
(4.48933e-05 0.000158648 0)
(4.14955e-05 0.000146613 0)
(3.83548e-05 0.000135491 0)
(3.54528e-05 0.000125214 0)
(3.27713e-05 0.000115716 0)
(3.02934e-05 0.000106939 0)
(2.80039e-05 9.88277e-05 0)
(2.58887e-05 9.13314e-05 0)
(2.39343e-05 8.44027e-05 0)
(2.21281e-05 7.79982e-05 0)
(2.04586e-05 7.20786e-05 0)
(1.89164e-05 6.66084e-05 0)
(1.74885e-05 6.15533e-05 0)
(1.6164e-05 5.68815e-05 0)
(1.49361e-05 5.25633e-05 0)
(1.37967e-05 4.85716e-05 0)
(1.27408e-05 4.48823e-05 0)
(1.17642e-05 4.14732e-05 0)
(1.08625e-05 3.83234e-05 0)
(1.00309e-05 3.54134e-05 0)
(9.26467e-06 3.27245e-05 0)
(8.55921e-06 3.02398e-05 0)
(7.91013e-06 2.79438e-05 0)
(7.3125e-06 2.5822e-05 0)
(6.76103e-06 2.38615e-05 0)
(6.25126e-06 2.20497e-05 0)
(5.77906e-06 2.03754e-05 0)
(5.34152e-06 1.88288e-05 0)
(4.93662e-06 1.74003e-05 0)
(4.56268e-06 1.60802e-05 0)
(4.21596e-06 1.48599e-05 0)
(3.89488e-06 1.37316e-05 0)
(3.59918e-06 1.26877e-05 0)
(3.32765e-06 1.17233e-05 0)
(3.07918e-06 1.08322e-05 0)
(2.85041e-06 1.00088e-05 0)
(2.63843e-06 9.24821e-06 0)
(2.44123e-06 8.5459e-06 0)
(2.25799e-06 7.8982e-06 0)
(2.08814e-06 7.30123e-06 0)
(1.93075e-06 6.75066e-06 0)
(1.78407e-06 6.24104e-06 0)
(1.64601e-06 5.7683e-06 0)
(1.51682e-06 5.3294e-06 0)
(1.39794e-06 4.9226e-06 0)
(1.29066e-06 4.54679e-06 0)
(1.19629e-06 4.20027e-06 0)
(1.11219e-06 3.88042e-06 0)
(1.03392e-06 3.58388e-06 0)
(9.5856e-07 3.30808e-06 0)
(8.84453e-07 3.05162e-06 0)
(8.11478e-07 2.81411e-06 0)
(7.41456e-07 2.59492e-06 0)
(6.76039e-07 2.3934e-06 0)
(6.16387e-07 2.20793e-06 0)
(5.63783e-07 2.03748e-06 0)
(5.18883e-07 1.8808e-06 0)
(4.79928e-07 1.73812e-06 0)
(4.49274e-07 1.60651e-06 0)
(4.12431e-07 1.48699e-06 0)
(3.85042e-07 1.37318e-06 0)
(3.36442e-07 1.26743e-06 0)
(3.05004e-07 1.1669e-06 0)
(2.68977e-07 1.07065e-06 0)
(2.19804e-07 9.61638e-07 0)
(7.05111e-05 0.000355901 0)
(6.51769e-05 0.000328895 0)
(6.03016e-05 0.000303933 0)
(5.57751e-05 0.000280857 0)
(5.15682e-05 0.00025954 0)
(4.76831e-05 0.000239845 0)
(4.40938e-05 0.000221649 0)
(4.07755e-05 0.000204837 0)
(3.77043e-05 0.000189302 0)
(3.48597e-05 0.000174944 0)
(3.22255e-05 0.000161673 0)
(2.97885e-05 0.000149409 0)
(2.75363e-05 0.000138076 0)
(2.54553e-05 0.000127603 0)
(2.35325e-05 0.000117924 0)
(2.17558e-05 0.000108981 0)
(2.0114e-05 0.000100716 0)
(1.85966e-05 9.3078e-05 0)
(1.71941e-05 8.60183e-05 0)
(1.58981e-05 7.94926e-05 0)
(1.47008e-05 7.34611e-05 0)
(1.35952e-05 6.78869e-05 0)
(1.25708e-05 6.27349e-05 0)
(1.16189e-05 5.7974e-05 0)
(1.07349e-05 5.35734e-05 0)
(9.91368e-06 4.95059e-05 0)
(9.15252e-06 4.57469e-05 0)
(8.44866e-06 4.22734e-05 0)
(7.79897e-06 3.90634e-05 0)
(7.19989e-06 3.60971e-05 0)
(6.64832e-06 3.33555e-05 0)
(6.14157e-06 3.08221e-05 0)
(5.67607e-06 2.84811e-05 0)
(5.24818e-06 2.6318e-05 0)
(4.85369e-06 2.43192e-05 0)
(4.48876e-06 2.24725e-05 0)
(4.15078e-06 2.07664e-05 0)
(3.83773e-06 1.91911e-05 0)
(3.54739e-06 1.77356e-05 0)
(3.27812e-06 1.63904e-05 0)
(3.028e-06 1.51454e-05 0)
(2.79599e-06 1.39938e-05 0)
(2.58282e-06 1.29282e-05 0)
(2.38859e-06 1.19436e-05 0)
(2.2116e-06 1.10341e-05 0)
(2.04918e-06 1.01943e-05 0)
(1.89893e-06 9.41941e-06 0)
(1.75926e-06 8.70486e-06 0)
(1.62948e-06 8.04626e-06 0)
(1.50847e-06 7.43888e-06 0)
(1.39467e-06 6.8774e-06 0)
(1.28673e-06 6.35652e-06 0)
(1.18426e-06 5.87266e-06 0)
(1.08867e-06 5.42396e-06 0)
(1.00214e-06 5.00877e-06 0)
(9.25703e-07 4.62628e-06 0)
(8.59458e-07 4.27356e-06 0)
(8.00277e-07 3.94722e-06 0)
(7.44008e-07 3.64373e-06 0)
(6.88802e-07 3.36116e-06 0)
(6.34319e-07 3.09877e-06 0)
(5.80619e-07 2.85667e-06 0)
(5.29193e-07 2.63414e-06 0)
(4.81117e-07 2.43001e-06 0)
(4.37331e-07 2.24274e-06 0)
(3.993e-07 2.07063e-06 0)
(3.68444e-07 1.91261e-06 0)
(3.41896e-07 1.76883e-06 0)
(3.22454e-07 1.63538e-06 0)
(2.94486e-07 1.5138e-06 0)
(2.73738e-07 1.3984e-06 0)
(2.32811e-07 1.28984e-06 0)
(2.06134e-07 1.18982e-06 0)
(1.64524e-07 1.08862e-06 0)
(1.48334e-07 9.87339e-07 0)
(4.21649e-05 0.000360264 0)
(3.90017e-05 0.00033294 0)
(3.61017e-05 0.000307692 0)
(3.3407e-05 0.000284335 0)
(3.09049e-05 0.000262757 0)
(2.8593e-05 0.000242823 0)
(2.64556e-05 0.000224406 0)
(2.44768e-05 0.000207387 0)
(2.26412e-05 0.000191659 0)
(2.0938e-05 0.000177123 0)
(1.93591e-05 0.000163688 0)
(1.78981e-05 0.000151272 0)
(1.65479e-05 0.000139798 0)
(1.5301e-05 0.000129195 0)
(1.41494e-05 0.000119397 0)
(1.30852e-05 0.000110344 0)
(1.21013e-05 0.000101978 0)
(1.1191e-05 9.42455e-05 0)
(1.03488e-05 8.70984e-05 0)
(9.57089e-06 8.04917e-05 0)
(8.8529e-06 7.43855e-05 0)
(8.19017e-06 6.87423e-05 0)
(7.57554e-06 6.35261e-05 0)
(7.00245e-06 5.87059e-05 0)
(6.46801e-06 5.42508e-05 0)
(5.97022e-06 5.01329e-05 0)
(5.50819e-06 4.63273e-05 0)
(5.08068e-06 4.28101e-05 0)
(4.68625e-06 3.95592e-05 0)
(4.32305e-06 3.65547e-05 0)
(3.9896e-06 3.37779e-05 0)
(3.68481e-06 3.12119e-05 0)
(3.40602e-06 2.88408e-05 0)
(3.15053e-06 2.665e-05 0)
(2.91561e-06 2.46256e-05 0)
(2.69851e-06 2.27559e-05 0)
(2.49759e-06 2.10291e-05 0)
(2.31071e-06 1.94346e-05 0)
(2.13595e-06 1.79607e-05 0)
(1.97246e-06 1.65976e-05 0)
(1.81935e-06 1.53354e-05 0)
(1.67765e-06 1.4167e-05 0)
(1.54896e-06 1.30867e-05 0)
(1.43358e-06 1.20888e-05 0)
(1.3299e-06 1.11677e-05 0)
(1.23571e-06 1.0318e-05 0)
(1.14899e-06 9.53468e-06 0)
(1.06808e-06 8.81271e-06 0)
(9.92012e-07 8.14676e-06 0)
(9.1927e-07 7.53129e-06 0)
(8.48386e-07 6.96074e-06 0)
(7.7934e-07 6.4308e-06 0)
(7.13447e-07 5.93873e-06 0)
(6.52919e-07 5.48331e-06 0)
(6.00261e-07 5.0632e-06 0)
(5.5546e-07 4.6766e-06 0)
(5.17226e-07 4.31961e-06 0)
(4.82362e-07 3.98831e-06 0)
(4.47868e-07 3.67942e-06 0)
(4.13601e-07 3.39219e-06 0)
(3.79959e-07 3.12623e-06 0)
(3.46847e-07 2.88168e-06 0)
(3.14795e-07 2.65765e-06 0)
(2.84643e-07 2.45236e-06 0)
(2.57005e-07 2.26414e-06 0)
(2.33644e-07 2.09131e-06 0)
(2.17088e-07 1.93263e-06 0)
(2.02705e-07 1.78823e-06 0)
(1.94247e-07 1.65416e-06 0)
(1.75452e-07 1.53125e-06 0)
(1.61073e-07 1.4156e-06 0)
(1.27856e-07 1.30605e-06 0)
(1.03789e-07 1.20774e-06 0)
(6.64956e-08 1.1038e-06 0)
(7.58425e-08 1.01193e-06 0)
(1.35573e-05 0.0003624 0)
(1.26045e-05 0.000334912 0)
(1.16959e-05 0.000309522 0)
(1.08407e-05 0.000286038 0)
(1.00568e-05 0.000264338 0)
(9.33154e-06 0.000244289 0)
(8.65785e-06 0.000225763 0)
(8.02883e-06 0.000208643 0)
(7.43975e-06 0.00019282 0)
(6.88838e-06 0.000178196 0)
(6.37454e-06 0.000164681 0)
(5.89848e-06 0.00015219 0)
(5.45904e-06 0.000140648 0)
(5.05437e-06 0.000129982 0)
(4.68145e-06 0.000120127 0)
(4.33633e-06 0.000111021 0)
(4.0157e-06 0.000102605 0)
(3.71734e-06 9.48267e-05 0)
(3.44029e-06 8.76361e-05 0)
(3.18518e-06 8.09894e-05 0)
(2.95137e-06 7.48465e-05 0)
(2.73583e-06 6.91697e-05 0)
(2.53444e-06 6.39226e-05 0)
(2.3435e-06 5.90731e-05 0)
(2.16188e-06 5.45908e-05 0)
(1.9902e-06 5.04476e-05 0)
(1.82964e-06 4.6618e-05 0)
(1.6806e-06 4.30782e-05 0)
(1.54362e-06 3.98067e-05 0)
(1.41857e-06 3.67829e-05 0)
(1.30553e-06 3.3989e-05 0)
(1.2045e-06 3.14071e-05 0)
(1.11419e-06 2.9021e-05 0)
(1.03297e-06 2.68163e-05 0)
(9.59505e-07 2.47794e-05 0)
(8.92204e-07 2.28985e-05 0)
(8.29515e-07 2.11618e-05 0)
(7.69356e-07 1.95574e-05 0)
(7.10384e-07 1.80737e-05 0)
(6.5276e-07 1.67001e-05 0)
(5.97442e-07 1.5428e-05 0)
(5.47368e-07 1.4251e-05 0)
(5.04577e-07 1.31634e-05 0)
(4.69609e-07 1.21596e-05 0)
(4.40839e-07 1.12339e-05 0)
(4.16113e-07 1.03806e-05 0)
(3.93598e-07 9.59377e-06 0)
(3.71345e-07 8.86806e-06 0)
(3.4806e-07 8.19729e-06 0)
(3.22452e-07 7.57579e-06 0)
(2.94177e-07 6.99855e-06 0)
(2.64722e-07 6.46255e-06 0)
(2.36771e-07 5.96582e-06 0)
(2.13147e-07 5.50757e-06 0)
(1.95425e-07 5.08591e-06 0)
(1.82109e-07 4.69752e-06 0)
(1.71165e-07 4.33799e-06 0)
(1.60086e-07 4.00339e-06 0)
(1.47897e-07 3.69152e-06 0)
(1.35613e-07 3.40228e-06 0)
(1.23801e-07 3.13543e-06 0)
(1.12036e-07 2.89061e-06 0)
(9.98805e-08 2.6666e-06 0)
(8.76059e-08 2.46115e-06 0)
(7.62788e-08 2.27244e-06 0)
(6.77937e-08 2.09957e-06 0)
(6.53617e-08 1.94122e-06 0)
(6.34237e-08 1.79679e-06 0)
(6.54749e-08 1.66334e-06 0)
(5.59286e-08 1.53957e-06 0)
(4.85426e-08 1.42366e-06 0)
(2.49472e-08 1.31384e-06 0)
(3.88201e-09 1.21782e-06 0)
(-3.12833e-08 1.12026e-06 0)
(3.96144e-09 1.02738e-06 0)
(-1.51101e-05 0.000362311 0)
(-1.38763e-05 0.000334814 0)
(-1.27725e-05 0.000309421 0)
(-1.17772e-05 0.000285957 0)
(-1.08444e-05 0.000264271 0)
(-9.98221e-06 0.000244232 0)
(-9.19035e-06 0.000225712 0)
(-8.4664e-06 0.000208596 0)
(-7.80542e-06 0.000192777 0)
(-7.20125e-06 0.000178157 0)
(-6.64667e-06 0.000164646 0)
(-6.13463e-06 0.00015216 0)
(-5.66013e-06 0.000140623 0)
(-5.21948e-06 0.000129962 0)
(-4.81175e-06 0.000120112 0)
(-4.43679e-06 0.000111009 0)
(-4.09321e-06 0.000102595 0)
(-3.7784e-06 9.48176e-05 0)
(-3.48852e-06 8.7628e-05 0)
(-3.21878e-06 8.0983e-05 0)
(-2.96681e-06 7.48423e-05 0)
(-2.7337e-06 6.91672e-05 0)
(-2.52102e-06 6.39217e-05 0)
(-2.32934e-06 5.90727e-05 0)
(-2.15752e-06 5.45902e-05 0)
(-2.00263e-06 5.04464e-05 0)
(-1.8612e-06 4.6616e-05 0)
(-1.73066e-06 4.30755e-05 0)
(-1.60904e-06 3.9804e-05 0)
(-1.49463e-06 3.67806e-05 0)
(-1.38623e-06 3.39875e-05 0)
(-1.28321e-06 3.14064e-05 0)
(-1.18479e-06 2.90206e-05 0)
(-1.09108e-06 2.6816e-05 0)
(-1.00221e-06 2.47798e-05 0)
(-9.19069e-07 2.28995e-05 0)
(-8.43451e-07 2.11632e-05 0)
(-7.77338e-07 1.95581e-05 0)
(-7.2135e-07 1.80727e-05 0)
(-6.73287e-07 1.66969e-05 0)
(-6.29772e-07 1.54232e-05 0)
(-5.86954e-07 1.42459e-05 0)
(-5.42466e-07 1.31592e-05 0)
(-4.95914e-07 1.21571e-05 0)
(-4.49088e-07 1.12333e-05 0)
(-4.04406e-07 1.03817e-05 0)
(-3.63528e-07 9.59535e-06 0)
(-3.28404e-07 8.86866e-06 0)
(-3.00261e-07 8.19538e-06 0)
(-2.79469e-07 7.57051e-06 0)
(-2.64846e-07 6.98997e-06 0)
(-2.53388e-07 6.452e-06 0)
(-2.4154e-07 5.95502e-06 0)
(-2.26987e-07 5.49776e-06 0)
(-2.09789e-07 5.07722e-06 0)
(-1.92465e-07 4.68909e-06 0)
(-1.76905e-07 4.32882e-06 0)
(-1.64104e-07 3.99336e-06 0)
(-1.5324e-07 3.68141e-06 0)
(-1.42497e-07 3.39308e-06 0)
(-1.31711e-07 3.12788e-06 0)
(-1.21981e-07 2.88477e-06 0)
(-1.14659e-07 2.66172e-06 0)
(-1.09517e-07 2.45653e-06 0)
(-1.04584e-07 2.26797e-06 0)
(-9.75742e-08 2.09543e-06 0)
(-8.56838e-08 1.93837e-06 0)
(-7.51739e-08 1.79447e-06 0)
(-6.29772e-08 1.66247e-06 0)
(-6.42326e-08 1.53857e-06 0)
(-6.46588e-08 1.42249e-06 0)
(-7.79832e-08 1.31298e-06 0)
(-8.97934e-08 1.21554e-06 0)
(-1.23941e-07 1.12761e-06 0)
(-7.98518e-08 1.04385e-06 0)
(-4.36435e-05 0.000359955 0)
(-4.02852e-05 0.000332643 0)
(-3.71617e-05 0.000307404 0)
(-3.43092e-05 0.000284097 0)
(-3.16685e-05 0.000262559 0)
(-2.92278e-05 0.000242653 0)
(-2.69776e-05 0.000224255 0)
(-2.4906e-05 0.00020725 0)
(-2.29992e-05 0.000191534 0)
(-2.12429e-05 0.00017701 0)
(-1.96226e-05 0.000163587 0)
(-1.8125e-05 0.000151184 0)
(-1.67391e-05 0.000139724 0)
(-1.54566e-05 0.000129135 0)
(-1.42719e-05 0.00011935 0)
(-1.31803e-05 0.000110306 0)
(-1.21755e-05 0.000101946 0)
(-1.12498e-05 9.42178e-05 0)
(-1.03942e-05 8.70747e-05 0)
(-9.60055e-06 8.04735e-05 0)
(-8.86446e-06 7.4373e-05 0)
(-8.18468e-06 6.87347e-05 0)
(-7.56007e-06 6.35224e-05 0)
(-6.98807e-06 5.87032e-05 0)
(-6.4645e-06 5.42475e-05 0)
(-5.98398e-06 5.01283e-05 0)
(-5.54119e-06 4.63211e-05 0)
(-5.13141e-06 4.28026e-05 0)
(-4.75129e-06 3.95521e-05 0)
(-4.39791e-06 3.65489e-05 0)
(-4.06875e-06 3.37739e-05 0)
(-3.76244e-06 3.12097e-05 0)
(-3.47618e-06 2.88395e-05 0)
(-3.20786e-06 2.66494e-05 0)
(-2.95697e-06 2.46268e-05 0)
(-2.7244e-06 2.27588e-05 0)
(-2.51192e-06 2.10326e-05 0)
(-2.32111e-06 1.94356e-05 0)
(-2.15083e-06 1.7957e-05 0)
(-1.9967e-06 1.65881e-05 0)
(-1.8535e-06 1.53223e-05 0)
(-1.71668e-06 1.41534e-05 0)
(-1.58423e-06 1.30757e-05 0)
(-1.45625e-06 1.20823e-05 0)
(-1.33454e-06 1.11658e-05 0)
(-1.22187e-06 1.03199e-05 0)
(-1.11948e-06 9.53729e-06 0)
(-1.02862e-06 8.81238e-06 0)
(-9.50088e-07 8.13974e-06 0)
(-8.82961e-07 7.51529e-06 0)
(-8.24334e-07 6.93615e-06 0)
(-7.7023e-07 6.40092e-06 0)
(-7.17471e-07 5.9081e-06 0)
(-6.64652e-07 5.45496e-06 0)
(-6.1324e-07 5.03772e-06 0)
(-5.66293e-07 4.65165e-06 0)
(-5.24573e-07 4.29296e-06 0)
(-4.87318e-07 3.9594e-06 0)
(-4.52381e-07 3.65051e-06 0)
(-4.17916e-07 3.36602e-06 0)
(-3.84505e-07 3.10462e-06 0)
(-3.54129e-07 2.86444e-06 0)
(-3.28362e-07 2.64286e-06 0)
(-3.06141e-07 2.43852e-06 0)
(-2.84821e-07 2.25075e-06 0)
(-2.61805e-07 2.07944e-06 0)
(-2.35597e-07 1.92395e-06 0)
(-2.12477e-07 1.78116e-06 0)
(-1.90425e-07 1.65071e-06 0)
(-1.84059e-07 1.52722e-06 0)
(-1.77046e-07 1.41206e-06 0)
(-1.81996e-07 1.30359e-06 0)
(-1.81486e-07 1.20292e-06 0)
(-2.02976e-07 1.11659e-06 0)
(-1.72815e-07 1.04823e-06 0)
(-7.18818e-05 0.000355317 0)
(-6.64268e-05 0.00032839 0)
(-6.13183e-05 0.000303482 0)
(-5.66224e-05 0.000280476 0)
(-5.22887e-05 0.000259215 0)
(-4.82862e-05 0.000239565 0)
(-4.45931e-05 0.000221403 0)
(-4.11873e-05 0.000204616 0)
(-3.80463e-05 0.000189101 0)
(-3.51483e-05 0.000174763 0)
(-3.24719e-05 0.000161513 0)
(-2.99978e-05 0.000149271 0)
(-2.77094e-05 0.000137959 0)
(-2.55939e-05 0.000127506 0)
(-2.36411e-05 0.000117845 0)
(-2.18409e-05 0.000108916 0)
(-2.01811e-05 0.000100661 0)
(-1.86494e-05 9.30311e-05 0)
(-1.72329e-05 8.59797e-05 0)
(-1.59204e-05 7.94635e-05 0)
(-1.47056e-05 7.3441e-05 0)
(-1.35843e-05 6.78735e-05 0)
(-1.25525e-05 6.27257e-05 0)
(-1.16042e-05 5.79659e-05 0)
(-1.07325e-05 5.35648e-05 0)
(-9.92899e-06 4.9496e-05 0)
(-9.18682e-06 4.5736e-05 0)
(-8.49973e-06 4.22622e-05 0)
(-7.86276e-06 3.90534e-05 0)
(-7.27283e-06 3.60893e-05 0)
(-6.72551e-06 3.335e-05 0)
(-6.21762e-06 3.08184e-05 0)
(-5.74508e-06 2.84789e-05 0)
(-5.30378e-06 2.63173e-05 0)
(-4.89281e-06 2.43208e-05 0)
(-4.51324e-06 2.24759e-05 0)
(-4.16662e-06 2.07696e-05 0)
(-3.85298e-06 1.919e-05 0)
(-3.56885e-06 1.77278e-05 0)
(-3.30799e-06 1.63756e-05 0)
(-3.06449e-06 1.5127e-05 0)
(-2.8335e-06 1.39754e-05 0)
(-2.61359e-06 1.29141e-05 0)
(-2.40579e-06 1.1935e-05 0)
(-2.21145e-06 1.10304e-05 0)
(-2.03295e-06 1.01934e-05 0)
(-1.87105e-06 9.41797e-06 0)
(-1.72595e-06 8.69865e-06 0)
(-1.59735e-06 8.031e-06 0)
(-1.48306e-06 7.41207e-06 0)
(-1.37922e-06 6.83964e-06 0)
(-1.28143e-06 6.3118e-06 0)
(-1.18749e-06 5.82666e-06 0)
(-1.09737e-06 5.38025e-06 0)
(-1.0131e-06 4.96816e-06 0)
(-9.37224e-07 4.58606e-06 0)
(-8.69158e-07 4.23144e-06 0)
(-8.06563e-07 3.90275e-06 0)
(-7.46622e-07 3.59991e-06 0)
(-6.88383e-07 3.32146e-06 0)
(-6.33287e-07 3.06535e-06 0)
(-5.83739e-07 2.82874e-06 0)
(-5.40577e-07 2.60935e-06 0)
(-5.0163e-07 2.40661e-06 0)
(-4.63664e-07 2.22058e-06 0)
(-4.24374e-07 2.05123e-06 0)
(-3.83963e-07 1.89764e-06 0)
(-3.48415e-07 1.75657e-06 0)
(-3.16925e-07 1.62717e-06 0)
(-3.02882e-07 1.50446e-06 0)
(-2.88283e-07 1.39122e-06 0)
(-2.87126e-07 1.28448e-06 0)
(-2.76797e-07 1.18351e-06 0)
(-2.78636e-07 1.09533e-06 0)
(-2.62306e-07 1.03131e-06 0)
(-9.9677e-05 0.000348468 0)
(-9.21203e-05 0.000322078 0)
(-8.50761e-05 0.000297671 0)
(-7.85766e-05 0.000275113 0)
(-7.25793e-05 0.000254263 0)
(-6.70401e-05 0.00023499 0)
(-6.19271e-05 0.000217176 0)
(-5.72082e-05 0.000200711 0)
(-5.28525e-05 0.000185495 0)
(-4.88305e-05 0.000171433 0)
(-4.51146e-05 0.000158439 0)
(-4.16795e-05 0.000146432 0)
(-3.85039e-05 0.000135337 0)
(-3.557e-05 0.000125084 0)
(-3.28624e-05 0.000115607 0)
(-3.03649e-05 0.000106846 0)
(-2.806e-05 9.87488e-05 0)
(-2.59309e-05 9.12651e-05 0)
(-2.39618e-05 8.43495e-05 0)
(-2.21393e-05 7.79584e-05 0)
(-2.04545e-05 7.20505e-05 0)
(-1.88999e-05 6.6588e-05 0)
(-1.74677e-05 6.15365e-05 0)
(-1.6149e-05 5.68657e-05 0)
(-1.49344e-05 5.25467e-05 0)
(-1.38128e-05 4.85546e-05 0)
(-1.27749e-05 4.4866e-05 0)
(-1.18139e-05 4.14592e-05 0)
(-1.09242e-05 3.83124e-05 0)
(-1.01014e-05 3.54052e-05 0)
(-9.33966e-06 3.27187e-05 0)
(-8.63354e-06 3.02355e-05 0)
(-7.97731e-06 2.79412e-05 0)
(-7.36592e-06 2.58213e-05 0)
(-6.79836e-06 2.38624e-05 0)
(-6.27557e-06 2.20512e-05 0)
(-5.7978e-06 2.03749e-05 0)
(-5.36298e-06 1.88229e-05 0)
(-4.96524e-06 1.73875e-05 0)
(-4.5975e-06 1.60622e-05 0)
(-4.25376e-06 1.48398e-05 0)
(-3.92961e-06 1.37134e-05 0)
(-3.62463e-06 1.26744e-05 0)
(-3.3399e-06 1.17144e-05 0)
(-3.07612e-06 1.08257e-05 0)
(-2.8343e-06 1.00018e-05 0)
(-2.61423e-06 9.23767e-06 0)
(-2.41559e-06 8.52897e-06 0)
(-2.23667e-06 7.87183e-06 0)
(-2.07432e-06 7.26369e-06 0)
(-1.9246e-06 6.70305e-06 0)
(-1.78321e-06 6.18685e-06 0)
(-1.64902e-06 5.712e-06 0)
(-1.52316e-06 5.27416e-06 0)
(-1.40743e-06 4.869e-06 0)
(-1.30301e-06 4.49317e-06 0)
(-1.20788e-06 4.14526e-06 0)
(-1.11885e-06 3.82433e-06 0)
(-1.03368e-06 3.5298e-06 0)
(-9.52475e-07 3.25895e-06 0)
(-8.77219e-07 3.00891e-06 0)
(-8.10131e-07 2.77655e-06 0)
(-7.50494e-07 2.56034e-06 0)
(-6.94906e-07 2.36039e-06 0)
(-6.40206e-07 2.17741e-06 0)
(-5.84751e-07 2.01094e-06 0)
(-5.30256e-07 1.85978e-06 0)
(-4.82947e-07 1.72078e-06 0)
(-4.42537e-07 1.59246e-06 0)
(-4.20005e-07 1.47122e-06 0)
(-3.97021e-07 1.36042e-06 0)
(-3.89704e-07 1.25676e-06 0)
(-3.70647e-07 1.15952e-06 0)
(-3.55192e-07 1.07313e-06 0)
(-3.40375e-07 1.01055e-06 0)
(-0.000126852 0.000339487 0)
(-0.000117224 0.000313772 0)
(-0.000108283 0.000290007 0)
(-0.000100031 0.00026804 0)
(-9.24122e-05 0.000247731 0)
(-8.53726e-05 0.000228957 0)
(-7.88716e-05 0.000211603 0)
(-7.28688e-05 0.000195564 0)
(-6.73252e-05 0.00018074 0)
(-6.22045e-05 0.000167041 0)
(-5.74728e-05 0.000154382 0)
(-5.30991e-05 0.000142685 0)
(-4.90573e-05 0.000131875 0)
(-4.53244e-05 0.000121883 0)
(-4.18789e-05 0.000112648 0)
(-3.8699e-05 0.000104111 0)
(-3.57623e-05 9.62215e-05 0)
(-3.30486e-05 8.89311e-05 0)
(-3.05396e-05 8.21937e-05 0)
(-2.82195e-05 7.59664e-05 0)
(-2.6076e-05 7.02092e-05 0)
(-2.40983e-05 6.48854e-05 0)
(-2.22747e-05 5.99621e-05 0)
(-2.05941e-05 5.54095e-05 0)
(-1.90437e-05 5.12006e-05 0)
(-1.76097e-05 4.73114e-05 0)
(-1.62822e-05 4.37182e-05 0)
(-1.50533e-05 4.03995e-05 0)
(-1.39167e-05 3.73339e-05 0)
(-1.28665e-05 3.45013e-05 0)
(-1.18952e-05 3.18837e-05 0)
(-1.09951e-05 2.94643e-05 0)
(-1.01593e-05 2.72291e-05 0)
(-9.38256e-06 2.51634e-05 0)
(-8.66292e-06 2.32535e-05 0)
(-8.00079e-06 2.14868e-05 0)
(-7.39493e-06 1.9851e-05 0)
(-6.84041e-06 1.83376e-05 0)
(-6.32956e-06 1.69397e-05 0)
(-5.85567e-06 1.56508e-05 0)
(-5.41333e-06 1.44629e-05 0)
(-4.99888e-06 1.33678e-05 0)
(-4.61256e-06 1.23562e-05 0)
(-4.25446e-06 1.14197e-05 0)
(-3.92408e-06 1.05514e-05 0)
(-3.62101e-06 9.74574e-06 0)
(-3.34385e-06 8.99859e-06 0)
(-3.09179e-06 8.30609e-06 0)
(-2.86263e-06 7.66549e-06 0)
(-2.65185e-06 7.07365e-06 0)
(-2.45606e-06 6.52858e-06 0)
(-2.27248e-06 6.02694e-06 0)
(-2.10019e-06 5.56441e-06 0)
(-1.94036e-06 5.1368e-06 0)
(-1.79409e-06 4.74061e-06 0)
(-1.66097e-06 4.37364e-06 0)
(-1.538e-06 4.03525e-06 0)
(-1.42202e-06 3.72444e-06 0)
(-1.312e-06 3.43968e-06 0)
(-1.20927e-06 3.1773e-06 0)
(-1.11569e-06 2.9339e-06 0)
(-1.03231e-06 2.70672e-06 0)
(-9.56736e-07 2.49524e-06 0)
(-8.84569e-07 2.29983e-06 0)
(-8.13115e-07 2.12138e-06 0)
(-7.42001e-07 1.959e-06 0)
(-6.74119e-07 1.81084e-06 0)
(-6.15729e-07 1.67425e-06 0)
(-5.66482e-07 1.54775e-06 0)
(-5.3493e-07 1.42894e-06 0)
(-5.02748e-07 1.32115e-06 0)
(-4.88024e-07 1.2212e-06 0)
(-4.60422e-07 1.13023e-06 0)
(-4.2761e-07 1.04724e-06 0)
(-4.18444e-07 9.80662e-07 0)
(-0.000153214 0.000328416 0)
(-0.000141601 0.00030354 0)
(-0.000130809 0.000280549 0)
(-0.000120853 0.000259302 0)
(-0.000111662 0.000239661 0)
(-0.000103168 0.000221503 0)
(-9.53202e-05 0.000204719 0)
(-8.80712e-05 0.000189205 0)
(-8.13749e-05 0.000174867 0)
(-7.51881e-05 0.000161615 0)
(-6.94709e-05 0.000149369 0)
(-6.41872e-05 0.000138052 0)
(-5.93055e-05 0.000127592 0)
(-5.47971e-05 0.000117924 0)
(-5.06347e-05 0.000108988 0)
(-4.67912e-05 0.000100728 0)
(-4.324e-05 9.30954e-05 0)
(-3.99588e-05 8.60427e-05 0)
(-3.69265e-05 7.95245e-05 0)
(-3.41238e-05 7.34991e-05 0)
(-3.15355e-05 6.79281e-05 0)
(-2.9147e-05 6.27766e-05 0)
(-2.69435e-05 5.80128e-05 0)
(-2.49106e-05 5.3608e-05 0)
(-2.30326e-05 4.95368e-05 0)
(-2.12952e-05 4.57752e-05 0)
(-1.96867e-05 4.22999e-05 0)
(-1.81983e-05 3.90896e-05 0)
(-1.68224e-05 3.61236e-05 0)
(-1.55516e-05 3.33828e-05 0)
(-1.43766e-05 3.08499e-05 0)
(-1.32882e-05 2.85091e-05 0)
(-1.22782e-05 2.63461e-05 0)
(-1.13415e-05 2.4347e-05 0)
(-1.0475e-05 2.24977e-05 0)
(-9.678e-06 2.07864e-05 0)
(-8.94695e-06 1.92026e-05 0)
(-8.27429e-06 1.77389e-05 0)
(-7.65202e-06 1.63888e-05 0)
(-7.07431e-06 1.51446e-05 0)
(-6.53675e-06 1.39978e-05 0)
(-6.03632e-06 1.29391e-05 0)
(-5.57279e-06 1.19596e-05 0)
(-5.14473e-06 1.10515e-05 0)
(-4.75007e-06 1.02091e-05 0)
(-4.38709e-06 9.4278e-06 0)
(-4.05388e-06 8.70404e-06 0)
(-3.7487e-06 8.03389e-06 0)
(-3.46911e-06 7.41475e-06 0)
(-3.21123e-06 6.84372e-06 0)
(-2.97131e-06 6.31712e-06 0)
(-2.74738e-06 5.832e-06 0)
(-2.53916e-06 5.38369e-06 0)
(-2.34696e-06 4.9684e-06 0)
(-2.17059e-06 4.58357e-06 0)
(-2.00837e-06 4.22831e-06 0)
(-1.85708e-06 3.90201e-06 0)
(-1.71442e-06 3.60308e-06 0)
(-1.58081e-06 3.32893e-06 0)
(-1.45826e-06 3.07547e-06 0)
(-1.34781e-06 2.83945e-06 0)
(-1.24879e-06 2.61888e-06 0)
(-1.15738e-06 2.41403e-06 0)
(-1.06877e-06 2.22538e-06 0)
(-9.81033e-07 2.05312e-06 0)
(-8.95288e-07 1.89581e-06 0)
(-8.15006e-07 1.75147e-06 0)
(-7.46042e-07 1.61774e-06 0)
(-6.87855e-07 1.49398e-06 0)
(-6.46602e-07 1.37861e-06 0)
(-6.04754e-07 1.27476e-06 0)
(-5.80619e-07 1.17844e-06 0)
(-5.44609e-07 1.09327e-06 0)
(-5.04773e-07 1.01189e-06 0)
(-4.84711e-07 9.31308e-07 0)
(-0.000178602 0.000315281 0)
(-0.000165091 0.000291428 0)
(-0.000152521 0.000269358 0)
(-0.000140919 0.00024896 0)
(-0.000130211 0.000230106 0)
(-0.000120315 0.000212677 0)
(-0.00011117 0.000196566 0)
(-0.000102721 0.000181674 0)
(-9.49148e-05 0.00016791 0)
(-8.77016e-05 0.000155188 0)
(-8.10358e-05 0.00014343 0)
(-7.48762e-05 0.000132562 0)
(-6.91855e-05 0.000122517 0)
(-6.39294e-05 0.000113232 0)
(-5.90751e-05 0.00010465 0)
(-5.45911e-05 9.67189e-05 0)
(-5.04476e-05 8.93903e-05 0)
(-4.66195e-05 8.26176e-05 0)
(-4.30834e-05 7.63582e-05 0)
(-3.98158e-05 7.0572e-05 0)
(-3.67985e-05 6.52223e-05 0)
(-3.40136e-05 6.02759e-05 0)
(-3.14433e-05 5.57023e-05 0)
(-2.90701e-05 5.14741e-05 0)
(-2.68765e-05 4.75664e-05 0)
(-2.48466e-05 4.39556e-05 0)
(-2.29677e-05 4.06194e-05 0)
(-2.12296e-05 3.7537e-05 0)
(-1.96236e-05 3.46885e-05 0)
(-1.81402e-05 3.20561e-05 0)
(-1.67688e-05 2.96235e-05 0)
(-1.54989e-05 2.73755e-05 0)
(-1.43214e-05 2.5298e-05 0)
(-1.32309e-05 2.33775e-05 0)
(-1.22235e-05 2.16004e-05 0)
(-1.12959e-05 1.99559e-05 0)
(-1.04425e-05 1.84355e-05 0)
(-9.65428e-06 1.7032e-05 0)
(-8.92389e-06 1.57384e-05 0)
(-8.24665e-06 1.45458e-05 0)
(-7.61885e-06 1.34454e-05 0)
(-7.03707e-06 1.24281e-05 0)
(-6.50011e-06 1.14859e-05 0)
(-6.00494e-06 1.06123e-05 0)
(-5.54778e-06 9.80236e-06 0)
(-5.12606e-06 9.05194e-06 0)
(-4.73776e-06 8.35741e-06 0)
(-4.38109e-06 7.71503e-06 0)
(-4.0528e-06 7.12127e-06 0)
(-3.74948e-06 6.57355e-06 0)
(-3.46778e-06 6.06819e-06 0)
(-3.20591e-06 5.60167e-06 0)
(-2.96379e-06 5.16965e-06 0)
(-2.74048e-06 4.76946e-06 0)
(-2.53418e-06 4.39918e-06 0)
(-2.34253e-06 4.05835e-06 0)
(-2.16323e-06 3.74607e-06 0)
(-1.99509e-06 3.46015e-06 0)
(-1.8396e-06 3.19715e-06 0)
(-1.69875e-06 2.9531e-06 0)
(-1.57228e-06 2.72557e-06 0)
(-1.45773e-06 2.51356e-06 0)
(-1.35023e-06 2.3175e-06 0)
(-1.24548e-06 2.13769e-06 0)
(-1.14268e-06 1.97313e-06 0)
(-1.04365e-06 1.82197e-06 0)
(-9.52194e-07 1.68227e-06 0)
(-8.73222e-07 1.55215e-06 0)
(-8.0561e-07 1.43218e-06 0)
(-7.54148e-07 1.32137e-06 0)
(-7.02917e-07 1.22229e-06 0)
(-6.69508e-07 1.13042e-06 0)
(-6.26976e-07 1.05051e-06 0)
(-5.89584e-07 9.70058e-07 0)
(-5.382e-07 8.80988e-07 0)
(-0.000202885 0.000300174 0)
(-0.000187524 0.000277496 0)
(-0.000173277 0.000256496 0)
(-0.000160105 0.000237077 0)
(-0.000147945 0.000219127 0)
(-0.000136708 0.000202534 0)
(-0.000126323 0.000187196 0)
(-0.000116728 0.000173018 0)
(-0.000107862 0.000159911 0)
(-9.96682e-05 0.000147797 0)
(-9.20966e-05 0.000136599 0)
(-8.51001e-05 0.000126248 0)
(-7.86359e-05 0.00011668 0)
(-7.26642e-05 0.000107836 0)
(-6.71474e-05 9.96619e-05 0)
(-6.20506e-05 9.21086e-05 0)
(-5.73413e-05 8.51288e-05 0)
(-5.29908e-05 7.86776e-05 0)
(-4.89721e-05 7.27157e-05 0)
(-4.52597e-05 6.72049e-05 0)
(-4.18316e-05 6.21103e-05 0)
(-3.86669e-05 5.74003e-05 0)
(-3.57453e-05 5.30459e-05 0)
(-3.30465e-05 4.90207e-05 0)
(-3.05512e-05 4.53006e-05 0)
(-2.82422e-05 4.18629e-05 0)
(-2.61053e-05 3.86862e-05 0)
(-2.41291e-05 3.57504e-05 0)
(-2.23033e-05 3.3037e-05 0)
(-2.06166e-05 3.05292e-05 0)
(-1.90572e-05 2.82119e-05 0)
(-1.76137e-05 2.60706e-05 0)
(-1.62762e-05 2.40912e-05 0)
(-1.50391e-05 2.22612e-05 0)
(-1.38966e-05 2.05682e-05 0)
(-1.28429e-05 1.90024e-05 0)
(-1.18708e-05 1.75561e-05 0)
(-1.09714e-05 1.6222e-05 0)
(-1.01382e-05 1.49919e-05 0)
(-9.36726e-06 1.38566e-05 0)
(-8.65451e-06 1.28079e-05 0)
(-7.9958e-06 1.18375e-05 0)
(-7.38854e-06 1.09386e-05 0)
(-6.8283e-06 1.01063e-05 0)
(-6.31046e-06 9.3354e-06 0)
(-5.83204e-06 8.62185e-06 0)
(-5.39079e-06 7.9613e-06 0)
(-4.98483e-06 7.35006e-06 0)
(-4.6106e-06 6.78502e-06 0)
(-4.26432e-06 6.26325e-06 0)
(-3.94319e-06 5.78141e-06 0)
(-3.64592e-06 5.33587e-06 0)
(-3.37138e-06 4.92309e-06 0)
(-3.11743e-06 4.5412e-06 0)
(-2.8817e-06 4.1889e-06 0)
(-2.66149e-06 3.86509e-06 0)
(-2.45528e-06 3.56841e-06 0)
(-2.26334e-06 3.29614e-06 0)
(-2.08787e-06 3.04459e-06 0)
(-1.92984e-06 2.81085e-06 0)
(-1.78734e-06 2.59333e-06 0)
(-1.65686e-06 2.39201e-06 0)
(-1.53325e-06 2.20683e-06 0)
(-1.41313e-06 2.03749e-06 0)
(-1.29676e-06 1.8817e-06 0)
(-1.18615e-06 1.73761e-06 0)
(-1.08482e-06 1.60333e-06 0)
(-9.96138e-07 1.47803e-06 0)
(-9.18641e-07 1.36295e-06 0)
(-8.56483e-07 1.25759e-06 0)
(-7.95704e-07 1.16388e-06 0)
(-7.52406e-07 1.07776e-06 0)
(-7.04971e-07 1.00374e-06 0)
(-6.74294e-07 9.28945e-07 0)
(-5.87335e-07 8.50625e-07 0)
(-0.000225921 0.000283251 0)
(-0.000208769 0.000261842 0)
(-0.00019294 0.000242041 0)
(-0.000178288 0.000223725 0)
(-0.000164754 0.000206791 0)
(-0.000152246 0.000191137 0)
(-0.000140687 0.000176665 0)
(-0.000130006 0.000163287 0)
(-0.000120136 0.00015092 0)
(-0.000111014 0.000139488 0)
(-0.000102585 0.000128919 0)
(-9.47955e-05 0.000119149 0)
(-8.75978e-05 0.000110118 0)
(-8.09471e-05 0.00010177 0)
(-7.4802e-05 9.40555e-05 0)
(-6.91242e-05 8.69263e-05 0)
(-6.38786e-05 8.03379e-05 0)
(-5.90326e-05 7.42488e-05 0)
(-5.45561e-05 6.86215e-05 0)
(-5.04213e-05 6.34203e-05 0)
(-4.66031e-05 5.86126e-05 0)
(-4.30779e-05 5.41683e-05 0)
(-3.98229e-05 5.00599e-05 0)
(-3.68154e-05 4.62624e-05 0)
(-3.40343e-05 4.27527e-05 0)
(-3.14611e-05 3.9509e-05 0)
(-2.90802e-05 3.65112e-05 0)
(-2.68788e-05 3.37402e-05 0)
(-2.48448e-05 3.11787e-05 0)
(-2.29654e-05 2.88114e-05 0)
(-2.12275e-05 2.6624e-05 0)
(-1.96195e-05 2.46027e-05 0)
(-1.81307e-05 2.27344e-05 0)
(-1.6754e-05 2.10072e-05 0)
(-1.54824e-05 1.94097e-05 0)
(-1.4308e-05 1.79333e-05 0)
(-1.32228e-05 1.65704e-05 0)
(-1.22185e-05 1.5313e-05 0)
(-1.12893e-05 1.41526e-05 0)
(-1.04306e-05 1.30804e-05 0)
(-9.63791e-06 1.20891e-05 0)
(-8.90639e-06 1.11718e-05 0)
(-8.23139e-06 1.03228e-05 0)
(-7.60814e-06 9.53816e-06 0)
(-7.0322e-06 8.81202e-06 0)
(-6.50016e-06 8.13989e-06 0)
(-6.00955e-06 7.51697e-06 0)
(-5.55737e-06 6.93989e-06 0)
(-5.13961e-06 6.4062e-06 0)
(-4.75309e-06 5.91319e-06 0)
(-4.39516e-06 5.45749e-06 0)
(-4.06422e-06 5.03596e-06 0)
(-3.75846e-06 4.6461e-06 0)
(-3.47468e-06 4.28599e-06 0)
(-3.21029e-06 3.95438e-06 0)
(-2.96301e-06 3.64987e-06 0)
(-2.73219e-06 3.37004e-06 0)
(-2.51891e-06 3.1119e-06 0)
(-2.32489e-06 2.87235e-06 0)
(-2.15001e-06 2.65017e-06 0)
(-1.99112e-06 2.4446e-06 0)
(-1.84424e-06 2.25581e-06 0)
(-1.70475e-06 2.08315e-06 0)
(-1.57061e-06 1.92511e-06 0)
(-1.44256e-06 1.77878e-06 0)
(-1.32202e-06 1.64234e-06 0)
(-1.21178e-06 1.51442e-06 0)
(-1.1136e-06 1.39527e-06 0)
(-1.02605e-06 1.28629e-06 0)
(-9.53222e-07 1.1871e-06 0)
(-8.82741e-07 1.09841e-06 0)
(-8.29646e-07 1.01783e-06 0)
(-7.75797e-07 9.47484e-07 0)
(-7.42703e-07 8.84144e-07 0)
(-6.48995e-07 8.30399e-07 0)
(-0.000247537 0.000264623 0)
(-0.000228734 0.000244583 0)
(-0.000211394 0.00022609 0)
(-0.000195355 0.000208986 0)
(-0.000180533 0.000193173 0)
(-0.000166834 0.000178554 0)
(-0.000154173 0.000165039 0)
(-0.000142473 0.000152543 0)
(-0.000131661 0.000140991 0)
(-0.000121669 0.000130311 0)
(-0.000112435 0.000120438 0)
(-0.000103901 0.00011131 0)
(-9.60148e-05 0.000102872 0)
(-8.87264e-05 9.50737e-05 0)
(-8.19913e-05 8.7866e-05 0)
(-7.57683e-05 8.1205e-05 0)
(-7.00188e-05 7.5049e-05 0)
(-6.47073e-05 6.93597e-05 0)
(-5.98006e-05 6.4102e-05 0)
(-5.52686e-05 5.92427e-05 0)
(-5.10836e-05 5.47513e-05 0)
(-4.72196e-05 5.05997e-05 0)
(-4.36512e-05 4.67622e-05 0)
(-4.03538e-05 4.32154e-05 0)
(-3.73045e-05 3.99375e-05 0)
(-3.44836e-05 3.69079e-05 0)
(-3.18742e-05 3.41074e-05 0)
(-2.94617e-05 3.15183e-05 0)
(-2.72321e-05 2.91251e-05 0)
(-2.51713e-05 2.69136e-05 0)
(-2.32659e-05 2.48703e-05 0)
(-2.15032e-05 2.29824e-05 0)
(-1.98718e-05 2.12374e-05 0)
(-1.83638e-05 1.96246e-05 0)
(-1.69705e-05 1.81333e-05 0)
(-1.56822e-05 1.67556e-05 0)
(-1.44911e-05 1.54839e-05 0)
(-1.33892e-05 1.43098e-05 0)
(-1.23709e-05 1.3225e-05 0)
(-1.14307e-05 1.22219e-05 0)
(-1.05631e-05 1.12942e-05 0)
(-9.76209e-06 1.04366e-05 0)
(-9.02218e-06 9.64427e-06 0)
(-8.33913e-06 8.91223e-06 0)
(-7.70872e-06 8.23503e-06 0)
(-7.12708e-06 7.60754e-06 0)
(-6.59079e-06 7.02518e-06 0)
(-6.09561e-06 6.48541e-06 0)
(-5.6373e-06 5.98613e-06 0)
(-5.21302e-06 5.52491e-06 0)
(-4.82041e-06 5.09877e-06 0)
(-4.45731e-06 4.70482e-06 0)
(-4.12135e-06 4.34143e-06 0)
(-3.80914e-06 4.00624e-06 0)
(-3.51781e-06 3.69763e-06 0)
(-3.24583e-06 3.41357e-06 0)
(-2.99325e-06 3.15135e-06 0)
(-2.76102e-06 2.90819e-06 0)
(-2.54959e-06 2.68208e-06 0)
(-2.3576e-06 2.47301e-06 0)
(-2.1817e-06 2.2811e-06 0)
(-2.01831e-06 2.1063e-06 0)
(-1.86395e-06 1.9471e-06 0)
(-1.71751e-06 1.80052e-06 0)
(-1.57952e-06 1.664e-06 0)
(-1.45051e-06 1.53561e-06 0)
(-1.33189e-06 1.41529e-06 0)
(-1.22426e-06 1.30368e-06 0)
(-1.12681e-06 1.20215e-06 0)
(-1.04437e-06 1.11003e-06 0)
(-9.64979e-07 1.02649e-06 0)
(-9.03332e-07 9.50719e-07 0)
(-8.38655e-07 8.81244e-07 0)
(-7.91383e-07 8.26824e-07 0)
(-7.2054e-07 7.96871e-07 0)
(-0.000267578 0.000244337 0)
(-0.000247303 0.000225826 0)
(-0.000228537 0.000208747 0)
(-0.000211205 0.000192955 0)
(-0.000195186 0.000178359 0)
(-0.000180381 0.000164864 0)
(-0.000166698 0.000152387 0)
(-0.000154053 0.000140851 0)
(-0.000142367 0.000130185 0)
(-0.000131568 0.000120324 0)
(-0.000121586 0.000111208 0)
(-0.000112361 0.00010278 0)
(-0.000103834 9.49893e-05 0)
(-9.59535e-05 8.77883e-05 0)
(-8.86707e-05 8.11327e-05 0)
(-8.19413e-05 7.49813e-05 0)
(-7.57238e-05 6.9296e-05 0)
(-6.99796e-05 6.40418e-05 0)
(-6.46732e-05 5.9186e-05 0)
(-5.9772e-05 5.46981e-05 0)
(-5.52461e-05 5.05501e-05 0)
(-5.1067e-05 4.67163e-05 0)
(-4.72071e-05 4.3173e-05 0)
(-4.36401e-05 3.98985e-05 0)
(-4.03419e-05 3.68724e-05 0)
(-3.72912e-05 3.40752e-05 0)
(-3.44698e-05 3.14893e-05 0)
(-3.18611e-05 2.90988e-05 0)
(-2.94495e-05 2.68896e-05 0)
(-2.72202e-05 2.48485e-05 0)
(-2.51587e-05 2.29629e-05 0)
(-2.32524e-05 2.12208e-05 0)
(-2.14885e-05 1.96103e-05 0)
(-1.98581e-05 1.81219e-05 0)
(-1.83514e-05 1.67463e-05 0)
(-1.69574e-05 1.54755e-05 0)
(-1.56685e-05 1.43021e-05 0)
(-1.44774e-05 1.32176e-05 0)
(-1.33773e-05 1.22145e-05 0)
(-1.23614e-05 1.12868e-05 0)
(-1.14232e-05 1.04295e-05 0)
(-1.05564e-05 9.63803e-06 0)
(-9.75578e-06 8.90736e-06 0)
(-9.01738e-06 8.23197e-06 0)
(-8.33689e-06 7.60674e-06 0)
(-7.71001e-06 7.02642e-06 0)
(-7.13168e-06 6.4876e-06 0)
(-6.59642e-06 5.98844e-06 0)
(-6.10011e-06 5.52724e-06 0)
(-5.64045e-06 5.10146e-06 0)
(-5.21525e-06 4.70877e-06 0)
(-4.82157e-06 4.34618e-06 0)
(-4.45704e-06 4.01201e-06 0)
(-4.11848e-06 3.70377e-06 0)
(-3.80296e-06 3.41962e-06 0)
(-3.50929e-06 3.15683e-06 0)
(-3.23756e-06 2.913e-06 0)
(-2.98819e-06 2.68599e-06 0)
(-2.76008e-06 2.47518e-06 0)
(-2.55099e-06 2.2812e-06 0)
(-2.35783e-06 2.10453e-06 0)
(-2.17824e-06 1.94446e-06 0)
(-2.01053e-06 1.79883e-06 0)
(-1.85371e-06 1.66369e-06 0)
(-1.70747e-06 1.53692e-06 0)
(-1.57073e-06 1.41759e-06 0)
(-1.44371e-06 1.30632e-06 0)
(-1.32674e-06 1.20349e-06 0)
(-1.21969e-06 1.1104e-06 0)
(-1.12888e-06 1.02591e-06 0)
(-1.04205e-06 9.48829e-07 0)
(-9.74894e-07 8.78494e-07 0)
(-8.99691e-07 8.09785e-07 0)
(-8.27078e-07 7.55123e-07 0)
(-7.90413e-07 7.29648e-07 0)
(-0.000285949 0.000222482 0)
(-0.000264325 0.000205669 0)
(-0.000244265 0.000190115 0)
(-0.000225743 0.000175733 0)
(-0.000208625 0.00016244 0)
(-0.000192805 0.000150151 0)
(-0.000178186 0.000138789 0)
(-0.000164675 0.000128283 0)
(-0.000152188 0.00011857 0)
(-0.000140647 0.00010959 0)
(-0.00012998 0.000101287 0)
(-0.00012012 9.36124e-05 0)
(-0.000111006 8.65178e-05 0)
(-0.000102583 7.99599e-05 0)
(-9.47984e-05 7.38979e-05 0)
(-8.7605e-05 6.82945e-05 0)
(-8.09583e-05 6.31151e-05 0)
(-7.48174e-05 5.83281e-05 0)
(-6.91443e-05 5.39037e-05 0)
(-6.39044e-05 4.98145e-05 0)
(-5.90655e-05 4.6035e-05 0)
(-5.45968e-05 4.25423e-05 0)
(-5.04689e-05 3.93149e-05 0)
(-4.66544e-05 3.63326e-05 0)
(-4.31279e-05 3.35765e-05 0)
(-3.98667e-05 3.10288e-05 0)
(-3.68506e-05 2.86739e-05 0)
(-3.40614e-05 2.64974e-05 0)
(-3.14824e-05 2.44868e-05 0)
(-2.9098e-05 2.26296e-05 0)
(-2.68937e-05 2.09141e-05 0)
(-2.48558e-05 1.93286e-05 0)
(-2.29706e-05 1.7863e-05 0)
(-2.12278e-05 1.65082e-05 0)
(-1.96169e-05 1.52565e-05 0)
(-1.81264e-05 1.41e-05 0)
(-1.6749e-05 1.30312e-05 0)
(-1.54768e-05 1.20425e-05 0)
(-1.43017e-05 1.11278e-05 0)
(-1.32158e-05 1.02821e-05 0)
(-1.22118e-05 9.50127e-06 0)
(-1.12842e-05 8.78087e-06 0)
(-1.04282e-05 8.11557e-06 0)
(-9.63974e-06 7.5e-06 0)
(-8.91427e-06 6.92931e-06 0)
(-8.24622e-06 6.3991e-06 0)
(-7.62878e-06 5.90751e-06 0)
(-7.05597e-06 5.45299e-06 0)
(-6.52427e-06 5.03386e-06 0)
(-6.03149e-06 4.64728e-06 0)
(-5.57569e-06 4.29126e-06 0)
(-5.15407e-06 3.96272e-06 0)
(-4.76376e-06 3.65954e-06 0)
(-4.40154e-06 3.37953e-06 0)
(-4.06476e-06 3.12058e-06 0)
(-3.75245e-06 2.88003e-06 0)
(-3.4641e-06 2.65572e-06 0)
(-3.19884e-06 2.44677e-06 0)
(-2.95438e-06 2.25338e-06 0)
(-2.72825e-06 2.07657e-06 0)
(-2.51844e-06 1.91648e-06 0)
(-2.32401e-06 1.77107e-06 0)
(-2.14472e-06 1.63851e-06 0)
(-1.97942e-06 1.51468e-06 0)
(-1.82562e-06 1.39816e-06 0)
(-1.68111e-06 1.28913e-06 0)
(-1.546e-06 1.18808e-06 0)
(-1.42017e-06 1.09549e-06 0)
(-1.30439e-06 1.01149e-06 0)
(-1.20594e-06 9.34593e-07 0)
(-1.11239e-06 8.64709e-07 0)
(-1.04238e-06 8.00112e-07 0)
(-9.62026e-07 7.36853e-07 0)
(-8.71524e-07 6.79991e-07 0)
(-8.38948e-07 6.3426e-07 0)
(-0.00030257 0.000199247 0)
(-0.000279671 0.000184227 0)
(-0.000258472 0.000170301 0)
(-0.000238879 0.000157423 0)
(-0.000220768 0.000145516 0)
(-0.000204032 0.000134507 0)
(-0.000188566 0.000124329 0)
(-0.000174272 0.000114919 0)
(-0.000161061 0.000106218 0)
(-0.00014885 9.81745e-05 0)
(-0.000137563 9.07388e-05 0)
(-0.00012713 8.38652e-05 0)
(-0.000117487 7.75111e-05 0)
(-0.000108573 7.1637e-05 0)
(-0.000100336 6.62063e-05 0)
(-9.27241e-05 6.11855e-05 0)
(-8.56902e-05 5.65441e-05 0)
(-7.9191e-05 5.22535e-05 0)
(-7.31868e-05 4.82876e-05 0)
(-6.76407e-05 4.4622e-05 0)
(-6.25183e-05 4.12345e-05 0)
(-5.77872e-05 3.81045e-05 0)
(-5.34168e-05 3.52127e-05 0)
(-4.93785e-05 3.25406e-05 0)
(-4.56457e-05 3.00711e-05 0)
(-4.21939e-05 2.77887e-05 0)
(-3.90012e-05 2.56797e-05 0)
(-3.60482e-05 2.37317e-05 0)
(-3.33173e-05 2.19329e-05 0)
(-3.07928e-05 2.02716e-05 0)
(-2.84597e-05 1.87366e-05 0)
(-2.63035e-05 1.73174e-05 0)
(-2.43089e-05 1.60055e-05 0)
(-2.24647e-05 1.47924e-05 0)
(-2.07596e-05 1.3672e-05 0)
(-1.91827e-05 1.26365e-05 0)
(-1.7726e-05 1.16787e-05 0)
(-1.63808e-05 1.07923e-05 0)
(-1.51377e-05 9.9724e-06 0)
(-1.39879e-05 9.21494e-06 0)
(-1.29244e-05 8.51558e-06 0)
(-1.19421e-05 7.86987e-06 0)
(-1.10366e-05 7.27269e-06 0)
(-1.02036e-05 6.71947e-06 0)
(-9.43779e-06 6.20614e-06 0)
(-8.73182e-06 5.72988e-06 0)
(-8.0778e-06 5.28991e-06 0)
(-7.47007e-06 4.88437e-06 0)
(-6.90581e-06 4.5109e-06 0)
(-6.38305e-06 4.1668e-06 0)
(-5.89981e-06 3.84927e-06 0)
(-5.45329e-06 3.55589e-06 0)
(-5.04023e-06 3.28467e-06 0)
(-4.65744e-06 3.03372e-06 0)
(-4.30246e-06 2.80074e-06 0)
(-3.97415e-06 2.58346e-06 0)
(-3.67083e-06 2.3805e-06 0)
(-3.39053e-06 2.1917e-06 0)
(-3.13027e-06 2.01786e-06 0)
(-2.88788e-06 1.85973e-06 0)
(-2.66333e-06 1.71661e-06 0)
(-2.45621e-06 1.58631e-06 0)
(-2.26692e-06 1.46647e-06 0)
(-2.09405e-06 1.3546e-06 0)
(-1.93302e-06 1.24938e-06 0)
(-1.78081e-06 1.15204e-06 0)
(-1.63735e-06 1.06267e-06 0)
(-1.50334e-06 9.81391e-07 0)
(-1.38059e-06 9.07037e-07 0)
(-1.27566e-06 8.37751e-07 0)
(-1.17653e-06 7.74735e-07 0)
(-1.10275e-06 7.15038e-07 0)
(-1.01981e-06 6.61717e-07 0)
(-9.29673e-07 6.0725e-07 0)
(-8.68166e-07 5.47269e-07 0)
(-0.00031733 0.000174833 0)
(-0.000293271 0.000161649 0)
(-0.000271069 0.000149431 0)
(-0.000250528 0.000138135 0)
(-0.00023154 0.000127689 0)
(-0.000213992 0.00011803 0)
(-0.000197775 0.000109099 0)
(-0.000182786 0.000100841 0)
(-0.000168932 9.32075e-05 0)
(-0.000156126 8.61511e-05 0)
(-0.000144289 7.96286e-05 0)
(-0.000133348 7.35992e-05 0)
(-0.000123235 6.80249e-05 0)
(-0.000113888 6.28708e-05 0)
(-0.00010525 5.81047e-05 0)
(-9.72672e-05 5.36975e-05 0)
(-8.98903e-05 4.96225e-05 0)
(-8.30738e-05 4.5855e-05 0)
(-7.67758e-05 4.23722e-05 0)
(-7.09576e-05 3.91534e-05 0)
(-6.5583e-05 3.61792e-05 0)
(-6.06186e-05 3.34315e-05 0)
(-5.60329e-05 3.08928e-05 0)
(-5.1796e-05 2.85469e-05 0)
(-4.78798e-05 2.63792e-05 0)
(-4.42581e-05 2.43765e-05 0)
(-4.09076e-05 2.25271e-05 0)
(-3.78082e-05 2.08202e-05 0)
(-3.49425e-05 1.92446e-05 0)
(-3.22943e-05 1.77892e-05 0)
(-2.98478e-05 1.64435e-05 0)
(-2.75869e-05 1.51988e-05 0)
(-2.54956e-05 1.40482e-05 0)
(-2.35614e-05 1.29842e-05 0)
(-2.17728e-05 1.20016e-05 0)
(-2.01197e-05 1.10933e-05 0)
(-1.85932e-05 1.02529e-05 0)
(-1.71831e-05 9.47515e-06 0)
(-1.58791e-05 8.75589e-06 0)
(-1.46726e-05 8.0913e-06 0)
(-1.35569e-05 7.4772e-06 0)
(-1.25271e-05 6.90917e-06 0)
(-1.15786e-05 6.38268e-06 0)
(-1.07063e-05 5.89491e-06 0)
(-9.90387e-06 5.44262e-06 0)
(-9.16245e-06 5.02514e-06 0)
(-8.47429e-06 4.64095e-06 0)
(-7.83498e-06 4.28789e-06 0)
(-7.24183e-06 3.96258e-06 0)
(-6.69313e-06 3.66252e-06 0)
(-6.1866e-06 3.3846e-06 0)
(-5.71867e-06 3.12686e-06 0)
(-5.28593e-06 2.88811e-06 0)
(-4.88547e-06 2.66681e-06 0)
(-4.51502e-06 2.46079e-06 0)
(-4.17268e-06 2.2684e-06 0)
(-3.85586e-06 2.08886e-06 0)
(-3.56149e-06 1.9224e-06 0)
(-3.28635e-06 1.77003e-06 0)
(-3.02949e-06 1.6316e-06 0)
(-2.79186e-06 1.50571e-06 0)
(-2.57414e-06 1.39079e-06 0)
(-2.37643e-06 1.28406e-06 0)
(-2.19652e-06 1.18476e-06 0)
(-2.02819e-06 1.0925e-06 0)
(-1.86782e-06 1.0085e-06 0)
(-1.71665e-06 9.32258e-07 0)
(-1.57581e-06 8.62858e-07 0)
(-1.44803e-06 7.98327e-07 0)
(-1.33824e-06 7.36716e-07 0)
(-1.2351e-06 6.80004e-07 0)
(-1.15539e-06 6.25799e-07 0)
(-1.06981e-06 5.81186e-07 0)
(-9.85972e-07 5.35319e-07 0)
(-8.95933e-07 4.82024e-07 0)
(-0.000330112 0.000149371 0)
(-0.000305073 0.000138079 0)
(-0.000281986 0.000127641 0)
(-0.000260621 0.000117994 0)
(-0.000240874 0.000109072 0)
(-0.000222623 0.000100821 0)
(-0.000205755 9.31922e-05 0)
(-0.000190163 8.61396e-05 0)
(-0.000175751 7.96205e-05 0)
(-0.000162429 7.35952e-05 0)
(-0.000150115 6.80261e-05 0)
(-0.000138734 6.28777e-05 0)
(-0.000128215 5.81171e-05 0)
(-0.000118494 5.37142e-05 0)
(-0.000109509 4.9642e-05 0)
(-0.000101206 4.58755e-05 0)
(-9.35328e-05 4.23923e-05 0)
(-8.64413e-05 3.91717e-05 0)
(-7.98884e-05 3.61945e-05 0)
(-7.38337e-05 3.34433e-05 0)
(-6.82402e-05 3.09014e-05 0)
(-6.30736e-05 2.85529e-05 0)
(-5.83013e-05 2.63829e-05 0)
(-5.38922e-05 2.43777e-05 0)
(-4.98162e-05 2.25253e-05 0)
(-4.60459e-05 2.08152e-05 0)
(-4.25574e-05 1.92376e-05 0)
(-3.93307e-05 1.77822e-05 0)
(-3.63484e-05 1.64388e-05 0)
(-3.35939e-05 1.5197e-05 0)
(-3.10501e-05 1.40481e-05 0)
(-2.86987e-05 1.29851e-05 0)
(-2.65236e-05 1.20024e-05 0)
(-2.45113e-05 1.10942e-05 0)
(-2.26505e-05 1.02556e-05 0)
(-2.09314e-05 9.48026e-06 0)
(-1.93442e-05 8.76287e-06 0)
(-1.78778e-05 8.09904e-06 0)
(-1.65215e-05 7.48492e-06 0)
(-1.52666e-05 6.91677e-06 0)
(-1.41065e-05 6.39085e-06 0)
(-1.30366e-05 5.90314e-06 0)
(-1.20509e-05 5.45069e-06 0)
(-1.11437e-05 5.03236e-06 0)
(-1.03076e-05 4.6455e-06 0)
(-9.53348e-06 4.29083e-06 0)
(-8.81504e-06 3.96569e-06 0)
(-8.14844e-06 3.66707e-06 0)
(-7.53118e-06 3.39135e-06 0)
(-6.96103e-06 3.13567e-06 0)
(-6.43547e-06 2.89774e-06 0)
(-5.94978e-06 2.67625e-06 0)
(-5.50028e-06 2.47089e-06 0)
(-5.08476e-06 2.28031e-06 0)
(-4.70087e-06 2.10273e-06 0)
(-4.34608e-06 1.93717e-06 0)
(-4.01683e-06 1.78317e-06 0)
(-3.70936e-06 1.64123e-06 0)
(-3.42107e-06 1.51181e-06 0)
(-3.15221e-06 1.39364e-06 0)
(-2.90414e-06 1.28578e-06 0)
(-2.67786e-06 1.18593e-06 0)
(-2.47295e-06 1.09369e-06 0)
(-2.28561e-06 1.00798e-06 0)
(-2.10927e-06 9.30453e-07 0)
(-1.94105e-06 8.60793e-07 0)
(-1.783e-06 7.9794e-07 0)
(-1.63727e-06 7.40269e-07 0)
(-1.50674e-06 6.85298e-07 0)
(-1.39398e-06 6.3171e-07 0)
(-1.28745e-06 5.81404e-07 0)
(-1.20157e-06 5.33653e-07 0)
(-1.11029e-06 4.95168e-07 0)
(-1.02883e-06 4.58227e-07 0)
(-9.26575e-07 4.18799e-07 0)
(-0.00034083 0.000122962 0)
(-0.000315001 0.000113657 0)
(-0.000291154 0.000105068 0)
(-0.000269098 9.71263e-05 0)
(-0.000248713 8.97809e-05 0)
(-0.000229872 8.2989e-05 0)
(-0.000212456 7.671e-05 0)
(-0.000196358 7.0906e-05 0)
(-0.000181476 6.5542e-05 0)
(-0.000167721 6.05847e-05 0)
(-0.000155007 5.60026e-05 0)
(-0.000143257 5.17658e-05 0)
(-0.000132398 4.78472e-05 0)
(-0.000122363 4.42224e-05 0)
(-0.000113089 4.08689e-05 0)
(-0.000104517 3.77669e-05 0)
(-9.65941e-05 3.4898e-05 0)
(-8.92716e-05 3.22452e-05 0)
(-8.25042e-05 2.97933e-05 0)
(-7.62506e-05 2.75276e-05 0)
(-7.04732e-05 2.54341e-05 0)
(-6.5137e-05 2.34996e-05 0)
(-6.02081e-05 2.17117e-05 0)
(-5.56536e-05 2.00598e-05 0)
(-5.14422e-05 1.8535e-05 0)
(-4.75457e-05 1.71287e-05 0)
(-4.39406e-05 1.58325e-05 0)
(-4.0607e-05 1.46369e-05 0)
(-3.75277e-05 1.35324e-05 0)
(-3.46849e-05 1.25107e-05 0)
(-3.20597e-05 1.15649e-05 0)
(-2.96326e-05 1.06897e-05 0)
(-2.73865e-05 9.88106e-06 0)
(-2.53082e-05 9.13456e-06 0)
(-2.33868e-05 8.44514e-06 0)
(-2.16124e-05 7.80765e-06 0)
(-1.99744e-05 7.21771e-06 0)
(-1.8461e-05 6.67163e-06 0)
(-1.70613e-05 6.16594e-06 0)
(-1.57667e-05 5.69721e-06 0)
(-1.45705e-05 5.26231e-06 0)
(-1.34672e-05 4.85838e-06 0)
(-1.24494e-05 4.48411e-06 0)
(-1.15115e-05 4.13901e-06 0)
(-1.06454e-05 3.82173e-06 0)
(-9.84226e-06 3.53247e-06 0)
(-9.09804e-06 3.26797e-06 0)
(-8.40931e-06 3.02411e-06 0)
(-7.77322e-06 2.79809e-06 0)
(-7.18674e-06 2.58693e-06 0)
(-6.64601e-06 2.38941e-06 0)
(-6.14551e-06 2.20585e-06 0)
(-5.68187e-06 2.03535e-06 0)
(-5.25362e-06 1.87712e-06 0)
(-4.85816e-06 1.72986e-06 0)
(-4.49224e-06 1.59308e-06 0)
(-4.15178e-06 1.46654e-06 0)
(-3.83283e-06 1.35045e-06 0)
(-3.53394e-06 1.24454e-06 0)
(-3.25553e-06 1.1474e-06 0)
(-2.99956e-06 1.05796e-06 0)
(-2.76622e-06 9.74235e-07 0)
(-2.55438e-06 8.97795e-07 0)
(-2.35975e-06 8.27419e-07 0)
(-2.17536e-06 7.65412e-07 0)
(-2.00033e-06 7.1039e-07 0)
(-1.83717e-06 6.60507e-07 0)
(-1.68844e-06 6.13558e-07 0)
(-1.55659e-06 5.67568e-07 0)
(-1.44213e-06 5.22241e-07 0)
(-1.33316e-06 4.79673e-07 0)
(-1.24162e-06 4.40053e-07 0)
(-1.14523e-06 4.0773e-07 0)
(-1.06233e-06 3.77793e-07 0)
(-9.50929e-07 3.42259e-07 0)
(-0.000349431 9.57741e-05 0)
(-0.000322963 8.85314e-05 0)
(-0.000298513 8.1844e-05 0)
(-0.000275905 7.56581e-05 0)
(-0.000255008 6.99359e-05 0)
(-0.000235691 6.46448e-05 0)
(-0.000217835 5.97542e-05 0)
(-0.000201329 5.52346e-05 0)
(-0.00018607 5.10582e-05 0)
(-0.000171967 4.71984e-05 0)
(-0.000158932 4.363e-05 0)
(-0.000146887 4.03298e-05 0)
(-0.000135757 3.72768e-05 0)
(-0.00012547 3.44522e-05 0)
(-0.000115963 3.18388e-05 0)
(-0.000107176 2.94213e-05 0)
(-9.90531e-05 2.71856e-05 0)
(-9.15447e-05 2.51185e-05 0)
(-8.46049e-05 2.32081e-05 0)
(-7.81918e-05 2.14427e-05 0)
(-7.22672e-05 1.9811e-05 0)
(-6.67951e-05 1.83026e-05 0)
(-6.17402e-05 1.69085e-05 0)
(-5.70681e-05 1.56212e-05 0)
(-5.27466e-05 1.44342e-05 0)
(-4.87477e-05 1.33406e-05 0)
(-4.50486e-05 1.2333e-05 0)
(-4.16302e-05 1.14029e-05 0)
(-3.8474e-05 1.05428e-05 0)
(-3.5561e-05 9.74643e-06 0)
(-3.28706e-05 9.00887e-06 0)
(-3.03821e-05 8.32715e-06 0)
(-2.80783e-05 7.69791e-06 0)
(-2.59468e-05 7.11759e-06 0)
(-2.3977e-05 6.58139e-06 0)
(-2.21585e-05 6.08535e-06 0)
(-2.04799e-05 5.62606e-06 0)
(-1.89293e-05 5.20062e-06 0)
(-1.74957e-05 4.80612e-06 0)
(-1.61699e-05 4.43963e-06 0)
(-1.49451e-05 4.09886e-06 0)
(-1.38146e-05 3.78263e-06 0)
(-1.27701e-05 3.49059e-06 0)
(-1.18059e-05 3.22225e-06 0)
(-1.09139e-05 2.97736e-06 0)
(-1.00871e-05 2.75492e-06 0)
(-9.32322e-06 2.55106e-06 0)
(-8.61815e-06 2.36128e-06 0)
(-7.9682e-06 2.18449e-06 0)
(-7.36956e-06 2.01837e-06 0)
(-6.81642e-06 1.86286e-06 0)
(-6.30371e-06 1.71885e-06 0)
(-5.82888e-06 1.58518e-06 0)
(-5.39012e-06 1.46116e-06 0)
(-4.9848e-06 1.34608e-06 0)
(-4.6093e-06 1.23967e-06 0)
(-4.25935e-06 1.14178e-06 0)
(-3.93125e-06 1.05227e-06 0)
(-3.62403e-06 9.70323e-07 0)
(-3.3387e-06 8.94693e-07 0)
(-3.07721e-06 8.2408e-07 0)
(-2.83794e-06 7.58002e-07 0)
(-2.61969e-06 6.98178e-07 0)
(-2.41792e-06 6.44393e-07 0)
(-2.22623e-06 5.98034e-07 0)
(-2.04588e-06 5.57136e-07 0)
(-1.87976e-06 5.19293e-07 0)
(-1.73014e-06 4.82246e-07 0)
(-1.59799e-06 4.44907e-07 0)
(-1.48181e-06 4.08144e-07 0)
(-1.36957e-06 3.74488e-07 0)
(-1.27344e-06 3.44194e-07 0)
(-1.17245e-06 3.19244e-07 0)
(-1.09416e-06 2.97892e-07 0)
(-9.65629e-07 2.63707e-07 0)
(-0.000355793 6.80127e-05 0)
(-0.000328844 6.28672e-05 0)
(-0.000303947 5.81144e-05 0)
(-0.000280931 5.37221e-05 0)
(-0.000259657 4.96601e-05 0)
(-0.00023999 4.59039e-05 0)
(-0.000221807 4.24323e-05 0)
(-0.000204999 3.92244e-05 0)
(-0.000189462 3.626e-05 0)
(-0.000175102 3.35197e-05 0)
(-0.000161832 3.09855e-05 0)
(-0.00014957 2.86412e-05 0)
(-0.000138238 2.64723e-05 0)
(-0.000127766 2.44656e-05 0)
(-0.000118088 2.26092e-05 0)
(-0.000109141 2.08923e-05 0)
(-0.00010087 1.93047e-05 0)
(-9.32238e-05 1.78371e-05 0)
(-8.61566e-05 1.64807e-05 0)
(-7.96261e-05 1.52269e-05 0)
(-7.35932e-05 1.40673e-05 0)
(-6.80208e-05 1.2995e-05 0)
(-6.28722e-05 1.20043e-05 0)
(-5.81119e-05 1.10905e-05 0)
(-5.37079e-05 1.02489e-05 0)
(-4.96332e-05 9.47408e-06 0)
(-4.58655e-05 8.75976e-06 0)
(-4.23853e-05 8.09954e-06 0)
(-3.91732e-05 7.48791e-06 0)
(-3.62086e-05 6.92112e-06 0)
(-3.34695e-05 6.39669e-06 0)
(-3.09347e-05 5.91301e-06 0)
(-2.85878e-05 5.46719e-06 0)
(-2.6417e-05 5.05591e-06 0)
(-2.44119e-05 4.6756e-06 0)
(-2.25611e-05 4.32328e-06 0)
(-2.08529e-05 3.99667e-06 0)
(-1.92752e-05 3.69378e-06 0)
(-1.7817e-05 3.41258e-06 0)
(-1.64689e-05 3.15117e-06 0)
(-1.52228e-05 2.90806e-06 0)
(-1.40712e-05 2.68303e-06 0)
(-1.30057e-05 2.47645e-06 0)
(-1.20209e-05 2.28744e-06 0)
(-1.11092e-05 2.11583e-06 0)
(-1.02653e-05 1.9596e-06 0)
(-9.48859e-06 1.81549e-06 0)
(-8.77298e-06 1.67966e-06 0)
(-8.11342e-06 1.55249e-06 0)
(-7.50582e-06 1.43313e-06 0)
(-6.94314e-06 1.32193e-06 0)
(-6.42095e-06 1.2193e-06 0)
(-5.93745e-06 1.12448e-06 0)
(-5.49072e-06 1.03646e-06 0)
(-5.07774e-06 9.54996e-07 0)
(-4.69474e-06 8.79867e-07 0)
(-4.33747e-06 8.11053e-07 0)
(-4.00265e-06 7.48237e-07 0)
(-3.68996e-06 6.90409e-07 0)
(-3.4003e-06 6.36331e-07 0)
(-3.13487e-06 5.85557e-07 0)
(-2.89082e-06 5.38318e-07 0)
(-2.66675e-06 4.96094e-07 0)
(-2.45871e-06 4.59301e-07 0)
(-2.26149e-06 4.2793e-07 0)
(-2.07799e-06 3.99888e-07 0)
(-1.91103e-06 3.72685e-07 0)
(-1.76185e-06 3.44946e-07 0)
(-1.62975e-06 3.16611e-07 0)
(-1.51165e-06 2.89264e-07 0)
(-1.39621e-06 2.65266e-07 0)
(-1.29588e-06 2.44048e-07 0)
(-1.19025e-06 2.27351e-07 0)
(-1.11607e-06 2.15251e-07 0)
(-9.84468e-07 2.00008e-07 0)
(-0.00035832 4.01186e-05 0)
(-0.00033119 3.70807e-05 0)
(-0.000306113 3.42656e-05 0)
(-0.000282931 3.16716e-05 0)
(-0.000261507 2.9277e-05 0)
(-0.000241699 2.70637e-05 0)
(-0.000223387 2.50183e-05 0)
(-0.000206458 2.31281e-05 0)
(-0.000190811 2.13807e-05 0)
(-0.000176349 1.97646e-05 0)
(-0.000162986 1.82694e-05 0)
(-0.000150638 1.6886e-05 0)
(-0.000139227 1.56063e-05 0)
(-0.000128681 1.44227e-05 0)
(-0.000118934 1.33282e-05 0)
(-0.000109923 1.23165e-05 0)
(-0.000101592 1.13813e-05 0)
(-9.38916e-05 1.05169e-05 0)
(-8.67738e-05 9.71765e-06 0)
(-8.01969e-05 8.97822e-06 0)
(-7.41213e-05 8.29394e-06 0)
(-6.85088e-05 7.66116e-06 0)
(-6.33216e-05 7.07724e-06 0)
(-5.85245e-05 6.53971e-06 0)
(-5.40863e-05 6.04537e-06 0)
(-4.99807e-05 5.59002e-06 0)
(-4.61861e-05 5.16904e-06 0)
(-4.26826e-05 4.77852e-06 0)
(-3.94492e-05 4.41595e-06 0)
(-3.6464e-05 4.08019e-06 0)
(-3.37043e-05 3.77086e-06 0)
(-3.115e-05 3.48655e-06 0)
(-2.87857e-05 3.22486e-06 0)
(-2.65996e-05 2.98282e-06 0)
(-2.45811e-05 2.75834e-06 0)
(-2.27182e-05 2.54977e-06 0)
(-2.09989e-05 2.35627e-06 0)
(-1.9411e-05 2.1769e-06 0)
(-1.79433e-05 2.01052e-06 0)
(-1.65863e-05 1.85613e-06 0)
(-1.53315e-05 1.71281e-06 0)
(-1.41704e-05 1.58048e-06 0)
(-1.30955e-05 1.46025e-06 0)
(-1.21014e-05 1.35023e-06 0)
(-1.11813e-05 1.25017e-06 0)
(-1.03313e-05 1.15804e-06 0)
(-9.55085e-06 1.07179e-06 0)
(-8.83239e-06 9.906e-07 0)
(-8.1694e-06 9.13538e-07 0)
(-7.558e-06 8.4248e-07 0)
(-6.99108e-06 7.77437e-07 0)
(-6.46473e-06 7.17513e-07 0)
(-5.97775e-06 6.62267e-07 0)
(-5.52785e-06 6.10777e-07 0)
(-5.11166e-06 5.63141e-07 0)
(-4.72537e-06 5.19423e-07 0)
(-4.36485e-06 4.79763e-07 0)
(-4.02743e-06 4.43703e-07 0)
(-3.71304e-06 4.10154e-07 0)
(-3.42215e-06 3.78046e-07 0)
(-3.15523e-06 3.47704e-07 0)
(-2.90874e-06 3.19792e-07 0)
(-2.6812e-06 2.95286e-07 0)
(-2.46956e-06 2.74514e-07 0)
(-2.27013e-06 2.56492e-07 0)
(-2.08654e-06 2.39732e-07 0)
(-1.92094e-06 2.22274e-07 0)
(-1.77325e-06 2.03988e-07 0)
(-1.64148e-06 1.85727e-07 0)
(-1.52163e-06 1.69331e-07 0)
(-1.40369e-06 1.56066e-07 0)
(-1.29983e-06 1.42776e-07 0)
(-1.1879e-06 1.34485e-07 0)
(-1.10444e-06 1.19787e-07 0)
(-1.01197e-06 1.24699e-07 0)
(-0.000327846 1.20294e-05 0)
(-0.000303055 1.11194e-05 0)
(-0.000280105 1.027e-05 0)
(-0.00025889 9.48922e-06 0)
(-0.000239283 8.77153e-06 0)
(-0.000221158 8.10854e-06 0)
(-0.000204402 7.49606e-06 0)
(-0.000188911 6.93011e-06 0)
(-0.000174594 6.40671e-06 0)
(-0.000161362 5.92231e-06 0)
(-0.000149136 5.47393e-06 0)
(-0.000137837 5.05903e-06 0)
(-0.000127396 4.67528e-06 0)
(-0.000117746 4.32048e-06 0)
(-0.000108826 3.99261e-06 0)
(-0.000100581 3.68976e-06 0)
(-9.29573e-05 3.40994e-06 0)
(-8.59104e-05 3.15116e-06 0)
(-7.93977e-05 2.91164e-06 0)
(-7.33804e-05 2.6898e-06 0)
(-6.78218e-05 2.48446e-06 0)
(-6.26859e-05 2.29476e-06 0)
(-5.7938e-05 2.12013e-06 0)
(-5.35465e-05 1.95984e-06 0)
(-4.94837e-05 1.81268e-06 0)
(-4.57269e-05 1.67692e-06 0)
(-4.22559e-05 1.55076e-06 0)
(-3.90516e-05 1.43307e-06 0)
(-3.60934e-05 1.3236e-06 0)
(-3.33607e-05 1.22257e-06 0)
(-3.08335e-05 1.12994e-06 0)
(-2.84945e-05 1.04516e-06 0)
(-2.63305e-05 9.67218e-07 0)
(-2.43306e-05 8.94827e-07 0)
(-2.24843e-05 8.27314e-07 0)
(-2.07804e-05 7.64368e-07 0)
(-1.92074e-05 7.06022e-07 0)
(-1.77544e-05 6.52093e-07 0)
(-1.64115e-05 6.02208e-07 0)
(-1.51701e-05 5.55964e-07 0)
(-1.40221e-05 5.12942e-07 0)
(-1.29589e-05 4.73352e-07 0)
(-1.19745e-05 4.381e-07 0)
(-1.10642e-05 4.05716e-07 0)
(-1.02221e-05 3.75932e-07 0)
(-9.44513e-06 3.48238e-07 0)
(-8.73126e-06 3.21781e-07 0)
(-8.07476e-06 2.9697e-07 0)
(-7.46906e-06 2.72829e-07 0)
(-6.90881e-06 2.51274e-07 0)
(-6.38981e-06 2.32151e-07 0)
(-5.90856e-06 2.14476e-07 0)
(-5.46328e-06 1.98252e-07 0)
(-5.05174e-06 1.83032e-07 0)
(-4.67045e-06 1.6893e-07 0)
(-4.31581e-06 1.56085e-07 0)
(-3.98456e-06 1.44567e-07 0)
(-3.67501e-06 1.34146e-07 0)
(-3.38749e-06 1.2431e-07 0)
(-3.12184e-06 1.14512e-07 0)
(-2.87743e-06 1.05197e-07 0)
(-2.65117e-06 9.68807e-08 0)
(-2.44118e-06 8.99368e-08 0)
(-2.2456e-06 8.40305e-08 0)
(-2.06258e-06 7.85933e-08 0)
(-1.89524e-06 7.33889e-08 0)
(-1.74509e-06 6.74542e-08 0)
(-1.61114e-06 6.11142e-08 0)
(-1.49062e-06 5.50799e-08 0)
(-1.37976e-06 5.01921e-08 0)
(-1.27224e-06 4.70261e-08 0)
(-1.17241e-06 4.21783e-08 0)
(-1.0698e-06 3.94945e-08 0)
(-9.74418e-07 3.11625e-08 0)
(-9.58682e-07 3.73589e-08 0)
)
;

boundaryField
{
    leftWall
    {
        type            noSlip;
    }
    rightWall
    {
        type            noSlip;
    }
    lowerWall
    {
        type            noSlip;
    }
    atmosphere
    {
        type            noSlip;
    }
    defaultFaces
    {
        type            empty;
    }
    procBoundary2to1
    {
        type            processor;
        value           nonuniform List<vector> 
40
(
(0.000356402 1.31262e-05 0)
(0.000389442 4.37886e-05 0)
(0.000386597 7.42685e-05 0)
(0.000379581 0.000104559 0)
(0.00037011 0.000134167 0)
(0.000358327 0.00016292 0)
(0.000344298 0.000190662 0)
(0.000328106 0.000217221 0)
(0.000309859 0.000242423 0)
(0.000289676 0.00026609 0)
(0.00026769 0.000288066 0)
(0.000244045 0.000308213 0)
(0.000218894 0.000326417 0)
(0.000192392 0.000342591 0)
(0.00016469 0.000356649 0)
(0.000135966 0.000368483 0)
(0.000106412 0.000377997 0)
(7.62111e-05 0.000385148 0)
(4.55346e-05 0.000389894 0)
(1.45833e-05 0.000392187 0)
(-1.64202e-05 0.000392015 0)
(-4.72765e-05 0.000389414 0)
(-7.78278e-05 0.000384424 0)
(-0.000107908 0.000377048 0)
(-0.000137311 0.000367309 0)
(-0.000165832 0.00035529 0)
(-0.000193302 0.0003411 0)
(-0.00021958 0.000324815 0)
(-0.000244496 0.000306493 0)
(-0.000267859 0.00028624 0)
(-0.000289528 0.000264238 0)
(-0.000309407 0.00024066 0)
(-0.000327397 0.000215608 0)
(-0.000343359 0.00018919 0)
(-0.000357164 0.000161579 0)
(-0.000368746 0.000132982 0)
(-0.000378057 0.000103587 0)
(-0.000384934 7.35564e-05 0)
(-0.000387661 4.33448e-05 0)
(-0.000354694 1.29714e-05 0)
)
;
    }
    procBoundary2to3
    {
        type            processor;
        value           nonuniform List<vector> 
40
(
(7.50544e-07 1.63053e-08 0)
(9.01588e-07 9.30364e-08 0)
(9.12292e-07 1.60171e-07 0)
(8.8896e-07 2.2561e-07 0)
(8.52377e-07 3.11506e-07 0)
(8.21333e-07 3.91121e-07 0)
(7.8692e-07 4.48834e-07 0)
(7.39084e-07 5.04549e-07 0)
(6.87759e-07 5.81402e-07 0)
(6.46829e-07 6.61789e-07 0)
(6.13135e-07 7.12128e-07 0)
(5.64472e-07 7.38735e-07 0)
(4.94665e-07 7.65298e-07 0)
(4.13832e-07 8.01038e-07 0)
(3.32148e-07 8.47577e-07 0)
(2.59747e-07 8.91416e-07 0)
(1.92174e-07 9.248e-07 0)
(1.29078e-07 9.44666e-07 0)
(6.51261e-08 9.59432e-07 0)
(3.25051e-09 9.64562e-07 0)
(-6.7007e-08 9.50842e-07 0)
(-1.51132e-07 9.34136e-07 0)
(-2.34372e-07 9.27766e-07 0)
(-3.0935e-07 9.17004e-07 0)
(-3.83159e-07 9.02908e-07 0)
(-4.48766e-07 8.92138e-07 0)
(-4.97289e-07 8.67441e-07 0)
(-5.35359e-07 8.18151e-07 0)
(-5.82097e-07 7.50937e-07 0)
(-6.43537e-07 6.85408e-07 0)
(-7.1274e-07 6.36712e-07 0)
(-7.68355e-07 6.02237e-07 0)
(-8.00814e-07 5.5027e-07 0)
(-8.24841e-07 4.76912e-07 0)
(-8.52033e-07 4.03239e-07 0)
(-8.77537e-07 3.38857e-07 0)
(-8.9119e-07 2.65543e-07 0)
(-9.00821e-07 1.74543e-07 0)
(-9.22883e-07 8.60288e-08 0)
(-8.86859e-07 1.98836e-08 0)
)
;
    }
}


// ************************************************************************* //
