/*--------------------------------*- C++ -*----------------------------------*\
| =========                 |                                                 |
| \\      /  F ield         | OpenFOAM: The Open Source CFD Toolbox           |
|  \\    /   O peration     | Version:  2606                                  |
|   \\  /    A nd           | Website:  www.openfoam.com                      |
|    \\/     M anipulation  |                                                 |
\*---------------------------------------------------------------------------*/
FoamFile
{
    version     2.0;
    format      ascii;
    arch        "LSB;label=32;scalar=64";
    class       volVectorField;
    location    "0.9";
    object      U;
}
// * * * * * * * * * * * * * * * * * * * * * * * * * * * * * * * * * * * * * //

dimensions      [0 1 -1 0 0 0 0];

internalField   nonuniform List<vector> 
1236
(
(1.20426858 -0.000227962907 -7.49482296e-16)
(1.21055762 -0.000557502066 4.5930908e-15)
(1.22147946 -0.00066119091 -1.70535989e-15)
(1.23390873 -0.000646852612 -2.30210279e-15)
(1.24551759 -0.000621768687 -1.89679534e-15)
(1.25600416 -0.000580219126 -6.33530587e-16)
(1.26557124 -0.000512316627 -3.61815477e-15)
(1.27409307 -0.000442279413 -7.69940265e-15)
(1.2814843 -0.000387143743 -7.60515191e-15)
(1.2879468 -0.000346554311 -6.04368732e-15)
(1.29378036 -0.000316949943 -8.69237048e-15)
(1.29920188 -0.000296424944 -1.05692434e-14)
(1.30433888 -0.000282780567 -1.4498403e-14)
(1.30927458 -0.000273403403 -1.20688711e-14)
(1.31406514 -0.000266296266 -1.32943809e-14)
(1.31874173 -0.000260286588 -1.13489013e-14)
(1.32331697 -0.000254717867 -9.30428482e-15)
(1.32779397 -0.000249242072 -7.63772378e-15)
(1.33217288 -0.000243760115 -6.27389588e-15)
(1.33645478 -0.000238419206 -5.19116851e-15)
(1.34064605 -0.000233715902 -4.25406437e-15)
(1.34476698 -0.000230829216 -3.46517857e-15)
(1.34887078 -0.000232655586 -2.82203844e-15)
(1.35309138 -0.000245961138 -2.30393827e-15)
(1.35774323 -0.000287496647 -1.88123528e-15)
(1.3635845 -0.000394012777 -1.52774493e-15)
(1.37215805 -0.000639633337 -1.22677139e-15)
(1.38670937 -0.00113262829 -9.70578755e-16)
(1.41111604 -0.00191550388 -7.53056199e-16)
(1.4508606 -0.00246449869 -5.79806448e-16)
(1.20427581 -0.000548085692 -3.19055204e-17)
(1.21060644 -0.00135327569 7.60170525e-17)
(1.22156955 -0.00161446949 4.08449266e-17)
(1.23401472 -0.00159143718 -4.57702324e-17)
(1.24562758 -0.00154100842 -1.927625e-17)
(1.25612014 -0.00144711616 -4.09260661e-16)
(1.26569145 -0.00128599763 1.07993931e-15)
(1.2742124 -0.00111696275 9.32363912e-16)
(1.28160059 -0.000982233182 1.96959741e-15)
(1.28806038 -0.000881849932 2.29451549e-15)
(1.29389178 -0.000807671699 4.0580554e-16)
(1.29931156 -0.000755402043 9.63024274e-16)
(1.30444733 -0.000719997658 2.19841546e-15)
(1.30938233 -0.000695271962 1.85379303e-15)
(1.31417255 -0.000676390853 2.50833542e-15)
(1.31884902 -0.000660466083 2.31008961e-15)
(1.32342425 -0.000645853391 2.34180853e-15)
(1.3279013 -0.000631650617 1.04678722e-15)
(1.33228025 -0.000617554566 6.87849951e-16)
(1.33656211 -0.00060386204 2.51614461e-16)
(1.34075312 -0.000591721061 1.15529173e-15)
(1.34487329 -0.000583923039 1.14108345e-15)
(1.34897513 -0.000587377731 9.11187685e-16)
(1.35319086 -0.000618234348 7.0593546e-16)
(1.35783102 -0.000716635624 5.92237065e-16)
(1.36364736 -0.00097096816 5.53171841e-16)
(1.37217058 -0.00156129001 5.47228579e-16)
(1.38666296 -0.00275518847 5.42267498e-16)
(1.41102554 -0.00466752052 5.25673989e-16)
(1.45101886 -0.00605137582 4.96479278e-16)
(1.2042934 -0.000918847272 -4.41630083e-17)
(1.21072498 -0.00225456831 2.25217395e-16)
(1.2217875 -0.0026683595 -8.42253459e-16)
(1.23426973 -0.00261925958 -1.08955576e-15)
(1.24589103 -0.0025314866 -9.70643104e-16)
(1.25639686 -0.00237014441 -8.59567643e-16)
(1.26597705 -0.00209823341 -7.59502438e-16)
(1.27449468 -0.00181605202 -6.83241311e-16)
(1.28187455 -0.00159258475 -5.94197756e-16)
(1.28832705 -0.00142700913 -4.92827196e-16)
(1.2941527 -0.00130541368 -4.19252695e-16)
(1.29956787 -0.00122033979 -3.52153781e-16)
(1.3047004 -0.00116320148 -2.85711438e-16)
(1.3096335 -0.00112362275 -2.51698365e-16)
(1.31442275 -0.0010935281 -2.31550452e-16)
(1.31909882 -0.00106812806 -1.991375e-16)
(1.32367394 -0.00104474472 -1.42756058e-16)
(1.32815103 -0.00102194276 -8.48142089e-17)
(1.33253003 -0.000999263981 -2.67225426e-17)
(1.33681176 -0.000977216913 2.09172582e-17)
(1.34100218 -0.000957682631 5.85263638e-17)
(1.34512061 -0.000945198195 8.03313175e-17)
(1.34921795 -0.000951007088 8.57581658e-17)
(1.35342258 -0.00100131063 8.62165695e-17)
(1.35803598 -0.00116176907 7.72401372e-17)
(1.36379513 -0.00157695431 6.57548873e-17)
(1.37220121 -0.00254685762 5.4046611e-17)
(1.38655824 -0.00452435438 3.98155295e-17)
(1.41080983 -0.00772298129 1.82811753e-17)
(1.45143751 -0.0101022919 -9.65169931e-18)
(1.20432304 -0.00132851697 -8.91183089e-17)
(1.21092223 -0.00323157091 4.38799476e-16)
(1.22214592 -0.00379748523 1.28125673e-15)
(1.2346857 -0.0037276568 1.46528187e-15)
(1.24632023 -0.00360959785 1.42383411e-15)
(1.25684793 -0.00337865779 1.29887838e-15)
(1.26644235 -0.00299085968 1.31905486e-15)
(1.27495451 -0.00259155436 6.9815037e-16)
(1.28232108 -0.00227556107 5.52833378e-16)
(1.28876204 -0.00204103948 5.42039114e-16)
(1.29457862 -0.0018688709 5.30397092e-16)
(1.29998658 -0.00174850099 5.04284696e-16)
(1.3051141 -0.0016676147 4.55698361e-16)
(1.31004431 -0.00161151343 4.19108252e-16)
(1.31483217 -0.00156876142 2.44427443e-16)
(1.31950768 -0.00153253447 6.84648526e-16)
(1.32408273 -0.0014990134 6.8267993e-16)
(1.32855995 -0.00146617438 5.97297491e-16)
(1.33293906 -0.00143339914 5.02101059e-16)
(1.33722063 -0.00140143825 5.26253381e-16)
(1.34141014 -0.00137295396 9.74504255e-17)
(1.34552584 -0.00135426858 6.9303813e-18)
(1.34961608 -0.00136100996 -3.48824384e-17)
(1.3538031 -0.00142929826 3.16127033e-17)
(1.35837387 -0.00165078939 -3.08929262e-16)
(1.36404114 -0.00222646439 -3.8752418e-16)
(1.37225582 -0.00358695434 -4.1833852e-16)
(1.38638895 -0.0063958006 -4.33186699e-16)
(1.41043732 -0.0110192437 -4.50518318e-16)
(1.45213126 -0.0146512158 -4.62968428e-16)
(1.20436832 -0.00178676821 -1.9218763e-18)
(1.21121664 -0.00428709156 4.37941148e-18)
(1.22267148 -0.00498704804 -4.34078505e-18)
(1.2352901 -0.00489320622 1.09593232e-16)
(1.24694426 -0.00474313602 -4.25369752e-16)
(1.2575045 -0.00442979693 -3.85110328e-16)
(1.26711881 -0.00391360319 -3.38292234e-16)
(1.27562272 -0.00338901442 -2.17949537e-16)
(1.28297038 -0.00297411449 -5.99098085e-16)
(1.28939488 -0.00266560249 -5.77674306e-16)
(1.2951984 -0.00243952977 -8.57644692e-16)
(1.30059598 -0.00228175876 -9.00286794e-16)
(1.30571627 -0.00217569055 -8.95159142e-16)
(1.31064231 -0.00210215237 -8.52272031e-16)
(1.31542814 -0.00204634063 -7.88987056e-16)
(1.32010289 -0.00199933174 -7.25312164e-16)
(1.32467787 -0.0019560342 -6.84417973e-16)
(1.32915534 -0.00191367006 -6.66784713e-16)
(1.33353469 -0.00187128977 -6.59859701e-16)
(1.3378161 -0.00182973423 -6.50390854e-16)
(1.34200442 -0.00179232069 -6.29665362e-16)
(1.34611639 -0.00176701825 -5.9308717e-16)
(1.35019685 -0.00177365234 -5.5112798e-16)
(1.3543595 -0.00185754621 -5.08252417e-16)
(1.35887091 -0.00213589524 -4.65560843e-16)
(1.36440895 -0.00286310084 -4.26912342e-16)
(1.37234728 -0.00461119306 -3.92476153e-16)
(1.38615359 -0.0082830006 -3.55772722e-16)
(1.40985309 -0.0144939588 -3.06733683e-16)
(1.45319479 -0.0197549866 -2.35022928e-16)
(1.20443483 -0.00231084009 8.57861509e-19)
(1.21163463 -0.00543565137 -4.25496984e-18)
(1.22339946 -0.00624008217 1.1615026e-17)
(1.23611733 -0.00612249185 -5.04870067e-17)
(1.24779906 -0.00594164503 2.21905158e-16)
(1.25840445 -0.00553307832 2.53585439e-16)
(1.26804401 -0.00487793179 3.37220744e-16)
(1.27653601 -0.00422316009 3.71758407e-16)
(1.2838585 -0.00370615791 3.38732452e-16)
(1.29026112 -0.00332187303 2.86704699e-16)
(1.2960473 -0.0030419406 2.51691037e-16)
(1.30143124 -0.00284760001 2.60759394e-16)
(1.30654221 -0.00271680678 2.146222e-16)
(1.31146298 -0.0026254561 4.75914641e-16)
(1.31624637 -0.00255542875 5.24416459e-16)
(1.32092038 -0.00249600478 5.12509739e-16)
(1.32549557 -0.00244122236 5.00568789e-16)
(1.32997374 -0.00238791234 4.84551011e-16)
(1.33435383 -0.00233502441 4.80934436e-16)
(1.33863551 -0.0022835657 4.12870015e-16)
(1.34282276 -0.0022374354 6.20725297e-16)
(1.3469304 -0.00220600357 7.16817715e-16)
(1.35099879 -0.00221283178 5.39258167e-16)
(1.35513053 -0.00231102768 4.03129533e-16)
(1.35956574 -0.00264190532 6.12531875e-16)
(1.36493526 -0.00350620958 6.50872953e-16)
(1.37249966 -0.00563020083 6.30958448e-16)
(1.38585511 -0.0101768911 5.98017459e-16)
(1.40896948 -0.01819868 5.75234559e-16)
(1.45475468 -0.025729234 5.67135587e-16)
(1.20453136 -0.00292671818 -1.749042e-18)
(1.21221441 -0.00669507393 4.35829162e-18)
(1.22437705 -0.00756043991 1.66415365e-17)
(1.23721232 -0.00742383917 2.2919016e-17)
(1.24893257 -0.00721287942 4.86924851e-17)
(1.25959888 -0.00669158428 -1.02514108e-17)
(1.2692694 -0.00588387416 3.06466491e-16)
(1.27774572 -0.0050908282 6.97931375e-17)
(1.28503705 -0.00446410549 2.73811457e-17)
(1.29141262 -0.00399779405 2.24677893e-17)
(1.29717749 -0.00366099952 2.38416322e-16)
(1.30254522 -0.00343021897 4.00525931e-16)
(1.30764563 -0.00327691262 4.70989257e-16)
(1.31256092 -0.00317084121 4.0430187e-16)
(1.31734215 -0.0030893536 5.92539342e-16)
(1.32201577 -0.00301896969 3.97676993e-16)
(1.32659139 -0.00295236494 3.78819605e-16)
(1.33107016 -0.00288594744 1.75976868e-16)
(1.33545052 -0.00281881331 1.51903786e-16)
(1.33973152 -0.00275248724 1.27746947e-16)
(1.34391616 -0.0026917671 3.53522905e-16)
(1.3480169 -0.0026475668 4.35263967e-16)
(1.35206875 -0.00264700064 4.70452859e-16)
(1.35616072 -0.00274934581 4.7830321e-16)
(1.36050026 -0.00311837759 4.75073083e-16)
(1.36565747 -0.00408823007 4.64508305e-16)
(1.37273107 -0.00656103354 4.43065166e-16)
(1.38547679 -0.0119546462 4.16970059e-16)
(1.40756407 -0.0220330925 3.66680585e-16)
(1.45694946 -0.0330273177 3.63473577e-16)
(1.20467207 -0.00367365796 -4.55181713e-17)
(1.21301182 -0.00808395851 2.29029789e-16)
(1.22566839 -0.00895117082 2.91142458e-16)
(1.23863647 -0.00880561019 2.99091349e-16)
(1.25041345 -0.00856201023 2.81518986e-16)
(1.26116341 -0.00790794968 2.55163481e-16)
(1.27087332 -0.00693746114 2.50988755e-16)
(1.27933151 -0.00600306019 1.85451817e-16)
(1.2865856 -0.00526221677 3.85942813e-16)
(1.29292656 -0.00470687321 2.30602708e-16)
(1.29866167 -0.00430453926 2.40292932e-16)
(1.30400456 -0.00402824656 2.55374013e-16)
(1.30908607 -0.00384509728 2.20529638e-16)
(1.31398773 -0.0037208246 3.84314278e-16)
(1.31875856 -0.00362913136 4.44621128e-16)
(1.32342317 -0.0035533685 4.78917254e-16)
(1.32799001 -0.00348376378 4.72848119e-16)
(1.33245958 -0.00341504658 4.73226667e-16)
(1.33682989 -0.00334531348 2.9057358e-16)
(1.34109956 -0.00327567739 1.94198659e-16)
(1.34527067 -0.00321108266 3.64685289e-16)
(1.3493533 -0.00316327423 2.91191418e-16)
(1.35337643 -0.00316199968 3.1034554e-16)
(1.35741339 -0.00326989902 1.53949852e-16)
(1.36163267 -0.00367069219 2.41377259e-16)
(1.36652915 -0.00470798814 2.76705806e-16)
(1.37296851 -0.00748840464 1.80959324e-16)
(1.38493402 -0.01365463 1.16066738e-16)
(1.40515034 -0.0259638028 7.17560739e-17)
(1.46020417 -0.0419886345 5.57624898e-17)
(1.20488008 -0.0046122293 -3.22822359e-17)
(1.21411086 -0.00962026114 1.57452226e-16)
(1.22736465 -0.0104220894 1.92609565e-16)
(1.2404764 -0.0102816908 2.66539524e-16)
(1.25232754 -0.00998595121 5.86422801e-17)
(1.26316633 -0.0091643708 2.30441428e-18)
(1.27289019 -0.00801430121 1.17487841e-17)
(1.28128743 -0.00693730888 1.57177499e-17)
(1.28845635 -0.00609137787 1.23200596e-17)
(1.29471451 -0.00546261175 1.21094221e-17)
(1.30037387 -0.00500929883 1.69859073e-17)
(1.30564998 -0.00469281976 2.37594165e-17)
(1.310676 -0.00447264818 2.82715415e-17)
(1.31553399 -0.00431196132 3.11426949e-17)
(1.32027228 -0.00418448299 3.26048758e-17)
(1.32491481 -0.0040743149 3.25064728e-17)
(1.32946987 -0.00397241751 2.98338242e-17)
(1.333938 -0.00387398265 2.57196282e-17)
(1.33831719 -0.00377731294 2.12956276e-17)
(1.3426057 -0.00368360619 1.59392394e-17)
(1.34680453 -0.00359792066 1.87782037e-17)
(1.35092081 -0.00353233001 2.55068208e-17)
(1.3549769 -0.0035183061 3.42504539e-17)
(1.35902887 -0.00361866691 4.16101739e-17)
(1.36320459 -0.00403520325 4.80930544e-17)
(1.36792076 -0.00508709295 5.35930065e-17)
(1.37372497 -0.00811923901 5.85036076e-17)
(1.38514845 -0.0149290025 6.26969355e-17)
(1.40261228 -0.0302401994 7.56800105e-17)
(1.46912512 -0.052711833 7.49433498e-17)
(1.20519675 -0.00583511829 1.57814522e-20)
(1.21563085 -0.0113166023 -6.13872998e-19)
(1.22952068 -0.0120161396 -3.25555047e-18)
(1.2426382 -0.0119228172 1.8638882e-18)
(1.25437555 -0.0115417003 -5.93468983e-18)
(1.26508692 -0.0104971506 -1.54929236e-17)
(1.27462642 -0.00911379513 -2.29138238e-17)
(1.2828305 -0.00783753296 -2.97314641e-17)
(1.28986516 -0.00684110842 -3.53795179e-17)
(1.29607261 -0.00612503046 -4.29486401e-17)
(1.30176263 -0.0056437294 -4.3373569e-17)
(1.30714444 -0.00533934715 -3.99127291e-17)
(1.31234528 -0.00515088134 -3.52244113e-17)
(1.31744055 -0.00502677603 -3.06964501e-17)
(1.32247126 -0.00493216758 -2.58754983e-17)
(1.32745407 -0.00484725941 -2.13736363e-17)
(1.33239001 -0.00476204077 -1.44878712e-17)
(1.33727213 -0.00467223442 -1.49633261e-17)
(1.34209062 -0.00457727879 -5.03289183e-18)
(1.34683578 -0.00447968328 -5.34491521e-17)
(1.35150057 -0.0043857411 1.41688602e-16)
(1.35608305 -0.00430886314 1.84346708e-16)
(1.36059696 -0.00428224402 1.89223305e-16)
(1.36507747 -0.00436868003 1.78994232e-16)
(1.36964058 -0.00478890267 1.66186566e-16)
(1.37460977 -0.0057902891 1.56504913e-16)
(1.38029765 -0.00907175882 1.48481721e-16)
(1.39204712 -0.0158474283 1.3500272e-16)
(1.40650005 -0.0370271163 1.2102658e-16)
(1.49565588 -0.0716442613 1.0137188e-17)
(1.20570492 -0.00746645974 -3.45125118e-18)
(1.21755726 -0.013068902 9.70030226e-18)
(1.23164039 -0.0136139661 1.39250755e-17)
(1.24420187 -0.0136099085 9.88889229e-17)
(1.25562985 -0.0131285098 -1.8159734e-16)
(1.26653612 -0.0119070325 -2.08889487e-16)
(1.27667882 -0.0103701628 -1.74460111e-16)
(1.28578766 -0.00893042247 -1.51212287e-16)
(1.29393088 -0.00774725777 -1.29577583e-16)
(1.30135656 -0.00684573909 -1.73983077e-16)
(1.3083031 -0.00620472539 3.10705969e-17)
(1.31493246 -0.00577807812 8.59878639e-17)
(1.32133635 -0.00550608213 1.0385706e-16)
(1.32755747 -0.00533207449 1.11016697e-16)
(1.3336059 -0.00521313708 1.1827863e-16)
(1.33947104 -0.00512142321 1.15166127e-16)
(1.34513199 -0.00504031728 1.63716696e-16)
(1.35056546 -0.00496068294 -1.08251313e-17)
(1.35575086 -0.00487860944 -4.52190325e-17)
(1.36067274 -0.00479452996 -9.50075273e-17)
(1.36532223 -0.00471331224 5.29744458e-17)
(1.36969758 -0.00464824026 1.03035514e-16)
(1.37381324 -0.00463115483 -2.14629365e-17)
(1.37768504 -0.0047224817 -1.87622039e-16)
(1.38143154 -0.00516433725 -2.2506115e-16)
(1.38509284 -0.00605160324 -2.27985593e-16)
(1.38903048 -0.00967610929 -2.21339082e-16)
(1.39587024 -0.0147951727 -2.08535678e-16)
(1.40241747 -0.042201492 -2.08704145e-16)
(1.49402946 -0.109841389 -1.24479168e-16)
(1.20635033 -0.00959126365 -4.05031536e-17)
(1.22144484 -0.0144977819 2.07592765e-16)
(1.23958091 -0.0147704079 2.48875543e-16)
(1.25766452 -0.0149574376 2.17890255e-16)
(1.27512243 -0.0144862584 1.85200694e-16)
(1.29061905 -0.0133300583 1.55692735e-16)
(1.30288461 -0.0119969167 1.31202399e-16)
(1.31163396 -0.0108117378 1.19242701e-16)
(1.31734936 -0.00986780704 1.0957012e-16)
(1.32073818 -0.00915438408 9.76175952e-17)
(1.32240716 -0.00862970578 8.69265149e-17)
(1.32278079 -0.0082427534 7.71944101e-17)
(1.32213621 -0.00794230969 6.61949885e-17)
(1.32065894 -0.00768623971 5.6298372e-17)
(1.31848279 -0.00744596318 4.81182713e-17)
(1.31571177 -0.00720571421 2.91312662e-17)
(1.31243227 -0.00695842989 5.52272647e-17)
(1.30871973 -0.00670227314 -1.09558876e-16)
(1.30464148 -0.00643867839 -1.45002651e-16)
(1.30025722 -0.00617159613 -1.92535027e-16)
(1.29561612 -0.00590764333 -5.0666366e-17)
(1.29075667 -0.00565910337 -2.61194991e-17)
(1.28567795 -0.00545326043 -2.03100808e-17)
(1.28036514 -0.00532797922 -1.80248825e-17)
(1.27457 -0.0055065862 -1.60893426e-17)
(1.2678648 -0.00588752369 -1.42636037e-17)
(1.25978027 -0.00866876593 -1.26667051e-17)
(1.24094979 -0.0110009059 -1.77925821e-17)
(1.23843382 -0.0268515749 -2.4877413e-17)
(1.17002102 -0.145080798 -5.65881483e-17)
(1.20835804 -0.0113974448 5.57138506e-18)
(1.24373156 -0.0165217081 -2.78010866e-17)
(1.28710665 -0.0174190506 -1.51871948e-16)
(1.32200223 -0.017937922 -2.91713042e-16)
(1.34019161 -0.0170083358 -1.49033648e-16)
(1.34066836 -0.0149220914 -2.60753399e-16)
(1.32708127 -0.0125157932 -3.18730518e-16)
(1.30450085 -0.0103308662 -1.69104497e-16)
(1.27733248 -0.00857981838 -1.07557623e-16)
(1.24860006 -0.00727730226 -8.4663333e-17)
(1.2200486 -0.00634896486 -8.2359427e-17)
(1.19253207 -0.0056953842 -1.55606584e-16)
(1.16638889 -0.00522386416 -2.34359748e-16)
(1.14170189 -0.0048632562 -2.0751545e-16)
(1.11844453 -0.00456621677 -2.39396176e-16)
(1.09655063 -0.0043050309 -2.58225946e-16)
(1.07594469 -0.00406471062 -2.34632503e-16)
(1.05655377 -0.00383777471 -2.99074531e-16)
(1.03831009 -0.00362122787 -2.64791932e-16)
(1.02114964 -0.00341508562 -2.51266588e-16)
(1.00500573 -0.00322203276 -1.40297195e-16)
(0.989806958 -0.0030489396 -1.488813e-16)
(0.975439596 -0.00291565515 -6.08771063e-17)
(0.961749485 -0.00284257384 -5.40523797e-17)
(0.94842944 -0.00301191264 -5.1473794e-17)
(0.934127519 -0.00325684802 -5.389149e-17)
(0.921148677 -0.00535053053 -3.77650408e-17)
(0.884626889 -0.0055046599 -1.3520811e-16)
(0.913676198 -0.0136414842 -1.51722322e-16)
(0.591503111 -0.119169336 -1.10889217e-16)
(1.21629176 -0.0127912675 1.26355842e-17)
(1.26853371 -0.0180364263 -1.02109909e-16)
(1.31404191 -0.0186643704 -1.76121153e-16)
(1.33815176 -0.0186476481 -2.88802294e-16)
(1.33977006 -0.0171088274 -2.06880031e-16)
(1.32403166 -0.0145119833 -2.60175406e-16)
(1.29749852 -0.0117586697 -2.64416528e-16)
(1.26555176 -0.00937865505 -1.66572061e-16)
(1.23176044 -0.00754407677 -1.20763458e-16)
(1.19817011 -0.00622878803 -1.06582341e-16)
(1.16579922 -0.00532682063 -1.36830879e-16)
(1.13506567 -0.00471784281 -1.67197489e-16)
(1.10608016 -0.00429723006 -2.00667046e-16)
(1.07881732 -0.00398799631 -2.09700835e-16)
(1.0532016 -0.00374066017 -1.99098018e-16)
(1.02914347 -0.00352678463 -3.06426069e-16)
(1.00655426 -0.00333123522 -2.75408153e-16)
(0.985351336 -0.00314666016 -2.5822308e-16)
(0.965458072 -0.00297021032 -2.41121665e-16)
(0.946801376 -0.00280195586 -2.33677092e-16)
(0.929304567 -0.00264440378 -1.93034834e-16)
(0.912885536 -0.00250360746 -1.80072857e-16)
(0.897416015 -0.00239768966 -1.10111223e-16)
(0.882719724 -0.00234354325 -7.0284757e-17)
(0.868487691 -0.00250376856 -5.92447031e-17)
(0.853115806 -0.00273961257 -6.35442217e-17)
(0.839696564 -0.00450996945 -4.75671864e-17)
(0.799598763 -0.00495335898 -1.17256462e-16)
(0.831203377 -0.00980327533 -7.6074571e-17)
(0.52896966 -0.0922456136 -1.25756161e-16)
(1.25684488 -0.0174233902 1.222313e-18)
(1.31758702 -0.0227144997 -2.82075437e-18)
(1.32307378 -0.0209329072 -1.11586718e-17)
(1.29118511 -0.018576208 -2.74563318e-17)
(1.24053488 -0.0155477482 -4.01114888e-17)
(1.18478054 -0.012220274 -4.65154076e-17)
(1.13157873 -0.00923180315 -1.01707264e-16)
(1.08394207 -0.00687743955 8.02283607e-17)
(1.0422269 -0.00516936172 -9.14876726e-17)
(1.00562939 -0.0040005979 -1.46744779e-16)
(0.973047165 -0.00323749302 -3.00962717e-16)
(0.943495023 -0.00275632346 -2.6813362e-16)
(0.916251485 -0.00245542108 -2.13008329e-16)
(0.890852745 -0.00225807922 -1.81105535e-16)
(0.867024515 -0.00211666297 -1.60388819e-16)
(0.844606524 -0.00200411455 -1.63536496e-16)
(0.823499379 -0.00190556948 -1.65733816e-16)
(0.803633588 -0.00181348324 -1.6704954e-16)
(0.784952103 -0.00172471034 -1.67490053e-16)
(0.767400587 -0.00163894016 -1.68778262e-16)
(0.750916694 -0.00155812395 -1.61216493e-16)
(0.735429065 -0.00148675901 -1.72971274e-16)
(0.720809833 -0.00143936118 -2.61109131e-17)
(0.706864659 -0.00142792254 -3.75302879e-17)
(0.693327876 -0.0015705777 -7.23079646e-17)
(0.678063676 -0.00180620734 -9.26468329e-17)
(0.665884498 -0.00297103999 -6.43119916e-17)
(0.621412473 -0.00397247638 -2.20665391e-16)
(0.65625366 -0.00322827706 -2.16737218e-16)
(0.408582515 -0.0556436841 -1.21484138e-16)
(1.12887299 -0.0112171549 -5.88356441e-21)
(0.988090471 -0.0141496554 5.36581418e-21)
(0.857274689 -0.0114609097 -7.19483241e-20)
(0.741129607 -0.00840990967 -4.19673477e-19)
(0.645586259 -0.00549030403 -2.11275948e-18)
(0.572277586 -0.00303443538 -6.6137925e-19)
(0.518481565 -0.0013452257 -2.04043683e-17)
(0.479731462 -0.000383641539 6.01981505e-17)
(0.451737844 7.03719551e-05 -3.6242906e-16)
(0.431045667 0.000231153861 -4.3645365e-16)
(0.415072458 0.000244495237 6.69696235e-17)
(0.402007412 0.00019508176 1.35533919e-16)
(0.390682619 0.000128996529 1.07483675e-16)
(0.38041129 7.31859261e-05 5.86713065e-17)
(0.370824938 3.33186114e-05 1.73380463e-17)
(0.361740161 6.16916157e-06 -1.1065892e-17)
(0.353072172 -1.2309014e-05 -2.9417969e-17)
(0.344785817 -2.51313526e-05 -4.17068652e-17)
(0.336868075 -3.4433962e-05 -5.00355549e-17)
(0.329312637 -4.19098242e-05 -5.32298334e-17)
(0.322105383 -4.93997126e-05 -6.58375642e-17)
(0.315223609 -5.93241246e-05 -3.35511587e-18)
(0.308588612 -7.84940179e-05 -3.92810638e-16)
(0.302041508 -0.000115663345 -3.47087296e-16)
(0.295474628 -0.00020695824 -2.41484717e-16)
(0.28644276 -0.000410234711 -1.62839388e-16)
(0.281513872 -0.00076446847 -1.05467062e-16)
(0.241644139 -0.00156363138 -8.32900106e-17)
(0.283561406 0.0019689085 -8.70712775e-17)
(0.164289251 -0.0142497861 -3.64414682e-17)
(1.47740617 -0.00241946901 -4.84763222e-16)
(1.48603544 -0.00217845659 -4.58408179e-16)
(1.49393631 -0.00183475847 -4.33348694e-16)
(1.47780188 -0.00592193601 4.76806093e-16)
(1.486522 -0.0053172609 4.69182387e-16)
(1.49446117 -0.004465167 4.6155668e-16)
(1.47880982 -0.00984814687 -2.64123513e-17)
(1.48773289 -0.00878794216 -3.12766646e-17)
(1.49574356 -0.00729070468 -3.6297282e-17)
(1.4805062 -0.0142539706 -4.68749793e-16)
(1.48977754 -0.0126270315 -4.68157592e-16)
(1.49790576 -0.0102951649 -4.71861733e-16)
(1.48314575 -0.0191351825 -2.08277801e-16)
(1.49296859 -0.0167492128 -1.97245799e-16)
(1.50126476 -0.0132688349 -1.88100777e-16)
(1.48707774 -0.0247129552 5.66016989e-16)
(1.49772658 -0.0212453383 5.63263482e-16)
(1.50623555 -0.0161351513 5.61244971e-16)
(1.49279345 -0.0313297724 3.61402478e-16)
(1.50459456 -0.0261719713 3.61685128e-16)
(1.51329284 -0.0186100539 3.58867603e-16)
(1.50168439 -0.0395030763 5.25985387e-17)
(1.51520184 -0.0318757146 5.346513e-17)
(1.52404069 -0.020454954 5.7639337e-17)
(1.52151804 -0.0490540605 7.10659406e-17)
(1.53861685 -0.0383063664 6.85594801e-17)
(1.54809577 -0.0223518758 6.61811424e-17)
(1.56761003 -0.0608145265 -3.24467475e-17)
(1.59051472 -0.0435352733 -3.76128206e-17)
(1.60118013 -0.0222501538 -4.11746254e-17)
(1.58389021 -0.0839549126 -9.49008287e-17)
(1.60539907 -0.0497522302 -9.35048378e-17)
(1.60845613 -0.00885100109 -9.31770618e-17)
(1.18469721 -0.134380274 -5.80947291e-17)
(1.16646482 -0.0998914264 -8.05611757e-17)
(1.12620104 -0.0595338203 -8.14298468e-17)
(1.51535908 -0.000250837485 -3.42203883e-16)
(1.51202473 0.000356866519 -2.32440807e-16)
(1.49058195 0.000390916829 -1.60131345e-16)
(1.47395357 0.000352300444 -9.82813618e-17)
(1.46555835 0.000224423406 -6.55518754e-17)
(1.46192673 9.24705792e-05 1.41920499e-17)
(1.46063402 2.76125777e-05 5.29442235e-17)
(1.46070555 2.26841413e-05 6.93481148e-17)
(1.46160594 1.55345063e-05 7.19578531e-17)
(1.4629398 6.06863546e-06 8.43374683e-17)
(1.46447184 -2.50649834e-06 6.14323627e-17)
(1.46608859 -9.32395723e-06 3.02486589e-17)
(1.46773521 -1.48815059e-05 -2.297159e-17)
(1.46938142 -1.95416388e-05 7.22948599e-17)
(1.47100901 -2.35314825e-05 -5.41543614e-16)
(1.47260754 -2.70165928e-05 -6.0884575e-16)
(1.47417149 -3.00932325e-05 -5.74193888e-16)
(1.47569789 -3.28293767e-05 -4.98747621e-16)
(1.47718511 -3.5278327e-05 -4.17894696e-16)
(1.47863237 -3.74783029e-05 -3.80267306e-16)
(1.48003946 -3.94587393e-05 -2.60232323e-16)
(1.48140658 -4.12449497e-05 -5.95514476e-16)
(1.48273413 -4.28590804e-05 -6.23273738e-16)
(1.48402271 -4.43204155e-05 -5.84079518e-16)
(1.48527301 -4.56458201e-05 -5.36946372e-16)
(1.48648579 -4.68500862e-05 -4.85822954e-16)
(1.4876619 -4.79461919e-05 -4.37658083e-16)
(1.4888022 -4.89455426e-05 -3.96005192e-16)
(1.48990759 -4.98581934e-05 -3.62034796e-16)
(1.49097897 -5.06930459e-05 -3.31102681e-16)
(1.49201726 -5.1458031e-05 -2.99249006e-16)
(1.49302337 -5.21602858e-05 -2.71907392e-16)
(1.49399823 -5.28063214e-05 -2.19227088e-16)
(1.49494273 -5.34022917e-05 -2.51299687e-16)
(1.4958578 -5.39541564e-05 -2.60328282e-16)
(1.49674432 -5.44685083e-05 -2.41605757e-16)
(1.49760326 -5.49520305e-05 -2.1499353e-16)
(1.49843538 -5.54156787e-05 -1.90509701e-16)
(1.49924225 -5.58663757e-05 -1.68615705e-16)
(1.50002297 -5.63325532e-05 -1.68341608e-16)
(1.50078507 -5.67904769e-05 -1.26628845e-16)
(1.50150825 -5.7341934e-05 -1.10130173e-16)
(1.50226305 -5.7700781e-05 -1.04758751e-16)
(1.50281357 -5.84165134e-05 -9.99215385e-17)
(1.50389918 -5.85873063e-05 -9.09811042e-17)
(1.51572886 -0.00067810065 4.14379288e-16)
(1.51218399 0.000796016976 3.23456166e-16)
(1.49069098 0.000902419407 2.457987e-16)
(1.47404932 0.000836525579 2.28580016e-16)
(1.46564607 0.000549965509 7.80847546e-17)
(1.46201789 0.000258571543 7.09556005e-16)
(1.46073459 1.51149458e-05 2.53517771e-16)
(1.46081092 -0.000155154264 1.71177562e-16)
(1.46171115 -0.000236356861 1.46481566e-16)
(1.46304484 -0.000275189867 2.72552428e-16)
(1.46457694 -0.000292571183 -1.77395925e-16)
(1.46619376 -0.000298560959 -2.9867109e-16)
(1.46784041 -0.000299142012 -2.66691423e-16)
(1.46948663 -0.000297099919 -4.56570659e-16)
(1.47111422 -0.000293777195 -5.02912427e-16)
(1.47271276 -0.000289899584 -4.90617705e-16)
(1.47427673 -0.000285826692 -4.707469e-16)
(1.47580316 -0.000281759946 -4.49329336e-16)
(1.47729042 -0.000277818967 -4.30880098e-16)
(1.47873773 -0.000274061377 -4.19324854e-16)
(1.48014488 -0.000270509322 -4.08299613e-16)
(1.48151206 -0.000267168107 -4.04646874e-16)
(1.48283968 -0.000264033802 -4.04834893e-16)
(1.48412833 -0.000261097393 -3.95990006e-16)
(1.48537869 -0.000258347669 -4.19837332e-16)
(1.48659155 -0.000255772788 -3.07381704e-16)
(1.48776772 -0.000253360993 -2.75777755e-16)
(1.48890809 -0.000251100961 -2.604021e-16)
(1.49001355 -0.000248981985 -2.70793183e-16)
(1.491085 -0.000246994078 -2.10226847e-16)
(1.49212336 -0.000245128052 -1.42551675e-16)
(1.49312954 -0.000243375624 -5.9603024e-17)
(1.49410446 -0.000241729531 -3.5324728e-17)
(1.49504902 -0.000240183893 -2.04767179e-17)
(1.49596415 -0.000238734404 -3.67190191e-17)
(1.49685072 -0.000237379964 -3.79765659e-17)
(1.49770972 -0.000236121633 -3.07399717e-17)
(1.49854189 -0.000234971018 -1.81650125e-17)
(1.4993488 -0.000233935189 -3.07506913e-17)
(1.50012956 -0.00023306221 -3.5815872e-17)
(1.50089168 -0.000232314947 -3.65943235e-17)
(1.50161493 -0.000231846582 -3.05468415e-17)
(1.50236966 -0.000231188944 -3.37552407e-17)
(1.50292052 -0.000231219914 -3.64413068e-17)
(1.50400528 -0.000229429574 -3.9394959e-17)
(1.51659733 -0.000996420911 -3.56519608e-17)
(1.51254426 0.00137953797 -4.75578579e-17)
(1.49094053 0.00152611192 1.21779492e-17)
(1.4742708 0.00139051992 -2.4406088e-16)
(1.46585215 0.000908232495 1.26786081e-17)
(1.46222429 0.000429192865 9.82808123e-17)
(1.4609444 0.000216202627 1.31692851e-16)
(1.46103211 0.000132047363 1.34182361e-16)
(1.4619451 6.67110901e-05 1.18858017e-16)
(1.46328548 1.28577694e-05 1.04420482e-16)
(1.46482131 -2.74788056e-05 7.53046618e-17)
(1.46644032 -5.67809109e-05 8.34875036e-17)
(1.46808833 -7.94664777e-05 -3.32196731e-17)
(1.46973547 -9.79432151e-05 -8.12874473e-17)
(1.47136374 -0.000113534475 9.82209874e-18)
(1.47296281 -0.000127056499 2.66269984e-17)
(1.47452721 -0.000138952897 7.45684676e-17)
(1.476054 -0.000149526599 1.93971653e-16)
(1.47754157 -0.000159008417 2.33618385e-16)
(1.47898914 -0.000167561471 2.22459933e-16)
(1.48039653 -0.000175307464 1.98804481e-16)
(1.48176392 -0.000182345268 1.76690481e-16)
(1.48309173 -0.000188756443 1.59038236e-16)
(1.48438054 -0.000194608781 1.41863844e-16)
(1.48563106 -0.000199959939 1.47971413e-16)
(1.48684406 -0.000204859973 7.61753133e-17)
(1.48802038 -0.000209352892 6.5351073e-17)
(1.48916087 -0.000213477716 5.00214752e-17)
(1.49026644 -0.000217269237 8.7976284e-17)
(1.491338 -0.000220758642 1.28162897e-16)
(1.49237645 -0.000223974072 1.36188591e-16)
(1.49338273 -0.000226941193 1.37828045e-16)
(1.49435773 -0.000229683745 1.37365156e-16)
(1.49530238 -0.000232224468 1.29599398e-16)
(1.49621758 -0.000234585721 1.46542156e-16)
(1.49710423 -0.000236792397 1.55088531e-16)
(1.49796328 -0.000238870621 1.61557996e-16)
(1.4987955 -0.000240861203 1.67072708e-16)
(1.49960244 -0.000242797752 1.71081358e-16)
(1.50038322 -0.000244772937 1.73397068e-16)
(1.50114534 -0.000246769773 1.73804683e-16)
(1.50186861 -0.000248973099 1.72235822e-16)
(1.50262341 -0.000250951168 1.68872813e-16)
(1.50317417 -0.000252949897 1.63720881e-16)
(1.50426057 -0.000254561805 1.51594371e-16)
(1.51803636 -0.00135536567 -3.63003045e-16)
(1.51314133 0.0019330332 -3.00620231e-16)
(1.49135827 0.00216862138 -2.34862896e-16)
(1.47464291 0.00195977101 -3.80919887e-16)
(1.46619952 0.00121994959 -3.79643245e-16)
(1.46259752 0.000441085706 -3.50107619e-16)
(1.46135554 -0.000141764384 -3.03692099e-16)
(1.46144988 -0.000456477727 -3.25186531e-16)
(1.46235616 -0.000597673662 -1.37466694e-16)
(1.46369421 -0.000665805319 -9.88309003e-17)
(1.4652301 -0.000695580744 -1.44958663e-16)
(1.46684965 -0.000703966883 1.82784087e-17)
(1.46849809 -0.000702075653 5.42372932e-17)
(1.47014557 -0.000695172867 5.20308908e-17)
(1.47177413 -0.000685916871 1.28937059e-16)
(1.47337345 -0.000675746518 1.93765935e-16)
(1.47493808 -0.000665354752 2.77607459e-16)
(1.47646509 -0.000655126615 2.31925314e-16)
(1.47795287 -0.000645277525 1.93154105e-16)
(1.47940065 -0.000635898368 2.15353451e-16)
(1.48080823 -0.000627018142 1.9614577e-16)
(1.48217581 -0.000618641005 2.18554444e-16)
(1.4835038 -0.0006107574 2.05515594e-16)
(1.48479279 -0.000603349032 1.91517199e-16)
(1.48604348 -0.000596392916 1.81517859e-16)
(1.48725665 -0.00058986399 1.74875969e-16)
(1.48843311 -0.000583736606 1.57025278e-16)
(1.48957376 -0.000577985416 1.83558142e-16)
(1.49067948 -0.000572585927 1.83645514e-16)
(1.49175117 -0.00056751487 2.12129482e-16)
(1.49278977 -0.000562750505 2.18714518e-16)
(1.49379617 -0.000558272958 2.15989505e-16)
(1.49477131 -0.000554064547 2.09709228e-16)
(1.49571608 -0.000550110667 2.02220763e-16)
(1.49663139 -0.000546400183 1.95374168e-16)
(1.49751815 -0.00054292929 1.87029115e-16)
(1.4983773 -0.000539698789 1.87677907e-16)
(1.4992096 -0.000536734377 1.87285045e-16)
(1.50001661 -0.000534051137 1.80345671e-16)
(1.50079743 -0.000531763096 1.77923076e-16)
(1.50155954 -0.000529805988 1.77797811e-16)
(1.50228291 -0.000528500405 1.75363736e-16)
(1.50303767 -0.000526995201 1.70611101e-16)
(1.50358917 -0.000526394313 1.65634525e-16)
(1.50467371 -0.00052249727 1.5580047e-16)
(1.52019475 -0.00159930079 -1.81342945e-16)
(1.51403333 0.00254541894 -1.78555187e-16)
(1.49198205 0.00294729445 -1.64647235e-16)
(1.47518768 0.00277615704 -1.5465837e-16)
(1.46669759 0.00196540469 -1.12733963e-16)
(1.46308552 0.00113836334 -1.98041325e-16)
(1.4618597 0.000663626934 -3.46535222e-16)
(1.46199689 0.000391124951 -3.67500278e-16)
(1.46293663 0.000213251566 -3.59080129e-16)
(1.46428956 8.54504325e-05 -3.41719643e-16)
(1.46583267 -4.49851777e-06 -3.24928712e-16)
(1.46745584 -6.84387169e-05 -3.05411712e-16)
(1.46910602 -0.000117274783 -2.83450954e-16)
(1.47075433 -0.000156608071 -2.6521011e-16)
(1.47238322 -0.000189561104 -2.3599986e-16)
(1.47398261 -0.000217942902 -2.64897564e-16)
(1.47554716 -0.000242779872 -2.77911246e-16)
(1.47707402 -0.000264811686 -2.33423131e-16)
(1.47856159 -0.000284578525 -2.1382813e-16)
(1.48000916 -0.000302440965 -2.45281412e-16)
(1.48141653 -0.000318651803 -2.36716798e-16)
(1.48278391 -0.000333406625 -2.78571497e-16)
(1.48411172 -0.000346864712 -2.91706479e-16)
(1.48540056 -0.00035915998 -2.8973745e-16)
(1.48665112 -0.000370408199 -2.82323367e-16)
(1.48786418 -0.000380711283 -2.64579391e-16)
(1.48904057 -0.000390159825 -2.7059857e-16)
(1.49018117 -0.000398834776 -2.7642199e-16)
(1.49128687 -0.000406808701 -2.55342045e-16)
(1.49235858 -0.000414146852 -2.21124092e-16)
(1.49339721 -0.000420908181 -2.10647061e-16)
(1.49440368 -0.000427146397 -2.08096476e-16)
(1.49537891 -0.000432910995 -1.84638461e-16)
(1.49632379 -0.000438248999 -1.73941535e-16)
(1.49723924 -0.000443205898 -1.71201737e-16)
(1.49812614 -0.000447831451 -1.61881243e-16)
(1.49898545 -0.000452175389 -1.40861949e-16)
(1.49981791 -0.00045631786 -1.35335291e-16)
(1.50062507 -0.000460313719 -1.33357501e-16)
(1.50140603 -0.000464368878 -1.27395494e-16)
(1.50216824 -0.000468412048 -1.26791926e-16)
(1.50289178 -0.000472989859 -1.25092178e-16)
(1.50364686 -0.000477001848 -1.25134162e-16)
(1.50419852 -0.000481240202 -1.25334445e-16)
(1.50528591 -0.000483973984 -1.25284134e-16)
(1.52323846 -0.00168889315 5.42414407e-16)
(1.51526998 0.00303042155 4.94085912e-16)
(1.49285298 0.00326004543 5.02505385e-16)
(1.47596011 0.00268080476 5.04219987e-16)
(1.46742391 0.00139227574 4.70631207e-16)
(1.46385215 0.00018243032 5.5501806e-16)
(1.46267275 -0.000580710783 5.79381356e-16)
(1.4628046 -0.000946208649 4.63210527e-16)
(1.46372996 -0.00110877266 3.16188952e-16)
(1.46507866 -0.00118700112 3.08167329e-16)
(1.4666219 -0.00121577829 1.95502778e-16)
(1.46824591 -0.00121621651 1.75017199e-16)
(1.46989683 -0.00120325309 1.69788323e-16)
(1.47154591 -0.00118415126 1.8856382e-16)
(1.47317571 -0.00116279336 1.10636936e-16)
(1.47477621 -0.00114100976 8.98898011e-17)
(1.4763421 -0.00111953264 8.64176408e-17)
(1.47787052 -0.00109878361 9.30685092e-17)
(1.47935987 -0.00107902272 6.18381412e-17)
(1.48080941 -0.00106036938 4.66117384e-17)
(1.48221897 -0.00104285875 3.99347558e-17)
(1.48358873 -0.00102647903 3.33212863e-17)
(1.48491909 -0.0010111892 2.94642446e-17)
(1.48621064 -0.000996931575 2.25263769e-17)
(1.48746406 -0.000983641159 4.33433434e-17)
(1.4886801 -0.000971251303 6.62997385e-17)
(1.48985959 -0.000959696781 1.02748309e-16)
(1.49100338 -0.000948915384 8.24844618e-17)
(1.49211235 -0.000938848702 7.74827028e-17)
(1.49318741 -0.000929442516 7.65752707e-17)
(1.49422945 -0.000920647044 7.60337641e-17)
(1.49523937 -0.000912417226 7.5635121e-17)
(1.49621809 -0.000904712979 7.70106453e-17)
(1.49716649 -0.000897500426 7.36885531e-17)
(1.49808547 -0.00089075192 8.62821582e-17)
(1.49897591 -0.000884452902 8.04846193e-17)
(1.49983874 -0.000878593404 7.53323161e-17)
(1.50067472 -0.000873212383 7.25225666e-17)
(1.50148532 -0.000868304243 6.96280785e-17)
(1.5022697 -0.000864119949 6.97912212e-17)
(1.50303517 -0.000860414311 6.89024049e-17)
(1.50376212 -0.000858273687 6.76191912e-17)
(1.50452051 -0.000855254252 6.63430798e-17)
(1.50507626 -0.000855162672 6.48888694e-17)
(1.50616658 -0.00084592622 6.15501398e-17)
(1.52722681 -0.00112302345 4.0390479e-16)
(1.51669684 0.00488822684 4.07942541e-16)
(1.49375393 0.00576465644 4.11204481e-16)
(1.47672025 0.00529124478 3.9265401e-16)
(1.46814251 0.00383670306 4.66618836e-16)
(1.46460274 0.00237869891 4.79233288e-16)
(1.46349808 0.0013770073 4.78468095e-16)
(1.46372563 0.00079656595 4.71975117e-16)
(1.46471669 0.000463045962 4.62633511e-16)
(1.46610351 0.000239287838 4.54479062e-16)
(1.46767503 8.53162134e-05 4.46531938e-16)
(1.46932311 -2.53264017e-05 4.39522848e-16)
(1.47099627 -0.00011018554 4.333637e-16)
(1.47266703 -0.000178291935 4.28306245e-16)
(1.47431848 -0.000235419905 4.22813818e-16)
(1.47594089 -0.000284886464 4.16775503e-16)
(1.477529 -0.000328491404 4.10915259e-16)
(1.47907992 -0.000367362645 4.01632446e-16)
(1.48059201 -0.000402237987 3.98247119e-16)
(1.48206445 -0.000433635837 3.63356468e-16)
(1.48349701 -0.000461972192 3.45043462e-16)
(1.4848898 -0.000487602296 3.30605527e-16)
(1.48624319 -0.000510831836 3.18502121e-16)
(1.48755768 -0.000531924824 3.09344352e-16)
(1.48883392 -0.00055111097 3.03342668e-16)
(1.49007262 -0.000568591524 2.99032075e-16)
(1.49127456 -0.000584543669 2.95561725e-16)
(1.49244055 -0.000599123888 2.92240541e-16)
(1.49357145 -0.000612470723 2.88530983e-16)
(1.49466812 -0.000624707178 2.85444872e-16)
(1.49573144 -0.00063594293 2.78670012e-16)
(1.49676229 -0.000646276475 2.83707736e-16)
(1.49776155 -0.000655797088 2.84901553e-16)
(1.49873011 -0.000664587835 2.70210108e-16)
(1.49966885 -0.00067272666 2.62188558e-16)
(1.50057862 -0.000680296615 2.56706481e-16)
(1.50146035 -0.000687372942 2.52482667e-16)
(1.50231478 -0.000694088996 2.46524835e-16)
(1.50314334 -0.000700484047 2.4712109e-16)
(1.50394524 -0.000707002648 2.44394681e-16)
(1.50472759 -0.000713217429 2.39619573e-16)
(1.50547114 -0.000721241113 2.36252831e-16)
(1.50624611 -0.000726879038 2.33114762e-16)
(1.50681661 -0.000737764418 2.30096799e-16)
(1.50793375 -0.000733600761 2.24829069e-16)
(1.53328023 -0.00218348408 2.68229583e-17)
(1.51933507 0.00285792037 4.03317821e-17)
(1.49571056 0.00323440822 4.29044143e-17)
(1.47849266 0.00243401415 1.03710274e-16)
(1.46989375 0.000908712775 1.14249738e-16)
(1.46648321 -0.000450245075 1.13386197e-16)
(1.46554673 -0.00121425416 1.18234307e-16)
(1.46590774 -0.00157036423 1.29458786e-16)
(1.46702284 -0.00173262624 1.4205845e-16)
(1.46853698 -0.00180912769 1.52154245e-16)
(1.47023632 -0.0018256451 1.58406335e-16)
(1.47200945 -0.00181004535 1.61298339e-16)
(1.47380439 -0.00177999427 1.62513094e-16)
(1.4755936 -0.00174330727 1.63085866e-16)
(1.47736007 -0.00170424597 1.66156564e-16)
(1.47909408 -0.001665006 1.6759541e-16)
(1.48079037 -0.00162704651 1.8326982e-16)
(1.48244603 -0.00159131946 1.46734811e-16)
(1.48405939 -0.00155820104 1.4173237e-16)
(1.48562961 -0.0015277017 1.28592858e-16)
(1.48715643 -0.00149968179 1.2055325e-16)
(1.48863997 -0.00147395278 1.13408946e-16)
(1.49008061 -0.00145031542 1.06092925e-16)
(1.4914789 -0.0014285758 9.96292651e-17)
(1.49283553 -0.001408553 1.00780897e-16)
(1.49415128 -0.00139008209 8.8052567e-17)
(1.49542699 -0.0013730147 8.7036454e-17)
(1.49666358 -0.00135721811 9.16095768e-17)
(1.49786197 -0.00134257392 8.00349674e-17)
(1.49902313 -0.00132897673 8.02865296e-17)
(1.50014803 -0.00131633292 8.15152864e-17)
(1.50123766 -0.00130455996 8.28335231e-17)
(1.50229299 -0.00129358562 8.44920782e-17)
(1.50331501 -0.00128334903 8.61898044e-17)
(1.5043047 -0.00127379923 8.75399778e-17)
(1.50526301 -0.00126490614 8.83392298e-17)
(1.50619095 -0.0012566382 8.85802167e-17)
(1.50708938 -0.00124905662 8.83031033e-17)
(1.50795973 -0.00124206237 8.77341342e-17)
(1.50880145 -0.00123623851 8.67881809e-17)
(1.50962123 -0.0012304935 8.66204105e-17)
(1.51040096 -0.00122915462 8.4914936e-17)
(1.51120967 -0.0012223326 8.37279447e-17)
(1.51181346 -0.00123665917 8.29585303e-17)
(1.51297675 -0.00119880567 8.24841364e-17)
(1.54936151 0.00256140937 6.19906374e-17)
(1.53049731 0.0104324644 5.52140153e-17)
(1.50583724 0.0107156157 5.43311446e-17)
(1.4883186 0.00874558514 4.19570809e-17)
(1.47967277 0.0059951554 9.42736672e-17)
(1.47638433 0.0036500372 1.05716858e-16)
(1.47563559 0.00205775274 1.1000878e-16)
(1.47621947 0.00116837706 1.12428035e-16)
(1.47755739 0.000667997837 1.13635098e-16)
(1.47928793 0.000333676136 1.13667583e-16)
(1.48119479 0.00010743957 1.11898617e-16)
(1.4831608 -5.47562383e-05 1.08451844e-16)
(1.48513198 -0.000180471055 1.07100094e-16)
(1.48708002 -0.000284931192 9.31559709e-17)
(1.4889878 -0.000374955028 1.34438767e-16)
(1.49084577 -0.000452404546 1.38098541e-16)
(1.49264915 -0.000518933425 1.32206644e-16)
(1.49439575 -0.000576526298 1.39086003e-16)
(1.49608486 -0.000626866357 9.69749135e-17)
(1.49771661 -0.000671217154 1.11807286e-16)
(1.49929173 -0.0007105333 1.15272929e-16)
(1.50081127 -0.000745559048 1.16005775e-16)
(1.50227654 -0.00077689011 1.151114e-16)
(1.50368899 -0.000805012585 1.13731184e-16)
(1.50505018 -0.00083032953 1.12766817e-16)
(1.5063617 -0.000853180023 1.12151658e-16)
(1.50762519 -0.000873852686 1.10788517e-16)
(1.50884227 -0.000892595283 1.08316985e-16)
(1.51001459 -0.000909621909 1.04962905e-16)
(1.51114374 -0.000925118715 1.01509276e-16)
(1.51223132 -0.000939248634 9.83533554e-17)
(1.51327886 -0.000952155495 9.64911694e-17)
(1.51428789 -0.000963967503 9.25473357e-17)
(1.51525986 -0.000974801813 9.74117712e-17)
(1.51619621 -0.000984765783 9.75688426e-17)
(1.51709832 -0.000993972594 9.60074883e-17)
(1.51796755 -0.00100251297 9.37777678e-17)
(1.51880516 -0.00101058437 9.08782145e-17)
(1.51961273 -0.00101811355 8.97235716e-17)
(1.52039046 -0.00102606228 8.35078029e-17)
(1.52114368 -0.00103242809 8.33381523e-17)
(1.52185904 -0.00104518252 8.36651132e-17)
(1.52259206 -0.00104439165 8.34796384e-17)
(1.52315164 -0.00109275225 8.31080939e-17)
(1.52419879 -0.0010374222 8.33201135e-17)
(1.59141569 -0.00357647741 -4.48309236e-17)
(1.56442948 0.00230841706 -4.76949491e-17)
(1.53716489 0.00376226552 -3.75033992e-17)
(1.51821275 0.00313672703 -6.62156696e-17)
(1.50848273 0.00131095524 -7.36479383e-17)
(1.50428609 -0.000498142713 -7.21683072e-17)
(1.50266139 -0.00160574953 -7.01173932e-17)
(1.50239487 -0.00212002208 -6.73623157e-17)
(1.50290899 -0.00232895629 -6.48763285e-17)
(1.50382427 -0.00242225323 -6.04896355e-17)
(1.50490427 -0.00244174417 -6.79638681e-17)
(1.50601875 -0.00241467521 -2.82943496e-17)
(1.50711111 -0.00235901135 -2.07348653e-17)
(1.50815627 -0.00229393927 -1.78618521e-17)
(1.50914284 -0.00223216006 -1.57935967e-17)
(1.51006674 -0.00217606803 -1.50698308e-17)
(1.5109278 -0.00212504798 -1.4486017e-17)
(1.51172809 -0.00207842336 -1.37793577e-17)
(1.51247076 -0.00203568522 -1.32722923e-17)
(1.51315939 -0.00199640715 -1.28259352e-17)
(1.51379765 -0.00196021043 -1.29574346e-17)
(1.51438913 -0.00192676077 -1.32289261e-17)
(1.51493728 -0.00189576729 -1.45775277e-17)
(1.51544531 -0.00186697688 -1.2239557e-17)
(1.51591625 -0.00184016867 -2.32024185e-17)
(1.51635289 -0.0018151502 -2.1973259e-17)
(1.51675785 -0.00179175379 -4.06080245e-17)
(1.51713351 -0.00176983287 -4.46467646e-17)
(1.51748211 -0.00174925876 -4.58578897e-17)
(1.51780569 -0.00172991811 -4.56645893e-17)
(1.51810614 -0.00171171095 -4.52240339e-17)
(1.5183852 -0.00169454932 -4.24489823e-17)
(1.51864448 -0.00167835637 -4.63109673e-17)
(1.51888547 -0.0016630671 -4.67900757e-17)
(1.51910952 -0.00164862658 -4.67365308e-17)
(1.51931791 -0.00163500353 -4.67161296e-17)
(1.5195118 -0.00162215561 -4.66401237e-17)
(1.51969228 -0.0016101777 -4.64079646e-17)
(1.5198604 -0.00159883014 -4.59507402e-17)
(1.52001696 -0.00158919769 -4.52970406e-17)
(1.5201633 -0.00157831135 -4.42397882e-17)
(1.52029807 -0.0015768689 -4.3793667e-17)
(1.52042898 -0.00155534114 -4.16722885e-17)
(1.52052945 -0.00160821233 -3.97709207e-17)
(1.52070497 -0.00151762286 -3.73174998e-17)
(1.58042557 0.0152318385 -9.44977869e-17)
(1.54861478 0.0176487387 -9.25389034e-17)
(1.52219405 0.013536463 -9.19445112e-17)
(1.50329105 0.00994365673 -8.2436513e-17)
(1.49205112 0.00675772852 -1.22055356e-16)
(1.48495725 0.00410760376 -1.32021447e-16)
(1.47954652 0.002363549 -1.36315717e-16)
(1.47483317 0.00133783945 -1.40953606e-16)
(1.47053011 0.000706592463 -1.42103359e-16)
(1.46648649 0.000341437419 -1.5322174e-16)
(1.46266395 8.80353221e-05 -1.11974992e-16)
(1.45902666 -0.000110426881 -9.93621682e-17)
(1.45556391 -0.000260000871 -9.35373842e-17)
(1.452267 -0.000364166922 -8.97305863e-17)
(1.44912651 -0.000438435974 -8.57496325e-17)
(1.44613415 -0.000494745699 -9.436915e-17)
(1.44328124 -0.000539644291 -6.00918925e-17)
(1.44055939 -0.000576545682 -6.0364438e-17)
(1.4379609 -0.000607455852 -4.06350024e-17)
(1.43547862 -0.000633695551 -3.30677489e-17)
(1.43310595 -0.000656179708 -5.59025578e-17)
(1.43083679 -0.000675575028 -6.38679291e-17)
(1.42866546 -0.000692391369 -6.76510447e-17)
(1.4265867 -0.000707029954 -7.36970361e-17)
(1.4245956 -0.000719812616 -6.68570661e-17)
(1.42268758 -0.000731002272 -6.47858211e-17)
(1.42085837 -0.000740817052 -6.44161956e-17)
(1.41910399 -0.000749439907 -5.80978414e-17)
(1.41742069 -0.000757025548 -5.54576782e-17)
(1.415805 -0.000763705817 -6.00583184e-17)
(1.41425362 -0.000769594019 -5.87538877e-17)
(1.41276348 -0.000774788529 -5.94704255e-17)
(1.41133168 -0.000779375918 -6.17050615e-17)
(1.4099555 -0.000783434661 -6.42885916e-17)
(1.40863237 -0.000787036451 -6.7054521e-17)
(1.40735987 -0.000790259574 -6.8044303e-17)
(1.40613568 -0.00079316194 -7.27940108e-17)
(1.40495768 -0.000795904231 -7.33824341e-17)
(1.40382354 -0.000798381521 -7.55678144e-17)
(1.40273225 -0.000801439563 -7.42507179e-17)
(1.40167756 -0.000803225416 -7.49727838e-17)
(1.40067382 -0.000809860346 -7.396122e-17)
(1.39965236 -0.000805789477 -7.20725847e-17)
(1.39885313 -0.000832844291 -7.11448773e-17)
(1.39739331 -0.000803409446 -6.99255961e-17)
(1.04362275 -0.00657973304 -1.69507017e-16)
(1.0253466 0.0155043579 -1.99574311e-16)
(1.02575452 0.0118962739 -2.07378886e-16)
(1.02886158 0.00767527584 -1.66552866e-16)
(1.03368766 0.00443986189 -1.52935127e-16)
(1.03690316 0.00194825213 -1.49931132e-16)
(1.03752816 0.000381096369 -1.48773491e-16)
(1.03650668 -0.000377965448 -1.46087548e-16)
(1.03477845 -0.000694919154 -1.41359416e-16)
(1.03274729 -0.000735691831 -1.35885759e-16)
(1.03060203 -0.000702783782 -1.31914246e-16)
(1.02842698 -0.000635050732 -1.26591335e-16)
(1.02627882 -0.000575862167 -1.39312574e-16)
(1.02418172 -0.000547373355 -8.76247822e-17)
(1.02213991 -0.000527839564 -1.27581258e-16)
(1.02015954 -0.000510156904 -1.29454151e-16)
(1.01824325 -0.00049397841 -1.57001283e-16)
(1.0163913 -0.00047925914 -2.0421752e-16)
(1.01460277 -0.000465923831 -2.06104457e-16)
(1.01287614 -0.000453895243 -2.00186067e-16)
(1.01120958 -0.000443052741 -1.96888832e-16)
(1.00960116 -0.000433260397 -1.9684535e-16)
(1.00804892 -0.000424390665 -1.96992222e-16)
(1.0065509 -0.000416329343 -1.9563203e-16)
(1.00510515 -0.000408975949 -1.92263463e-16)
(1.00370979 -0.000402243717 -1.87606668e-16)
(1.00236299 -0.000396058585 -1.82345841e-16)
(1.00106299 -0.000390357428 -1.79901462e-16)
(0.999808072 -0.000385086315 -1.69398562e-16)
(0.998596582 -0.000380199088 -1.53269264e-16)
(0.997426932 -0.00037565631 -1.49517051e-16)
(0.996297586 -0.000371424504 -1.50480274e-16)
(0.995207067 -0.000367475547 -1.50765941e-16)
(0.994153947 -0.000363787626 -1.52048474e-16)
(0.993136849 -0.000360342293 -1.44184914e-16)
(0.992154436 -0.000357138926 -1.46403824e-16)
(0.99120539 -0.000354155222 -1.45744176e-16)
(0.990288526 -0.000351479548 -1.45276291e-16)
(0.989402089 -0.000348969043 -1.44929396e-16)
(0.988546728 -0.000347088293 -1.45246541e-16)
(0.987713664 -0.000345317772 -1.4284592e-16)
(0.986927198 -0.000343230293 -1.40641986e-16)
(0.986098488 -0.000346530928 -1.38729185e-16)
(0.98551042 -0.00031584065 -1.36902287e-16)
(0.984316791 -0.000355308352 -1.3421106e-16)
(0.421467193 0.0116939118 -1.05043782e-16)
(0.631360794 0.0176235609 -1.71295034e-16)
(0.664936925 0.00985637683 -1.83660477e-16)
(0.670537173 0.00622521693 -1.9616907e-16)
(0.676453769 0.00397793595 -1.52806057e-16)
(0.680729967 0.00220740733 -1.52479519e-16)
(0.682213446 0.001129062 -9.17985681e-17)
(0.682261042 0.000609744805 -6.83634597e-17)
(0.681879996 0.000357038533 -6.14687819e-17)
(0.681238148 0.000197863795 -6.96013131e-17)
(0.680453872 0.000106345936 -9.05825113e-17)
(0.679547768 4.73122678e-05 -1.07154852e-16)
(0.678617227 3.0060603e-06 -1.39396051e-16)
(0.677689426 -2.3555025e-05 -1.40296062e-16)
(0.676751298 -4.34945852e-05 -1.17326229e-16)
(0.675803848 -5.75535057e-05 -1.03937132e-16)
(0.674852436 -6.83825683e-05 -1.04393419e-16)
(0.673902861 -7.70383412e-05 -1.06542191e-16)
(0.672960137 -8.40895126e-05 -1.39986663e-16)
(0.672028249 -8.99486298e-05 -1.06102571e-16)
(0.671110309 -9.48838514e-05 -9.88786975e-17)
(0.67020871 -9.90788368e-05 -1.3160669e-16)
(0.669325239 -0.000102669807 -1.30196812e-16)
(0.668461201 -0.000105760245 -1.35150983e-16)
(0.667617515 -0.000108430464 -1.34712287e-16)
(0.666794796 -0.000110744727 -1.28810011e-16)
(0.665993418 -0.000112755664 -1.34411263e-16)
(0.66521356 -0.000114506911 -1.29016364e-16)
(0.664455244 -0.000116034945 -1.30173804e-16)
(0.663718372 -0.000117370528 -1.27420945e-16)
(0.663002745 -0.000118539879 -1.22995187e-16)
(0.662308088 -0.000119565707 -1.20010919e-16)
(0.661634061 -0.000120467831 -1.18279274e-16)
(0.660980276 -0.000121265333 -1.16322029e-16)
(0.660346299 -0.000121973444 -1.14519508e-16)
(0.659731676 -0.000122619217 -1.09960958e-16)
(0.65913583 -0.000123200828 -1.07058763e-16)
(0.658558511 -0.000123808819 -1.05124364e-16)
(0.657997966 -0.000124349672 -1.04310293e-16)
(0.657457533 -0.00012505291 -1.0203062e-16)
(0.656923207 -0.000126217348 -1.00515067e-16)
(0.656434662 -0.0001240839 -9.9240725e-17)
(0.655875356 -0.000134430653 -9.76000831e-17)
(0.655565844 -8.15028419e-05 -9.73887004e-17)
(0.654753744 -0.000170216059 -9.6157803e-17)
(0.246598939 0.00497051194 -7.6839005e-17)
(0.496797215 0.0154722512 -1.39186976e-16)
(0.561792391 0.00922202355 -1.61702239e-16)
(0.578370668 0.00598612052 -2.02105401e-16)
(0.589373996 0.00385340415 -1.3601167e-16)
(0.597220452 0.00215942088 -1.51560874e-16)
(0.601152737 0.0011308212 -5.34674083e-17)
(0.602703792 0.000628389428 -4.65796111e-17)
(0.603264822 0.000375928001 -4.47378983e-17)
(0.603287342 0.000212157577 -6.1927072e-17)
(0.602999536 0.000115283107 -9.12199499e-17)
(0.602489872 4.17287076e-05 -1.10341556e-16)
(0.60186447 1.92132695e-06 -1.51027127e-16)
(0.601189746 -1.03765577e-05 -1.44525795e-16)
(0.600479602 -2.28231679e-05 -1.01865927e-16)
(0.599743721 -3.31073401e-05 -9.47070092e-17)
(0.598990073 -4.16255137e-05 -9.4305189e-17)
(0.598226063 -4.87211428e-05 -9.13569093e-17)
(0.597458008 -5.4671923e-05 -1.11351216e-16)
(0.596690987 -5.97344294e-05 -8.82184443e-17)
(0.595929037 -6.4086636e-05 -8.29819388e-17)
(0.595175343 -6.78544213e-05 -1.12843694e-16)
(0.594432374 -7.11341015e-05 -1.11813592e-16)
(0.593702024 -7.40008356e-05 -1.25042255e-16)
(0.592985727 -7.65144754e-05 -1.21143255e-16)
(0.592284555 -7.87241676e-05 -1.14818347e-16)
(0.591599282 -8.06711397e-05 -1.15448592e-16)
(0.590930445 -8.23902983e-05 -1.12684948e-16)
(0.59027839 -8.39113547e-05 -1.24494079e-16)
(0.589643305 -8.52597739e-05 -1.19250329e-16)
(0.589025256 -8.64575653e-05 -1.13332842e-16)
(0.588424202 -8.75240443e-05 -1.11128785e-16)
(0.587840024 -8.84762081e-05 -1.10019873e-16)
(0.58727253 -8.9330664e-05 -1.07353955e-16)
(0.586721471 -9.01005956e-05 -1.00134894e-16)
(0.586186566 -9.08095423e-05 -9.80875264e-17)
(0.585667371 -9.14576386e-05 -9.66956801e-17)
(0.585163863 -9.21139661e-05 -9.49804828e-17)
(0.584674157 -9.27411443e-05 -9.4388617e-17)
(0.584202521 -9.33638639e-05 -9.37709607e-17)
(0.583732844 -9.4864352e-05 -9.08199868e-17)
(0.583310481 -9.18705831e-05 -8.95153538e-17)
(0.582807666 -0.000104369058 -8.8129189e-17)
(0.582561528 -4.86302848e-05 -8.80526296e-17)
(0.581832222 -0.000139423815 -8.69473658e-17)
(0.0230682421 -0.00848552988 -4.53510942e-17)
(0.249783649 0.00837450661 -1.06006997e-16)
(0.352300286 0.00696187659 -1.17922917e-16)
(0.397406659 0.00519381961 -2.33198882e-16)
(0.424477919 0.00339212895 -1.8231e-16)
(0.441066059 0.0018614529 -1.58962528e-16)
(0.449861635 0.000945421966 -3.71132029e-17)
(0.454227681 0.000507175037 -2.50452176e-17)
(0.4565265 0.000293282831 -1.99781442e-17)
(0.457710783 0.000163770396 -7.90489443e-17)
(0.458254781 9.36526958e-05 -1.29117717e-16)
(0.458384482 4.94547616e-05 -1.40596838e-16)
(0.458266233 2.70244289e-05 -1.26601497e-16)
(0.458010925 8.00592842e-06 -1.1313434e-16)
(0.4576669 -5.43158859e-06 -9.4699824e-17)
(0.457265093 -1.44672913e-05 -8.19460149e-17)
(0.456823698 -2.06973783e-05 -7.70810533e-17)
(0.456355092 -2.52927842e-05 -6.78010046e-17)
(0.455868131 -2.89088396e-05 -8.75676173e-17)
(0.455369409 -3.18782543e-05 -8.09590068e-17)
(0.454864047 -3.43764741e-05 -6.90132998e-17)
(0.454356082 -3.65102208e-05 -6.94553231e-17)
(0.453848696 -3.83525929e-05 -7.1267438e-17)
(0.453344394 -3.99556079e-05 -7.68298421e-17)
(0.45284515 -4.13576986e-05 -8.08375005e-17)
(0.45235252 -4.25887726e-05 -8.21749909e-17)
(0.451867722 -4.36730454e-05 -8.33533337e-17)
(0.451391695 -4.46305425e-05 -8.30968807e-17)
(0.450925157 -4.54780399e-05 -8.50298537e-17)
(0.450468642 -4.622978e-05 -8.63565163e-17)
(0.450022533 -4.68980165e-05 -8.3922342e-17)
(0.449587091 -4.74935483e-05 -9.23807363e-17)
(0.449162473 -4.80258585e-05 -9.26341479e-17)
(0.448748755 -4.85046157e-05 -8.15857801e-17)
(0.448345926 -4.89373658e-05 -7.75077642e-17)
(0.447953956 -4.93382261e-05 -7.55892971e-17)
(0.447572558 -4.97122211e-05 -7.46375424e-17)
(0.447202131 -5.00795382e-05 -7.2575613e-17)
(0.446840317 -5.05236452e-05 -7.59465286e-17)
(0.446493518 -5.06631965e-05 -7.52821494e-17)
(0.4461406 -5.24419342e-05 -7.33921602e-17)
(0.445839637 -4.79332027e-05 -7.15129175e-17)
(0.445438138 -6.26939858e-05 -6.98146277e-17)
(0.445307888 -7.43121577e-06 -6.87118849e-17)
(0.444731025 -9.21286257e-05 -6.71620362e-17)
(-0.0910067659 -0.0026490204 -1.82571804e-17)
(-0.0413323387 0.00150701664 -4.99083397e-17)
(0.0411513237 0.00115688365 -4.97034832e-17)
(0.0965851294 0.00135358188 -9.6660947e-17)
(0.13716507 0.000865146536 -8.94225449e-17)
(0.161243707 0.000370347331 -7.6248547e-17)
(0.173050166 0.000145160766 -4.10085648e-17)
(0.178705083 8.32974075e-05 -2.09508398e-17)
(0.181822478 6.05791662e-05 -1.09432264e-17)
(0.183650065 3.89691679e-05 -2.07747764e-17)
(0.184708082 2.85079131e-05 -1.87940518e-17)
(0.185288123 2.06596651e-05 -1.76694208e-16)
(0.185594581 1.34411472e-05 -9.32467657e-18)
(0.185749129 1.09305094e-05 -4.66649765e-18)
(0.185802892 1.19957549e-05 -1.9607334e-17)
(0.185788401 9.81224383e-06 -2.66658777e-17)
(0.185728083 7.26872109e-06 -3.06271324e-17)
(0.18563665 5.3964987e-06 -1.35315063e-17)
(0.18552323 4.07362365e-06 -1.25822876e-16)
(0.185393823 3.10496377e-06 -1.24996304e-17)
(0.185252738 2.36627569e-06 -4.06387944e-18)
(0.185103194 1.78467041e-06 -1.11572622e-17)
(0.184947646 1.31591111e-06 -1.77489895e-17)
(0.184788009 9.32138173e-07 -2.27819852e-17)
(0.184625808 6.14593013e-07 -2.62612586e-17)
(0.184462274 3.49662166e-07 -2.83100715e-17)
(0.184298402 1.27039102e-07 -2.95359518e-17)
(0.184135002 -6.11972211e-08 -3.00574104e-17)
(0.183972726 -2.21203589e-07 -3.04842138e-17)
(0.183812102 -3.57858344e-07 -3.10050204e-17)
(0.183653555 -4.75098132e-07 -3.08187871e-17)
(0.183497422 -5.7622667e-07 -3.17935442e-17)
(0.183343967 -6.64014387e-07 -3.28640117e-17)
(0.183193394 -7.41221093e-07 -3.21493831e-17)
(0.18304584 -8.10680171e-07 -3.0962965e-17)
(0.182901453 -8.73735025e-07 -2.99064266e-17)
(0.182760067 -9.45722321e-07 -2.91341989e-17)
(0.182622448 -9.82167275e-07 -2.82763913e-17)
(0.182485907 -1.19471523e-06 -2.80730988e-17)
(0.182358515 -8.50882275e-07 -2.79898781e-17)
(0.182215785 -2.47216956e-06 -2.77485431e-17)
(0.182123584 2.22810852e-06 -2.73669212e-17)
(0.181919218 -1.01205079e-05 -2.68783411e-17)
(0.181968385 3.13833859e-05 -2.6475649e-17)
(0.181679145 -3.28918057e-05 -2.57920104e-17)
)
;

boundaryField
{
    inlet
    {
        type            fixedValue;
        value           uniform (1.20344 0 0);
    }
    outlet
    {
        type            inletOutlet;
        inletValue      uniform (0 0 0);
        value           nonuniform List<vector> 
16
(
(1.50389918 -5.85873063e-05 -9.09811042e-17)
(1.50400528 -0.000229429574 -3.9394959e-17)
(1.50426057 -0.000254561805 1.51594371e-16)
(1.50467371 -0.00052249727 1.5580047e-16)
(1.50528591 -0.000483973984 -1.25284134e-16)
(1.50616658 -0.00084592622 6.15501398e-17)
(1.50793375 -0.000733600761 2.24829069e-16)
(1.51297675 -0.00119880567 8.24841364e-17)
(1.52419879 -0.0010374222 8.33201135e-17)
(1.52070497 -0.00151762286 -3.73174998e-17)
(1.39739331 -0.000803409446 -6.99255961e-17)
(0.984316791 -0.000355308352 -1.3421106e-16)
(0.654753744 -0.000170216059 -9.6157803e-17)
(0.581832222 -0.000139423815 -8.69473658e-17)
(0.444731025 -9.21286257e-05 -6.71620362e-17)
(0.181679145 -3.28918057e-05 -2.57920104e-17)
)
;
    }
    pipeWall
    {
        type            noSlip;
    }
    plate
    {
        type            noSlip;
    }
    axis
    {
        type            empty;
    }
    back
    {
        type            wedge;
    }
    front
    {
        type            wedge;
    }
}


// ************************************************************************* //
