/*--------------------------------*- C++ -*----------------------------------*\
| =========                 |                                                 |
| \\      /  F ield         | OpenFOAM: The Open Source CFD Toolbox           |
|  \\    /   O peration     | Version:  2606                                  |
|   \\  /    A nd           | Website:  www.openfoam.com                      |
|    \\/     M anipulation  |                                                 |
\*---------------------------------------------------------------------------*/
FoamFile
{
    version     2.0;
    format      ascii;
    arch        "LSB;label=32;scalar=64";
    class       volScalarField;
    location    "0.35";
    object      p_rgh;
}
// * * * * * * * * * * * * * * * * * * * * * * * * * * * * * * * * * * * * * //

dimensions      [1 -1 -2 0 0 0 0];

internalField   nonuniform List<scalar> 
4800
(
17.516642
17.201537
17.147973
17.539017
18.079225
18.179563
17.812864
17.28061
16.803129
16.446441
16.188553
15.986336
15.807168
15.627996
15.43156
15.208844
14.956706
14.673146
14.356375
14.005357
13.619199
13.196285
12.734385
12.231709
11.688509
11.108047
10.496006
9.857491
9.194188
8.5042086
7.7836092
7.0273503
6.2295255
5.3851985
4.4929957
3.5565656
2.5861039
1.6037932
0.64914598
-0.21795107
-1.02089
-1.739854
-2.3865287
-3.0609672
-3.8426434
-4.7150149
-5.6065067
-6.495295
-7.4319252
-8.4711883
-9.6149734
-10.80792
-11.976809
-13.091421
-14.189814
-15.329839
-16.516299
-17.662625
-18.610578
-19.26016
-19.713754
-20.150695
-20.674871
-21.379695
-22.428076
-24.014973
-26.142208
-28.258343
-29.48699
-30.375315
-31.483459
-32.550699
-33.238082
-33.445667
-33.497195
-33.590727
-33.771865
-34.113155
-34.655513
-35.380227
-36.182664
-36.866825
-37.326847
-37.670469
-38.023229
-38.372648
-38.692425
-39.109113
-39.839158
-40.931829
-42.391357
-44.681315
-47.205456
-48.175926
-47.790927
-47.667554
-48.89501
-49.693972
-48.965677
-48.152995
-48.856214
-51.135105
-52.601286
-48.532385
-44.422008
-45.115987
-49.532341
-54.885451
-58.190312
-58.433244
-57.678617
-58.71722
-66.616648
-71.438662
-67.525506
-63.251982
-63.558785
-63.918198
-63.93488
-63.955565
-63.935428
-63.677997
-63.995572
-67.262023
-68.834628
-67.496894
-66.085127
-86.099386
-93.891855
-94.282458
-94.473674
-94.635906
-94.772423
-94.880835
-94.969722
-95.042505
-95.101786
-95.150095
-95.189542
-95.221855
-95.248428
-95.270367
-95.288554
-95.303686
-95.316321
-95.326902
-95.335788
-95.343269
-95.349579
-95.354912
-95.359426
-95.363253
-95.3665
-95.369258
-95.371603
-95.373598
-95.375296
-95.376743
-95.377976
-95.379027
-95.379923
-95.380688
-95.38134
-95.381896
-95.382371
-95.382777
-95.383123
-95.383419
-95.383671
-95.383887
-95.384072
-95.38423
-95.384364
-95.384479
-95.384578
-95.384662
-95.384734
-95.384795
-95.384847
-95.384892
-95.38493
-95.384963
-95.384991
-95.385015
-95.385035
-95.385053
-95.385068
-95.38508
-95.385091
-95.3851
-95.385108
-95.385115
-95.385121
-95.385126
-95.385131
-95.385135
-95.385139
-95.385143
-95.385146
-95.385149
-95.385151
-95.385153
-95.385154
-95.385155
-95.385155
-95.385156
-95.385155
-95.385155
-95.385155
-95.385155
-95.385156
-95.385156
-95.385156
-95.385156
-95.385157
-95.385157
-95.385157
-95.385157
-95.385157
-95.385156
-95.385156
-95.385156
-95.385156
-95.385155
-95.385156
-95.385156
-95.385156
-95.385157
-95.385157
-95.385157
-95.385157
-95.385157
-95.385157
-95.385156
-95.385156
-95.385156
-95.385155
-95.385155
-95.385155
-95.385155
17.646724
17.045588
16.574637
16.697141
17.083921
17.199033
16.942147
16.562545
16.236365
16.000834
15.825655
15.67267
15.518666
15.348007
15.149959
14.921653
14.663236
14.374236
14.054682
13.704897
13.323308
12.905439
12.445984
11.942788
11.399853
10.825094
10.223976
9.5968293
8.9422191
8.2594084
7.5463216
6.797015
6.0033392
5.1588715
4.2614718
3.312573
2.3132546
1.2692478
0.223634
-0.63020316
-1.4101879
-2.1135576
-2.6081351
-3.0804011
-3.7769539
-4.6620484
-5.5961665
-6.5372316
-7.5611763
-8.753489
-10.111218
-11.528331
-12.872941
-14.118299
-15.387362
-16.838632
-18.508795
-20.194249
-21.492965
-22.192618
-22.594389
-23.054058
-23.654837
-24.467597
-25.873812
-28.537933
-32.675341
-36.696798
-38.756581
-40.991726
-43.601897
-46.443281
-48.29593
-48.216763
-47.986345
-47.987545
-48.313437
-49.1854
-50.669732
-52.762739
-55.17483
-57.126335
-58.251691
-59.062787
-59.959191
-60.825098
-61.507757
-62.425352
-64.355862
-67.360542
-70.651824
-74.735158
-80.853451
-87.17801
-88.531439
-88.16767
-87.246696
-86.191188
-86.020539
-86.364289
-87.969988
-89.567493
-87.89251
-77.772429
-71.644862
-75.528039
-85.530378
-93.482992
-95.721449
-95.9557
-95.987566
-96.021247
-96.056069
-96.07776
-96.097414
-96.118594
-96.142489
-96.157267
-96.170282
-96.209057
-96.243153
-96.290578
-96.379222
-96.545701
-96.717829
-96.775257
-96.745038
-95.823658
-94.226537
-94.574574
-94.537444
-94.64436
-94.784091
-94.896318
-94.984735
-95.055755
-95.112931
-95.159211
-95.196902
-95.22777
-95.253181
-95.2742
-95.291658
-95.306213
-95.318388
-95.328603
-95.337193
-95.344435
-95.35055
-95.355724
-95.360107
-95.363825
-95.366982
-95.369664
-95.371947
-95.373889
-95.375543
-95.376953
-95.378154
-95.379178
-95.380052
-95.380797
-95.381433
-95.381976
-95.382439
-95.382835
-95.383173
-95.383461
-95.383707
-95.383918
-95.384099
-95.384252
-95.384384
-95.384496
-95.384592
-95.384674
-95.384744
-95.384804
-95.384855
-95.384899
-95.384936
-95.384968
-95.384995
-95.385018
-95.385038
-95.385055
-95.38507
-95.385082
-95.385093
-95.385102
-95.385109
-95.385116
-95.385122
-95.385127
-95.385132
-95.385136
-95.38514
-95.385144
-95.385147
-95.385149
-95.385151
-95.385153
-95.385154
-95.385155
-95.385156
-95.385156
-95.385155
-95.385155
-95.385155
-95.385155
-95.385156
-95.385156
-95.385156
-95.385156
-95.385157
-95.385157
-95.385157
-95.385157
-95.385157
-95.385156
-95.385156
-95.385156
-95.385156
-95.385155
-95.385156
-95.385156
-95.385156
-95.385157
-95.385157
-95.385157
-95.385157
-95.385157
-95.385157
-95.385156
-95.385156
-95.385156
-95.385155
-95.385155
-95.385155
-95.385155
16.45109
14.008017
12.070108
10.846247
10.390262
10.367138
10.343912
10.265268
10.213872
10.162475
10.121378
10.032637
9.8867662
9.6627191
9.3598414
8.9940193
8.5709059
8.0857269
7.5359496
6.9233626
6.2489296
5.5055881
4.6755947
3.7401991
2.697122
1.5658307
0.3707301
-0.8863659
-2.2167945
-3.6196695
-5.0819626
-6.6073333
-8.2162135
-9.9331605
-11.778795
-13.757371
-15.862836
-18.125338
-20.550016
-22.585114
-24.92496
-27.02801
-28.848297
-30.778597
-33.122713
-35.653864
-38.01371
-40.261092
-42.75382
-45.740584
-49.169246
-52.68528
-55.845489
-58.560964
-61.194376
-64.132682
-67.439017
-70.724772
-73.110726
-74.030112
-74.326813
-74.687074
-75.251643
-76.111388
-77.951599
-81.880693
-88.422672
-94.668411
-95.604424
-95.754248
-95.746572
-95.730855
-95.731802
-95.734407
-95.734439
-95.734501
-95.735963
-95.739007
-95.743569
-95.748905
-95.753575
-95.756217
-95.755716
-95.751004
-95.741468
-95.729634
-95.715325
-95.698473
-95.67833
-95.655891
-95.636152
-95.629945
-95.637901
-95.664985
-95.712171
-95.756978
-95.784584
-95.793945
-95.796201
-95.80422
-95.816398
-95.786839
-95.688161
-95.622352
-95.630689
-95.684856
-95.746723
-95.812845
-95.875287
-95.945826
-96.000518
-96.043688
-96.072937
-96.090956
-96.106753
-96.123083
-96.138411
-96.154565
-96.173155
-96.195389
-96.221113
-96.251519
-96.246184
-96.449313
-97.003241
-97.442202
-96.797359
-96.406291
-95.664022
-95.449203
-94.896576
-94.853684
-94.911871
-94.978153
-95.041128
-95.096188
-95.14266
-95.181513
-95.213903
-95.240909
-95.263461
-95.28233
-95.298152
-95.311446
-95.322638
-95.332077
-95.340052
-95.346798
-95.352513
-95.357361
-95.361477
-95.364974
-95.367949
-95.37048
-95.372636
-95.374472
-95.376037
-95.377372
-95.37851
-95.379481
-95.380309
-95.381016
-95.381619
-95.382135
-95.382575
-95.38295
-95.383271
-95.383545
-95.38378
-95.38398
-95.384151
-95.384297
-95.384422
-95.384529
-95.38462
-95.384698
-95.384764
-95.384821
-95.38487
-95.384911
-95.384947
-95.384977
-95.385003
-95.385025
-95.385044
-95.38506
-95.385074
-95.385086
-95.385096
-95.385104
-95.385112
-95.385118
-95.385124
-95.385129
-95.385133
-95.385137
-95.385141
-95.385144
-95.385147
-95.38515
-95.385152
-95.385153
-95.385154
-95.385155
-95.385156
-95.385156
-95.385155
-95.385155
-95.385155
-95.385155
-95.385156
-95.385156
-95.385156
-95.385156
-95.385157
-95.385157
-95.385157
-95.385157
-95.385157
-95.385156
-95.385156
-95.385156
-95.385156
-95.385156
-95.385156
-95.385156
-95.385157
-95.385157
-95.385157
-95.385157
-95.385157
-95.385157
-95.385157
-95.385156
-95.385156
-95.385155
-95.385155
-95.385155
-95.385155
-95.385154
-56.552683
-60.411283
-61.620562
-62.253635
-62.589835
-62.92594
-63.687208
-64.78392
-65.598739
-66.165989
-66.447387
-66.634835
-66.871158
-67.219045
-67.677174
-68.214683
-68.819339
-69.486296
-70.207288
-70.977371
-71.800652
-72.694855
-73.681094
-74.766546
-75.922957
-77.102867
-78.269484
-79.422938
-80.578849
-81.757506
-82.986945
-84.298734
-85.715921
-87.235748
-88.824487
-90.425551
-91.973244
-93.42768
-94.876925
-95.740689
-95.727161
-95.691112
-95.673216
-95.672375
-95.678219
-95.685265
-95.687192
-95.688039
-95.689467
-95.691113
-95.692232
-95.692605
-95.693376
-95.696737
-95.705569
-95.722186
-95.746387
-95.77253
-95.792632
-95.800326
-95.792616
-95.773064
-95.74814
-95.722784
-95.700406
-95.687401
-95.694896
-95.648816
-95.650665
-95.685591
-95.70783
-95.717457
-95.722644
-95.726399
-95.729071
-95.731197
-95.733558
-95.736704
-95.740659
-95.7447
-95.747547
-95.748344
-95.747096
-95.743906
-95.738951
-95.730975
-95.721809
-95.710976
-95.695588
-95.679149
-95.663163
-95.656826
-95.663657
-95.690202
-95.736324
-95.772928
-95.789679
-95.793502
-95.793408
-95.800207
-95.805617
-95.774566
-95.690753
-95.617711
-95.625979
-95.684785
-95.756748
-95.828338
-95.891923
-95.953257
-96.006067
-96.04377
-96.068971
-96.085933
-96.099141
-96.11205
-96.126232
-96.14289
-96.163968
-96.190991
-96.224712
-96.269647
-96.307765
-95.405082
-95.69327
-96.546213
-96.888669
-97.146729
-96.551117
-95.785412
-95.288262
-95.117081
-95.0816
-95.093364
-95.121521
-95.153705
-95.184871
-95.213156
-95.23805
-95.25962
-95.278149
-95.293991
-95.307501
-95.319005
-95.328796
-95.337126
-95.344215
-95.350248
-95.355384
-95.359759
-95.363486
-95.366662
-95.36937
-95.37168
-95.37365
-95.375331
-95.376766
-95.37799
-95.379035
-95.379928
-95.380689
-95.381339
-95.381895
-95.382369
-95.382775
-95.383121
-95.383417
-95.38367
-95.383887
-95.384071
-95.384229
-95.384363
-95.384478
-95.384577
-95.384661
-95.384733
-95.384794
-95.384847
-95.384892
-95.38493
-95.384963
-95.38499
-95.385014
-95.385035
-95.385052
-95.385067
-95.38508
-95.385091
-95.3851
-95.385108
-95.385115
-95.385121
-95.385126
-95.385131
-95.385135
-95.385139
-95.385142
-95.385145
-95.385148
-95.38515
-95.385152
-95.385154
-95.385155
-95.385156
-95.385156
-95.385156
-95.385155
-95.385155
-95.385155
-95.385155
-95.385156
-95.385156
-95.385156
-95.385157
-95.385157
-95.385157
-95.385157
-95.385157
-95.385157
-95.385156
-95.385156
-95.385156
-95.385156
-95.385156
-95.385156
-95.385157
-95.385157
-95.385157
-95.385157
-95.385157
-95.385157
-95.385157
-95.385157
-95.385156
-95.385156
-95.385155
-95.385155
-95.385154
-95.385154
-95.385154
-95.625893
-95.625217
-95.624334
-95.622641
-95.622149
-95.622256
-95.622268
-95.622518
-95.622792
-95.623327
-95.624108
-95.625129
-95.626355
-95.627963
-95.63016
-95.63313
-95.636879
-95.641157
-95.645381
-95.649099
-95.652535
-95.656571
-95.662233
-95.66957
-95.676216
-95.678806
-95.676662
-95.672461
-95.668335
-95.665954
-95.665711
-95.667284
-95.670895
-95.677211
-95.686933
-95.70049
-95.717347
-95.734372
-95.744194
-95.735271
-95.712705
-95.686887
-95.672963
-95.670099
-95.672316
-95.677051
-95.681533
-95.685551
-95.688994
-95.691888
-95.694053
-95.695666
-95.697435
-95.701137
-95.709582
-95.724802
-95.747372
-95.772287
-95.791256
-95.7991
-95.794519
-95.778323
-95.758858
-95.738737
-95.721818
-95.715401
-95.707409
-95.666763
-95.685477
-95.706558
-95.716308
-95.721061
-95.724685
-95.727516
-95.729706
-95.731697
-95.733856
-95.73639
-95.739264
-95.74207
-95.744092
-95.744627
-95.743227
-95.739526
-95.733398
-95.725691
-95.716591
-95.706256
-95.69391
-95.68156
-95.676598
-95.676585
-95.683874
-95.700853
-95.726391
-95.751733
-95.769988
-95.779697
-95.783833
-95.785541
-95.781524
-95.760285
-95.723552
-95.697387
-95.697158
-95.727241
-95.7771
-95.833969
-95.890972
-95.945681
-95.99377
-96.03139
-96.059357
-96.079913
-96.096679
-96.112929
-96.130675
-96.151572
-96.177705
-96.211645
-96.257937
-96.32931
-96.456294
-96.710755
-97.076494
-97.338437
-97.412221
-97.139105
-96.580048
-95.927197
-95.516449
-95.320139
-95.238342
-95.209993
-95.207846
-95.218128
-95.233544
-95.250422
-95.266957
-95.28231
-95.296152
-95.308411
-95.319147
-95.328481
-95.336556
-95.343518
-95.349505
-95.354645
-95.359054
-95.362831
-95.366065
-95.368833
-95.371201
-95.373227
-95.37496
-95.376441
-95.377707
-95.37879
-95.379715
-95.380506
-95.381181
-95.381759
-95.382252
-95.382674
-95.383035
-95.383343
-95.383606
-95.383832
-95.384025
-95.384189
-95.384329
-95.384449
-95.384552
-95.38464
-95.384715
-95.384779
-95.384834
-95.38488
-95.38492
-95.384954
-95.384984
-95.385008
-95.385029
-95.385047
-95.385063
-95.385077
-95.385088
-95.385098
-95.385106
-95.385114
-95.38512
-95.385125
-95.38513
-95.385134
-95.385137
-95.385141
-95.385144
-95.385147
-95.385149
-95.385151
-95.385153
-95.385154
-95.385155
-95.385156
-95.385156
-95.385156
-95.385155
-95.385155
-95.385155
-95.385155
-95.385156
-95.385156
-95.385156
-95.385157
-95.385157
-95.385157
-95.385157
-95.385157
-95.385157
-95.385157
-95.385156
-95.385156
-95.385156
-95.385157
-95.385157
-95.385157
-95.385157
-95.385158
-95.385158
-95.385158
-95.385157
-95.385157
-95.385156
-95.385156
-95.385155
-95.385155
-95.385154
-95.385154
-95.385153
-95.385153
-95.624672
-95.624648
-95.62357
-95.622355
-95.622419
-95.622896
-95.622927
-95.623087
-95.623463
-95.624104
-95.62502
-95.626146
-95.6275
-95.629223
-95.631531
-95.634587
-95.638371
-95.642561
-95.646471
-95.649729
-95.652664
-95.656472
-95.662645
-95.671295
-95.680172
-95.683365
-95.676716
-95.670776
-95.667936
-95.667847
-95.668742
-95.670372
-95.673278
-95.678047
-95.685208
-95.695176
-95.707982
-95.722702
-95.734051
-95.729227
-95.710757
-95.69027
-95.687709
-95.684829
-95.684981
-95.686848
-95.688277
-95.689818
-95.691694
-95.693865
-95.696169
-95.698561
-95.701438
-95.705861
-95.713515
-95.725776
-95.742763
-95.761074
-95.774818
-95.779033
-95.773002
-95.760242
-95.745421
-95.731464
-95.720545
-95.713642
-95.706469
-95.692458
-95.695091
-95.701933
-95.709911
-95.716316
-95.721212
-95.724953
-95.727863
-95.730296
-95.732551
-95.73479
-95.736973
-95.738867
-95.740127
-95.740414
-95.739443
-95.737223
-95.73393
-95.729352
-95.724006
-95.718135
-95.712161
-95.705464
-95.701385
-95.701802
-95.70796
-95.720109
-95.736206
-95.751964
-95.764469
-95.772959
-95.7777
-95.778721
-95.774037
-95.76126
-95.744044
-95.734678
-95.740986
-95.76387
-95.799913
-95.843044
-95.888565
-95.933359
-95.97423
-96.008759
-96.036695
-96.059181
-96.078298
-96.096363
-96.115571
-96.138161
-96.166509
-96.203334
-96.253526
-96.328957
-96.456246
-96.684779
-96.98398
-97.163674
-97.06985
-96.772306
-96.35025
-95.926603
-95.63358
-95.457897
-95.361383
-95.311481
-95.288676
-95.281812
-95.28361
-95.289914
-95.298294
-95.307352
-95.316306
-95.324744
-95.332467
-95.339406
-95.345563
-95.350978
-95.355709
-95.359824
-95.36339
-95.366472
-95.369129
-95.371417
-95.373385
-95.375075
-95.376526
-95.37777
-95.378836
-95.379749
-95.380531
-95.3812
-95.381773
-95.382263
-95.382682
-95.383041
-95.383347
-95.38361
-95.383834
-95.384026
-95.38419
-95.38433
-95.38445
-95.384552
-95.38464
-95.384716
-95.38478
-95.384834
-95.384881
-95.384921
-95.384955
-95.384984
-95.385008
-95.385029
-95.385047
-95.385063
-95.385077
-95.385088
-95.385098
-95.385106
-95.385113
-95.38512
-95.385125
-95.38513
-95.385134
-95.385137
-95.38514
-95.385143
-95.385146
-95.385149
-95.385151
-95.385153
-95.385154
-95.385155
-95.385156
-95.385156
-95.385156
-95.385156
-95.385155
-95.385155
-95.385155
-95.385155
-95.385156
-95.385156
-95.385156
-95.385157
-95.385157
-95.385157
-95.385157
-95.385157
-95.385157
-95.385157
-95.385157
-95.385157
-95.385157
-95.385157
-95.385157
-95.385158
-95.385158
-95.385158
-95.385158
-95.385158
-95.385157
-95.385157
-95.385156
-95.385155
-95.385155
-95.385154
-95.385154
-95.385153
-95.385153
-95.385153
-95.620746
-95.62298
-95.624951
-95.62468
-95.624764
-95.624634
-95.624732
-95.625286
-95.626149
-95.627184
-95.628261
-95.629406
-95.630712
-95.632317
-95.634373
-95.636996
-95.640181
-95.643704
-95.647155
-95.650299
-95.65328
-95.656813
-95.662048
-95.669117
-95.675833
-95.678567
-95.676489
-95.673041
-95.671586
-95.671631
-95.672497
-95.674353
-95.677308
-95.681578
-95.687331
-95.694564
-95.702918
-95.711294
-95.716117
-95.712836
-95.702236
-95.689691
-95.683123
-95.681113
-95.682243
-95.684251
-95.686957
-95.689851
-95.692618
-95.695232
-95.697841
-95.700638
-95.703931
-95.708309
-95.71458
-95.723301
-95.734115
-95.744717
-95.752078
-95.754537
-95.752725
-95.746532
-95.738173
-95.72963
-95.722232
-95.716213
-95.710556
-95.705862
-95.707548
-95.711972
-95.716196
-95.719549
-95.722437
-95.725053
-95.727452
-95.729642
-95.73168
-95.733575
-95.73526
-95.736574
-95.73729
-95.73718
-95.736058
-95.733846
-95.730577
-95.726454
-95.721757
-95.716983
-95.713108
-95.71063
-95.710427
-95.713
-95.719094
-95.728762
-95.740556
-95.752237
-95.76232
-95.770038
-95.77517
-95.777438
-95.776099
-95.771074
-95.765373
-95.764712
-95.773233
-95.791989
-95.819464
-95.852658
-95.888619
-95.92484
-95.959153
-95.990013
-96.016933
-96.040355
-96.06138
-96.081429
-96.102121
-96.125241
-96.152607
-96.186346
-96.229727
-96.288377
-96.367804
-96.463458
-96.56975
-96.652942
-96.609206
-96.41869
-96.15227
-95.895253
-95.692262
-95.547001
-95.451037
-95.393669
-95.35858
-95.340134
-95.331392
-95.328845
-95.329998
-95.333221
-95.337481
-95.342141
-95.346816
-95.351287
-95.355436
-95.359209
-95.362593
-95.365597
-95.368243
-95.37056
-95.37258
-95.374335
-95.375856
-95.37717
-95.378304
-95.37928
-95.38012
-95.380842
-95.381462
-95.381993
-95.382449
-95.382839
-95.383174
-95.38346
-95.383705
-95.383915
-95.384094
-95.384248
-95.384379
-95.384492
-95.384588
-95.384671
-95.384742
-95.384802
-95.384854
-95.384897
-95.384935
-95.384967
-95.384994
-95.385017
-95.385037
-95.385054
-95.385068
-95.385081
-95.385092
-95.385101
-95.385109
-95.385116
-95.385122
-95.385127
-95.385131
-95.385135
-95.385138
-95.385141
-95.385144
-95.385146
-95.385149
-95.385151
-95.385153
-95.385154
-95.385155
-95.385156
-95.385156
-95.385156
-95.385156
-95.385156
-95.385155
-95.385155
-95.385155
-95.385155
-95.385156
-95.385156
-95.385157
-95.385157
-95.385157
-95.385157
-95.385157
-95.385157
-95.385157
-95.385157
-95.385157
-95.385157
-95.385157
-95.385158
-95.385158
-95.385158
-95.385158
-95.385158
-95.385158
-95.385158
-95.385157
-95.385157
-95.385156
-95.385155
-95.385154
-95.385154
-95.385153
-95.385153
-95.385152
-95.385152
-95.615812
-95.620314
-95.625582
-95.625416
-95.625822
-95.626789
-95.627784
-95.628723
-95.629569
-95.630372
-95.631191
-95.632102
-95.633184
-95.634531
-95.636239
-95.638374
-95.640934
-95.643808
-95.646812
-95.649822
-95.652836
-95.656063
-95.659974
-95.664575
-95.668457
-95.669874
-95.67004
-95.670534
-95.671181
-95.67204
-95.673376
-95.675373
-95.678123
-95.68172
-95.686177
-95.691346
-95.696739
-95.701143
-95.702815
-95.700798
-95.695989
-95.691321
-95.689945
-95.689579
-95.689564
-95.690194
-95.691202
-95.692666
-95.694589
-95.696866
-95.699427
-95.702312
-95.705691
-95.709857
-95.715148
-95.721718
-95.729116
-95.736027
-95.740884
-95.742786
-95.741671
-95.738234
-95.733319
-95.727891
-95.722696
-95.717981
-95.713816
-95.710939
-95.71093
-95.712881
-95.715669
-95.718994
-95.722131
-95.724838
-95.727157
-95.729239
-95.731146
-95.732882
-95.734398
-95.7356
-95.736362
-95.736569
-95.73615
-95.7351
-95.733471
-95.731326
-95.728729
-95.725816
-95.723084
-95.721175
-95.721118
-95.723597
-95.72874
-95.736179
-95.745007
-95.754035
-95.762295
-95.769157
-95.774298
-95.777522
-95.778786
-95.778788
-95.779572
-95.78399
-95.794213
-95.810952
-95.833543
-95.860412
-95.889689
-95.919606
-95.948676
-95.975866
-96.000765
-96.023544
-96.044826
-96.065525
-96.086759
-96.109821
-96.136158
-96.167539
-96.206446
-96.256789
-96.323833
-96.389938
-96.422349
-96.411786
-96.344715
-96.214147
-96.044553
-95.87258
-95.722538
-95.60403
-95.517014
-95.456728
-95.415603
-95.391263
-95.374737
-95.365302
-95.360491
-95.358663
-95.358695
-95.359835
-95.361594
-95.36365
-95.365798
-95.367911
-95.369916
-95.371771
-95.373456
-95.374968
-95.376313
-95.3775
-95.378542
-95.379452
-95.380244
-95.380931
-95.381526
-95.382039
-95.382481
-95.382862
-95.38319
-95.383472
-95.383713
-95.38392
-95.384098
-95.38425
-95.384381
-95.384492
-95.384588
-95.38467
-95.384741
-95.384801
-95.384853
-95.384897
-95.384935
-95.384967
-95.384994
-95.385018
-95.385037
-95.385054
-95.385068
-95.385081
-95.385092
-95.385101
-95.385109
-95.385115
-95.385121
-95.385126
-95.385131
-95.385135
-95.385138
-95.385141
-95.385143
-95.385145
-95.385147
-95.38515
-95.385151
-95.385153
-95.385155
-95.385156
-95.385156
-95.385157
-95.385157
-95.385157
-95.385157
-95.385156
-95.385156
-95.385156
-95.385155
-95.385156
-95.385156
-95.385156
-95.385157
-95.385157
-95.385157
-95.385157
-95.385157
-95.385157
-95.385157
-95.385157
-95.385157
-95.385157
-95.385158
-95.385158
-95.385158
-95.385158
-95.385158
-95.385158
-95.385158
-95.385158
-95.385157
-95.385156
-95.385156
-95.385155
-95.385154
-95.385153
-95.385152
-95.385152
-95.385152
-95.385152
-95.613108
-95.620734
-95.625317
-95.626755
-95.628136
-95.629507
-95.630776
-95.631852
-95.632693
-95.633354
-95.633952
-95.634617
-95.635461
-95.636572
-95.638013
-95.63982
-95.641984
-95.644449
-95.647114
-95.649884
-95.652703
-95.655611
-95.658728
-95.662001
-95.664938
-95.667069
-95.668489
-95.669752
-95.671036
-95.672443
-95.674131
-95.67624
-95.678844
-95.681978
-95.685597
-95.689518
-95.693316
-95.696316
-95.697643
-95.696606
-95.693744
-95.690829
-95.688759
-95.687812
-95.68842
-95.689771
-95.691578
-95.693607
-95.695763
-95.698068
-95.700594
-95.703423
-95.706669
-95.710482
-95.714976
-95.720099
-95.725474
-95.73034
-95.733902
-95.735651
-95.735319
-95.733248
-95.73008
-95.726461
-95.722865
-95.71961
-95.717002
-95.715522
-95.71566
-95.717018
-95.71904
-95.720977
-95.722991
-95.725066
-95.727059
-95.72891
-95.7306
-95.732106
-95.733379
-95.734343
-95.734915
-95.735017
-95.734604
-95.733691
-95.732365
-95.730806
-95.729282
-95.728058
-95.727329
-95.727388
-95.728651
-95.731523
-95.736155
-95.742341
-95.749527
-95.75701
-95.764157
-95.770514
-95.775829
-95.780044
-95.783381
-95.786536
-95.790816
-95.797822
-95.808794
-95.824187
-95.843655
-95.866286
-95.890895
-95.916266
-95.941347
-95.96538
-95.987982
-96.00915
-96.029199
-96.048672
-96.068263
-96.088758
-96.110991
-96.135797
-96.163789
-96.194444
-96.222882
-96.262794
-96.282645
-96.265315
-96.203905
-96.103571
-95.98039
-95.853474
-95.73761
-95.640371
-95.563487
-95.505462
-95.463014
-95.433325
-95.41239
-95.398119
-95.3887
-95.382765
-95.379174
-95.377184
-95.376272
-95.376064
-95.376299
-95.376799
-95.377445
-95.378153
-95.378871
-95.379566
-95.38022
-95.380822
-95.381368
-95.381858
-95.382293
-95.382677
-95.383014
-95.383308
-95.383564
-95.383786
-95.383979
-95.384145
-95.384288
-95.384411
-95.384517
-95.384608
-95.384686
-95.384753
-95.384811
-95.38486
-95.384904
-95.38494
-95.384972
-95.384998
-95.385021
-95.385041
-95.385057
-95.385072
-95.385084
-95.385094
-95.385102
-95.38511
-95.385116
-95.385122
-95.385127
-95.385131
-95.385134
-95.385137
-95.38514
-95.385143
-95.385145
-95.385147
-95.385148
-95.38515
-95.385151
-95.385153
-95.385155
-95.385156
-95.385157
-95.385157
-95.385157
-95.385158
-95.385158
-95.385157
-95.385157
-95.385157
-95.385156
-95.385156
-95.385156
-95.385156
-95.385156
-95.385157
-95.385157
-95.385157
-95.385157
-95.385157
-95.385157
-95.385156
-95.385156
-95.385157
-95.385157
-95.385157
-95.385158
-95.385158
-95.385158
-95.385158
-95.385158
-95.385158
-95.385158
-95.385158
-95.385157
-95.385156
-95.385155
-95.385154
-95.385153
-95.385153
-95.385152
-95.385152
-95.385151
-95.385151
-95.6115
-95.622455
-95.625599
-95.628056
-95.630429
-95.632544
-95.634264
-95.635494
-95.636206
-95.63652
-95.636678
-95.636919
-95.637399
-95.638201
-95.639361
-95.640884
-95.642746
-95.644895
-95.647254
-95.649751
-95.652337
-95.655013
-95.65779
-95.660574
-95.663117
-95.665269
-95.667132
-95.668842
-95.670483
-95.67218
-95.674068
-95.676238
-95.678735
-95.681557
-95.68463
-95.68776
-95.690639
-95.692845
-95.693991
-95.693932
-95.6929
-95.691872
-95.691542
-95.691567
-95.69186
-95.692544
-95.693645
-95.695155
-95.697019
-95.699167
-95.701575
-95.704261
-95.707279
-95.710689
-95.714511
-95.718633
-95.72275
-95.726398
-95.729098
-95.730525
-95.730658
-95.729569
-95.727626
-95.72525
-95.722792
-95.720543
-95.718774
-95.717769
-95.717723
-95.718511
-95.719855
-95.721667
-95.723583
-95.725422
-95.727189
-95.728859
-95.73041
-95.731814
-95.733034
-95.734025
-95.734739
-95.735136
-95.735195
-95.734925
-95.734365
-95.733601
-95.732787
-95.732181
-95.732142
-95.732928
-95.734741
-95.737771
-95.742061
-95.747456
-95.753625
-95.760142
-95.766605
-95.772711
-95.778303
-95.783405
-95.788275
-95.793461
-95.799795
-95.808209
-95.819429
-95.833748
-95.850994
-95.870618
-95.891846
-95.913853
-95.935888
-95.957384
-95.978009
-95.997678
-96.016523
-96.034835
-96.053013
-96.071493
-96.090685
-96.110898
-96.132264
-96.154564
-96.172803
-96.18357
-96.181249
-96.156404
-96.103661
-96.025847
-95.93261
-95.835507
-95.743865
-95.663267
-95.596031
-95.542141
-95.500227
-95.468462
-95.444645
-95.427038
-95.4142
-95.404954
-95.398353
-95.393682
-95.390416
-95.388161
-95.386628
-95.38561
-95.384963
-95.384564
-95.384336
-95.384225
-95.384193
-95.384211
-95.384259
-95.384324
-95.384398
-95.384473
-95.384547
-95.384617
-95.384682
-95.384741
-95.384794
-95.384841
-95.384882
-95.384919
-95.38495
-95.384978
-95.385002
-95.385023
-95.385042
-95.385058
-95.385073
-95.385085
-95.385095
-95.385103
-95.385111
-95.385117
-95.385123
-95.385128
-95.385131
-95.385135
-95.385136
-95.38514
-95.385142
-95.385144
-95.385145
-95.385146
-95.385148
-95.385149
-95.38515
-95.385151
-95.385152
-95.385153
-95.385154
-95.385155
-95.385156
-95.385157
-95.385158
-95.385158
-95.385159
-95.385159
-95.385159
-95.385159
-95.385158
-95.385158
-95.385158
-95.385157
-95.385157
-95.385157
-95.385156
-95.385156
-95.385157
-95.385157
-95.385157
-95.385157
-95.385157
-95.385157
-95.385156
-95.385156
-95.385156
-95.385157
-95.385157
-95.385158
-95.385158
-95.385158
-95.385158
-95.385158
-95.385158
-95.385158
-95.385158
-95.385157
-95.385157
-95.385156
-95.385155
-95.385154
-95.385153
-95.385152
-95.385152
-95.385151
-95.385151
-95.385151
-95.611382
-95.623719
-95.626961
-95.629942
-95.633006
-95.63596
-95.638403
-95.639964
-95.640509
-95.640222
-95.639605
-95.639148
-95.63909
-95.639504
-95.640369
-95.641643
-95.643271
-95.64519
-95.647334
-95.649634
-95.652042
-95.654534
-95.657094
-95.659656
-95.662094
-95.664317
-95.66635
-95.668274
-95.670147
-95.672037
-95.674025
-95.676169
-95.678504
-95.681024
-95.683651
-95.686241
-95.688585
-95.690433
-95.691577
-95.69195
-95.691726
-95.691297
-95.691058
-95.691283
-95.692027
-95.693152
-95.694558
-95.696181
-95.698013
-95.700067
-95.702348
-95.704867
-95.707639
-95.710673
-95.713939
-95.717321
-95.7206
-95.723481
-95.725687
-95.727055
-95.727379
-95.726879
-95.725766
-95.724302
-95.722742
-95.721321
-95.720251
-95.71971
-95.719786
-95.720424
-95.721475
-95.722807
-95.724282
-95.725834
-95.727382
-95.728879
-95.730289
-95.731582
-95.732725
-95.733685
-95.734432
-95.734948
-95.735239
-95.735335
-95.7353
-95.735222
-95.735218
-95.735457
-95.73616
-95.73753
-95.739729
-95.742865
-95.746946
-95.751867
-95.757422
-95.763354
-95.76941
-95.775406
-95.781259
-95.787022
-95.792916
-95.799341
-95.806839
-95.81597
-95.827168
-95.840605
-95.85617
-95.873506
-95.892097
-95.911365
-95.930767
-95.949859
-95.968346
-95.98609
-96.003094
-96.019462
-96.035358
-96.050941
-96.066287
-96.081229
-96.095142
-96.106239
-96.116717
-96.11783
-96.106185
-96.078008
-96.031611
-95.969097
-95.896072
-95.819422
-95.745199
-95.677578
-95.618791
-95.569488
-95.529258
-95.497109
-95.47176
-95.451989
-95.436696
-95.424932
-95.415912
-95.409003
-95.403711
-95.399652
-95.396533
-95.394129
-95.392273
-95.390832
-95.389707
-95.388825
-95.38813
-95.387579
-95.38714
-95.386788
-95.386504
-95.386274
-95.386086
-95.385933
-95.385806
-95.385702
-95.385615
-95.385543
-95.385482
-95.385431
-95.385389
-95.385353
-95.385323
-95.385297
-95.385276
-95.385258
-95.385243
-95.38523
-95.385219
-95.38521
-95.385202
-95.385195
-95.385189
-95.385184
-95.38518
-95.385176
-95.385172
-95.38517
-95.385167
-95.385166
-95.385164
-95.385163
-95.385162
-95.385161
-95.385161
-95.38516
-95.38516
-95.38516
-95.38516
-95.38516
-95.38516
-95.385161
-95.385161
-95.385161
-95.385161
-95.385161
-95.38516
-95.38516
-95.38516
-95.385159
-95.385159
-95.385158
-95.385158
-95.385157
-95.385157
-95.385157
-95.385157
-95.385157
-95.385157
-95.385157
-95.385157
-95.385156
-95.385156
-95.385156
-95.385156
-95.385157
-95.385157
-95.385157
-95.385158
-95.385158
-95.385158
-95.385158
-95.385158
-95.385158
-95.385157
-95.385157
-95.385156
-95.385155
-95.385155
-95.385154
-95.385153
-95.385152
-95.385152
-95.385151
-95.385151
-95.385151
-95.61228
-95.625218
-95.628935
-95.632437
-95.636628
-95.641205
-95.645087
-95.647196
-95.647285
-95.645623
-95.643354
-95.641559
-95.640598
-95.640478
-95.641026
-95.642086
-95.643542
-95.645302
-95.647291
-95.649444
-95.651715
-95.654071
-95.656483
-95.658898
-95.661243
-95.663475
-95.665594
-95.667633
-95.669631
-95.67164
-95.673708
-95.675867
-95.678126
-95.680462
-95.68282
-95.685097
-95.687156
-95.68885
-95.690079
-95.69084
-95.691282
-95.691633
-95.692018
-95.69254
-95.693268
-95.694256
-95.695523
-95.697054
-95.698806
-95.700761
-95.702911
-95.705253
-95.707784
-95.710487
-95.713312
-95.716155
-95.718856
-95.721224
-95.723083
-95.724316
-95.724854
-95.724798
-95.724277
-95.723466
-95.722551
-95.721712
-95.721105
-95.720852
-95.721016
-95.72158
-95.722478
-95.723629
-95.724917
-95.726277
-95.727659
-95.72902
-95.730327
-95.731553
-95.732671
-95.733658
-95.734499
-95.735187
-95.735732
-95.736167
-95.736549
-95.736962
-95.737515
-95.738338
-95.73958
-95.741384
-95.743863
-95.747086
-95.751057
-95.755709
-95.760912
-95.76651
-95.77235
-95.778324
-95.7844
-95.790642
-95.797223
-95.80442
-95.81258
-95.822048
-95.833079
-95.845777
-95.86006
-95.875682
-95.892284
-95.909448
-95.926765
-95.943882
-95.96053
-95.976537
-95.991814
-96.006331
-96.020079
-96.033016
-96.044996
-96.055694
-96.064544
-96.070316
-96.071566
-96.065554
-96.049386
-96.020943
-95.979809
-95.927731
-95.868248
-95.805676
-95.744049
-95.686433
-95.634735
-95.589825
-95.551775
-95.520143
-95.494203
-95.473144
-95.45617
-95.442548
-95.431642
-95.422915
-95.415925
-95.410317
-95.405805
-95.402164
-95.399215
-95.396818
-95.39486
-95.393256
-95.391935
-95.390844
-95.38994
-95.389188
-95.38856
-95.388035
-95.387594
-95.387223
-95.38691
-95.386646
-95.386422
-95.386233
-95.386073
-95.385937
-95.385821
-95.385722
-95.385639
-95.385567
-95.385507
-95.385456
-95.385412
-95.385374
-95.385342
-95.385315
-95.385292
-95.385272
-95.385255
-95.38524
-95.385227
-95.385217
-95.385206
-95.385199
-95.385193
-95.385187
-95.385182
-95.385178
-95.385175
-95.385173
-95.385171
-95.385169
-95.385167
-95.385166
-95.385165
-95.385165
-95.385165
-95.385165
-95.385164
-95.385164
-95.385163
-95.385163
-95.385162
-95.385161
-95.385161
-95.38516
-95.38516
-95.385159
-95.385159
-95.385158
-95.385158
-95.385158
-95.385158
-95.385158
-95.385157
-95.385157
-95.385157
-95.385156
-95.385156
-95.385156
-95.385156
-95.385156
-95.385157
-95.385157
-95.385157
-95.385158
-95.385158
-95.385158
-95.385157
-95.385157
-95.385157
-95.385157
-95.385156
-95.385155
-95.385154
-95.385154
-95.385153
-95.385152
-95.385152
-95.385152
-95.385151
-95.385151
-95.613572
-95.627468
-95.631405
-95.635867
-95.642005
-95.649244
-95.655462
-95.658385
-95.657513
-95.653295
-95.648062
-95.644059
-95.641771
-95.640985
-95.641243
-95.642168
-95.643538
-95.645215
-95.647115
-95.649176
-95.651355
-95.65362
-95.655942
-95.65828
-95.660589
-95.662836
-95.665014
-95.667134
-95.669213
-95.67128
-95.673366
-95.675493
-95.677663
-95.679856
-95.682025
-95.684098
-95.685989
-95.687612
-95.688917
-95.689906
-95.690653
-95.691285
-95.691947
-95.692748
-95.693727
-95.694887
-95.696226
-95.697745
-95.699444
-95.701314
-95.703346
-95.705528
-95.707845
-95.71027
-95.71275
-95.7152
-95.717504
-95.719534
-95.721177
-95.722356
-95.723047
-95.723283
-95.723166
-95.722821
-95.722383
-95.721983
-95.721733
-95.721721
-95.72199
-95.722542
-95.723342
-95.724338
-95.725472
-95.726688
-95.727942
-95.729199
-95.730428
-95.731607
-95.732715
-95.733738
-95.734668
-95.735508
-95.736274
-95.736999
-95.737734
-95.738551
-95.739538
-95.740799
-95.742443
-95.744572
-95.747267
-95.750577
-95.754504
-95.759008
-95.764013
-95.769424
-95.775154
-95.781145
-95.787391
-95.79395
-95.800952
-95.808586
-95.817076
-95.826634
-95.837409
-95.849449
-95.862683
-95.876928
-95.891917
-95.907339
-95.922874
-95.938228
-95.953154
-95.967457
-95.980993
-95.99364
-96.005274
-96.015729
-96.024728
-96.031822
-96.036276
-96.037688
-96.034148
-96.024019
-96.005699
-95.978137
-95.941387
-95.896799
-95.846764
-95.794153
-95.741751
-95.691819
-95.645918
-95.604929
-95.569157
-95.538487
-95.512542
-95.490812
-95.472743
-95.45779
-95.445451
-95.435282
-95.426903
-95.419993
-95.414286
-95.409564
-95.405649
-95.402395
-95.399684
-95.397419
-95.395523
-95.393932
-95.392595
-95.391468
-95.390517
-95.389713
-95.389033
-95.388456
-95.387966
-95.38755
-95.387197
-95.386896
-95.38664
-95.386422
-95.386236
-95.386077
-95.385942
-95.385827
-95.385729
-95.385646
-95.385574
-95.385513
-95.385461
-95.385417
-95.385378
-95.385346
-95.385318
-95.385294
-95.385273
-95.385256
-95.38524
-95.385227
-95.385217
-95.385208
-95.3852
-95.385194
-95.385189
-95.385184
-95.38518
-95.385177
-95.385175
-95.385172
-95.385171
-95.38517
-95.385169
-95.385168
-95.385167
-95.385167
-95.385166
-95.385165
-95.385164
-95.385163
-95.385162
-95.385162
-95.385161
-95.38516
-95.38516
-95.385159
-95.385158
-95.385158
-95.385158
-95.385158
-95.385158
-95.385157
-95.385156
-95.385156
-95.385156
-95.385156
-95.385156
-95.385156
-95.385156
-95.385157
-95.385157
-95.385157
-95.385157
-95.385157
-95.385157
-95.385157
-95.385157
-95.385156
-95.385156
-95.385155
-95.385154
-95.385154
-95.385153
-95.385153
-95.385152
-95.385152
-95.385152
-95.385152
-95.61495
-95.63051
-95.634213
-95.640197
-95.649075
-95.659861
-95.669129
-95.673044
-95.670628
-95.66265
-95.652932
-95.645748
-95.641997
-95.6407
-95.640905
-95.641889
-95.643303
-95.644985
-95.646856
-95.648868
-95.65099
-95.653195
-95.655456
-95.657743
-95.660021
-95.662268
-95.664472
-95.666634
-95.668764
-95.670877
-95.672988
-95.675105
-95.677224
-95.679328
-95.681384
-95.683343
-95.685151
-95.686759
-95.688142
-95.68931
-95.690314
-95.691234
-95.692142
-95.693104
-95.694175
-95.695389
-95.696753
-95.698266
-95.699924
-95.701722
-95.703648
-95.705691
-95.707828
-95.710029
-95.712244
-95.714405
-95.716428
-95.718226
-95.719723
-95.72087
-95.721655
-95.722106
-95.722285
-95.72228
-95.722189
-95.722108
-95.722123
-95.722297
-95.722666
-95.72324
-95.724001
-95.724919
-95.725954
-95.727069
-95.728232
-95.729414
-95.73059
-95.731742
-95.732855
-95.73392
-95.734937
-95.735912
-95.736866
-95.73783
-95.73885
-95.739988
-95.741314
-95.74291
-95.74486
-95.747237
-95.750104
-95.753495
-95.757419
-95.761854
-95.766757
-95.772075
-95.777761
-95.783787
-95.790161
-95.796932
-95.804194
-95.812073
-95.820712
-95.830238
-95.840732
-95.852208
-95.864597
-95.877753
-95.891467
-95.905492
-95.919566
-95.933433
-95.946859
-95.959637
-95.97158
-95.982508
-95.992225
-96.000485
-96.006962
-96.011215
-96.012674
-96.010482
-96.003688
-95.991158
-95.971953
-95.945602
-95.912357
-95.873268
-95.830018
-95.784613
-95.739041
-95.695
-95.653757
-95.616124
-95.582501
-95.552958
-95.527339
-95.505346
-95.486608
-95.47073
-95.457327
-95.44604
-95.436547
-95.428566
-95.421857
-95.416214
-95.411464
-95.40746
-95.404083
-95.401231
-95.398818
-95.396776
-95.395045
-95.393577
-95.39233
-95.391271
-95.39037
-95.389603
-95.38895
-95.388393
-95.387919
-95.387514
-95.387169
-95.386875
-95.386623
-95.386409
-95.386226
-95.38607
-95.385937
-95.385823
-95.385726
-95.385644
-95.385573
-95.385512
-95.38546
-95.385415
-95.385377
-95.385345
-95.385316
-95.385292
-95.385271
-95.385254
-95.385239
-95.385227
-95.385217
-95.385208
-95.385201
-95.385195
-95.385189
-95.385185
-95.385181
-95.385178
-95.385176
-95.385174
-95.385173
-95.385172
-95.385171
-95.385169
-95.385168
-95.385167
-95.385166
-95.385165
-95.385164
-95.385163
-95.385162
-95.385161
-95.38516
-95.38516
-95.385159
-95.385159
-95.385158
-95.385158
-95.385158
-95.385157
-95.385156
-95.385156
-95.385155
-95.385155
-95.385156
-95.385156
-95.385156
-95.385156
-95.385156
-95.385156
-95.385156
-95.385156
-95.385156
-95.385156
-95.385156
-95.385156
-95.385155
-95.385155
-95.385154
-95.385154
-95.385153
-95.385153
-95.385153
-95.385152
-95.385152
-95.385152
-95.614333
-95.632214
-95.6366
-95.644261
-95.655905
-95.670066
-95.682204
-95.687118
-95.683068
-95.670973
-95.656117
-95.64544
-95.640604
-95.639395
-95.639957
-95.641276
-95.64288
-95.644644
-95.646528
-95.648521
-95.650609
-95.652778
-95.655006
-95.657268
-95.659536
-95.661789
-95.664014
-95.666205
-95.668364
-95.670498
-95.672614
-95.674714
-95.676793
-95.678836
-95.68082
-95.68271
-95.684474
-95.686083
-95.687525
-95.688811
-95.689977
-95.691074
-95.69216
-95.693281
-95.694472
-95.695757
-95.697152
-95.698664
-95.700291
-95.702029
-95.703867
-95.705791
-95.70778
-95.709803
-95.711816
-95.713767
-95.715593
-95.717233
-95.718636
-95.719769
-95.720624
-95.721224
-95.721611
-95.72185
-95.722012
-95.722168
-95.722382
-95.722701
-95.723157
-95.723761
-95.724507
-95.725379
-95.726352
-95.727401
-95.728501
-95.729631
-95.730771
-95.731909
-95.733035
-95.734144
-95.735239
-95.736332
-95.737443
-95.738601
-95.739849
-95.741237
-95.742825
-95.744678
-95.74686
-95.74943
-95.752434
-95.755903
-95.759847
-95.764258
-95.769116
-95.774393
-95.780066
-95.786127
-95.792587
-95.799488
-95.806895
-95.81489
-95.823563
-95.832985
-95.843196
-95.854184
-95.865879
-95.878156
-95.890842
-95.90373
-95.916595
-95.929206
-95.941341
-95.952783
-95.963318
-95.972731
-95.980782
-95.987187
-95.9916
-95.993596
-95.992657
-95.988104
-95.979238
-95.965352
-95.945927
-95.920803
-95.890309
-95.855285
-95.816972
-95.776832
-95.736337
-95.696794
-95.659235
-95.624382
-95.592659
-95.56424
-95.539104
-95.517097
-95.497983
-95.481485
-95.46731
-95.455173
-95.444806
-95.435966
-95.428436
-95.422026
-95.416571
-95.41193
-95.40798
-95.404618
-95.401755
-95.399317
-95.39724
-95.395469
-95.39396
-95.392673
-95.391574
-95.390637
-95.389837
-95.389155
-95.388571
-95.388073
-95.387648
-95.387285
-95.386974
-95.386709
-95.386483
-95.38629
-95.386125
-95.385985
-95.385864
-95.385762
-95.385674
-95.385598
-95.385534
-95.385479
-95.385431
-95.385391
-95.385355
-95.385325
-95.385299
-95.385278
-95.38526
-95.385245
-95.385232
-95.385221
-95.385212
-95.385204
-95.385198
-95.385192
-95.385188
-95.385184
-95.385181
-95.385178
-95.385176
-95.385175
-95.385173
-95.385172
-95.38517
-95.385169
-95.385167
-95.385166
-95.385165
-95.385164
-95.385163
-95.385162
-95.385161
-95.38516
-95.38516
-95.385159
-95.385159
-95.385158
-95.385158
-95.385157
-95.385156
-95.385156
-95.385155
-95.385155
-95.385155
-95.385155
-95.385156
-95.385156
-95.385156
-95.385156
-95.385156
-95.385156
-95.385156
-95.385156
-95.385156
-95.385155
-95.385155
-95.385155
-95.385154
-95.385154
-95.385154
-95.385153
-95.385153
-95.385153
-95.385153
-95.385153
-95.61198
-95.632246
-95.637254
-95.645889
-95.659075
-95.674961
-95.688481
-95.693909
-95.68859
-95.674126
-95.656478
-95.643773
-95.63813
-95.637615
-95.638819
-95.640593
-95.642421
-95.644269
-95.646168
-95.648148
-95.650215
-95.652364
-95.654575
-95.656825
-95.659092
-95.661354
-95.663596
-95.66581
-95.667993
-95.670146
-95.67227
-95.674363
-95.67642
-95.678427
-95.680369
-95.682224
-95.683971
-95.685594
-95.687089
-95.688466
-95.689749
-95.690974
-95.69218
-95.693405
-95.694678
-95.69602
-95.697444
-95.698957
-95.700561
-95.702251
-95.704017
-95.705847
-95.707718
-95.709603
-95.711465
-95.713263
-95.714949
-95.71648
-95.717819
-95.718946
-95.71986
-95.72056
-95.721095
-95.721509
-95.721854
-95.722183
-95.722545
-95.722978
-95.723507
-95.724145
-95.724893
-95.725742
-95.726677
-95.727683
-95.728741
-95.729837
-95.730956
-95.73209
-95.733232
-95.734382
-95.735546
-95.736736
-95.737974
-95.739287
-95.740713
-95.742295
-95.744084
-95.746132
-95.748491
-95.751209
-95.754324
-95.757862
-95.761837
-95.766251
-95.771095
-95.77636
-95.782038
-95.788129
-95.794647
-95.801625
-95.809107
-95.817146
-95.825794
-95.835088
-95.845038
-95.855617
-95.866752
-95.87833
-95.8902
-95.902179
-95.914065
-95.925647
-95.936704
-95.947017
-95.956359
-95.964489
-95.971146
-95.97603
-95.978803
-95.979066
-95.976364
-95.970169
-95.959981
-95.945358
-95.926032
-95.902009
-95.873642
-95.84162
-95.806907
-95.770616
-95.73388
-95.697734
-95.663031
-95.630408
-95.600284
-95.572884
-95.548269
-95.526383
-95.507086
-95.490185
-95.475465
-95.462698
-95.451662
-95.442149
-95.433965
-95.426936
-95.420905
-95.415737
-95.411311
-95.407522
-95.404279
-95.401506
-95.399133
-95.397105
-95.39537
-95.393887
-95.39262
-95.391536
-95.390609
-95.389817
-95.389139
-95.38856
-95.388065
-95.387642
-95.387281
-95.386972
-95.386708
-95.386482
-95.38629
-95.386125
-95.385985
-95.385865
-95.385762
-95.385674
-95.385598
-95.385534
-95.385478
-95.385431
-95.385389
-95.385354
-95.385325
-95.385299
-95.385278
-95.38526
-95.385245
-95.385232
-95.385221
-95.385212
-95.385205
-95.385198
-95.385193
-95.385189
-95.385185
-95.385182
-95.38518
-95.385178
-95.385176
-95.385174
-95.385172
-95.385171
-95.385169
-95.385168
-95.385166
-95.385165
-95.385164
-95.385163
-95.385162
-95.385161
-95.38516
-95.38516
-95.385159
-95.385158
-95.385158
-95.385157
-95.385156
-95.385155
-95.385155
-95.385155
-95.385155
-95.385155
-95.385155
-95.385155
-95.385155
-95.385155
-95.385155
-95.385155
-95.385155
-95.385155
-95.385155
-95.385155
-95.385155
-95.385155
-95.385154
-95.385154
-95.385154
-95.385154
-95.385154
-95.385153
-95.385153
-95.385153
-95.609332
-95.617177
-95.635274
-95.643886
-95.656741
-95.671957
-95.684707
-95.689616
-95.684653
-95.670737
-95.654341
-95.642914
-95.637774
-95.637285
-95.638708
-95.640512
-95.642252
-95.643991
-95.645815
-95.64775
-95.649796
-95.651938
-95.654152
-95.656411
-95.658692
-95.660971
-95.663233
-95.665467
-95.66767
-95.669837
-95.671967
-95.674057
-95.6761
-95.678086
-95.680004
-95.68184
-95.683582
-95.685221
-95.686757
-95.688199
-95.689566
-95.690885
-95.692183
-95.693488
-95.694824
-95.69621
-95.697656
-95.699172
-95.700757
-95.70241
-95.70412
-95.705875
-95.707656
-95.709437
-95.711188
-95.712875
-95.714462
-95.715916
-95.717212
-95.718334
-95.719281
-95.720061
-95.720703
-95.721243
-95.72172
-95.722174
-95.722646
-95.723164
-95.723752
-95.724422
-95.725179
-95.726018
-95.726933
-95.727912
-95.728944
-95.730019
-95.731126
-95.73226
-95.733419
-95.734605
-95.735825
-95.737094
-95.738431
-95.739864
-95.741425
-95.743154
-95.745092
-95.747286
-95.749778
-95.752608
-95.755809
-95.759406
-95.763415
-95.767842
-95.772689
-95.777957
-95.783644
-95.789758
-95.796313
-95.803332
-95.810846
-95.818888
-95.827486
-95.836652
-95.846378
-95.856626
-95.867321
-95.878357
-95.889594
-95.900866
-95.911986
-95.922751
-95.932948
-95.942352
-95.95073
-95.957827
-95.963377
-95.967075
-95.968592
-95.967562
-95.963603
-95.956292
-95.945273
-95.930269
-95.911162
-95.888049
-95.861279
-95.831444
-95.799322
-95.765805
-95.731803
-95.698164
-95.665611
-95.63471
-95.605863
-95.579318
-95.555187
-95.533475
-95.514108
-95.496959
-95.481864
-95.468645
-95.457115
-95.447094
-95.438408
-95.430898
-95.424416
-95.418831
-95.414025
-95.409894
-95.406346
-95.403301
-95.400689
-95.39845
-95.396532
-95.394889
-95.393482
-95.392277
-95.391246
-95.390364
-95.389609
-95.388963
-95.38841
-95.387938
-95.387534
-95.387189
-95.386894
-95.386641
-95.386426
-95.386242
-95.386085
-95.38595
-95.385835
-95.385736
-95.385651
-95.385579
-95.385517
-95.385464
-95.385418
-95.385378
-95.385345
-95.385317
-95.385293
-95.385273
-95.385256
-95.385242
-95.385229
-95.385219
-95.385211
-95.385204
-95.385198
-95.385193
-95.385188
-95.385185
-95.385182
-95.38518
-95.385178
-95.385176
-95.385174
-95.385172
-95.385171
-95.385169
-95.385167
-95.385166
-95.385165
-95.385163
-95.385162
-95.385161
-95.385161
-95.38516
-95.385159
-95.385159
-95.385158
-95.385157
-95.385156
-95.385155
-95.385155
-95.385155
-95.385155
-95.385155
-95.385155
-95.385154
-95.385154
-95.385154
-95.385154
-95.385154
-95.385155
-95.385155
-95.385155
-95.385155
-95.385155
-95.385155
-95.385155
-95.385155
-95.385155
-95.385154
-95.385154
-95.385154
-95.385154
-95.385154
-95.612074
-95.609019
-95.613169
-95.628427
-95.648112
-95.662516
-95.673248
-95.677401
-95.673129
-95.66222
-95.651532
-95.644623
-95.640811
-95.639338
-95.63997
-95.641347
-95.642652
-95.644021
-95.645587
-95.647389
-95.64938
-95.651508
-95.653729
-95.656008
-95.658316
-95.660621
-95.662909
-95.665168
-95.667392
-95.669576
-95.671716
-95.673808
-95.675846
-95.677822
-95.679729
-95.681558
-95.683301
-95.684955
-95.686522
-95.688011
-95.689437
-95.69082
-95.692182
-95.693545
-95.694927
-95.696346
-95.697811
-95.699328
-95.700901
-95.702525
-95.704192
-95.705892
-95.707605
-95.709311
-95.710983
-95.712592
-95.714111
-95.715514
-95.71678
-95.717899
-95.718872
-95.719707
-95.72042
-95.721045
-95.721613
-95.722156
-95.722705
-95.723287
-95.72392
-95.724617
-95.725384
-95.726221
-95.727125
-95.728089
-95.729106
-95.730168
-95.731269
-95.732406
-95.73358
-95.734793
-95.736057
-95.737384
-95.738795
-95.740315
-95.741974
-95.743808
-95.745855
-95.748153
-95.75074
-95.753651
-95.756917
-95.76056
-95.764598
-95.769042
-95.773898
-95.779171
-95.784869
-95.790999
-95.797575
-95.804614
-95.812138
-95.820165
-95.828708
-95.837765
-95.847316
-95.857312
-95.867681
-95.878317
-95.88909
-95.899841
-95.910394
-95.920551
-95.930102
-95.938823
-95.946474
-95.9528
-95.957525
-95.960353
-95.960968
-95.959035
-95.954208
-95.946162
-95.934632
-95.919444
-95.900565
-95.87814
-95.852512
-95.824202
-95.793876
-95.76228
-95.730184
-95.69831
-95.667293
-95.637646
-95.609751
-95.583865
-95.560129
-95.538589
-95.519213
-95.501918
-95.486579
-95.473051
-95.461175
-95.450792
-95.441744
-95.433883
-95.427069
-95.421175
-95.416086
-95.411698
-95.40792
-95.40467
-95.401877
-95.399479
-95.397421
-95.395656
-95.394143
-95.392846
-95.391736
-95.390784
-95.38997
-95.389273
-95.388676
-95.388166
-95.38773
-95.387357
-95.387037
-95.386764
-95.386531
-95.386331
-95.386161
-95.386015
-95.38589
-95.385783
-95.385692
-95.385614
-95.385547
-95.385489
-95.385439
-95.385397
-95.385361
-95.385331
-95.385305
-95.385283
-95.385264
-95.385249
-95.385235
-95.385224
-95.385215
-95.385208
-95.385201
-95.385196
-95.385191
-95.385187
-95.385185
-95.385182
-95.38518
-95.385178
-95.385176
-95.385174
-95.385172
-95.38517
-95.385168
-95.385167
-95.385165
-95.385164
-95.385163
-95.385162
-95.385161
-95.38516
-95.385159
-95.385159
-95.385158
-95.385157
-95.385156
-95.385155
-95.385155
-95.385155
-95.385155
-95.385154
-95.385154
-95.385154
-95.385154
-95.385154
-95.385154
-95.385154
-95.385154
-95.385154
-95.385154
-95.385154
-95.385155
-95.385155
-95.385155
-95.385155
-95.385155
-95.385155
-95.385154
-95.385154
-95.385154
-95.385154
-95.623836
-95.617895
-95.613646
-95.619733
-95.628965
-95.639652
-95.654899
-95.663187
-95.658377
-95.65245
-95.649575
-95.648568
-95.646039
-95.642852
-95.642181
-95.643037
-95.643697
-95.64442
-95.645588
-95.647184
-95.649049
-95.651114
-95.653315
-95.655601
-95.657947
-95.660284
-95.662604
-95.664895
-95.667147
-95.669354
-95.671509
-95.673609
-95.675649
-95.677624
-95.679527
-95.681355
-95.683103
-95.68477
-95.686361
-95.687884
-95.689351
-95.69078
-95.692187
-95.69359
-95.695005
-95.696446
-95.697923
-95.699442
-95.701003
-95.702606
-95.704242
-95.705901
-95.707566
-95.709218
-95.710835
-95.712391
-95.713864
-95.715232
-95.71648
-95.717599
-95.718589
-95.719458
-95.720223
-95.720905
-95.721533
-95.722135
-95.722737
-95.723362
-95.724027
-95.724745
-95.725522
-95.726361
-95.72726
-95.728216
-95.729223
-95.730278
-95.731376
-95.732516
-95.7337
-95.734933
-95.736226
-95.737592
-95.739053
-95.740631
-95.742356
-95.744261
-95.746379
-95.748747
-95.751398
-95.754365
-95.757675
-95.761352
-95.765413
-95.769871
-95.774737
-95.780019
-95.785726
-95.791867
-95.798455
-95.805505
-95.813029
-95.82104
-95.829539
-95.838517
-95.847944
-95.85777
-95.86792
-95.878292
-95.888758
-95.899166
-95.909342
-95.919095
-95.928216
-95.936479
-95.943643
-95.949451
-95.953626
-95.955876
-95.955898
-95.953376
-95.948
-95.9395
-95.927681
-95.912414
-95.893715
-95.871753
-95.846861
-95.81952
-95.790327
-95.759944
-95.729054
-95.698307
-95.668279
-95.639449
-95.612185
-95.586746
-95.563289
-95.541883
-95.522523
-95.50515
-95.489667
-95.475949
-95.463855
-95.45324
-95.443959
-95.435869
-95.428838
-95.422741
-95.417465
-95.412907
-95.408977
-95.40559
-95.402677
-95.400172
-95.39802
-95.396173
-95.394589
-95.39323
-95.392066
-95.391068
-95.390213
-95.389482
-95.388856
-95.38832
-95.387862
-95.38747
-95.387134
-95.386847
-95.386602
-95.386392
-95.386212
-95.386059
-95.385928
-95.385815
-95.385719
-95.385637
-95.385566
-95.385506
-95.385454
-95.385409
-95.385371
-95.38534
-95.385313
-95.385289
-95.38527
-95.385253
-95.38524
-95.385228
-95.385218
-95.38521
-95.385203
-95.385198
-95.385193
-95.385189
-95.385186
-95.385183
-95.385181
-95.385179
-95.385177
-95.385174
-95.385172
-95.385171
-95.385169
-95.385167
-95.385166
-95.385164
-95.385163
-95.385162
-95.385161
-95.38516
-95.38516
-95.385159
-95.385158
-95.385157
-95.385156
-95.385155
-95.385155
-95.385155
-95.385155
-95.385154
-95.385154
-95.385154
-95.385154
-95.385154
-95.385154
-95.385154
-95.385154
-95.385154
-95.385154
-95.385154
-95.385155
-95.385155
-95.385155
-95.385155
-95.385155
-95.385155
-95.385155
-95.385154
-95.385154
-95.385154
-95.622967
-95.621757
-95.622786
-95.625288
-95.631237
-95.64055
-95.648808
-95.652019
-95.650069
-95.648445
-95.648363
-95.648529
-95.646123
-95.642709
-95.641907
-95.64267
-95.643551
-95.644531
-95.645823
-95.647434
-95.649269
-95.651284
-95.653426
-95.655644
-95.658007
-95.660295
-95.662586
-95.664858
-95.667099
-95.669298
-95.671448
-95.673543
-95.675578
-95.677547
-95.679446
-95.68127
-95.683018
-95.684691
-95.686292
-95.687829
-95.689316
-95.690766
-95.692195
-95.693619
-95.695052
-95.696506
-95.69799
-95.699511
-95.701068
-95.70266
-95.70428
-95.705917
-95.707555
-95.709178
-95.710764
-95.712292
-95.713739
-95.715087
-95.716324
-95.717442
-95.718441
-95.719329
-95.72012
-95.720832
-95.721491
-95.722123
-95.722751
-95.723398
-95.72408
-95.72481
-95.725594
-95.726436
-95.727337
-95.728292
-95.729297
-95.730349
-95.731447
-95.732589
-95.73378
-95.735025
-95.736334
-95.737723
-95.73921
-95.740821
-95.742582
-95.744526
-95.746684
-95.749091
-95.751779
-95.754778
-95.758116
-95.761815
-95.765893
-95.770364
-95.775239
-95.780529
-95.786243
-95.792391
-95.798984
-95.806036
-95.813557
-95.821554
-95.830024
-95.838954
-95.848312
-95.858044
-95.868071
-95.878293
-95.888584
-95.898794
-95.908752
-95.918269
-95.927137
-95.935133
-95.942016
-95.94753
-95.951404
-95.953356
-95.953095
-95.950339
-95.944796
-95.936155
-95.924225
-95.908938
-95.890338
-95.868609
-95.84408
-95.81721
-95.788564
-95.758767
-95.728462
-95.698263
-95.668719
-95.640291
-95.613341
-95.588128
-95.564815
-95.543482
-95.524136
-95.506732
-95.491183
-95.477375
-95.465178
-95.454451
-95.445056
-95.436855
-95.429717
-95.42352
-95.418152
-95.41351
-95.409504
-95.40605
-95.403076
-95.400517
-95.398319
-95.396432
-95.394812
-95.393422
-95.392231
-95.39121
-95.390335
-95.389587
-95.388946
-95.388398
-95.387928
-95.387526
-95.387182
-95.386888
-95.386637
-95.386422
-95.386238
-95.386081
-95.385946
-95.385831
-95.385733
-95.385649
-95.385576
-95.385514
-95.385461
-95.385415
-95.385377
-95.385344
-95.385316
-95.385293
-95.385273
-95.385256
-95.385242
-95.38523
-95.38522
-95.385212
-95.385205
-95.385199
-95.385194
-95.38519
-95.385187
-95.385184
-95.385181
-95.385179
-95.385177
-95.385175
-95.385173
-95.385171
-95.385169
-95.385167
-95.385166
-95.385164
-95.385163
-95.385162
-95.385161
-95.38516
-95.38516
-95.385159
-95.385158
-95.385157
-95.385156
-95.385155
-95.385155
-95.385155
-95.385154
-95.385154
-95.385154
-95.385154
-95.385154
-95.385153
-95.385154
-95.385154
-95.385154
-95.385154
-95.385154
-95.385154
-95.385155
-95.385155
-95.385155
-95.385155
-95.385155
-95.385155
-95.385155
-95.385154
-95.385154
-95.385154
)
;

boundaryField
{
    leftWall
    {
        type            fixedFluxPressure;
        gradient        uniform 0;
        value           nonuniform List<scalar> 
20
(
17.516642
17.646724
16.45109
-56.552683
-95.625893
-95.624672
-95.620746
-95.615812
-95.613108
-95.6115
-95.611382
-95.61228
-95.613572
-95.61495
-95.614333
-95.61198
-95.609332
-95.612074
-95.623836
-95.622967
)
;
    }
    rightWall
    {
        type            fixedFluxPressure;
        gradient        uniform 0;
        value           nonuniform List<scalar> 
20
(
-95.385155
-95.385155
-95.385154
-95.385154
-95.385153
-95.385153
-95.385152
-95.385152
-95.385151
-95.385151
-95.385151
-95.385151
-95.385152
-95.385152
-95.385153
-95.385153
-95.385154
-95.385154
-95.385154
-95.385154
)
;
    }
    lowerWall
    {
        type            fixedFluxPressure;
        gradient        uniform 0;
        value           nonuniform List<scalar> 
240
(
17.516642
17.201537
17.147973
17.539017
18.079225
18.179563
17.812864
17.28061
16.803129
16.446441
16.188553
15.986336
15.807168
15.627996
15.43156
15.208844
14.956706
14.673146
14.356375
14.005357
13.619199
13.196285
12.734385
12.231709
11.688509
11.108047
10.496006
9.857491
9.194188
8.5042086
7.7836092
7.0273503
6.2295255
5.3851985
4.4929957
3.5565656
2.5861039
1.6037932
0.64914598
-0.21795107
-1.02089
-1.739854
-2.3865287
-3.0609672
-3.8426434
-4.7150149
-5.6065067
-6.495295
-7.4319252
-8.4711883
-9.6149734
-10.80792
-11.976809
-13.091421
-14.189814
-15.329839
-16.516299
-17.662625
-18.610578
-19.26016
-19.713754
-20.150695
-20.674871
-21.379695
-22.428076
-24.014973
-26.142208
-28.258343
-29.48699
-30.375315
-31.483459
-32.550699
-33.238082
-33.445667
-33.497195
-33.590727
-33.771865
-34.113155
-34.655513
-35.380227
-36.182664
-36.866825
-37.326847
-37.670469
-38.023229
-38.372648
-38.692425
-39.109113
-39.839158
-40.931829
-42.391357
-44.681315
-47.205456
-48.175926
-47.790927
-47.667554
-48.89501
-49.693972
-48.965677
-48.152995
-48.856214
-51.135105
-52.601286
-48.532385
-44.422008
-45.115987
-49.532341
-54.885451
-58.190312
-58.433244
-57.678617
-58.71722
-66.616648
-71.438662
-67.525506
-63.251982
-63.558785
-63.918198
-63.93488
-63.955565
-63.935428
-63.677997
-63.995572
-67.262023
-68.834628
-67.496894
-66.085127
-86.099386
-93.891855
-94.282458
-94.473674
-94.635906
-94.772423
-94.880835
-94.969722
-95.042505
-95.101786
-95.150095
-95.189542
-95.221855
-95.248428
-95.270367
-95.288554
-95.303686
-95.316321
-95.326902
-95.335788
-95.343269
-95.349579
-95.354912
-95.359426
-95.363253
-95.3665
-95.369258
-95.371603
-95.373598
-95.375296
-95.376743
-95.377976
-95.379027
-95.379923
-95.380688
-95.38134
-95.381896
-95.382371
-95.382777
-95.383123
-95.383419
-95.383671
-95.383887
-95.384072
-95.38423
-95.384364
-95.384479
-95.384578
-95.384662
-95.384734
-95.384795
-95.384847
-95.384892
-95.38493
-95.384963
-95.384991
-95.385015
-95.385035
-95.385053
-95.385068
-95.38508
-95.385091
-95.3851
-95.385108
-95.385115
-95.385121
-95.385126
-95.385131
-95.385135
-95.385139
-95.385143
-95.385146
-95.385149
-95.385151
-95.385153
-95.385154
-95.385155
-95.385155
-95.385156
-95.385155
-95.385155
-95.385155
-95.385155
-95.385156
-95.385156
-95.385156
-95.385156
-95.385157
-95.385157
-95.385157
-95.385157
-95.385157
-95.385156
-95.385156
-95.385156
-95.385156
-95.385155
-95.385156
-95.385156
-95.385156
-95.385157
-95.385157
-95.385157
-95.385157
-95.385157
-95.385157
-95.385156
-95.385156
-95.385156
-95.385155
-95.385155
-95.385155
-95.385155
)
;
    }
    atmosphere
    {
        type            fixedFluxPressure;
        gradient        uniform 0;
        value           nonuniform List<scalar> 
240
(
-95.622967
-95.621757
-95.622786
-95.625288
-95.631237
-95.64055
-95.648808
-95.652019
-95.650069
-95.648445
-95.648363
-95.648529
-95.646123
-95.642709
-95.641907
-95.64267
-95.643551
-95.644531
-95.645823
-95.647434
-95.649269
-95.651284
-95.653426
-95.655644
-95.658007
-95.660295
-95.662586
-95.664858
-95.667099
-95.669298
-95.671448
-95.673543
-95.675578
-95.677547
-95.679446
-95.68127
-95.683018
-95.684691
-95.686292
-95.687829
-95.689316
-95.690766
-95.692195
-95.693619
-95.695052
-95.696506
-95.69799
-95.699511
-95.701068
-95.70266
-95.70428
-95.705917
-95.707555
-95.709178
-95.710764
-95.712292
-95.713739
-95.715087
-95.716324
-95.717442
-95.718441
-95.719329
-95.72012
-95.720832
-95.721491
-95.722123
-95.722751
-95.723398
-95.72408
-95.72481
-95.725594
-95.726436
-95.727337
-95.728292
-95.729297
-95.730349
-95.731447
-95.732589
-95.73378
-95.735025
-95.736334
-95.737723
-95.73921
-95.740821
-95.742582
-95.744526
-95.746684
-95.749091
-95.751779
-95.754778
-95.758116
-95.761815
-95.765893
-95.770364
-95.775239
-95.780529
-95.786243
-95.792391
-95.798984
-95.806036
-95.813557
-95.821554
-95.830024
-95.838954
-95.848312
-95.858044
-95.868071
-95.878293
-95.888584
-95.898794
-95.908752
-95.918269
-95.927137
-95.935133
-95.942016
-95.94753
-95.951404
-95.953356
-95.953095
-95.950339
-95.944796
-95.936155
-95.924225
-95.908938
-95.890338
-95.868609
-95.84408
-95.81721
-95.788564
-95.758767
-95.728462
-95.698263
-95.668719
-95.640291
-95.613341
-95.588128
-95.564815
-95.543482
-95.524136
-95.506732
-95.491183
-95.477375
-95.465178
-95.454451
-95.445056
-95.436855
-95.429717
-95.42352
-95.418152
-95.41351
-95.409504
-95.40605
-95.403076
-95.400517
-95.398319
-95.396432
-95.394812
-95.393422
-95.392231
-95.39121
-95.390335
-95.389587
-95.388946
-95.388398
-95.387928
-95.387526
-95.387182
-95.386888
-95.386637
-95.386422
-95.386238
-95.386081
-95.385946
-95.385831
-95.385733
-95.385649
-95.385576
-95.385514
-95.385461
-95.385415
-95.385377
-95.385344
-95.385316
-95.385293
-95.385273
-95.385256
-95.385242
-95.38523
-95.38522
-95.385212
-95.385205
-95.385199
-95.385194
-95.38519
-95.385187
-95.385184
-95.385181
-95.385179
-95.385177
-95.385175
-95.385173
-95.385171
-95.385169
-95.385167
-95.385166
-95.385164
-95.385163
-95.385162
-95.385161
-95.38516
-95.38516
-95.385159
-95.385158
-95.385157
-95.385156
-95.385155
-95.385155
-95.385155
-95.385154
-95.385154
-95.385154
-95.385154
-95.385154
-95.385153
-95.385154
-95.385154
-95.385154
-95.385154
-95.385154
-95.385154
-95.385155
-95.385155
-95.385155
-95.385155
-95.385155
-95.385155
-95.385155
-95.385154
-95.385154
-95.385154
)
;
    }
    defaultFaces
    {
        type            empty;
    }
}


// ************************************************************************* //
