/*--------------------------------*- C++ -*----------------------------------*\
| =========                 |                                                 |
| \\      /  F ield         | OpenFOAM: The Open Source CFD Toolbox           |
|  \\    /   O peration     | Version:  2606                                  |
|   \\  /    A nd           | Website:  www.openfoam.com                      |
|    \\/     M anipulation  |                                                 |
\*---------------------------------------------------------------------------*/
FoamFile
{
    version     2.0;
    format      ascii;
    arch        "LSB;label=32;scalar=64";
    class       volScalarField;
    location    "0.65";
    object      p_rgh;
}
// * * * * * * * * * * * * * * * * * * * * * * * * * * * * * * * * * * * * * //

dimensions      [1 -1 -2 0 0 0 0];

internalField   nonuniform List<scalar> 
3000
(
52.3928
52.3498
52.3111
52.2771
52.2472
52.2197
52.1932
52.1661
52.1379
52.1085
52.0779
52.0456
52.0109
51.9734
51.9334
51.891
51.8464
51.7993
51.7492
51.6959
51.639
51.5783
51.5141
51.4468
51.3768
51.3049
51.2316
51.1573
51.082
51.005
50.9266
50.8474
50.7685
50.6993
50.6538
50.6243
50.5979
50.5715
50.5455
50.5192
50.4902
50.4556
50.4129
50.3599
50.2949
50.217
50.1263
50.0238
49.9105
49.7877
49.6573
49.5215
49.3826
49.2421
49.1018
48.9649
48.8369
48.7241
48.6307
48.5575
48.5032
48.4639
48.4324
48.3995
48.3575
48.3047
48.2418
48.1655
48.0752
47.9792
47.8577
47.6648
47.4724
47.4225
47.4483
43.4829
43.3582
43.2521
43.1661
43.0985
43.0444
42.9973
42.9511
42.902
42.8482
42.7887
42.7223
42.6472
42.5622
42.4682
42.3668
42.259
42.1454
42.0257
41.8991
41.7649
41.6227
41.4726
41.3157
41.1533
40.987
40.8183
40.6487
40.4791
40.3077
40.1363
39.966
39.7917
39.6199
39.4738
39.3597
39.2545
39.1582
39.0721
38.9881
38.8949
38.7826
38.6419
38.4641
38.2432
37.9762
37.6634
37.3088
36.9177
36.496
36.0516
35.5949
35.136
34.6825
34.2411
33.8211
33.4364
33.1007
32.8222
32.6013
32.4332
32.3065
32.201
32.0914
31.9559
31.7875
31.5862
31.3378
31.0396
30.726
30.3228
29.6235
28.896
28.8382
28.9594
1.89304
1.86386
1.83679
1.81106
1.78449
1.75465
1.71998
1.68041
1.6375
1.59369
1.55098
1.51004
1.47034
1.43074
1.39039
1.34871
1.30485
1.25767
1.206
1.14878
1.08532
1.01545
0.939603
0.858716
0.774009
0.686783
0.598299
0.50977
0.422119
0.333211
0.243787
0.153621
0.0554478
-0.0438272
-0.0533755
-0.0372598
-0.0245657
-0.0159796
-0.00980725
-0.00503708
-0.00131769
0.00171241
0.00431948
0.00656233
0.00851428
0.0102317
0.0117226
0.012966
0.0138635
0.0141833
0.0135297
0.011342
0.00698061
4.6131e-05
-0.00903414
-0.0186184
-0.0263666
-0.0303028
-0.0296143
-0.0247766
-0.0171384
-0.00807674
-0.000125872
0.00488485
0.00725263
0.00838974
0.00905123
0.00918938
0.00877142
0.00769617
0.00619986
0.0050112
0.00448562
0.00439362
0.00480232
0.00405066
0.00434701
0.0042707
0.00375673
0.00279113
0.0013815
-0.000406757
-0.00232176
-0.00389318
-0.00462737
-0.00434018
-0.00333442
-0.00213407
-0.00100454
-7.24586e-05
0.000648289
0.00115235
0.00145018
0.00156149
0.00158848
0.00160505
0.00161773
0.00161358
0.00158421
0.00150314
0.00131507
0.000916133
0.000114801
-0.00131436
-0.00283005
-0.00517551
-0.00967632
-0.017277
-0.026012
-0.0288293
-0.0228368
-0.0157189
-0.00959168
-0.00445212
-3.26039e-05
0.0035962
0.00626128
0.0080654
0.00933869
0.01041
0.0114764
0.0125866
0.0136555
0.0144672
0.014675
0.0138209
0.0113385
0.00657914
-0.000905698
-0.0107565
-0.0213048
-0.0298672
-0.034062
-0.0328173
-0.0274611
-0.0182006
-0.00716507
0.00332976
0.0109748
0.0147595
0.0154016
0.0142488
0.0124248
0.0103969
0.0085845
0.00694332
0.0056159
0.00489975
0.00476394
0.00505523
0.0045325
0.00451412
0.00418474
0.00352729
0.00250454
0.00108433
-0.000758558
-0.00284678
-0.00466411
-0.00546976
-0.00471754
-0.00304074
-0.0010341
0.000579445
0.00148295
0.00184071
0.0018354
0.0017139
0.00156912
0.00148292
0.00144041
0.00140935
0.001377
0.0013369
0.00127695
0.00118621
0.00105161
0.000851637
0.000578846
-0.000257025
-0.00210157
-0.00536598
-0.0100744
-0.0155502
-0.0176525
-0.0157425
-0.0121224
-0.00826405
-0.00480608
-0.0019973
0.000196557
0.00194156
0.00324484
0.00435851
0.00559593
0.00701595
0.00851784
0.00993686
0.011046
0.0115199
0.0109209
0.00868922
0.00414981
-0.0032057
-0.0130428
-0.0235475
-0.0318558
-0.0356043
-0.0339964
-0.0273918
-0.0181557
-0.00859963
-0.000880715
0.00407784
0.00669678
0.00783547
0.00819482
0.0077777
0.00746264
0.00702465
0.00629876
0.00557194
0.00511286
0.00498106
0.00510069
0.00355011
0.00372055
0.00352502
0.00296934
0.00207464
0.000842045
-0.0007055
-0.00239184
-0.00378515
-0.00450975
-0.00447003
-0.00333984
-0.0019973
-0.000877347
-9.50619e-05
0.000422958
0.000772385
0.000958322
0.00109072
0.00112226
0.00110276
0.00104303
0.000936773
0.000836362
0.000686152
0.000454469
9.68496e-05
-0.000455157
-0.00133031
-0.00273576
-0.00466522
-0.00716411
-0.0100706
-0.012727
-0.0136448
-0.0125857
-0.0103028
-0.00759541
-0.00494339
-0.00255892
-0.000502941
0.00125425
0.00285889
0.00433383
0.00570599
0.00698357
0.00810202
0.00896598
0.00944091
0.0093443
0.00841677
0.0062609
0.00228482
-0.00394569
-0.0122315
-0.0209415
-0.0274733
-0.0306163
-0.0287546
-0.0233785
-0.015937
-0.00839811
-0.00224469
0.00202223
0.00466965
0.00614438
0.00680592
0.00691584
0.0067433
0.00628617
0.00581045
0.00540112
0.00514014
0.00506
0.00513607
0.00281593
0.00280043
0.00259302
0.00216113
0.00148536
0.00058032
-0.000480462
-0.00154158
-0.00232545
-0.00257818
-0.00221458
-0.00170969
-0.00109923
-0.000512004
-3.44889e-05
0.000311845
0.000536778
0.000641991
0.000691802
0.000710314
0.000691768
0.000639816
0.000550926
0.00041423
0.000213681
-7.64722e-05
-0.000493145
-0.00108805
-0.00192934
-0.00308375
-0.00454617
-0.00628317
-0.00812035
-0.00963924
-0.0102288
-0.0096942
-0.0083053
-0.00647025
-0.00451006
-0.00261709
-0.000886492
0.000649566
0.00201853
0.00322931
0.00425868
0.00513502
0.00587329
0.00641664
0.00666052
0.00645261
0.00559788
0.00383035
0.000826137
-0.003609
-0.0092191
-0.0148408
-0.0188414
-0.0199378
-0.0191138
-0.0159873
-0.0114981
-0.00675206
-0.00259366
0.000574717
0.00273878
0.00410331
0.00488985
0.00526334
0.00539469
0.00530816
0.00517258
0.00502427
0.00493122
0.00492735
0.00501195
0.00188692
0.00197588
0.00186747
0.00156756
0.00109377
0.000475791
-0.000228888
-0.00091353
-0.0014455
-0.00171903
-0.00171929
-0.00139957
-0.0010014
-0.000601474
-0.000260154
5.08651e-06
0.000198647
0.000344955
0.000412717
0.000430303
0.000405756
0.000340848
0.000231827
6.97378e-05
-0.000159021
-0.000474264
-0.000902406
-0.0014756
-0.00222664
-0.00317455
-0.00429921
-0.00553379
-0.00672887
-0.00763645
-0.007979
-0.00764634
-0.00673858
-0.00546032
-0.0040117
-0.00254139
-0.00114085
0.000147985
0.00131502
0.00234906
0.00323187
0.00395228
0.0044968
0.00482751
0.00486758
0.00452124
0.00368072
0.00222027
1.37952e-05
-0.00296926
-0.00647722
-0.00981778
-0.0121192
-0.0125919
-0.0123954
-0.0107321
-0.00815643
-0.00526228
-0.00253147
-0.000225236
0.00156677
0.0028633
0.00373695
0.00423767
0.00454126
0.00466033
0.00467964
0.00467769
0.00469385
0.00475082
0.00485586
0.00142176
0.0014649
0.0013776
0.00115651
0.000813474
0.000377485
-9.98274e-05
-0.000546363
-0.000888564
-0.00107627
-0.0010909
-0.00095136
-0.000722743
-0.000481202
-0.000256326
-6.90791e-05
6.59788e-05
0.00015386
0.00019831
0.000201812
0.000165361
8.7841e-05
-3.47736e-05
-0.000209787
-0.00044773
-0.00076249
-0.00117064
-0.00168915
-0.00233004
-0.00309074
-0.00394208
-0.00481962
-0.00561372
-0.00617829
-0.00637424
-0.0061381
-0.00550682
-0.00458789
-0.00350404
-0.00235993
-0.00123141
-0.000165249
0.000811422
0.00167669
0.00240908
0.00298653
0.00338988
0.00358801
0.00352607
0.00314347
0.00238292
0.00118837
-0.000472021
-0.00255119
-0.00484334
-0.00697751
-0.00857871
-0.00952755
-0.00892727
-0.00775976
-0.00607734
-0.00414189
-0.00221025
-0.000472373
0.000971435
0.00209732
0.00291243
0.00347513
0.00385289
0.00408956
0.00423569
0.00433885
0.00443334
0.00454034
0.00466966
0.00110372
0.0011301
0.00105673
0.000886128
0.000630925
0.000315703
-2.33249e-05
-0.000340148
-0.000590019
-0.000739067
-0.000775922
-0.000713029
-0.000586086
-0.000435793
-0.000287125
-0.000155996
-5.76489e-05
4.08425e-06
2.91494e-05
1.79139e-05
-3.01759e-05
-0.000117127
-0.000246713
-0.00042461
-0.000658254
-0.000956391
-0.00132794
-0.00177965
-0.00231199
-0.00291333
-0.00355404
-0.00418169
-0.00472051
-0.00508194
-0.00518821
-0.00500242
-0.00454112
-0.00386268
-0.00304245
-0.00215294
-0.00125386
-0.000388116
0.000412817
0.00112404
0.00172469
0.00218478
0.00248837
0.00261109
0.00251026
0.00215142
0.00150244
0.000543412
-0.000714967
-0.00220622
-0.00377582
-0.00520088
-0.0062626
-0.00679682
-0.00660271
-0.00582494
-0.00465271
-0.00327508
-0.00185332
-0.000520132
0.000644739
0.00160614
0.00235053
0.0029137
0.00332797
0.00362673
0.00384574
0.00401729
0.00416713
0.00431297
0.00446492
0.000878922
0.00088871
0.00082601
0.000693558
0.000501792
0.000270029
2.48067e-05
-0.000203659
-0.000387565
-0.000506035
-0.000551693
-0.00053243
-0.000467163
-0.000379109
-0.000287458
-0.000206143
-0.000145072
-0.000110018
-0.000104016
-0.000128914
-0.000186524
-0.000279231
-0.000410269
-0.000583752
-0.000804445
-0.00107716
-0.00140557
-0.00179031
-0.00222606
-0.00269778
-0.00318114
-0.00363427
-0.00400576
-0.00424026
-0.00429187
-0.00413845
-0.00378815
-0.00327463
-0.0026456
-0.00195136
-0.00123757
-0.000542143
0.00010619
0.000684923
0.00118428
0.00154328
0.00177221
0.00184441
0.0017327
0.00141697
0.000881756
0.000126839
-0.000823025
-0.00190299
-0.00300065
-0.00397374
-0.00468342
-0.00501967
-0.00491907
-0.00439196
-0.00356904
-0.00256934
-0.00150495
-0.00046906
0.000474643
0.00129157
0.00195467
0.00249173
0.00291343
0.00324386
0.00350497
0.00371967
0.00390706
0.00408136
0.0042518
0.000723358
0.000720353
0.000664702
0.000559316
0.000412802
0.000239258
5.71515e-05
-0.000113433
-0.000254352
-0.000352125
-0.000401774
-0.000407682
-0.000381066
-0.000335875
-0.000285201
-0.000239898
-0.000208209
-0.000195796
-0.000206462
-0.000242948
-0.000307603
-0.000402819
-0.000531204
-0.000695547
-0.000898531
-0.00114219
-0.00142692
-0.00175011
-0.00210278
-0.00247365
-0.00283926
-0.00316955
-0.00342912
-0.00358237
-0.00360097
-0.00347128
-0.00319782
-0.00280133
-0.00231309
-0.00176842
-0.00120187
-0.000644172
-0.000120305
0.000348313
0.000744159
0.00103183
0.00120651
0.00124883
0.00114348
0.000878334
0.000449085
-0.000135154
-0.000845876
-0.00162868
-0.00240343
-0.00307638
-0.00355724
-0.00377408
-0.00369129
-0.00332002
-0.00272724
-0.00198674
-0.00117644
-0.0003631
0.000403732
0.00109213
0.00168342
0.0021781
0.00258992
0.00292805
0.0032093
0.00344859
0.00365957
0.00385321
0.00403733
0.000615049
0.000601776
0.00055084
0.00046472
0.000349914
0.000216621
7.76434e-05
-5.35624e-05
-0.000165002
-0.000247887
-0.000298809
-0.000320077
-0.000318303
-0.000302264
-0.000281009
-0.000262637
-0.00025378
-0.000259515
-0.000283642
-0.000329086
-0.000398259
-0.000493314
-0.000616234
-0.00076874
-0.000952018
-0.00116627
-0.00140995
-0.0016786
-0.00196457
-0.0022555
-0.00253355
-0.00277651
-0.00295984
-0.00306
-0.00305897
-0.00294819
-0.00273055
-0.00241962
-0.00203667
-0.00160696
-0.00115661
-0.000710079
-0.000288629
8.85765e-05
0.000401834
0.000631913
0.000766383
0.000792928
0.000701702
0.000486899
0.000150374
-0.00029514
-0.000822821
-0.00138936
-0.00193754
-0.0024041
-0.00272908
-0.00286565
-0.0027919
-0.00251734
-0.00207219
-0.00150961
-0.000881048
-0.000234192
0.000393198
0.000974838
0.00149515
0.00194307
0.00233312
0.00266724
0.00295458
0.00320533
0.0034292
0.00363445
0.00382743
0.000541384
0.000519607
0.000471402
0.00039852
0.000305673
0.00020006
9.04945e-05
-1.39243e-05
-0.000105148
-0.000177331
-0.000228082
-0.000258609
-0.000272945
-0.000276779
-0.000276384
-0.000277752
-0.000286105
-0.000305738
-0.000340081
-0.000391859
-0.000463272
-0.00055612
-0.000671819
-0.000811279
-0.000974669
-0.00116108
-0.00136801
-0.00159066
-0.00182183
-0.00205073
-0.00226348
-0.00244377
-0.00257438
-0.00263944
-0.00262718
-0.00253221
-0.00235666
-0.00210989
-0.0018069
-0.0014661
-0.00110735
-0.000749999
-0.000411827
-0.000109203
0.000140871
0.000324089
0.000429654
0.000448598
0.000374678
0.000206159
-5.21834e-05
-0.000387164
-0.000775647
-0.00118418
-0.00157165
-0.00189437
-0.00211158
-0.00219222
-0.00212154
-0.00190419
-0.00156038
-0.00112214
-0.000625173
-0.000103379
0.000414975
0.000909645
0.00136886
0.00176279
0.00212977
0.00245155
0.00273541
0.00298834
0.0032171
0.00342773
0.00362521
0.000492072
0.000463123
0.000416147
0.000352135
0.000274352
0.000187774
9.84116e-05
1.24274e-05
-6.47459e-05
-0.000129173
-0.000179149
-0.000215299
-0.000240159
-0.000257518
-0.00027177
-0.000287338
-0.000308273
-0.00033808
-0.000379678
-0.000435422
-0.000507174
-0.000596342
-0.000703857
-0.000830053
-0.00097447
-0.0011356
-0.00131055
-0.00149482
-0.00168175
-0.00186251
-0.00202637
-0.00216127
-0.00225499
-0.00229667
-0.00227849
-0.00219706
-0.00205413
-0.00185647
-0.00161497
-0.00134333
-0.00105673
-0.00077052
-0.000499265
-0.000256065
-5.55894e-05
9.12823e-05
0.000176116
0.000192222
0.000135975
7.8678e-06
-0.000186294
-0.000434384
-0.000717342
-0.00100964
-0.00128149
-0.00150216
-0.00164341
-0.00168402
-0.00161368
-0.00143454
-0.00115965
-0.000809775
-0.000409055
1.8501e-05
0.000451815
0.000873769
0.00127169
0.00163485
0.00196916
0.0022722
0.00254612
0.00279481
0.00302264
0.00323385
0.00343217
0.000458815
0.000424184
0.000377603
0.000319459
0.000251937
0.000178427
0.000102998
2.98093e-05
-3.74696e-05
-9.61771e-05
-0.000145107
-0.00018459
-0.000216275
-0.000242746
-0.000267119
-0.000292657
-0.000322473
-0.000359353
-0.000405679
-0.000463389
-0.000533979
-0.000618491
-0.000717462
-0.000830824
-0.00095776
-0.00109652
-0.00124416
-0.00139663
-0.00154814
-0.00169158
-0.00181864
-0.00192039
-0.00198807
-0.00201416
-0.00199339
-0.00192367
-0.00180653
-0.00164704
-0.00145333
-0.00123575
-0.00100599
-0.000776155
-0.000558105
-0.000362171
-0.000200664
-8.14696e-05
-1.14864e-05
4.57791e-06
-3.52076e-05
-0.000129248
-0.000271739
-0.000452161
-0.000655239
-0.000861573
-0.00104937
-0.00119664
-0.00128347
-0.00129503
-0.00122387
-0.0010708
-0.000844111
-0.000557633
-0.000228105
0.000127419
0.000493124
0.000855519
0.00120421
0.00153216
0.00183773
0.00212049
0.00238103
0.00262139
0.00284424
0.00305245
0.0032487
0.000435906
0.000396847
0.000350265
0.000296051
0.000235566
0.000171082
0.000105338
4.113e-05
-1.9073e-05
-7.3478e-05
-0.00012125
-0.00016258
-0.00019858
-0.000231054
-0.000262235
-0.000294535
-0.000330324
-0.000371779
-0.000420785
-0.000478873
-0.000547192
-0.000626461
-0.000716921
-0.000818251
-0.000929448
-0.00104872
-0.00117334
-0.00129968
-0.00142292
-0.00153734
-0.00163657
-0.00171393
-0.00176312
-0.00177885
-0.00175754
-0.00169798
-0.0016015
-0.00147203
-0.00131576
-0.00114063
-0.000955683
-0.000770419
-0.000594285
-0.000436168
-0.000304735
-0.000206719
-0.000147341
-0.000129861
-0.000155158
-0.000221194
-0.000322633
-0.000450702
-0.000593326
-0.000735751
-0.000861904
-0.000955806
-0.00100318
-0.000993459
-0.000921135
-0.000786341
-0.000594385
-0.000354571
-7.84769e-05
0.000221523
0.000533534
0.000847161
0.00115413
0.0014487
0.00172744
0.00198971
0.00223518
0.00246473
0.00267989
0.00288252
0.00307448
0.000419552
0.000377062
0.00033024
0.000278688
0.000223114
0.000164966
0.000106063
4.82718e-05
-6.7562e-06
-5.78269e-05
-0.000104382
-0.000146556
-0.000185126
-0.000221377
-0.000256931
-0.000293571
-0.000333091
-0.00037716
-0.000427235
-0.000484486
-0.000549758
-0.000623506
-0.000705755
-0.000796036
-0.000893283
-0.000995783
-0.0011011
-0.00120609
-0.00130676
-0.00139859
-0.00147666
-0.00153597
-0.00157194
-0.00158083
-0.00156023
-0.00150943
-0.00142967
-0.00132403
-0.00119729
-0.00105562
-0.000906033
-0.000756024
-0.000613094
-0.000484431
-0.000376537
-0.000294739
-0.000242976
-0.000223492
-0.000236524
-0.000279961
-0.000349151
-0.000436936
-0.000533827
-0.000628608
-0.000709312
-0.000764193
-0.00078288
-0.000757695
-0.000684493
-0.000563045
-0.000396761
-0.000191938
4.32802e-05
0.00029989
0.000568988
0.000842571
0.00111406
0.00137859
0.00163235
0.00187467
0.00210441
0.00232177
0.00252752
0.00272279
0.00290879
0.000406614
0.000361897
0.00031485
0.000265135
0.000213064
0.000159478
0.000105536
5.24598e-05
1.34089e-06
-4.70396e-05
-9.23271e-05
-0.000134638
-0.000174536
-0.000212954
-0.00025108
-0.000290239
-0.000331776
-0.000376955
-0.000426874
-0.000482401
-0.000544125
-0.000612299
-0.000686797
-0.000767075
-0.000852078
-0.000940236
-0.00102944
-0.00111702
-0.00119968
-0.00127385
-0.00133574
-0.00138161
-0.00140809
-0.00141254
-0.00139332
-0.00135008
-0.00128391
-0.0011973
-0.00109399
-0.000978776
-0.000857152
-0.000735007
-0.000618301
-0.0005127
-0.000423172
-0.000353826
-0.000307604
-0.000286049
-0.000289014
-0.000314512
-0.000358622
-0.000415577
-0.000477949
-0.000537203
-0.000584357
-0.000610683
-0.000608554
-0.000572296
-0.000498731
-0.000387449
-0.000240648
-6.26421e-05
0.000140788
0.00036307
0.000597527
0.000837993
0.00107921
0.00131708
0.00154805
0.00177128
0.00198529
0.00218983
0.00238515
0.00257186
0.00275071
0.000394638
0.000348988
0.000302091
0.000253812
0.000204348
0.000154166
0.000103955
5.44856e-05
6.45475e-06
-3.96421e-05
-8.3597e-05
-0.000125523
-0.000165845
-0.000205254
-0.000244625
-0.00028494
-0.000327203
-0.000372359
-0.000421218
-0.000474403
-0.000532296
-0.000594998
-0.00066229
-0.000733595
-0.000807917
-0.000883848
-0.000959586
-0.00103307
-0.00110129
-0.00116159
-0.00121104
-0.00124684
-0.0012665
-0.00126811
-0.0012506
-0.00121384
-0.00115879
-0.00108745
-0.00100279
-0.000908571
-0.000809098
-0.000708992
-0.000613047
-0.000525543
-0.000450363
-0.000390631
-0.000348547
-0.000325133
-0.000320051
-0.000331532
-0.000356337
-0.000389839
-0.000426256
-0.000459068
-0.000481491
-0.000486977
-0.000469852
-0.000425851
-0.000352506
-0.000249347
-0.000117795
3.91672e-05
0.000217428
0.000412142
0.000618286
0.000831102
0.00104638
0.00126065
0.00147118
0.00167636
0.00187501
0.00206656
0.00225093
0.00242836
0.00259925
0.000382592
0.000336713
0.000290428
0.000243532
0.00019619
0.00014869
0.000101428
5.48571e-05
9.39985e-06
-3.46497e-05
-7.71876e-05
-0.000118328
-0.000158405
-0.000197934
-0.000237564
-0.000278023
-0.000320054
-0.000364352
-0.000411503
-0.000461934
-0.000515875
-0.000573313
-0.000633973
-0.000697281
-0.000762321
-0.000827832
-0.000892162
-0.000954555
-0.001011
-0.00106033
-0.00110018
-0.00112839
-0.00114311
-0.00114298
-0.00112728
-0.00109605
-0.00105011
-0.000991072
-0.000921323
-0.000843819
-0.000761948
-0.00067937
-0.000599821
-0.000526584
-0.000462666
-0.000410449
-0.000371556
-0.000346651
-0.000335312
-0.000336018
-0.000346117
-0.000361924
-0.000378944
-0.000392182
-0.000396462
-0.000386856
-0.000359089
-0.000309908
-0.000237388
-0.000141061
-2.18207e-05
0.000118247
0.00027618
0.000448393
0.000631088
0.000820598
0.00101356
0.00120709
0.0013989
0.00158735
0.00177129
0.00195003
0.00212327
0.002291
0.00245339
0.000370377
0.000324321
0.000278867
0.000233427
0.000188009
0.000142794
9.80081e-05
5.39039e-05
1.07141e-05
-3.14066e-05
-7.24276e-05
-0.000112466
-0.000151786
-0.000190783
-0.000229939
-0.000269793
-0.000310888
-0.000353727
-0.000398721
-0.000446153
-0.000496134
-0.000548577
-0.000603179
-0.000659393
-0.000716403
-0.000773142
-0.000828324
-0.00088062
-0.000927955
-0.000968698
-0.0010011
-0.00102355
-0.00103469
-0.00103354
-0.00101964
-0.000993105
-0.000954637
-0.000905558
-0.000847763
-0.000783599
-0.000715766
-0.000647253
-0.000580662
-0.000518712
-0.000463708
-0.00041745
-0.000381134
-0.000355164
-0.00033911
-0.000331681
-0.000330734
-0.00033334
-0.000336003
-0.000334873
-0.000325996
-0.000305621
-0.000270502
-0.000218141
-0.000147021
-5.66951e-05
5.22787e-05
0.00017844
0.000319616
0.000473145
0.000636154
0.000805801
0.000979398
0.00115458
0.00132939
0.00150235
0.00167234
0.00183862
0.00200076
0.00215862
0.00231219
0.00035753
0.000311475
0.00026689
0.000222946
0.000179394
0.000136279
9.37196e-05
5.18424e-05
1.0758e-05
-2.9472e-05
-6.88665e-05
-0.000107542
-0.000145716
-0.000183688
-0.000221825
-0.000260522
-0.000300173
-0.000341132
-0.000383677
-0.000427981
-0.000474076
-0.000521825
-0.000570914
-0.000620837
-0.000670879
-0.000720127
-0.000767496
-0.000811773
-0.000851596
-0.0008855
-0.00091208
-0.000930132
-0.00093866
-0.000936965
-0.00092476
-0.000902188
-0.000869871
-0.000828874
-0.000780706
-0.000727254
-0.000670796
-0.000613381
-0.000557152
-0.000504214
-0.00045635
-0.000414915
-0.000380778
-0.000354187
-0.00033472
-0.0003213
-0.000312202
-0.000305111
-0.000297292
-0.000285777
-0.000267535
-0.00023968
-0.000199723
-0.000145747
-7.65418e-05
8.30937e-06
0.000108452
0.000222858
0.00034993
0.00048768
0.000633922
0.000786435
0.000943079
0.00110191
0.0012613
0.00141993
0.00157674
0.00173101
0.00188225
0.00203022
0.0021748
0.000342927
0.000297717
0.000254189
0.000211775
0.000170081
0.000129004
8.85652e-05
4.88087e-05
9.76855e-06
-2.85537e-05
-6.62079e-05
-0.000103307
-0.00014003
-0.00017661
-0.000213323
-0.00025046
-0.000288303
-0.000327094
-0.000367012
-0.000408149
-0.000450481
-0.000493843
-0.000537926
-0.000582269
-0.000626247
-0.000669081
-0.000709856
-0.000747557
-0.000781164
-0.000809707
-0.000831662
-0.00084631
-0.000852917
-0.000850988
-0.000840332
-0.00082111
-0.000793859
-0.000759452
-0.000719104
-0.00067436
-0.000626978
-0.000578463
-0.000530565
-0.0004849
-0.000442839
-0.000405399
-0.000373208
-0.00034641
-0.000324616
-0.000306933
-0.000291979
-0.00027792
-0.000262618
-0.000243782
-0.000219069
-0.000186248
-0.000143398
-8.90342e-05
-2.21937e-05
5.74975e-05
0.00014982
0.000254046
0.000368999
0.000493189
0.000624927
0.000762479
0.000904131
0.00104832
0.00119364
0.00133901
0.00148339
0.00162614
0.00176675
0.00190493
0.00204047
0.000325715
0.000282466
0.000240467
0.000199718
0.000159919
0.000120881
8.2542e-05
4.48848e-05
7.8936e-06
-2.84675e-05
-6.42658e-05
-9.96084e-05
-0.000134643
-0.000169553
-0.000204544
-0.000239829
-0.000275609
-0.000312044
-0.00034924
-0.000387228
-0.000425949
-0.000465226
-0.000504763
-0.000544148
-0.000582837
-0.000620167
-0.000655368
-0.000687581
-0.000715829
-0.00074054
-0.000758606
-0.000770587
-0.000775771
-0.000773796
-0.000764536
-0.000748147
-0.000725088
-0.000696068
-0.00066209
-0.00062451
-0.000584362
-0.000543061
-0.000501924
-0.000462197
-0.00042493
-0.000390882
-0.000360511
-0.000333886
-0.00031066
-0.000290103
-0.000271102
-0.000252212
-0.00023176
-0.000207964
-0.000179003
-0.000143154
-9.89223e-05
-4.51449e-05
1.89468e-05
9.36641e-05
0.000178887
0.000274098
0.000378433
0.000490751
0.000609752
0.000734067
0.000862343
0.000993279
0.00112572
0.00125879
0.00139145
0.00152317
0.00165346
0.001782
0.00190855
0.000306055
0.000265383
0.00022545
0.000186619
0.000148817
0.000111866
7.56562e-05
4.01267e-05
5.22776e-06
-2.90986e-05
-6.29276e-05
-9.63594e-05
-0.000129519
-0.000162546
-0.000195595
-0.000228822
-0.000262367
-0.000296331
-0.000330766
-0.000365663
-0.000400941
-0.00043642
-0.000471827
-0.000506793
-0.000540852
-0.000573443
-0.000603933
-0.000631647
-0.000655913
-0.000676268
-0.000691657
-0.000701703
-0.000705839
-0.000703922
-0.00069591
-0.000681922
-0.000662339
-0.000637772
-0.000609124
-0.000577225
-0.000543024
-0.00050761
-0.000472023
-0.000437211
-0.000403979
-0.000372892
-0.000344281
-0.000318167
-0.00029425
-0.000271929
-0.000250313
-0.000228266
-0.000204477
-0.000177549
-0.000146063
-0.000108684
-6.42449e-05
-1.18276e-05
4.9174e-05
0.00011903
0.000197674
0.000284743
0.000379589
0.000481337
0.000588982
0.000701451
0.000817649
0.00093652
0.00105712
0.00117864
0.00130027
0.00142145
0.00154174
0.00166081
0.00177844
0.000284769
0.00024654
0.000209
0.000172368
0.000136718
0.000101943
6.79246e-05
3.45801e-05
1.83798e-06
-3.03713e-05
-6.21247e-05
-9.35153e-05
-0.000124648
-0.000155631
-0.000186579
-0.000217605
-0.000248803
-0.000280233
-0.00031191
-0.0003438
-0.000375805
-0.000407754
-0.000439397
-0.000470409
-0.00050039
-0.00052887
-0.00055533
-0.000579222
-0.000599994
-0.000617122
-0.000629962
-0.000638765
-0.000641982
-0.000640192
-0.000633286
-0.000621347
-0.000604636
-0.000583899
-0.000559526
-0.00053229
-0.000502986
-0.000472443
-0.000441468
-0.000410796
-0.000381029
-0.000352592
-0.000325726
-0.000300419
-0.000276416
-0.000253223
-0.000230127
-0.000206237
-0.000180523
-0.000151882
-0.000119212
-8.14681e-05
-3.77392e-05
1.26969e-05
7.03259e-05
0.000135379
0.00020783
0.000287402
0.000373623
0.000465815
0.000563193
0.000664917
0.000770103
0.000877886
0.000987479
0.00109819
0.00120938
0.00132046
0.00143106
0.00154086
0.00164967
0.000262444
0.000226231
0.00019115
0.000156923
0.000123594
9.11079e-05
5.93674e-05
2.82828e-05
-2.22688e-06
-3.22351e-05
-6.18158e-05
-9.10549e-05
-0.00012004
-0.000148856
-0.00017759
-0.000206317
-0.0002351
-0.00026397
-0.000292919
-0.000321893
-0.000350793
-0.000379455
-0.000407656
-0.00043511
-0.000461477
-0.000486365
-0.000509344
-0.000529969
-0.00054779
-0.000562379
-0.000573329
-0.000580425
-0.000583174
-0.000581622
-0.000575741
-0.000565541
-0.000551371
-0.000533636
-0.000512811
-0.00048948
-0.000464263
-0.000437803
-0.000410723
-0.000383596
-0.00035687
-0.000330865
-0.000305752
-0.000281508
-0.000257913
-0.000234562
-0.000210887
-0.000186186
-0.000159647
-0.000130405
-9.75953e-05
-6.0398e-05
-1.81025e-05
2.98622e-05
8.38869e-05
0.000144165
0.000210692
0.000283266
0.000361523
0.000444947
0.000532927
0.000624788
0.00071982
0.000817325
0.00091664
0.00101715
0.00111845
0.00121982
0.00132103
0.00142177
0.00152184
0.000238993
0.000204673
0.000172023
0.000140315
0.00010945
7.9374e-05
5.0008e-05
2.12675e-05
-6.9291e-06
-3.46533e-05
-6.19743e-05
-8.89687e-05
-0.00011571
-0.000142267
-0.000168702
-0.000195066
-0.000221397
-0.000247707
-0.000273971
-0.000300129
-0.000326079
-0.000351673
-0.000376711
-0.000400947
-0.000424088
-0.000445809
-0.000465757
-0.000483567
-0.000498877
-0.000511343
-0.000520658
-0.000526583
-0.000528883
-0.000527495
-0.000522417
-0.000513717
-0.000501635
-0.000486483
-0.000468657
-0.000448615
-0.00042685
-0.000403859
-0.000380124
-0.000356089
-0.000332088
-0.000308363
-0.000285034
-0.000262069
-0.000239283
-0.000216347
-0.000192807
-0.000168107
-0.000141606
-0.000112632
-8.04994e-05
-4.45631e-05
-4.26903e-06
4.08338e-05
9.10648e-05
0.00014658
0.000207385
0.000273335
0.000344144
0.00041942
0.000498682
0.000581392
0.000666979
0.000754873
0.000844525
0.00093542
0.00102713
0.00111921
0.00121133
0.00130321
0.00139466
0.000213954
0.000181888
0.000151734
0.000122621
9.43305e-05
6.67744e-05
3.98804e-05
1.35704e-05
-1.22318e-05
-3.7593e-05
-6.25766e-05
-8.72483e-05
-0.00011167
-0.000135896
-0.000159973
-0.000183934
-0.000207798
-0.000231563
-0.000255196
-0.000278634
-0.00030178
-0.0003245
-0.000346618
-0.00036792
-0.00038816
-0.000407067
-0.000424349
-0.000439709
-0.000452855
-0.000463512
-0.000471439
-0.000476437
-0.000478354
-0.000477126
-0.000472753
-0.000465317
-0.000455
-0.000442048
-0.000426772
-0.000409532
-0.000390721
-0.000370723
-0.000349911
-0.000328624
-0.000307115
-0.000285565
-0.000264057
-0.000242556
-0.000220907
-0.000198843
-0.000176003
-0.000151944
-0.000126163
-9.81337e-05
-6.73161e-05
-3.32017e-05
4.64467e-06
4.65791e-05
9.28579e-05
0.000143613
0.000198846
0.000258454
0.000322219
0.000389838
0.000460927
0.000535057
0.00061177
0.000690601
0.000771089
0.000852809
0.000935378
0.00101847
0.00110174
0.00118495
0.0012679
0.000187041
0.000157807
0.000130349
0.000103927
7.83031e-05
5.33631e-05
2.90314e-05
5.2352e-06
-1.80946e-05
-4.10198e-05
-6.35972e-05
-8.58806e-05
-0.000107922
-0.000129765
-0.000151442
-0.000172975
-0.000194371
-0.000215617
-0.000236677
-0.00025749
-0.000277965
-0.000297981
-0.000317386
-0.000335997
-0.000353606
-0.000369986
-0.0003849
-0.000398104
-0.000409365
-0.00041846
-0.000425199
-0.000429423
-0.000431023
-0.000429945
-0.000426196
-0.000419846
-0.000411041
-0.000399977
-0.000386895
-0.000372077
-0.000355834
-0.000338459
-0.000320246
-0.000301448
-0.000282258
-0.000262812
-0.000243166
-0.000223284
-0.000203037
-0.00018221
-0.000160517
-0.000137605
-0.00011308
-8.65266e-05
-5.75233e-05
-2.56698e-05
9.37779e-06
4.79005e-05
9.01007e-05
0.000136087
0.000185864
0.000239353
0.000296388
0.000356734
0.000420087
0.000486101
0.000554404
0.000624622
0.000696372
0.0007693
0.000843083
0.000917434
0.000992093
0.00106681
0.00114138
0.000158409
0.000132431
0.000107914
8.43106e-05
6.14438e-05
3.92055e-05
1.75173e-05
-3.68922e-06
-2.44758e-05
-4.48989e-05
-6.50088e-05
-8.48491e-05
-0.000104462
-0.000123882
-0.000143132
-0.000162225
-0.000181159
-0.000199917
-0.000218463
-0.000236738
-0.000254659
-0.000272121
-0.000288991
-0.000305113
-0.000320315
-0.000334407
-0.000347195
-0.000358481
-0.000368078
-0.000375807
-0.000381516
-0.000385077
-0.000386411
-0.000385476
-0.000382277
-0.000376875
-0.000369384
-0.000359961
-0.000348793
-0.000336101
-0.000322125
-0.000307092
-0.000291227
-0.000274724
-0.000257728
-0.000240338
-0.000222592
-0.000204456
-0.000185826
-0.000166529
-0.000146336
-0.000124971
-0.000102121
-7.74628e-05
-5.0665e-05
-2.14162e-05
1.05561e-05
4.54734e-05
8.34931e-05
0.000124704
0.000169113
0.000216658
0.000267214
0.000320591
0.000376554
0.000434825
0.000495102
0.000557077
0.000620439
0.0006849
0.000750183
0.00081604
0.000882258
0.000948626
0.00101495
0.000128498
0.000105887
8.44975e-05
6.38444e-05
4.38291e-05
2.4372e-05
5.40011e-06
-1.31488e-05
-3.13292e-05
-4.91916e-05
-6.678e-05
-8.41303e-05
-0.000101275
-0.000118241
-0.000135046
-0.000151693
-0.000168179
-0.000184483
-0.00020057
-0.000216386
-0.000231857
-0.000246892
-0.000261378
-0.000275183
-0.000288162
-0.000300161
-0.000311021
-0.000320583
-0.000328692
-0.00033521
-0.00034001
-0.000342996
-0.000344103
-0.0003433
-0.000340591
-0.000336027
-0.000329698
-0.000321723
-0.000312251
-0.000301454
-0.000289513
-0.000276605
-0.000262901
-0.000248544
-0.000233648
-0.000218284
-0.000202475
-0.000186191
-0.000169352
-0.000151815
-0.000133401
-0.000113895
-9.30512e-05
-7.06149e-05
-4.63297e-05
-1.99542e-05
8.72566e-06
3.9884e-05
7.36434e-05
0.000110074
0.000149184
0.000190925
0.000235195
0.00028185
0.000330701
0.000381527
0.000434084
0.000488121
0.000543388
0.000599646
0.000656666
0.000714241
0.000772186
0.000830332
0.000888503
9.77298e-05
7.83873e-05
6.02069e-05
4.26126e-05
2.55386e-05
8.93696e-06
-7.25227e-06
-2.30825e-05
-3.8601e-05
-5.38514e-05
-6.88714e-05
-8.3691e-05
-9.83353e-05
-0.000112824
-0.00012717
-0.000141374
-0.000155427
-0.00016931
-0.000182988
-0.000196415
-0.000209527
-0.000222245
-0.000234472
-0.000246101
-0.00025701
-0.000267075
-0.000276168
-0.000284159
-0.000290924
-0.000296351
-0.000300341
-0.000302818
-0.000303728
-0.000303048
-0.000300784
-0.000296972
-0.000291683
-0.000285009
-0.000277065
-0.000267983
-0.000257901
-0.00024695
-0.000235262
-0.000222943
-0.000210077
-0.000196719
-0.000182881
-0.000168539
-0.000153626
-0.000138033
-0.000121619
-0.000104215
-8.56329e-05
-6.56735e-05
-4.41399e-05
-2.08462e-05
4.37414e-06
3.16554e-05
6.10932e-05
9.27401e-05
0.000126605
0.000162649
0.000200792
0.000240918
0.000282879
0.0003265
0.000371585
0.000417933
0.000465341
0.000513618
0.000562574
0.00061204
0.000661857
0.000711888
0.000761975
6.63094e-05
5.01366e-05
3.51747e-05
2.07108e-05
6.65457e-06
-7.02473e-06
-2.03715e-05
-3.34286e-05
-4.62358e-05
-5.883e-05
-7.12422e-05
-8.34975e-05
-9.56153e-05
-0.00010761
-0.000119489
-0.000131252
-0.000142889
-0.00015438
-0.000165696
-0.000176796
-0.000187625
-0.000198117
-0.000208192
-0.00021776
-0.000226725
-0.000234986
-0.000242439
-0.000248982
-0.000254516
-0.00025895
-0.000262208
-0.000264227
-0.000264965
-0.000264403
-0.000262546
-0.000259421
-0.000255081
-0.000249596
-0.000243051
-0.000235548
-0.000227187
-0.000218069
-0.000208289
-0.000197926
-0.000187044
-0.000175681
-0.000163845
-0.000151515
-0.00013864
-0.000125134
-0.00011089
-9.57793e-05
-7.96574e-05
-6.23724e-05
-4.37748e-05
-2.37227e-05
-2.09049e-06
2.12238e-05
4.62929e-05
7.31559e-05
0.000101818
0.000132251
0.000164389
0.000198141
0.000233388
0.000269996
0.000307808
0.000346667
0.000386413
0.000426888
0.000467942
0.000509439
0.000551249
0.000593256
0.000635323
3.42347e-05
2.12729e-05
9.52855e-06
-1.7624e-06
-1.27419e-05
-2.34417e-05
-3.38935e-05
-4.41303e-05
-5.41837e-05
-6.40837e-05
-7.38555e-05
-8.35191e-05
-9.30892e-05
-0.000102576
-0.000111984
-0.00012131
-0.000130546
-0.000139672
-0.000148664
-0.000157488
-0.000166098
-0.000174439
-0.000182447
-0.000190051
-0.000197173
-0.000203733
-0.00020965
-0.000214843
-0.000219235
-0.000222754
-0.00022534
-0.000226943
-0.000227529
-0.000227084
-0.000225608
-0.000223122
-0.000219662
-0.000215282
-0.000210042
-0.000204015
-0.000197277
-0.000189897
-0.000181947
-0.000173485
-0.000164555
-0.000155184
-0.000145377
-0.000135118
-0.000124367
-0.000113062
-0.000101121
-8.84497e-05
-7.49402e-05
-6.04806e-05
-4.49598e-05
-2.82722e-05
-1.03256e-05
8.95397e-06
2.96206e-05
5.16997e-05
7.51953e-05
0.000100083
0.000126311
0.000153809
0.000182485
0.000212232
0.000242932
0.000274462
0.0003067
0.000339519
0.000372804
0.000406449
0.000440348
0.000474409
0.00050851
1.44659e-06
-8.11488e-06
-1.66095e-05
-2.46988e-05
-3.25582e-05
-4.02314e-05
-4.77437e-05
-5.51193e-05
-6.23825e-05
-6.9556e-05
-7.66596e-05
-8.37082e-05
-9.07127e-05
-9.76797e-05
-0.000104612
-0.000111505
-0.000118351
-0.000125134
-0.000131833
-0.000138422
-0.000144863
-0.000151113
-0.000157123
-0.000162836
-0.000168194
-0.000173135
-0.000177595
-0.000181515
-0.000184834
-0.000187497
-0.000189458
-0.000190677
-0.000191129
-0.000190799
-0.000189686
-0.000187803
-0.000185174
-0.000181836
-0.000177831
-0.000173207
-0.000168017
-0.000162311
-0.000156136
-0.000149533
-0.000142533
-0.000135154
-0.000127398
-0.000119254
-0.000110694
-0.000101673
-9.21338e-05
-8.20102e-05
-7.12256e-05
-5.9701e-05
-4.73585e-05
-3.41235e-05
-1.99317e-05
-4.73311e-06
1.15089e-05
2.88103e-05
4.71703e-05
6.65688e-05
8.69667e-05
0.000108308
0.000130525
0.000153535
0.000177252
0.000201584
0.000226443
0.000251726
0.000277351
0.000303242
0.000329313
0.000355495
0.000381681
-3.20091e-05
-3.79233e-05
-4.30935e-05
-4.79545e-05
-5.26654e-05
-5.72777e-05
-6.18155e-05
-6.62976e-05
-7.07412e-05
-7.51624e-05
-7.95749e-05
-8.39897e-05
-8.84142e-05
-9.28521e-05
-9.73039e-05
-0.000101766
-0.000106231
-0.000110687
-0.000115118
-0.000119502
-0.000123812
-0.000128017
-0.00013208
-0.000135959
-0.000139612
-0.000142994
-0.000146059
-0.000148762
-0.00015106
-0.000152912
-0.000154283
-0.000155144
-0.000155474
-0.00015526
-0.000154498
-0.000153193
-0.000151361
-0.000149021
-0.0001462
-0.000142927
-0.000139234
-0.000135153
-0.000130713
-0.000125941
-0.000120855
-0.000115466
-0.000109777
-0.000103778
-9.74538e-05
-9.07746e-05
-8.37048e-05
-7.62015e-05
-6.82164e-05
-5.9699e-05
-5.05999e-05
-4.08726e-05
-3.04774e-05
-1.93847e-05
-7.57364e-06
4.96283e-06
1.82198e-05
3.21796e-05
4.68129e-05
6.20791e-05
7.7928e-05
9.43022e-05
0.00011114
0.000128379
0.000145973
0.000163818
0.000181871
0.000200095
0.000218407
0.00023677
0.000255096
-6.59844e-05
-6.80659e-05
-6.98095e-05
-7.14037e-05
-7.2945e-05
-7.44753e-05
-7.60164e-05
-7.7583e-05
-7.91868e-05
-8.08377e-05
-8.25441e-05
-8.43129e-05
-8.6148e-05
-8.80511e-05
-9.00214e-05
-9.20557e-05
-9.41482e-05
-9.62904e-05
-9.84708e-05
-0.000100675
-0.000102884
-0.000105078
-0.000107231
-0.000109317
-0.000111309
-0.000113175
-0.000114888
-0.000116415
-0.00011773
-0.000118804
-0.000119612
-0.000120135
-0.000120354
-0.000120258
-0.000119841
-0.0001191
-0.000118041
-0.000116674
-0.000115005
-0.000113048
-0.000110818
-0.000108331
-0.000105601
-0.00010264
-9.94586e-05
-9.60609e-05
-9.24485e-05
-8.86177e-05
-8.45603e-05
-8.02624e-05
-7.57066e-05
-7.08721e-05
-6.57352e-05
-6.02718e-05
-5.44586e-05
-4.82742e-05
-4.17016e-05
-3.47295e-05
-2.73518e-05
-1.95698e-05
-1.13919e-05
-2.8339e-06
6.08364e-06
1.53321e-05
2.4879e-05
3.46877e-05
4.47187e-05
5.49209e-05
6.53636e-05
7.58234e-05
8.63693e-05
9.6963e-05
0.000107565
0.000118149
0.000128654
-0.000100383
-9.86006e-05
-9.68127e-05
-9.5065e-05
-9.33893e-05
-9.18034e-05
-9.03185e-05
-8.89425e-05
-8.76813e-05
-8.65391e-05
-8.55194e-05
-8.46246e-05
-8.38553e-05
-8.32114e-05
-8.26916e-05
-8.2293e-05
-8.20118e-05
-8.1843e-05
-8.17797e-05
-8.18139e-05
-8.19362e-05
-8.21354e-05
-8.23997e-05
-8.27156e-05
-8.30695e-05
-8.34471e-05
-8.38324e-05
-8.42102e-05
-8.45648e-05
-8.48808e-05
-8.51447e-05
-8.5345e-05
-8.54646e-05
-8.54927e-05
-8.54211e-05
-8.5242e-05
-8.49483e-05
-8.45472e-05
-8.40179e-05
-8.33638e-05
-8.25857e-05
-8.16824e-05
-8.0655e-05
-7.95031e-05
-7.82278e-05
-7.68292e-05
-7.53079e-05
-7.36641e-05
-7.1898e-05
-7.00094e-05
-6.79986e-05
-6.58657e-05
-6.36104e-05
-6.12337e-05
-5.87367e-05
-5.61227e-05
-5.33957e-05
-5.05619e-05
-4.76294e-05
-4.46082e-05
-4.15095e-05
-3.83473e-05
-3.51353e-05
-3.18896e-05
-2.86265e-05
-2.53628e-05
-2.21062e-05
-1.88857e-05
-1.5694e-05
-1.25735e-05
-9.52314e-06
-6.55242e-06
-3.67031e-06
-8.82644e-07
1.78493e-06
)
;

boundaryField
{
    leftWall
    {
        type            fixedFluxPressure;
        gradient        nonuniform List<scalar> 0();
        value           nonuniform List<scalar> 0();
    }
    rightWall
    {
        type            fixedFluxPressure;
        gradient        nonuniform List<scalar> 0();
        value           nonuniform List<scalar> 0();
    }
    lowerWall
    {
        type            fixedFluxPressure;
        gradient        uniform 0;
        value           nonuniform List<scalar> 
75
(
52.3928
52.3498
52.3111
52.2771
52.2472
52.2197
52.1932
52.1661
52.1379
52.1085
52.0779
52.0456
52.0109
51.9734
51.9334
51.891
51.8464
51.7993
51.7492
51.6959
51.639
51.5783
51.5141
51.4468
51.3768
51.3049
51.2316
51.1573
51.082
51.005
50.9266
50.8474
50.7685
50.6993
50.6538
50.6243
50.5979
50.5715
50.5455
50.5192
50.4902
50.4556
50.4129
50.3599
50.2949
50.217
50.1263
50.0238
49.9105
49.7877
49.6573
49.5215
49.3826
49.2421
49.1018
48.9649
48.8369
48.7241
48.6307
48.5575
48.5032
48.4639
48.4324
48.3995
48.3575
48.3047
48.2418
48.1655
48.0752
47.9792
47.8577
47.6648
47.4724
47.4225
47.4483
)
;
    }
    atmosphere
    {
        type            totalPressure;
        rho             rho;
        psi             none;
        gamma           1;
        p0              uniform 0;
        value           nonuniform List<scalar> 
75
(
-0.000117766
-0.000114063
-0.000110485
-0.000107037
-0.000103728
-0.000100563
-9.75452e-05
-9.468e-05
-9.19698e-05
-8.94156e-05
-8.70189e-05
-8.47799e-05
-8.26969e-05
-8.07694e-05
-7.8996e-05
-7.7374e-05
-7.59005e-05
-7.45725e-05
-7.33846e-05
-7.23331e-05
-7.14127e-05
-7.06172e-05
-6.9941e-05
-6.93766e-05
-6.89171e-05
-6.85565e-05
-6.8285e-05
-6.80948e-05
-6.79767e-05
-6.79215e-05
-6.79203e-05
-6.79616e-05
-6.80354e-05
-6.81307e-05
-6.82358e-05
-6.83423e-05
-6.8437e-05
-6.85107e-05
-6.85516e-05
-6.85501e-05
-6.84991e-05
-6.83894e-05
-6.82164e-05
-6.79725e-05
-6.7656e-05
-6.7264e-05
-6.67971e-05
-6.62572e-05
-6.56491e-05
-6.49781e-05
-6.42543e-05
-6.3488e-05
-6.26894e-05
-6.18723e-05
-6.10494e-05
-6.02362e-05
-5.94473e-05
-5.86965e-05
-5.79997e-05
-5.73712e-05
-5.68229e-05
-5.63693e-05
-5.60196e-05
-5.57847e-05
-5.56716e-05
-5.56893e-05
-5.58409e-05
-5.61309e-05
-5.65625e-05
-5.7138e-05
-5.78585e-05
-5.87217e-05
-5.97255e-05
-6.08693e-05
-6.21507e-05
)
;
    }
    defaultFaces
    {
        type            empty;
    }
    procBoundary1to0
    {
        type            processor;
        value           nonuniform List<scalar> 
40
(
52.4388
43.6207
1.92271
0.00350204
0.00421078
0.00298895
0.00259398
0.00160473
0.00125877
0.00098123
0.000798031
0.000674125
0.000592
0.000538507
0.000503941
0.000481755
0.000467131
0.000456323
0.00044723
0.000438718
0.000429415
0.000417861
0.000403559
0.000387097
0.000369086
0.000349324
0.000327092
0.000302
0.000274388
0.000245008
0.000214451
0.00018288
0.000150171
0.00011621
8.1076e-05
4.50297e-05
8.40266e-06
-2.84893e-05
-6.54762e-05
-0.000102709
)
;
    }
    procBoundary1to2
    {
        type            processor;
        value           nonuniform List<scalar> 
40
(
47.4934
29.1735
0.00539367
0.00554147
0.00537365
0.00531803
0.00516475
0.00500309
0.00482231
0.00462699
0.00442357
0.00421711
0.0040127
0.00381338
0.00362077
0.00343551
0.00325767
0.00308693
0.0029227
0.00276426
0.00261085
0.00246171
0.00231613
0.00217342
0.00203301
0.00189441
0.00175721
0.00162104
0.00148559
0.00135061
0.00121589
0.00108131
0.000946754
0.000812187
0.000677544
0.000542775
0.000408016
0.000273516
0.00013917
4.36884e-06
)
;
    }
}


// ************************************************************************* //
