/*--------------------------------*- C++ -*----------------------------------*\
| =========                 |                                                 |
| \\      /  F ield         | OpenFOAM: The Open Source CFD Toolbox           |
|  \\    /   O peration     | Version:  2606                                  |
|   \\  /    A nd           | Website:  www.openfoam.com                      |
|    \\/     M anipulation  |                                                 |
\*---------------------------------------------------------------------------*/
FoamFile
{
    version     2.0;
    format      ascii;
    arch        "LSB;label=32;scalar=64";
    class       surfaceScalarField;
    location    "60";
    object      phi;
}
// * * * * * * * * * * * * * * * * * * * * * * * * * * * * * * * * * * * * * //

dimensions      [0 3 -1 0 0 0 0];

oriented        oriented;

internalField   nonuniform List<scalar> 
2320
(
9.717498046720586e-07
2.782501953278932e-07
7.036425432413748e-07
2.681072602293405e-07
5.275622991274966e-07
1.760802458996916e-07
4.246302881794653e-07
1.029320137330465e-07
3.658701891754263e-07
5.876010340427973e-08
3.311088428855563e-07
3.476135177767035e-08
3.08980320044857e-07
2.21285278571636e-08
2.936091819250671e-07
1.537114215041947e-08
2.820908519166708e-07
1.151833311099429e-08
2.729805967703719e-07
9.110256678308915e-09
2.654996454477266e-07
7.480953553663583e-09
2.591856196711585e-07
6.314026973307063e-09
2.537435483355443e-07
5.442073238500918e-09
2.489772680693472e-07
4.766283651758417e-09
2.447498218209234e-07
4.227449654801874e-09
2.409642495326934e-07
3.785577740008711e-09
2.375469605706957e-07
3.417290677685729e-09
2.344432716628506e-07
3.103684880054227e-09
2.316077880019263e-07
2.835474091519064e-09
2.290067906529879e-07
2.600986892324524e-09
2.266098174799313e-07
2.396964922735877e-09
2.24395176877354e-07
2.214639013039633e-09
2.223404630999776e-07
2.054715183612275e-09
2.204307970741272e-07
1.909668711415534e-09
2.186481518116107e-07
1.782646533565988e-09
2.169829105096321e-07
1.665245807320331e-09
2.154214251153468e-07
1.56149137941066e-09
2.139610631057786e-07
1.460369730084311e-09
2.125941756864391e-07
1.366889503832941e-09
2.113265866572605e-07
1.267589180630965e-09
2.10155725297333e-07
1.170860231576252e-09
2.090935775063459e-07
1.062155608152055e-09
2.081375278755028e-07
9.560587462911245e-10
2.073004317533514e-07
8.371060415443256e-10
2.065732096550695e-07
7.272220440281571e-10
2.05965412926997e-07
6.078002904301144e-10
2.054579279699882e-07
5.074909527519016e-10
2.050570586054727e-07
4.00887731070651e-10
2.047344177629279e-07
3.226479680136411e-10
2.044968097866261e-07
2.376053924517652e-10
2.043097037998515e-07
1.871012724299276e-10
2.041849083255103e-07
1.24811849771061e-10
2.04084674228911e-07
1.00237158092885e-10
2.040284803772141e-07
5.618589391373349e-11
2.039772035436229e-07
5.128681934741675e-11
2.039576943455691e-07
1.951316261010043e-11
2.039310797481508e-07
2.661331920637287e-11
2.039278058471952e-07
3.269144786338756e-12
2.039133536913504e-07
1.446046708740288e-11
2.039130500857819e-07
3.162311095588467e-13
2.039065960628786e-07
6.449353808247086e-12
2.038974827895844e-07
9.123023188397747e-12
2.039000417879201e-07
-2.559479075223221e-12
2.038654344683934e-07
3.461569676125461e-11
2.038800772147967e-07
-1.464684543597536e-11
2.037935964410786e-07
8.648219879615897e-11
2.038293212866706e-07
-3.572341912004217e-11
2.036978333070292e-07
1.314851606946683e-10
2.038959941430346e-07
-1.981552032324143e-10
-3.179748847877415e-10
1.298801594428445e-06
2.294486023376302e-07
1.24580818449833e-06
3.21100671095486e-07
1.150123031967164e-06
2.717654029484736e-07
1.048687465256912e-06
2.043675870156074e-07
9.613509716118593e-07
1.460966047686193e-07
8.927182655442335e-07
1.033940658383899e-07
8.404187098316325e-07
7.442808993344696e-08
8.005313096843219e-07
5.525854564961254e-08
7.695452576677968e-07
4.250438723979566e-08
7.448433539321361e-07
3.381216144339206e-08
7.246257264790137e-07
2.769858366967692e-08
7.076837108773631e-07
2.325604755128834e-08
6.932004646804764e-07
1.992532471763796e-08
6.806147730443558e-07
1.735198329793225e-08
6.695311152001916e-07
1.531111275964317e-08
6.596649331460636e-07
1.36517592792713e-08
6.508044729081314e-07
1.227774176555676e-08
6.427903099234682e-07
1.111783389179738e-08
6.354970507219962e-07
1.012871787095056e-08
6.288273844282914e-07
9.270645344800443e-09
6.227005118207015e-07
8.523836972748715e-09
6.170527573636364e-07
7.862398728118828e-09
6.118277908502638e-07
7.279684681363111e-09
6.069818565486038e-07
6.755605897829634e-09
6.024747175083341e-07
6.28978720811788e-09
5.982791725511207e-07
5.86079666356332e-09
5.943710965312358e-07
5.469569599545314e-09
5.907417601012028e-07
5.089704280555597e-09
5.873838203563753e-07
4.724815983550174e-09
5.843051390309221e-07
4.346258751956715e-09
5.815084167012372e-07
3.967570945486691e-09
5.790079818049457e-07
3.562587108742018e-09
5.768030292121458e-07
3.160998264601635e-09
5.749014918012231e-07
2.738630088929461e-09
5.73287274414828e-07
2.341422002788756e-09
5.719554290894583e-07
1.93964645165004e-09
5.708716329445721e-07
1.591282749437943e-09
5.700215487486084e-07
1.250969357618775e-09
5.69358110744947e-07
9.860759485636194e-10
5.688672174469891e-07
7.284989537345205e-10
5.684968990231548e-07
5.574100999552816e-10
5.68242646992222e-07
3.790730900486711e-10
5.68052492250061e-07
2.904029232811206e-10
5.679368928528472e-07
1.717696848226472e-10
5.678443268513967e-07
1.438560756626028e-10
5.678015904055167e-07
6.225755185486564e-11
5.677551985234774e-07
7.301100847341929e-11
5.677467486492844e-07
1.171455521059689e-11
5.67718685046139e-07
4.252597731321286e-11
5.677231857762957e-07
-4.161218488234586e-12
5.677000367165475e-07
2.95906435628084e-11
5.677024163724277e-07
6.756697774396574e-12
5.676773636950105e-07
2.248706705380088e-11
5.676567946840611e-07
5.518498421515674e-11
5.676223359706801e-07
1.980824107943378e-11
5.67536364884934e-07
1.724547064552323e-10
5.674797299266907e-07
2.091226796614904e-11
5.672704259521034e-07
3.407833228925218e-10
5.672137983395515e-07
-1.415188047205528e-10
-2.600185260784989e-10
1.323073265290615e-06
1.56375338300211e-07
1.37009157715239e-06
2.740823594781947e-07
1.372480660632941e-06
2.693763219684912e-07
1.343935310268675e-06
2.329129404118652e-07
1.301129995267509e-06
1.889019231022758e-07
1.255435878571746e-06
1.49088186142385e-07
1.212442084414014e-06
1.174218868982807e-07
1.17427084971266e-06
9.342978305179791e-08
1.141246463227834e-06
7.55287749888906e-08
1.112893211217288e-06
6.216541593651811e-08
1.088498784397081e-06
5.209301159998165e-08
1.067366138999005e-06
4.4388695497312e-08
1.048897638875592e-06
3.839382844418392e-08
1.03260954476126e-06
3.364008091926308e-08
1.018119419794239e-06
2.98012407624975e-08
1.005127825023893e-06
2.664335488421219e-08
9.933990430232592e-07
2.400651774215449e-08
9.827473958894738e-07
2.176947218873952e-08
9.730238462435935e-07
1.985225911580343e-08
9.641091858085334e-07
1.818530227651376e-08
9.559046001982838e-07
1.672842200364153e-08
9.483298449304034e-07
1.543715692399624e-08
9.413161092374676e-07
1.429342278202121e-08
9.348086705206119e-07
1.32630490997348e-08
9.287612254679786e-07
1.233723680065612e-08
9.231421166842237e-07
1.147991333407094e-08
9.179277885960949e-07
1.068390246837812e-08
9.131101745744591e-07
9.907322039985232e-09
9.086860321002334e-07
9.148957445733854e-09
9.04664163197161e-07
8.368132438398485e-09
9.010494400468381e-07
7.582299894931099e-09
8.978521078392097e-07
6.759929770878377e-09
8.950678040840344e-07
5.945302705608827e-09
8.926934779136192e-07
5.112957583199768e-09
8.907041740728938e-07
4.330724944866425e-09
8.890793761258305e-07
3.564457552631795e-09
8.877740850865061e-07
2.896578773824105e-09
8.867578941813466e-07
2.267161093118145e-09
8.859746758316825e-07
1.7692902936514e-09
8.853969723247325e-07
1.306214073270433e-09
8.849667039555186e-07
9.87677437466566e-10
8.846703065076668e-07
6.75470038165494e-10
8.84451653507963e-07
5.090647670472571e-10
8.843173468939157e-07
3.060703083960724e-10
8.842107808530415e-07
2.504206363971913e-10
8.841617039049458e-07
1.113322179188173e-10
8.841062466373109e-07
1.284725077649959e-10
8.84099368428032e-07
1.859496442801448e-11
8.840613414310243e-07
8.054422929908573e-11
8.840748604316745e-07
-1.767405496344185e-11
8.840362695672723e-07
6.817008167085639e-11
8.840572671934136e-07
-1.42374281798919e-11
8.840063043040268e-07
7.344197234182392e-11
8.840177623218148e-07
4.373157175019895e-11
8.839388106432335e-07
9.87613931188274e-11
8.838999826423962e-07
2.112856877861743e-10
8.83748935972578e-07
1.719628645824667e-10
8.835558513423107e-07
5.338586714590919e-10
8.831428452979264e-07
2.714938035519384e-10
4.541212091211723e-10
1.301372647946824e-06
1.050026910906227e-07
1.365245212838063e-06
2.102097941489994e-07
1.408335890104296e-06
2.262856463184041e-07
1.428218298060395e-06
2.130305343529559e-07
1.430101329475354e-06
1.870188932133369e-07
1.420819372315834e-06
1.583701454440417e-07
1.405580549695468e-06
1.326607101885106e-07
1.387728737325919e-06
1.11281597773717e-07
1.369235885272074e-06
9.402162739318665e-08
1.351162673989139e-06
8.023862896277788e-08
1.334024054434788e-06
6.923163202462577e-08
1.318029172585741e-06
6.038357851546116e-08
1.303222291548069e-06
5.320071215825173e-08
1.289564073636613e-06
4.729830219772083e-08
1.276977152164594e-06
4.238816443638365e-08
1.265370804915155e-06
3.824970252207226e-08
1.254653570141117e-06
3.472374883150928e-08
1.244739865551e-06
3.168317200778148e-08
1.235552126385274e-06
2.903999462110994e-08
1.227021913906314e-06
2.671551556237621e-08
1.219088495721103e-06
2.466184249251437e-08
1.211699325147302e-06
2.282632956460689e-08
1.204808228404756e-06
2.118451767398277e-08
1.198377691007883e-06
1.969358466453411e-08
1.19237739269654e-06
1.833753377825737e-08
1.186788080999307e-06
1.706922711112126e-08
1.181598538871572e-06
1.587344363465341e-08
1.176808966578812e-06
1.469689093630777e-08
1.172423940284458e-06
1.353397478657962e-08
1.168454717813931e-06
1.233734923716715e-08
1.164908206567456e-06
1.11288051989546e-08
1.161791017282981e-06
9.877116677964261e-09
1.159096371290787e-06
8.639940033217473e-09
1.156814124023981e-06
7.395198775819522e-09
1.154916024796767e-06
6.22881678915567e-09
1.153374722793798e-06
5.105762821275084e-09
1.152144166509153e-06
4.127133518611613e-09
1.15118961313325e-06
3.221711592099745e-09
1.150456854110383e-06
2.502044528021942e-09
1.149916694455164e-06
1.846384469368272e-09
1.149514582235065e-06
1.389790677839687e-09
1.149237040233301e-06
9.530063681937626e-10
1.149030861257666e-06
7.152488106784352e-10
1.148904463153503e-06
4.324677856208499e-10
1.148801169983667e-06
3.537138700861495e-10
1.148755697432708e-06
1.568012817050874e-10
1.1486983235429e-06
1.858499337589331e-10
1.148695512259659e-06
2.141151430846175e-11
1.148651688948077e-06
1.24356379636308e-10
1.148673483582392e-06
-3.94673221574679e-11
1.14862442579184e-06
1.172193561517234e-10
1.148662386506178e-06
-5.219654773938094e-11
1.14859395503454e-06
1.418702619019141e-10
1.148638667797794e-06
-9.684526042413584e-13
1.148530833746846e-06
2.065948909096732e-10
1.148551963903272e-06
1.901587798996184e-10
1.148346171655315e-06
3.777591015362054e-10
1.148201312295634e-06
6.787069851876832e-10
1.147634065371527e-06
8.387441569378257e-10
1.584512159290001e-09
1.283926270064158e-06
7.107642149102788e-08
1.338251855563443e-06
1.558842075006825e-07
1.387169730693358e-06
1.773677714983e-07
1.424766214588067e-06
1.754340516712309e-07
1.450187754635498e-06
1.61597353708313e-07
1.465521526276237e-06
1.430363754891809e-07
1.473432341006157e-06
1.247498953731279e-07
1.476158544857229e-06
1.085553949249625e-07
1.475384045037482e-06
9.479612722100148e-08
1.472306825633598e-06
8.331584914992333e-08
1.467757658155854e-06
7.378079999452987e-08
1.462307950631153e-06
6.583328727237512e-08
1.456348549649505e-06
5.91601145001955e-08
1.450144870947008e-06
5.350198305326922e-08
1.443875802002179e-06
4.865723493821173e-08
1.437660062144853e-06
4.446544328983716e-08
1.431575362794044e-06
4.080844782992203e-08
1.425671161954645e-06
3.758737307307409e-08
1.419978329432313e-06
3.473282706340839e-08
1.414514709086797e-06
3.21791367035493e-08
1.409289774792675e-06
2.988677718297516e-08
1.404307075747109e-06
2.780903017839494e-08
1.399567171052754e-06
2.592442372336508e-08
1.395069631817207e-06
2.419112762183625e-08
1.390815436919279e-06
2.259173294125206e-08
1.386808797358258e-06
2.10758730700968e-08
1.383057858752115e-06
1.962438635707369e-08
1.379575048382785e-06
1.817970584101239e-08
1.376374635033806e-06
1.673439068296294e-08
1.373471607980023e-06
1.52403823672205e-08
1.370876741321219e-06
1.37236754348414e-08
1.368596585509634e-06
1.215727642853605e-08
1.366627834885755e-06
1.060868856106569e-08
1.364961603741475e-06
9.061430929539775e-09
1.36357707508718e-06
7.613344293625595e-09
1.362452082060557e-06
6.230761137278319e-09
1.361552920088742e-06
5.026296535517873e-09
1.360852972543473e-06
3.921660450870454e-09
1.360313148922745e-06
3.041867234018246e-09
1.35991231973633e-06
2.247225546459232e-09
1.359610858970193e-06
1.69125589905857e-09
1.359400661876191e-06
1.163198539235294e-09
1.359241339078334e-06
8.745768916329366e-10
1.359143002022154e-06
5.308092446372263e-10
1.359059209846609e-06
4.375105390341118e-10
1.359023265722688e-06
1.927451485025708e-10
1.35897331727984e-06
2.358014954641009e-10
1.358972968627279e-06
2.176637083660196e-11
1.358931949742916e-06
1.653652838047715e-10
1.358955293586991e-06
-6.280984666259655e-11
1.358907450027219e-06
1.650596327865914e-10
1.358950789251121e-06
-9.552998217361046e-11
1.358883397656286e-06
2.092635114474154e-10
1.35894432760505e-06
-6.188335688047582e-11
1.35884076480568e-06
3.101553121408931e-10
1.358899398616885e-06
1.315254151492109e-10
1.358715142923124e-06
5.620202957581387e-10
1.358624231681055e-06
7.696111588617339e-10
1.358138587224313e-06
1.324390838120502e-09
2.676842118857915e-09
1.273064207973252e-06
4.801221371977426e-08
1.315966365617394e-06
1.129820487453791e-07
1.359911883176176e-06
1.334222530716236e-07
1.399598740147054e-06
1.357471952136609e-07
1.432666598788474e-06
1.285294949739073e-07
1.458952568596288e-06
1.1675040627891e-07
1.47937070809572e-06
1.043317556987784e-07
1.495010413450119e-06
9.291568938964936e-08
1.506858504158067e-06
8.294803618911601e-08
1.515731182036575e-06
7.444317075034907e-08
1.522277051344837e-06
6.72349295689834e-08
1.527005130786918e-06
6.110520866776596e-08
1.530314048581829e-06
5.585119868241534e-08
1.532515702810093e-06
5.130033288688075e-08
1.533854841068436e-06
4.731810051422694e-08
1.534523188689389e-06
4.379709759566632e-08
1.534671933071493e-06
4.065970223499458e-08
1.53441992992625e-06
3.783937475679017e-08
1.533862114530474e-06
3.529064243721629e-08
1.533073503401242e-06
3.296775126743219e-08
1.532114973878185e-06
3.084530993929993e-08
1.531034618309219e-06
2.888938652574827e-08
1.529872443810114e-06
2.708659442224513e-08
1.528660434137625e-06
2.54031340631332e-08
1.527426940615873e-06
2.382522518196679e-08
1.526195802037574e-06
2.23070139982476e-08
1.524990090588037e-06
2.083009782503101e-08
1.523829789396524e-06
1.934000616457854e-08
1.522734376544137e-06
1.782980036034613e-08
1.521719152124768e-06
1.625560730154957e-08
1.520797265638513e-06
1.464556047292647e-08
1.519976009276219e-06
1.297853175540053e-08
1.519259337609357e-06
1.132535483271876e-08
1.518645461966433e-06
9.675305855686239e-09
1.518129658590364e-06
8.129145382240089e-09
1.517703857422364e-06
6.656564685591028e-09
1.517357902146216e-06
5.372252057727732e-09
1.517082115744236e-06
4.197450454918133e-09
1.516864025708267e-06
3.259958002397609e-09
1.516696573045199e-06
2.414687775981138e-09
1.516566044717403e-06
1.821789041232575e-09
1.516471159107788e-06
1.258079955093989e-09
1.516395669486849e-06
9.500708304131111e-10
1.516346991872228e-06
5.794913868414667e-10
1.516302824427212e-06
4.816828636258653e-10
1.516283164168564e-06
2.124053712894936e-10
1.516253939449632e-06
2.650246934405778e-10
1.516253665105277e-06
2.204428793599528e-11
1.516228081874027e-06
1.909409368826578e-10
1.516243350368401e-06
-7.807772465450344e-11
1.516213089525496e-06
1.953199697772146e-10
1.516244372478945e-06
-1.268029560626405e-10
1.516202566865138e-06
2.510687885398053e-10
1.516252442280214e-06
-1.117458694140409e-10
1.516192567397764e-06
3.700252267814059e-10
1.516254050846271e-06
7.003516423643321e-11
1.51616035087663e-06
6.557274486920896e-10
1.516138833094033e-06
7.911279415494857e-10
1.515892788499263e-06
1.570435779058908e-09
3.319667002155947e-09
1.266394638128325e-06
3.161757521692428e-08
1.30092523718836e-06
7.845144928041762e-08
1.339119376810986e-06
9.522811233354751e-08
1.376279609440434e-06
9.858696260071307e-08
1.409992626984801e-06
9.481647706241062e-08
1.439383542191457e-06
8.735949023337284e-08
1.464606915328583e-06
7.91083813394518e-08
1.486148170778553e-06
7.137443167101446e-08
1.504543033284663e-06
6.455317235955048e-08
1.520287150251171e-06
5.869905369627073e-08
1.533806114231603e-06
5.371596655028002e-08
1.545454566557416e-06
4.945675888280759e-08
1.555525918933641e-06
4.577984808353348e-08
1.564262420211334e-06
4.256383326261686e-08
1.571865293562744e-06
3.97152280435784e-08
1.578501680184415e-06
3.716071216242866e-08
1.584312038415965e-06
3.484934566048862e-08
1.58941378152857e-06
3.273763514734401e-08
1.593907016671785e-06
3.079741129794022e-08
1.597875698251982e-06
2.899907371079489e-08
1.601392639383664e-06
2.732836959573515e-08
1.604518641786546e-06
2.5763381776646e-08
1.607307217462573e-06
2.429801349833313e-08
1.60980184827189e-06
2.290850048825278e-08
1.612040820583089e-06
2.158625332502872e-08
1.614053037867855e-06
2.029480120754113e-08
1.615863714126143e-06
1.901942423055784e-08
1.617489229758438e-06
1.771449265815871e-08
1.618944421243099e-06
1.637460928847829e-08
1.620236547817278e-06
1.496348485078658e-08
1.62137461810678e-06
1.350749251556223e-08
1.622361873003631e-06
1.199127926609757e-08
1.623207164594203e-06
1.048006175241125e-08
1.623914747902124e-06
8.967725506016159e-09
1.624497566206186e-06
7.54632765990263e-09
1.62496319109548e-06
6.190942353052332e-09
1.625329393669344e-06
5.006050567521605e-09
1.625605726541878e-06
3.921123660394297e-09
1.625812426528491e-06
3.053259358246595e-09
1.625957741961824e-06
2.269376968119516e-09
1.626061284716023e-06
1.718248733283464e-09
1.626127246007676e-06
1.192114133407914e-09
1.626172744108588e-06
9.04574224612693e-10
1.626197072332384e-06
5.551629898513212e-10
1.626214486170886e-06
4.642698213633683e-10
1.626220363194275e-06
2.065259307321876e-10
1.626226343237569e-06
2.590370640154214e-10
1.626226132589285e-06
2.225562828080941e-11
1.626228326093606e-06
1.887440643968025e-10
1.626228453023091e-06
-7.820554235545667e-11
1.626229741214026e-06
1.940294774209937e-10
1.626235185447086e-06
-1.322380757214188e-10
1.626237296465253e-06
2.489472004280154e-10
1.626255540535546e-06
-1.299883548811238e-10
1.626263454207855e-06
3.621094539706871e-10
1.626306496260123e-06
2.698746796236241e-11
1.626333712766598e-06
6.285171385859088e-10
1.626402825558869e-06
7.220186150349331e-10
1.626457208368991e-06
1.516051651534837e-09
3.297895076483647e-09
1.262384590976748e-06
1.923298333214572e-08
1.291344814618857e-06
4.949122609902993e-08
1.325289007814577e-06
6.128391838103464e-08
1.3597084212854e-06
6.416754867573791e-08
1.392244677412349e-06
6.228021968948395e-08
1.421784193489443e-06
5.781997167628113e-08
1.44818589323748e-06
5.270667922762206e-08
1.471699079887273e-06
4.786124275854521e-08
1.492674249828662e-06
4.357800192078031e-08
1.511463000938677e-06
3.991030304792001e-08
1.528376999452354e-06
3.68019687493043e-08
1.543677268543579e-06
3.415649052316091e-08
1.557578658263951e-06
3.187845860922893e-08
1.570257099442225e-06
2.988539345456088e-08
1.581858308337624e-06
2.811402113380031e-08
1.592503605972997e-06
2.651541784163279e-08
1.602296445189006e-06
2.505651034983745e-08
1.61132454824979e-06
2.370953705213863e-08
1.61966467940466e-06
2.245728460777972e-08
1.627382307387362e-06
2.128144937101791e-08
1.634536323001112e-06
2.017435462838876e-08
1.641176739409087e-06
1.912296450733824e-08
1.647349453553136e-06
1.812529795937547e-08
1.653091269152546e-06
1.716668714504469e-08
1.658434750190738e-06
1.624277744437455e-08
1.663400888690538e-06
1.532867107303409e-08
1.668005884443707e-06
1.441443523983665e-08
1.672253066108399e-06
1.346731772754733e-08
1.67614404117301e-06
1.248363916790739e-08
1.679670266528576e-06
1.143726668633898e-08
1.682829259758619e-06
1.034850355568138e-08
1.685613332910855e-06
9.207209742476007e-09
1.68802991840695e-06
8.063476166225983e-09
1.690083393430641e-06
6.914254249983264e-09
1.691799460970201e-06
5.830260827151244e-09
1.693196628019304e-06
4.793775892222361e-09
1.694317492555125e-06
3.88518534985422e-09
1.695187377298709e-06
3.051244417289162e-09
1.695858144509082e-06
2.382491959195159e-09
1.696350806914341e-06
1.776713326237639e-09
1.696719237270723e-06
1.349818258427839e-09
1.69697078815141e-06
9.405595386316333e-10
1.697158815788583e-06
7.16546821089861e-10
1.697271484829273e-06
4.42489832349872e-10
1.697364452073477e-06
3.713008230676638e-10
1.697403769370566e-06
1.67207613287609e-10
1.697453907043536e-06
2.088922142754947e-10
1.697456371721218e-06
1.979313275794399e-11
1.69749259115702e-06
1.525286880486599e-10
1.697476520323657e-06
-6.213600580298053e-11
1.697514423930227e-06
1.561209143868324e-10
1.697490340493817e-06
-1.081489547474236e-10
1.697540473192348e-06
1.98800954360833e-10
1.697521857866956e-06
-1.113759261194393e-10
1.697598530133976e-06
2.854407687233975e-10
1.697619866455347e-06
5.653124433506219e-12
1.697760333131831e-06
4.880515807567104e-10
1.697928527851294e-06
5.538263275575827e-10
1.698261859674597e-06
1.182720524009953e-09
2.616908547437822e-09
1.260125247389065e-06
9.107734871339553e-09
1.285679794242269e-06
2.393668021315355e-08
1.31695989425833e-06
3.000381769962362e-08
1.349502250008518e-06
3.162519199870598e-08
1.380933248381011e-06
3.084921913022512e-08
1.410003501535713e-06
2.874971560088148e-08
1.436424035254786e-06
2.628614246775167e-08
1.460349471374214e-06
2.393580470086657e-08
1.482070299864916e-06
2.185717286548331e-08
1.501897673012944e-06
2.008293012997344e-08
1.520112217950389e-06
1.858742401015333e-08
1.536946315484557e-06
1.732239294418274e-08
1.552585751316733e-06
1.623902313737335e-08
1.567176465099685e-06
1.529468189811033e-08
1.580833962159861e-06
1.445652701330562e-08
1.5936501237125e-06
1.369926005650351e-08
1.605700714731445e-06
1.300592283742266e-08
1.617047804971874e-06
1.236245057562637e-08
1.627744825745584e-06
1.176026678866166e-08
1.637835971932025e-06
1.119030506862843e-08
1.647361299311206e-06
1.064902562519446e-08
1.656354028652369e-06
1.013023116407522e-08
1.664845813310103e-06
9.633508092370821e-09
1.672860596172253e-06
9.15190201759478e-09
1.680419643239775e-06
8.683730268858015e-09
1.687531887339855e-06
8.216429402475725e-09
1.694201279618164e-06
7.745044114901773e-09
1.700416151709183e-06
7.252447468748982e-09
1.706163054466008e-06
6.736736837686528e-09
1.711416188437701e-06
6.184134697319537e-09
1.71615908045735e-06
5.605610634727396e-09
1.720370240809242e-06
4.996048655511834e-09
1.724051060572872e-06
4.382653306080289e-09
1.727201092127768e-06
3.764223625837263e-09
1.729852083160161e-06
3.179268200417234e-09
1.732027262339627e-06
2.618594540753077e-09
1.733786367289178e-06
2.126077322131728e-09
1.735164541099228e-06
1.673074491232274e-09
1.736237889548557e-06
1.309142398268328e-09
1.737035887034732e-06
9.7871154378549e-10
1.737640251500126e-06
7.454537995941637e-10
1.738059646412513e-06
5.211637956335035e-10
1.738378021940227e-06
3.981730389919714e-10
1.738573354659302e-06
2.471526177064349e-10
1.738736908562748e-06
2.077466024013893e-10
1.73880944062037e-06
9.468102311950783e-11
1.738900875666447e-06
1.174578834859615e-10
1.73890833292408e-06
1.234157810171717e-11
1.738975228044499e-06
8.564399228370145e-11
1.73894698068136e-06
-3.388888702496183e-11
1.739016047080896e-06
8.704882740295273e-11
1.738968224508224e-06
-6.032202928725304e-11
1.739057032908882e-06
1.099842397297137e-10
1.739009090644421e-06
-6.343289349610315e-11
1.739138084588205e-06
1.564538345707613e-10
1.739144354559132e-06
-6.077516806831091e-13
1.739367256570267e-06
2.651447989009618e-10
1.739619973624024e-06
3.011042993864365e-10
1.740158225838717e-06
6.444750988828257e-10
1.438519165351895e-09
1.259107731918741e-06
2.222455805493879e-15
1.283044416123809e-06
-2.738369220762405e-15
1.31304823799597e-06
-5.103354211161744e-15
1.344673432699693e-06
-3.941754910451619e-15
1.375522646712356e-06
1.950017943885683e-15
1.404272350822371e-06
8.575369534322572e-15
1.430558475529036e-06
1.435469346996291e-14
1.454494259496141e-06
1.905060575732167e-14
1.476351408769473e-06
2.248343563000579e-14
1.496434314111507e-06
2.471170070624913e-14
1.51502171211277e-06
2.593077953697424e-14
1.532344080340931e-06
2.469722857166779e-14
1.548583082828377e-06
2.121815237286266e-14
1.56387775183215e-06
1.500836965159347e-14
1.578334273627619e-06
7.841070652795517e-15
1.592033536688799e-06
5.498473208380832e-16
1.605039465520439e-06
-2.333784551448705e-15
1.617401922932412e-06
-2.824581504383259e-15
1.629162192727133e-06
-2.540255589108623e-16
1.64035249945749e-06
-1.038493431715084e-15
1.651001524647696e-06
-3.396116017502525e-15
1.661131754522701e-06
-5.472290784915217e-15
1.670765249038834e-06
5.764486116430757e-15
1.679917109761425e-06
3.667871473814045e-14
1.688600746259036e-06
9.138939096960169e-14
1.696817020243353e-06
1.551989888037042e-13
1.704561851840299e-06
2.111672010312935e-13
1.711814063892236e-06
2.351318202789835e-13
1.718550583455573e-06
2.159554674562827e-13
1.724734570513319e-06
1.473329153242127e-13
1.730340137413263e-06
4.08367987629372e-14
1.735336263270292e-06
-7.900922014669054e-14
1.739719090246349e-06
-1.767606841645591e-13
1.743483529871054e-06
-2.156531873086548e-13
1.746662978005682e-06
-1.816617494376867e-13
1.749281637012125e-06
-6.66717629257516e-14
1.75140759213423e-06
1.187649569019523e-13
1.753080307023018e-06
3.621085020689379e-13
1.754388830906192e-06
6.171469018397433e-13
1.755366676609551e-06
8.603242363206319e-13
1.756111065986786e-06
1.064472685406797e-12
1.756631019950288e-06
1.209136604787376e-12
1.757027909501691e-06
1.284740360054109e-12
1.757273770517543e-06
1.286492800623236e-12
1.757480290660107e-06
1.226061047190065e-12
1.757573856230024e-06
1.124456175641981e-12
1.757690353842375e-06
9.669668395433165e-13
1.757701882471284e-06
8.151454725178214e-13
1.757786889758643e-06
6.444356931557651e-13
1.757752515538569e-06
4.84696872618683e-13
1.757839228268037e-06
3.304396345249557e-13
1.757778682603612e-06
2.277220850626028e-13
1.75788854892817e-06
1.18757950750828e-13
1.757825064876579e-06
5.75688052678248e-14
1.757981512545362e-06
7.498941839204671e-15
1.757980936303916e-06
-2.54938422100622e-14
1.758246133520588e-06
-5.600052729845938e-14
1.758547299064559e-06
-7.134104918286155e-14
1.75919188608317e-06
-1.024873978319579e-13
-1.327243645654707e-13
1.259107732319717e-06
-9.107730466291165e-09
1.283044416889799e-06
-2.393668567686559e-08
1.31304823828337e-06
-3.000382776468222e-08
1.344673432399314e-06
-3.16251992241573e-08
1.37552264554139e-06
-3.084921495972947e-08
1.404272348997842e-06
-2.874969816356789e-08
1.430558473252797e-06
-2.628611359978709e-08
1.454494257443073e-06
-2.393576704152605e-08
1.476351407208545e-06
-2.185712878011233e-08
1.496434313304838e-06
-2.008288154174548e-08
1.515021711874921e-06
-1.858737283349751e-08
1.53234408041876e-06
-1.732234380639488e-08
1.548583083104703e-06
-1.623898119715391e-08
1.563877752147678e-06
-1.529465265232018e-08
1.57833427403322e-06
-1.445651185066341e-08
1.592033537186283e-06
-1.369925881029931e-08
1.60503946624318e-06
-1.300592677827804e-08
1.617401923912173e-06
-1.236245529707372e-08
1.629162194053757e-06
-1.176026675128481e-08
1.640352500815081e-06
-1.119030679111707e-08
1.651001525763178e-06
-1.064903137867063e-08
1.661131755134128e-06
-1.013023949438883e-08
1.670765249626868e-06
-9.63349283184031e-09
1.679917111668166e-06
-9.151825684987448e-09
1.688600752672211e-06
-8.683548084128242e-09
1.696817035710324e-06
-8.21612515173049e-09
1.704561881835451e-06
-7.744633736466495e-09
1.711814112500564e-06
-7.251993321145559e-09
1.718550652117854e-06
-6.736322537838434e-09
1.724734656741752e-06
-6.183856102327033e-09
1.730340236427519e-06
-5.605540268612658e-09
1.735336368600144e-06
-4.996210930622179e-09
1.739719194981114e-06
-4.383003693664602e-09
1.743483627271254e-06
-3.764646671694787e-09
1.746663065127931e-06
-3.179620441190114e-09
1.749281714063653e-06
-2.618716636355447e-09
1.75140766184214e-06
-2.125832093467581e-09
1.753080374563458e-06
-1.672350541048998e-09
1.754388905750753e-06
-1.307916873072075e-09
1.755366767543525e-06
-9.77008453750487e-10
1.75611118244318e-06
-7.433523614805542e-10
1.75663117002551e-06
-5.187830386931912e-10
1.757028100349329e-06
-3.956470503021321e-10
1.757274007699164e-06
-2.446264008685581e-10
1.757480574161642e-06
-2.053438792330429e-10
1.757574187282611e-06
-9.248330531751418e-11
1.757690732057877e-06
-1.155711796364456e-10
1.757702299400817e-06
-1.075983527751152e-11
1.757787343487992e-06
-8.439975658880815e-11
1.757753002270357e-06
3.482614017586087e-11
1.757839742079806e-06
-8.641052904868049e-11
1.757779216994345e-06
6.075635659729124e-11
1.757889100814113e-06
-1.097624666519363e-10
1.757825629777472e-06
6.353522615606862e-11
1.757982084074922e-06
-1.564543717763393e-10
1.757981511500679e-06
5.417338324211354e-13
1.758246714365407e-06
-2.652527352844707e-10
1.758547882855626e-06
-3.012429587994014e-10
1.759192460614876e-06
-6.446798607544011e-10
-1.438774337874252e-09
1.260125248439551e-06
-1.923297929897377e-08
1.285679796523329e-06
-4.949123137584583e-08
1.316959895201709e-06
-6.128392773021922e-08
1.349502249093898e-06
-6.416755406528557e-08
1.380933244920675e-06
-6.228021474235215e-08
1.410003496011853e-06
-5.781995368353009e-08
1.436424028519566e-06
-5.270664999917277e-08
1.460349465288538e-06
-4.786120570243338e-08
1.482070295340055e-06
-4.357795934129271e-08
1.501897670613806e-06
-3.991025616071241e-08
1.520112217137496e-06
-3.680191949619514e-08
1.536946315502862e-06
-3.415644273115715e-08
1.552585751893898e-06
-3.187841850848677e-08
1.567176465883122e-06
-2.988536642397584e-08
1.580833963350761e-06
-2.811400757581141e-08
1.593650125311513e-06
-2.651541705172589e-08
1.605700717052175e-06
-2.505651423405191e-08
1.617047807915362e-06
-2.370954201033078e-08
1.627744829378945e-06
-2.24572860733266e-08
1.637835975283138e-06
-2.128145302443416e-08
1.647361301722748e-06
-2.017436098074617e-08
1.656354029683337e-06
-1.912297070869738e-08
1.664845814820804e-06
-1.812527974793736e-08
1.672860602470636e-06
-1.716661185654645e-08
1.680419663585646e-06
-1.624260700138167e-08
1.687531934256195e-06
-1.532839334115446e-08
1.694201367527931e-06
-1.44140657248827e-08
1.70041629032017e-06
-1.346691346511146e-08
1.706163245581984e-06
-1.248327615679016e-08
1.711416422762936e-06
-1.143703228590912e-08
1.716159342881598e-06
-1.034846166465722e-08
1.720370512418666e-06
-9.207379107511388e-09
1.72405132258433e-06
-8.06381262264671e-09
1.727201327421425e-06
-6.914650030446284e-09
1.729852286316253e-06
-5.830580037844141e-09
1.732027437342783e-06
-4.793867068445472e-09
1.7337865255098e-06
-3.884921674050797e-09
1.735164700382656e-06
-3.05052658588223e-09
1.736238079073035e-06
-2.381298221040805e-09
1.737036133167286e-06
-1.775067531837543e-09
1.737640581890212e-06
-1.347801299120439e-09
1.738060083764593e-06
-9.382895287289587e-10
1.738378585292168e-06
-7.14146801287201e-10
1.738574058534252e-06
-4.40097946724202e-10
1.738737750782608e-06
-3.69038734705679e-10
1.738810421876843e-06
-1.651539128678324e-10
1.738901993672643e-06
-2.071347200205869e-10
1.738909563755765e-06
-1.833963473421975e-11
1.738976564560809e-06
-1.514003974927317e-10
1.738948409412183e-06
6.298645940044768e-11
1.739017550579172e-06
-1.555462374937212e-10
1.738969785467467e-06
1.085248653016888e-10
1.739058640885386e-06
-1.986238425306573e-10
1.73901073106103e-06
1.114448217556958e-10
1.739139745417444e-06
-2.854717427288324e-10
1.739146026628768e-06
-5.747211248125661e-12
1.739368939495381e-06
-4.881560125528011e-10
1.739621663661852e-06
-5.539596189243974e-10
1.740159887627649e-06
-1.182916474607191e-09
-2.617131190264231e-09
1.262384592349608e-06
-3.161757214543394e-08
1.291344818327949e-06
-7.845145395499736e-08
1.325289009545161e-06
-9.522812007941804e-08
1.359708419729249e-06
-9.858696555761305e-08
1.392244671792334e-06
-9.481647072543274e-08
1.42178418442241e-06
-8.735947127593898e-08
1.448185882539063e-06
-7.910835128499568e-08
1.471699070187383e-06
-7.137439402388016e-08
1.492674242745599e-06
-6.455313063249586e-08
1.511462997007688e-06
-5.86990094495599e-08
1.5283769979844e-06
-5.371592191945617e-08
1.543677268342804e-06
-4.945671561580157e-08
1.557578658957697e-06
-4.577981138071054e-08
1.570257100574531e-06
-4.256380801726739e-08
1.581858310189185e-06
-3.971521510590388e-08
1.592503608462624e-06
-3.716071206525114e-08
1.60229644872235e-06
-3.4849352145232e-08
1.611324552404454e-06
-3.273764472204437e-08
1.619664683970641e-06
-3.079741873166889e-08
1.627382310731851e-06
-2.899908230584333e-08
1.634536324392779e-06
-2.732837844518258e-08
1.641176738962848e-06
-2.576338833888295e-08
1.647349455383728e-06
-2.429799815120903e-08
1.653091280969177e-06
-2.290843759423005e-08
1.658434786220496e-06
-2.158611269822944e-08
1.663400966342864e-06
-2.029457353021901e-08
1.668006022003535e-06
-1.901912153782906e-08
1.672253272789356e-06
-1.771416243550442e-08
1.676144313464344e-06
-1.637431604231132e-08
1.679670584612912e-06
-1.496330369829822e-08
1.682829597148622e-06
-1.350747597768276e-08
1.685613660157233e-06
-1.199144000123216e-08
1.68803021012597e-06
-1.048035968200046e-08
1.690083629955548e-06
-8.968067719309575e-09
1.691799642671166e-06
-7.54659241409711e-09
1.693196770477203e-06
-6.190991167712545e-09
1.694317623080988e-06
-5.005771749947145e-09
1.695187531413968e-06
-3.920434787672843e-09
1.695858372221617e-06
-3.05213917255328e-09
1.696351151534516e-06
-2.267846418331953e-09
1.696719742588798e-06
-1.716386667072711e-09
1.696971486876635e-06
-1.190034245389834e-09
1.697159732038379e-06
-9.023840060699361e-10
1.697272636546802e-06
-5.52990823015739e-10
1.697365830413233e-06
-4.622322013789221e-10
1.697405367253598e-06
-2.046957208974447e-10
1.697455716723988e-06
-2.574721607821752e-10
1.697458357393195e-06
-2.098099919886584e-11
1.697494736913456e-06
-1.877732676897924e-10
1.69747879930436e-06
7.892836577396395e-11
1.697516807905125e-06
-1.935533228261057e-10
1.697492805437558e-06
1.325305414306067e-10
1.697543002845571e-06
-2.488288111933075e-10
1.697524425934924e-06
1.300150162253178e-10
1.697601128053013e-06
-3.621647304309639e-10
1.697622480619606e-06
-2.709490629726663e-11
1.697762952707996e-06
-6.28631740906228e-10
1.697931152829249e-06
-7.221571062842325e-10
1.698264437124019e-06
-1.51620936475193e-09
-3.298056039909054e-09
1.266394639555917e-06
-4.801221194218251e-08
1.300925242059357e-06
-1.129820522630862e-07
1.339119379255981e-06
-1.334222582350822e-07
1.376279607310412e-06
-1.357471955644211e-07
1.409992619489588e-06
-1.285294865306669e-07
1.439383530364804e-06
-1.16750385538759e-07
1.464606901914349e-06
-1.043317247474989e-07
1.486148158697922e-06
-9.291565110976131e-08
1.504543024516796e-06
-8.294799612323237e-08
1.520287145222343e-06
-7.444313099341788e-08
1.533806112552779e-06
-6.723489216731551e-08
1.545454566828314e-06
-6.110517297017726e-08
1.55552592050763e-06
-5.585116674437567e-08
1.564262422230696e-06
-5.130030878822869e-08
1.571865296006893e-06
-4.731808662886138e-08
1.578501682728421e-06
-4.379709668131099e-08
1.584312041683538e-06
-4.065971058066656e-08
1.589413785057813e-06
-3.783938862367947e-08
1.593907020178044e-06
-3.529065506553063e-08
1.597875699659159e-06
-3.296776265077838e-08
1.601392638125907e-06
-3.084531764499919e-08
1.604518638976237e-06
-2.888938906345402e-08
1.607307219760753e-06
-2.70865788280914e-08
1.609801866371006e-06
-2.540308377753927e-08
1.612040871547798e-06
-2.382511826504495e-08
1.614053140020296e-06
-2.230684146339094e-08
1.615863884104195e-06
-2.082986434069168e-08
1.617489470586468e-06
-1.933974594798891e-08
1.618944719837196e-06
-1.782956408692882e-08
1.62023687230275e-06
-1.62554564074123e-08
1.621374931860533e-06
-1.464553664344442e-08
1.622362139791888e-06
-1.297864465916675e-08
1.623207359030166e-06
-1.132557475371624e-08
1.623914856255867e-06
-9.675562587075667e-09
1.624497602549194e-06
-8.129338412293206e-09
1.624963189109654e-06
-6.656573391559495e-09
1.625329402420416e-06
-5.371982149787731e-09
1.625605802411021e-06
-4.196837374847824e-09
1.625812639264992e-06
-3.258979222114533e-09
1.625958149087977e-06
-2.413356801855896e-09
1.626061942644112e-06
-1.820174937150332e-09
1.626128191137038e-06
-1.25628633802831e-09
1.626173996529573e-06
-9.481880622322156e-10
1.626198646698235e-06
-5.776328223804247e-10
1.626216364294729e-06
-4.799521581097789e-10
1.626222523652824e-06
-2.108692089568373e-10
1.626228766842297e-06
-2.637083964339462e-10
1.626228775108912e-06
-2.098588335102692e-11
1.626231159951481e-06
-1.90153383987717e-10
1.626231437456161e-06
7.864221634002445e-11
1.626232839625363e-06
-1.949667218895477e-10
1.626238368667158e-06
1.270046785095439e-10
1.626240547845966e-06
-2.509979084070305e-10
1.62625882645617e-06
1.117341253477739e-10
1.626266766155271e-06
-3.701058308281562e-10
1.626309818444414e-06
-7.014099145356089e-11
1.62633703157851e-06
-6.558539122609423e-10
1.626406141351851e-06
-7.912716907678041e-10
1.626460458812745e-06
-1.570517988399886e-09
-3.319742940959983e-09
1.273064209366447e-06
-7.107642096116997e-08
1.315966371206691e-06
-1.558842095136223e-07
1.359911885938389e-06
-1.77367773294529e-07
1.39959873769117e-06
-1.754340487591639e-07
1.432666590241269e-06
-1.615973427103551e-07
1.458952555474302e-06
-1.430363533497121e-07
1.47937069395604e-06
-1.247498654049629e-07
1.495010401257535e-06
-1.085553598984081e-07
1.506858495858492e-06
-9.479609234274006e-08
1.515731177868668e-06
-8.331581452618999e-08
1.522277051184133e-06
-7.378076706250037e-08
1.527005133243433e-06
-6.583325654938667e-08
1.530314052530123e-06
-5.916008772134725e-08
1.532515706699278e-06
-5.350196377902089e-08
1.533854844315297e-06
-4.865722400060783e-08
1.534523190678859e-06
-4.446544168144121e-08
1.534671934862199e-06
-4.080845326779226e-08
1.534419931511159e-06
-3.758738381459899e-08
1.533862116108256e-06
-3.473283828723475e-08
1.533073503060729e-06
-3.217914709677682e-08
1.532114971501584e-06
-2.988678243788962e-08
1.531034615720998e-06
-2.780902849912007e-08
1.529872448982395e-06
-2.59244080955513e-08
1.528660458693346e-06
-2.419109047024998e-08
1.527427001610666e-06
-2.259165959574598e-08
1.526195915661221e-06
-2.107575299138763e-08
1.524990269209148e-06
-1.962421482628955e-08
1.523830028875103e-06
-1.817950211766542e-08
1.522734655732917e-06
-1.673419033085681e-08
1.521719431075929e-06
-1.524023271727247e-08
1.520797502630186e-06
-1.372360966771253e-08
1.519976166178091e-06
-1.215730600780013e-08
1.519259393802311e-06
-1.06088001272805e-08
1.518645413726161e-06
-9.061582581803849e-09
1.51812953525966e-06
-7.613462340125478e-09
1.517703709780229e-06
-6.230746791257138e-09
1.517357799588878e-06
-5.026072497140631e-09
1.517082132819693e-06
-3.92117744656922e-09
1.516864246689528e-06
-3.041100458823012e-09
1.516697063835534e-06
-2.246177718421546e-09
1.516566869725279e-06
-1.689977183964928e-09
1.516472353542774e-06
-1.161776204792191e-09
1.516397242643125e-06
-8.730865805630429e-10
1.516348949785016e-06
-5.293407137351424e-10
1.51630514091775e-06
-4.361417973087056e-10
1.516285802754851e-06
-1.915431320872691e-10
1.516256863900122e-06
-2.347740783976209e-10
1.516256823562195e-06
-2.095222540681578e-11
1.516231436975023e-06
-1.647668015286805e-10
1.516246852213431e-06
6.321937286861692e-11
1.516216698784228e-06
-1.648177730013007e-10
1.516248053650995e-06
9.565075244357429e-11
1.516206300491747e-06
-2.092314235489902e-10
1.516256199036412e-06
6.184426808086453e-11
1.516196335927453e-06
-3.102578992707e-10
1.516257811835007e-06
-1.316320606933849e-10
1.516164100727141e-06
-5.621355285935981e-10
1.516142568133957e-06
-7.697266424122145e-10
1.515896446395354e-06
-1.324395567343939e-09
-2.676847630348092e-09
1.283926271419852e-06
-1.05002691228302e-07
1.338251861442141e-06
-2.102097943727833e-07
1.387169733423407e-06
-2.262856447459887e-07
1.424766212112931e-06
-2.130305280514573e-07
1.450187746524909e-06
-1.870188810179891e-07
1.465521514126977e-06
-1.583701255561601e-07
1.47343232901914e-06
-1.326606828344541e-07
1.476158535912678e-06
-1.112815656539649e-07
1.475384041046058e-06
-9.4021595711823e-08
1.472306826176239e-06
-8.023860033777375e-08
1.467757662410974e-06
-6.923160758613638e-08
1.462307957117876e-06
-6.038355676329095e-08
1.456348557001725e-06
-5.320069137843092e-08
1.450144877488053e-06
-4.729828461408585e-08
1.443875806840012e-06
-4.238815176982181e-08
1.437660064127458e-06
-3.824969738401818e-08
1.431575363147535e-06
-3.472375193945389e-08
1.425671161419623e-06
-3.168318210563284e-08
1.419978329494883e-06
-2.904000545728808e-08
1.414514709038809e-06
-2.671552314563802e-08
1.409289775283117e-06
-2.466184309811965e-08
1.404307078258447e-06
-2.282632508630899e-08
1.399567182292774e-06
-2.11845078672198e-08
1.39506966120673e-06
-1.969356755283718e-08
1.390815498910741e-06
-1.833749749795842e-08
1.386808905180486e-06
-1.706915850636152e-08
1.383058022293635e-06
-1.58733309209389e-08
1.379575261513096e-06
-1.469674091055194e-08
1.376374876682287e-06
-1.353380840266113e-08
1.373471839652647e-06
-1.233719929498401e-08
1.370876924220424e-06
-1.112869741445664e-08
1.368596684091586e-06
-9.877066010651392e-09
1.366627833842459e-06
-8.639950022220628e-09
1.364961506137132e-06
-7.395255480812181e-09
1.363576917984416e-06
-6.228875448864762e-09
1.362451922300757e-06
-5.105748888306423e-09
1.361552836384194e-06
-4.126984197865808e-09
1.360853047845226e-06
-3.221388917319873e-09
1.360313472896407e-06
-2.50152505635373e-09
1.359912958292389e-06
-1.845662364747642e-09
1.359611879342759e-06
-1.388889026505976e-09
1.359402097404615e-06
-9.519881189797919e-10
1.359243188914314e-06
-7.141824596661412e-10
1.359145262553349e-06
-4.314171811530214e-10
1.359061849910855e-06
-3.527184311145377e-10
1.359026239223703e-06
-1.559298413933852e-10
1.358976573320745e-06
-1.851162458745866e-10
1.358976448665621e-06
-2.084626530525523e-11
1.358935612949943e-06
-1.239247894365229e-10
1.358959086808479e-06
3.976429912203416e-11
1.358911333371324e-06
-1.170494764724223e-10
1.358954721602148e-06
5.225036181450342e-11
1.35888735460986e-06
-1.418887694740543e-10
1.35894828720499e-06
9.142223200583506e-13
1.358844721256448e-06
-2.066633355793302e-10
1.358903335367799e-06
-1.902487148937325e-10
1.358719052435897e-06
-3.77867162480742e-10
1.358628109071011e-06
-6.787866577900462e-10
1.358142396483746e-06
-8.387038314059675e-10
-1.584457984974559e-09
1.301372649177719e-06
-1.563753381588909e-07
1.365245218667093e-06
-2.740823575742018e-07
1.408335893080069e-06
-2.693763186846327e-07
1.428218296371222e-06
-2.329129335662682e-07
1.430101323609096e-06
-1.889019099907431e-07
1.42081936430636e-06
-1.49088166920247e-07
1.405580543928025e-06
-1.174218622398542e-07
1.387728736014241e-06
-9.342975785738287e-08
1.369235889574364e-06
-7.552875134420958e-08
1.351162682157817e-06
-6.216539676391916e-08
1.334024064852054e-06
-5.209299515882603e-08
1.318029183861483e-06
-4.438867997676262e-08
1.3032223025653e-06
-3.839381248360325e-08
1.289564083201422e-06
-3.364006563304919e-08
1.276977159101162e-06
-2.980122780101122e-08
1.265370807113932e-06
-2.664334691627136e-08
1.254653568876515e-06
-2.400651715217968e-08
1.244739862865485e-06
-2.176947987363142e-08
1.235552125987214e-06
-1.985227077998574e-08
1.227021916974608e-06
-1.818531307764806e-08
1.219088503400047e-06
-1.672842616883305e-08
1.211699337041e-06
-1.543715504613087e-08
1.204808247424696e-06
-1.429341756425828e-08
1.198377721521822e-06
-1.326304409810515e-08
1.192377444723331e-06
-1.233722520750543e-08
1.186788165428493e-06
-1.14798823210114e-08
1.18159866751538e-06
-1.068383560375746e-08
1.176809139608152e-06
-9.907216410505058e-09
1.172424147588881e-06
-9.148822706342016e-09
1.168454933368821e-06
-8.367990459290061e-09
1.164908402610901e-06
-7.582170307645504e-09
1.161791163552195e-06
-6.759828529761156e-09
1.159096454455349e-06
-5.945243431602348e-09
1.156814145308042e-06
-5.112947824416478e-09
1.154916015861284e-06
-4.330747017557844e-09
1.153374729342334e-06
-3.564461956080216e-09
1.152144259075811e-06
-2.89651386614929e-09
1.151189868289893e-06
-2.266997323091653e-09
1.150457356579582e-06
-1.769013177812172e-09
1.149917502345772e-06
-1.305817056854653e-09
1.149515761481097e-06
-9.871516439063374e-10
1.149238624366215e-06
-6.748439658286089e-10
1.149032846648376e-06
-5.084051890123094e-10
1.148906842837646e-06
-3.054275285868457e-10
1.148803911933641e-06
-2.497974942834748e-10
1.148758752700778e-06
-1.107753208632718e-10
1.148701640755071e-06
-1.279944499634649e-10
1.148699034102106e-06
-1.82387932269477e-11
1.148655371448108e-06
-8.026051855290257e-11
1.14867727056778e-06
1.786314267631134e-11
1.148628277273349e-06
-6.807196025305923e-11
1.148666262112519e-06
1.42638404875354e-11
1.148597841842033e-06
-7.34484983669801e-11
1.148642536871588e-06
-4.379438136731212e-11
1.148534677585036e-06
-9.881650857942362e-11
1.148555783269024e-06
-2.113448607122364e-10
1.148349942313279e-06
-1.720285424684647e-10
1.148205045197432e-06
-5.338977250088812e-10
1.147637776973696e-06
-2.714290750438537e-10
-4.540404033650507e-10
1.323073266428896e-06
-2.294486016098994e-07
1.370091582933152e-06
-3.211006672595991e-07
1.372480664746376e-06
-2.717653986843909e-07
1.343935311586444e-06
-2.043675809757896e-07
1.301129994137167e-06
-1.460965954638009e-07
1.255435877147445e-06
-1.033940529152885e-07
1.2124420866805e-06
-7.442807330282338e-08
1.174270857565397e-06
-5.525852917286619e-08
1.141246476536699e-06
-4.250437156965556e-08
1.112893226810079e-06
-3.381215033776458e-08
1.088498799779403e-06
-2.769857338856987e-08
1.067366152657398e-06
-2.325603785250588e-08
1.048897651098974e-06
-1.992531379318738e-08
1.032609555291374e-06
-1.735197063286929e-08
1.018119427127952e-06
-1.531110117018136e-08
1.005127826245289e-06
-1.365175080561054e-08
9.933990397189657e-07
-1.227773859840949e-08
9.827473915409326e-07
-1.111783956088718e-08
9.730238470781875e-07
-1.012873069619084e-08
9.641091948761286e-07
-9.270660191393214e-09
9.559046185463014e-07
-8.523846296222234e-09
9.483298686591198e-07
-7.862401978058315e-09
9.413161355939757e-07
-7.279685424104345e-09
9.348086970196741e-07
-6.755610284456046e-09
9.287612570778215e-07
-6.289791948563526e-09
9.231421625400942e-07
-5.860792281454116e-09
9.179278650124325e-07
-5.469541558821424e-09
9.131102922287146e-07
-5.089648338117223e-09
9.086861977112882e-07
-4.724736340425089e-09
9.046643692698728e-07
-4.346168482796939e-09
9.010496743636707e-07
-3.967479440493536e-09
8.978523455450519e-07
-3.56250386285495e-09
8.950680297187789e-07
-3.160935884684473e-09
8.926936832332074e-07
-2.738607227943952e-09
8.907043752223374e-07
-2.341439336301048e-09
8.890795925641131e-07
-1.939677302760259e-09
8.877743624097346e-07
-1.591286623027969e-09
8.867582880856743e-07
-1.25092655683121e-09
8.859752592881831e-07
-9.859823586008136e-10
8.853977917894098e-07
-7.283532144698683e-10
8.849678207984695e-07
-5.571881592236441e-10
8.846717535754156e-07
-3.787842385445276e-10
8.844534331020418e-07
-2.90095398601329e-10
8.843194627193651e-07
-1.714573826132696e-10
8.842132096069433e-07
-1.435331386370228e-10
8.841643991523146e-07
-6.197671853860813e-11
8.84109166854628e-07
-7.276393523657581e-11
8.841024673519893e-07
-1.153114839721394e-11
8.840645705070421e-07
-4.238249670742643e-11
8.840781663597784e-07
4.258305910620635e-12
8.840396309237338e-07
-2.951425999849501e-11
8.840606362016543e-07
-6.738472670692336e-12
8.840096699053767e-07
-2.250090624610682e-11
8.840210963478537e-07
-5.522766975075548e-11
8.839421132732534e-07
-1.983220129450521e-11
8.839032534363606e-07
-1.724937220744718e-10
8.837521480325988e-07
-2.092690384763709e-11
8.835590508038205e-07
-3.407985195248071e-10
8.831460754444039e-07
1.415459316557595e-10
2.600866197867938e-10
1.298801596243712e-06
-2.782501951869398e-07
1.245808191603766e-06
-2.681072556879581e-07
1.150123039027937e-06
-1.76080244305853e-07
1.048687470477032e-06
-1.02932013190566e-07
9.613509745449834e-07
-5.876010200443442e-08
8.927182682394449e-07
-3.476134839204819e-08
8.404187160614818e-07
-2.212852192780443e-08
8.005313210823302e-07
-1.537113516444588e-08
7.695452726092355e-07
-1.151832598002547e-08
7.44843368690071e-07
-9.110251677595028e-09
7.246257381285602e-07
-7.480949368325651e-09
7.076837194646459e-07
-6.314024392324823e-09
6.932004728504791e-07
-5.442069613338302e-09
6.80614780448864e-07
-4.76627893687199e-09
6.695311203477812e-07
-4.227443504969115e-09
6.596649328248079e-07
-3.785569927420771e-09
6.508044691459448e-07
-3.417284588905642e-09
6.427903074519331e-07
-3.103685598437546e-09
6.354970570718241e-07
-2.835481866881584e-09
6.288274017853761e-07
-2.600999471311372e-09
6.227005390845417e-07
-2.396975144358084e-09
6.170527871927971e-07
-2.214643204935488e-09
6.118278172774476e-07
-2.054714353900573e-09
6.069818731887002e-07
-1.909669960289387e-09
6.024747261993799e-07
-1.782650646447051e-09
5.982791796376445e-07
-1.665248328357273e-09
5.943711191046572e-07
-1.561482175770554e-09
5.907418143235894e-07
-1.460346839589999e-09
5.873839259143449e-07
-1.366854956576511e-09
5.843053042928375e-07
-1.26754938371264e-09
5.815086428709727e-07
-1.17081479577306e-09
5.790082479527944e-07
-1.062108207202437e-09
5.768033191149552e-07
-9.560152610587345e-10
5.749017900104977e-07
-8.370797504870542e-10
5.732875806592196e-07
-7.272143264643824e-10
5.719557300866872e-07
-6.078085259217333e-10
5.708719427042512e-07
-5.074988386794863e-10
5.700218968858764e-07
-4.008828105227159e-10
5.693585545246287e-07
-3.226230591320992e-10
5.688677840207701e-07
-2.375764201353018e-10
5.684976361986309e-07
-1.870569794228082e-10
5.682435876684516e-07
-1.247362185680825e-10
5.680536560254811e-07
-1.001462670888535e-10
5.679382922614118e-07
-5.610074789413586e-11
5.678459446135945e-07
-5.120132942335126e-11
5.678034011607846e-07
-1.94254060777349e-11
5.677571801914195e-07
-2.652843275131054e-11
5.677488639784052e-07
-3.220177356614905e-12
5.677208971648963e-07
-1.441527074318606e-11
5.677254526836291e-07
-2.864384515773726e-13
5.677023447595531e-07
-6.421952313713505e-12
5.6770472002461e-07
-9.113046269181333e-12
5.676796678396491e-07
2.567254109127175e-12
5.676590619777514e-07
-3.463510379757495e-11
5.676245725737876e-07
1.463026734057406e-11
5.675385693959896e-07
-8.64958066958349e-11
5.674818985668265e-07
3.573064829879802e-11
5.672725926181054e-07
-1.315007397683535e-10
5.672159887059903e-07
1.981437596039381e-10
3.180078291000323e-10
9.717498082456334e-07
7.036425535751165e-07
5.27562308758688e-07
4.246302938561449e-07
3.65870190357636e-07
3.311088414871173e-07
3.089803192827239e-07
2.936091827883127e-07
2.820908535202343e-07
2.729805975246289e-07
2.654996449648801e-07
2.591856199734503e-07
2.537435511116966e-07
2.489772715294478e-07
2.447498242650406e-07
2.409642487287264e-07
2.375469600552617e-07
2.344432751221961e-07
2.316077988032542e-07
2.29006807027248e-07
2.266098373089694e-07
2.243951950980102e-07
2.223404777655547e-07
2.204308047649339e-07
2.186481532277685e-07
2.16982905633017e-07
2.154214216289239e-07
2.139610702060177e-07
2.12594210883528e-07
2.113266604392694e-07
2.101558429747314e-07
2.090937277562161e-07
2.081377070912252e-07
2.073006309538904e-07
2.065734201189164e-07
2.059656072300246e-07
2.054581059682179e-07
2.050572265392285e-07
2.047345992168289e-07
2.044970070211375e-07
2.043099444179441e-07
2.041852099109455e-07
2.04085053284896e-07
2.04028951134234e-07
2.039777632267594e-07
2.039583317400758e-07
2.039317942237416e-07
2.039285825494405e-07
2.039141705398014e-07
2.039138861774579e-07
2.039074566804151e-07
2.038983355820903e-07
2.039008979327722e-07
2.0386626602441e-07
2.038808974651528e-07
2.037943996955924e-07
2.038301284897068e-07
2.036986233201788e-07
2.038967708480621e-07
)
;

boundaryField
{
    inlet
    {
        type            calculated;
        value           nonuniform List<scalar> 
20
(
-1.25e-06
-1.250000000000001e-06
-1.249999999999999e-06
-1.25e-06
-1.25e-06
-1.249999999999999e-06
-1.250000000000001e-06
-1.249999999999999e-06
-1.249999999999999e-06
-1.250000000000001e-06
-1.250000000000005e-06
-1.249999999999994e-06
-1.250000000000001e-06
-1.250000000000001e-06
-1.250000000000005e-06
-1.249999999999998e-06
-1.249999999999998e-06
-1.250000000000005e-06
-1.249999999999998e-06
-1.249999999999998e-06
)
;
    }
    outlet
    {
        type            calculated;
        value           nonuniform List<scalar> 
20
(
2.042139604347432e-07
5.671558331413694e-07
8.824286997039147e-07
1.146503671866827e-06
1.357046256975582e-06
1.515249963133986e-06
1.626478976805498e-06
1.698942840838205e-06
1.741336614106202e-06
1.760630544357951e-06
1.760631108978403e-06
1.741338243983421e-06
1.698945362876174e-06
1.626482153920888e-06
1.515253543579451e-06
1.357050008599538e-06
1.146507354573499e-06
8.824319418266641e-07
5.671580625786118e-07
2.042147781760272e-07
)
;
    }
    hotWall
    {
        type            calculated;
        value           uniform 0;
    }
    topWall
    {
        type            calculated;
        value           uniform 0;
    }
    frontAndBack
    {
        type            empty;
    }
}


// ************************************************************************* //
