/*--------------------------------*- C++ -*----------------------------------*\
| =========                 |                                                 |
| \\      /  F ield         | OpenFOAM: The Open Source CFD Toolbox           |
|  \\    /   O peration     | Version:  2606                                  |
|   \\  /    A nd           | Website:  www.openfoam.com                      |
|    \\/     M anipulation  |                                                 |
\*---------------------------------------------------------------------------*/
FoamFile
{
    version     2.0;
    format      ascii;
    arch        "LSB;label=32;scalar=64";
    class       volScalarField;
    location    "0.3";
    object      p;
}
// * * * * * * * * * * * * * * * * * * * * * * * * * * * * * * * * * * * * * //

dimensions      [1 -1 -2 0 0 0 0];

internalField   nonuniform List<scalar> 
1200
(
0
-0.51887516
-0.33200282
-0.010989254
-0.11236176
-0.7251996
-1.6982075
-2.9800229
-4.5464074
-6.3679166
-8.4529711
-10.852635
-13.612635
-16.490847
-19.206547
-21.969888
-24.748496
-27.605068
-30.406303
-32.904
-34.963209
-36.713503
-38.420037
-40.343598
-42.745442
-45.866658
-49.797903
-54.29282
-58.790935
-62.777108
-66.039545
-68.934858
-71.651713
-72.752738
-73.388049
-74.503236
-77.042951
-79.845673
-80.032712
-79.620523
-79.646109
-79.743176
-79.835115
-79.933527
-79.76579
-79.339695
-82.86365
-91.29502
-91.77287
-89.655878
-88.007101
-88.266852
-98.812544
-103.24408
-104.86004
-105.26302
-105.40258
-105.53238
-105.64525
-105.73365
-105.80276
-105.85567
-105.89547
-105.92512
-105.94705
-105.96322
-105.9751
-105.98383
-105.99024
-105.99493
-105.99838
-106.0009
-106.00275
-106.00411
-106.0051
-106.00583
-106.00637
-106.00676
-106.00705
-106.00726
-106.00742
-106.00753
-106.00762
-106.00768
-106.00773
-106.00777
-106.00779
-106.00781
-106.00783
-106.00784
-106.00785
-106.00786
-106.00787
-106.00787
-106.00787
-106.00788
-106.00788
-106.00788
-106.00789
-106.00789
-106.00789
-106.00789
-106.00789
-106.0079
-106.0079
-106.0079
-106.0079
-106.0079
-106.0079
-106.0079
-106.0079
-106.00791
-106.00791
-106.00791
-106.00791
-106.00791
-106.00791
-106.00791
-106.0079
-106.0079
-66.739485
-68.408312
-68.914393
-68.578952
-68.468492
-68.786367
-69.438732
-70.379448
-71.54319
-72.863138
-74.341142
-76.096665
-78.430054
-80.799294
-82.140763
-83.626383
-85.131226
-86.600019
-87.994669
-89.16351
-90.044726
-90.7551
-91.45868
-92.295445
-93.426089
-94.992477
-96.993886
-99.213861
-101.30338
-103.02466
-104.3142
-105.41416
-106.3435
-106.55319
-106.6367
-106.72504
-106.8153
-106.91483
-107.02693
-107.13686
-107.23016
-107.29873
-107.341
-107.3601
-107.36145
-107.35152
-107.33414
-107.30942
-107.30351
-107.31028
-107.22616
-107.41472
-106.88182
-106.32673
-105.97617
-105.55743
-105.5098
-105.62564
-105.73966
-105.82613
-105.89155
-105.94041
-105.97665
-106.00343
-106.02319
-106.03773
-106.04843
-106.05628
-106.06205
-106.06628
-106.06938
-106.07166
-106.07333
-106.07455
-106.07545
-106.07611
-106.07659
-106.07694
-106.07721
-106.0774
-106.07754
-106.07764
-106.07772
-106.07778
-106.07782
-106.07786
-106.07788
-106.0779
-106.07791
-106.07792
-106.07793
-106.07794
-106.07795
-106.07795
-106.07796
-106.07796
-106.07796
-106.07796
-106.07797
-106.07797
-106.07797
-106.07797
-106.07797
-106.07798
-106.07798
-106.07798
-106.07798
-106.07798
-106.07798
-106.07798
-106.07798
-106.07799
-106.07799
-106.07799
-106.07799
-106.07799
-106.07799
-106.07799
-106.07798
-106.07798
-102.67198
-103.44274
-103.23696
-102.9577
-102.96179
-103.08126
-103.3016
-103.58604
-103.91138
-104.30136
-104.73215
-105.25013
-105.98113
-106.51702
-106.57651
-106.55786
-106.57485
-106.58474
-106.59194
-106.5978
-106.60183
-106.60405
-106.60485
-106.60477
-106.6044
-106.60481
-106.60732
-106.61259
-106.61984
-106.6294
-106.64805
-106.67534
-106.67269
-106.65887
-106.69705
-106.774
-106.87223
-106.98438
-107.10418
-107.22
-107.31868
-107.39104
-107.43304
-107.44696
-107.44103
-107.42301
-107.39602
-107.36542
-107.34818
-107.49388
-108.11451
-109.23079
-110.05785
-108.93418
-107.20121
-106.16933
-105.88047
-105.87313
-105.91837
-105.96769
-106.01045
-106.0445
-106.07071
-106.09058
-106.10549
-106.11661
-106.12486
-106.13097
-106.13548
-106.1388
-106.14124
-106.14304
-106.14436
-106.14532
-106.14604
-106.14656
-106.14694
-106.14722
-106.14743
-106.14759
-106.1477
-106.14778
-106.14784
-106.14789
-106.14793
-106.14795
-106.14797
-106.14799
-106.148
-106.14801
-106.14802
-106.14802
-106.14803
-106.14803
-106.14804
-106.14804
-106.14804
-106.14804
-106.14805
-106.14805
-106.14805
-106.14805
-106.14806
-106.14806
-106.14806
-106.14806
-106.14806
-106.14806
-106.14806
-106.14806
-106.14807
-106.14807
-106.14807
-106.14807
-106.14807
-106.14807
-106.14807
-106.14806
-106.14806
-106.14806
-106.54446
-106.55022
-106.56145
-106.57166
-106.57975
-106.58514
-106.58775
-106.58919
-106.59248
-106.60386
-106.6178
-106.63754
-106.6555
-106.6385
-106.6321
-106.63116
-106.6426
-106.65176
-106.65972
-106.66614
-106.67109
-106.67454
-106.67675
-106.67815
-106.67937
-106.68137
-106.68508
-106.69098
-106.69918
-106.71095
-106.72937
-106.7476
-106.74144
-106.74074
-106.78048
-106.85913
-106.96206
-107.07731
-107.19692
-107.31172
-107.41025
-107.48255
-107.52396
-107.53709
-107.52977
-107.5134
-107.49661
-107.49771
-107.54359
-107.70549
-108.42672
-109.70649
-110.49001
-109.47135
-107.73733
-106.71957
-106.32434
-106.18094
-106.13971
-106.1381
-106.14835
-106.16135
-106.1736
-106.18394
-106.19224
-106.1987
-106.20364
-106.20736
-106.21015
-106.21223
-106.21377
-106.2149
-106.21574
-106.21636
-106.21682
-106.21715
-106.2174
-106.21758
-106.21771
-106.21781
-106.21789
-106.21794
-106.21798
-106.21801
-106.21804
-106.21805
-106.21807
-106.21808
-106.21809
-106.2181
-106.2181
-106.21811
-106.21811
-106.21812
-106.21812
-106.21812
-106.21812
-106.21813
-106.21813
-106.21813
-106.21813
-106.21813
-106.21814
-106.21814
-106.21814
-106.21814
-106.21814
-106.21814
-106.21814
-106.21814
-106.21815
-106.21815
-106.21815
-106.21815
-106.21815
-106.21815
-106.21815
-106.21814
-106.21814
-106.21814
-106.61369
-106.62171
-106.63339
-106.64393
-106.65254
-106.65791
-106.65991
-106.66168
-106.66632
-106.67439
-106.68523
-106.70024
-106.71485
-106.70556
-106.7066
-106.70939
-106.71529
-106.72219
-106.72892
-106.73509
-106.7405
-106.74509
-106.74897
-106.75246
-106.7561
-106.76052
-106.7663
-106.77386
-106.78378
-106.79712
-106.81427
-106.83126
-106.84178
-106.85712
-106.89413
-106.95874
-107.04594
-107.14805
-107.25754
-107.36569
-107.46213
-107.53715
-107.5859
-107.61029
-107.61798
-107.6188
-107.6206
-107.66699
-107.82052
-108.1098
-108.58364
-109.14598
-109.48272
-108.98818
-107.87552
-107.06103
-106.65256
-106.45006
-106.35237
-106.31161
-106.29105
-106.28286
-106.2804
-106.28043
-106.28141
-106.28263
-106.28379
-106.28478
-106.28559
-106.28622
-106.28671
-106.28708
-106.28736
-106.28756
-106.28772
-106.28783
-106.28792
-106.28798
-106.28803
-106.28807
-106.28809
-106.28811
-106.28813
-106.28814
-106.28815
-106.28816
-106.28817
-106.28817
-106.28818
-106.28818
-106.28819
-106.28819
-106.2882
-106.2882
-106.2882
-106.2882
-106.2882
-106.28821
-106.28821
-106.28821
-106.28821
-106.28822
-106.28822
-106.28822
-106.28822
-106.28822
-106.28822
-106.28822
-106.28822
-106.28823
-106.28823
-106.28823
-106.28823
-106.28823
-106.28823
-106.28823
-106.28823
-106.28822
-106.28822
-106.28822
-106.68299
-106.69358
-106.70527
-106.7146
-106.72186
-106.72724
-106.7306
-106.73426
-106.73991
-106.7469
-106.75532
-106.76489
-106.77268
-106.77355
-106.77736
-106.78119
-106.78633
-106.79237
-106.79847
-106.80441
-106.81003
-106.81533
-106.82038
-106.82544
-106.8309
-106.8372
-106.84479
-106.85408
-106.86557
-106.87972
-106.8964
-106.91436
-106.93357
-106.95932
-106.99869
-107.05536
-107.1282
-107.21337
-107.30584
-107.39951
-107.48699
-107.5608
-107.6164
-107.65421
-107.67853
-107.69689
-107.72223
-107.7846
-107.92315
-108.16097
-108.48417
-108.70946
-108.68374
-108.30728
-107.69314
-107.18619
-106.85889
-106.65787
-106.53803
-106.46847
-106.42683
-106.40177
-106.38646
-106.37692
-106.37084
-106.36689
-106.36426
-106.36248
-106.36125
-106.36039
-106.35978
-106.35935
-106.35904
-106.35882
-106.35866
-106.35854
-106.35846
-106.3584
-106.35836
-106.35833
-106.35831
-106.35829
-106.35828
-106.35828
-106.35827
-106.35827
-106.35827
-106.35827
-106.35827
-106.35827
-106.35827
-106.35828
-106.35828
-106.35828
-106.35828
-106.35828
-106.35829
-106.35829
-106.35829
-106.35829
-106.35829
-106.3583
-106.3583
-106.3583
-106.3583
-106.3583
-106.3583
-106.3583
-106.3583
-106.35831
-106.35831
-106.35831
-106.35831
-106.35831
-106.35831
-106.35831
-106.3583
-106.3583
-106.3583
-106.3583
-106.76055
-106.77049
-106.77934
-106.78578
-106.79019
-106.79413
-106.79853
-106.80395
-106.81019
-106.81706
-106.82468
-106.83259
-106.83915
-106.84315
-106.84781
-106.85232
-106.85737
-106.86299
-106.86884
-106.87474
-106.8806
-106.88641
-106.8923
-106.89848
-106.90526
-106.91298
-106.92201
-106.93278
-106.94569
-106.96103
-106.97877
-106.99887
-107.02254
-107.05275
-107.09288
-107.14486
-107.2084
-107.28127
-107.36005
-107.44044
-107.51744
-107.58633
-107.64431
-107.69114
-107.72905
-107.76352
-107.8042
-107.8667
-107.96569
-108.09985
-108.22995
-108.31863
-108.21986
-107.93887
-107.57049
-107.24322
-106.99247
-106.81289
-106.6895
-106.6067
-106.55116
-106.51373
-106.48828
-106.47079
-106.45862
-106.45008
-106.44402
-106.43969
-106.43657
-106.43432
-106.43269
-106.43151
-106.43065
-106.43002
-106.42956
-106.42923
-106.42898
-106.4288
-106.42868
-106.42858
-106.42851
-106.42846
-106.42843
-106.42841
-106.42839
-106.42838
-106.42837
-106.42836
-106.42836
-106.42836
-106.42836
-106.42836
-106.42836
-106.42836
-106.42836
-106.42837
-106.42837
-106.42837
-106.42837
-106.42837
-106.42838
-106.42838
-106.42838
-106.42838
-106.42838
-106.42838
-106.42838
-106.42838
-106.42839
-106.42839
-106.42839
-106.42839
-106.42839
-106.42839
-106.42839
-106.42839
-106.42838
-106.42838
-106.42838
-106.42838
-106.84646
-106.85739
-106.86003
-106.86111
-106.86193
-106.86415
-106.86844
-106.87381
-106.87995
-106.88659
-106.89361
-106.90057
-106.90668
-106.91184
-106.91701
-106.92215
-106.92752
-106.9332
-106.93906
-106.94505
-106.95112
-106.95734
-106.96383
-106.9708
-106.97852
-106.98727
-106.99737
-107.00916
-107.02301
-107.03924
-107.05808
-107.07997
-107.10602
-107.13806
-107.17795
-107.22684
-107.28466
-107.35009
-107.42075
-107.49343
-107.56449
-107.63073
-107.69024
-107.74272
-107.78985
-107.83552
-107.88572
-107.94707
-108.02203
-108.10039
-108.15476
-108.14399
-108.02739
-107.81092
-107.54914
-107.30222
-107.09565
-106.93428
-106.81347
-106.72531
-106.66177
-106.6162
-106.58354
-106.56009
-106.54321
-106.531
-106.52216
-106.51574
-106.51106
-106.50765
-106.50517
-106.50335
-106.50202
-106.50105
-106.50033
-106.49982
-106.49944
-106.49916
-106.49896
-106.49881
-106.4987
-106.49862
-106.49857
-106.49853
-106.4985
-106.49848
-106.49846
-106.49846
-106.49845
-106.49845
-106.49845
-106.49844
-106.49844
-106.49844
-106.49845
-106.49845
-106.49845
-106.49845
-106.49845
-106.49845
-106.49846
-106.49846
-106.49846
-106.49846
-106.49846
-106.49846
-106.49846
-106.49846
-106.49847
-106.49847
-106.49847
-106.49847
-106.49847
-106.49847
-106.49847
-106.49847
-106.49846
-106.49846
-106.49846
-106.49846
-106.92588
-106.93631
-106.93808
-106.93473
-106.93205
-106.93246
-106.937
-106.94292
-106.94939
-106.95605
-106.96281
-106.96945
-106.97569
-106.98151
-106.98718
-106.99268
-106.99823
-107.00392
-107.00976
-107.01579
-107.02207
-107.02869
-107.03579
-107.0435
-107.05203
-107.06159
-107.07246
-107.08499
-107.09953
-107.11646
-107.13619
-107.15927
-107.18651
-107.21903
-107.25794
-107.304
-107.35734
-107.41722
-107.48206
-107.5495
-107.61675
-107.68128
-107.74138
-107.79658
-107.848
-107.89827
-107.95072
-108.00748
-108.06567
-108.11296
-108.12781
-108.08326
-107.96498
-107.78367
-107.57203
-107.36513
-107.18331
-107.03386
-106.91619
-106.82613
-106.75841
-106.70807
-106.6709
-106.64356
-106.62349
-106.60878
-106.598
-106.5901
-106.58431
-106.58008
-106.57697
-106.5747
-106.57303
-106.57181
-106.57092
-106.57026
-106.56979
-106.56944
-106.56918
-106.569
-106.56886
-106.56876
-106.56869
-106.56864
-106.5686
-106.56858
-106.56856
-106.56854
-106.56854
-106.56853
-106.56853
-106.56853
-106.56853
-106.56853
-106.56853
-106.56853
-106.56853
-106.56853
-106.56853
-106.56854
-106.56854
-106.56854
-106.56854
-106.56854
-106.56854
-106.56854
-106.56854
-106.56855
-106.56855
-106.56855
-106.56855
-106.56855
-106.56855
-106.56855
-106.56855
-106.56855
-106.56854
-106.56854
-106.56854
-106.56854
-106.99156
-106.99756
-107.00286
-107.0015
-107.00029
-107.00206
-107.00692
-107.01267
-107.01908
-107.02568
-107.03232
-107.03881
-107.04504
-107.05107
-107.05695
-107.06269
-107.0684
-107.07417
-107.08006
-107.08615
-107.09254
-107.09934
-107.10668
-107.11471
-107.12358
-107.13354
-107.14487
-107.1579
-107.17298
-107.19053
-107.21099
-107.23493
-107.26306
-107.29617
-107.335
-107.38003
-107.43129
-107.48822
-107.54958
-107.61354
-107.67792
-107.74069
-107.8004
-107.85653
-107.90971
-107.96156
-108.01377
-108.0664
-108.11504
-108.14819
-108.1468
-108.09111
-107.97479
-107.80938
-107.61944
-107.43075
-107.26073
-107.1173
-107.00158
-106.91098
-106.84152
-106.78901
-106.74969
-106.72046
-106.69881
-106.68283
-106.67106
-106.66241
-106.65605
-106.65138
-106.64795
-106.64544
-106.6436
-106.64225
-106.64126
-106.64054
-106.64001
-106.63962
-106.63934
-106.63913
-106.63898
-106.63887
-106.63879
-106.63873
-106.63869
-106.63866
-106.63864
-106.63863
-106.63862
-106.63861
-106.63861
-106.63861
-106.63861
-106.63861
-106.63861
-106.63861
-106.63861
-106.63861
-106.63861
-106.63862
-106.63862
-106.63862
-106.63862
-106.63862
-106.63862
-106.63862
-106.63862
-106.63863
-106.63863
-106.63863
-106.63863
-106.63863
-106.63863
-106.63863
-106.63863
-106.63863
-106.63862
-106.63862
-106.63862
-106.63862
)
;

boundaryField
{
    leftWall
    {
        type            calculated;
        value           nonuniform List<scalar> 10(7.1054274e-15 -66.739485 -102.67198 -106.54446 -106.61369 -106.68299 -106.76055 -106.84646 -106.92588 -106.99156);
    }
    rightWall
    {
        type            calculated;
        value           nonuniform List<scalar> 10(-106.0079 -106.07798 -106.14806 -106.21814 -106.28822 -106.3583 -106.42838 -106.49846 -106.56854 -106.63862);
    }
    lowerWall
    {
        type            calculated;
        value           nonuniform List<scalar> 
120
(
34.840324
34.321449
34.490345
34.781831
34.656864
34.023265
33.033142
31.735456
30.153872
28.316434
26.214087
23.795003
21.012629
18.107912
15.361279
12.561499
9.7402136
6.8364328
3.9854528
1.4350588
-0.67904463
-2.4871517
-4.257307
-6.2538102
-8.7410221
-11.99199
-16.163029
-21.036446
-26.023734
-30.580997
-34.494306
-38.045077
-41.350415
-43.05545
-44.364548
-46.484341
-51.001491
-55.936408
-56.249332
-55.532515
-55.500985
-55.596976
-55.721026
-55.883811
-55.745634
-55.381064
-61.816324
-76.937062
-77.706944
-74.384712
-72.749778
-73.058351
-93.472053
-102.99705
-104.78487
-105.2221
-105.36687
-105.49728
-105.6102
-105.6986
-105.76772
-105.82063
-105.86043
-105.89008
-105.91201
-105.92818
-105.94006
-105.94879
-105.9552
-105.95989
-105.96334
-105.96586
-105.96771
-105.96907
-105.97006
-105.97079
-105.97133
-105.97172
-105.97201
-105.97222
-105.97238
-105.97249
-105.97258
-105.97264
-105.97269
-105.97273
-105.97275
-105.97277
-105.97279
-105.9728
-105.97281
-105.97282
-105.97283
-105.97283
-105.97283
-105.97284
-105.97284
-105.97284
-105.97285
-105.97285
-105.97285
-105.97285
-105.97285
-105.97286
-105.97286
-105.97286
-105.97286
-105.97286
-105.97286
-105.97286
-105.97286
-105.97287
-105.97287
-105.97287
-105.97287
-105.97287
-105.97287
-105.97287
-105.97286
-105.97286
)
;
    }
    atmosphere
    {
        type            calculated;
        value           nonuniform List<scalar> 
120
(
-107.02661
-107.0326
-107.03791
-107.03654
-107.03556
-107.03717
-107.04196
-107.04771
-107.05412
-107.06072
-107.06736
-107.07385
-107.08008
-107.08611
-107.09199
-107.09773
-107.10344
-107.10921
-107.1151
-107.12119
-107.12758
-107.13438
-107.14172
-107.14975
-107.15862
-107.16858
-107.17991
-107.19294
-107.20802
-107.22557
-107.24603
-107.26997
-107.2981
-107.33121
-107.37004
-107.41507
-107.46633
-107.52326
-107.58462
-107.64858
-107.71296
-107.77573
-107.83544
-107.89157
-107.94475
-107.9966
-108.04881
-108.10144
-108.15008
-108.18323
-108.18184
-108.12615
-108.00983
-107.84442
-107.65448
-107.46579
-107.29577
-107.15234
-107.03662
-106.94602
-106.87656
-106.82405
-106.78473
-106.7555
-106.73385
-106.71787
-106.7061
-106.69745
-106.69109
-106.68642
-106.68299
-106.68048
-106.67864
-106.67729
-106.6763
-106.67558
-106.67505
-106.67466
-106.67438
-106.67417
-106.67402
-106.67391
-106.67383
-106.67377
-106.67373
-106.6737
-106.67368
-106.67367
-106.67366
-106.67365
-106.67365
-106.67365
-106.67365
-106.67365
-106.67365
-106.67365
-106.67365
-106.67365
-106.67365
-106.67366
-106.67366
-106.67366
-106.67366
-106.67366
-106.67366
-106.67366
-106.67366
-106.67367
-106.67367
-106.67367
-106.67367
-106.67367
-106.67367
-106.67367
-106.67367
-106.67367
-106.67366
-106.67366
-106.67366
-106.67366
)
;
    }
    defaultFaces
    {
        type            empty;
    }
}


// ************************************************************************* //
