/*--------------------------------*- C++ -*----------------------------------*\
| =========                 |                                                 |
| \\      /  F ield         | OpenFOAM: The Open Source CFD Toolbox           |
|  \\    /   O peration     | Version:  2606                                  |
|   \\  /    A nd           | Website:  www.openfoam.com                      |
|    \\/     M anipulation  |                                                 |
\*---------------------------------------------------------------------------*/
FoamFile
{
    version     2.0;
    format      ascii;
    arch        "LSB;label=32;scalar=64";
    class       volScalarField;
    location    "0.45";
    object      p_rgh;
}
// * * * * * * * * * * * * * * * * * * * * * * * * * * * * * * * * * * * * * //

dimensions      [1 -1 -2 0 0 0 0];

internalField   nonuniform List<scalar> 
3000
(
-66.3372
-66.3449
-66.3517
-66.3578
-66.3633
-66.3683
-66.3727
-66.3768
-66.3804
-66.3838
-66.3868
-66.3895
-66.392
-66.3943
-66.3964
-66.3983
-66.4
-66.4016
-66.4031
-66.4044
-66.4056
-66.4067
-66.4078
-66.4087
-66.4096
-66.4104
-66.4111
-66.4118
-66.4124
-66.413
-66.4135
-66.414
-66.4145
-66.4149
-66.4153
-66.4156
-66.4159
-66.4162
-66.4165
-66.4168
-66.417
-66.4172
-66.4174
-66.4176
-66.4178
-66.4179
-66.4181
-66.4182
-66.4183
-66.4185
-66.4186
-66.4187
-66.4187
-66.4188
-66.4189
-66.419
-66.419
-66.4191
-66.4191
-66.4192
-66.4192
-66.4193
-66.4193
-66.4193
-66.4194
-66.4194
-66.4194
-66.4194
-66.4194
-66.4195
-66.4195
-66.4195
-66.4195
-66.4195
-66.4195
-66.3381
-66.3457
-66.3524
-66.3584
-66.3639
-66.3687
-66.3732
-66.3771
-66.3808
-66.384
-66.387
-66.3897
-66.3922
-66.3945
-66.3965
-66.3984
-66.4001
-66.4017
-66.4032
-66.4045
-66.4057
-66.4068
-66.4079
-66.4088
-66.4097
-66.4105
-66.4112
-66.4119
-66.4125
-66.4131
-66.4136
-66.4141
-66.4145
-66.4149
-66.4153
-66.4157
-66.416
-66.4163
-66.4165
-66.4168
-66.417
-66.4172
-66.4174
-66.4176
-66.4178
-66.418
-66.4181
-66.4182
-66.4183
-66.4185
-66.4186
-66.4187
-66.4187
-66.4188
-66.4189
-66.419
-66.419
-66.4191
-66.4191
-66.4192
-66.4192
-66.4193
-66.4193
-66.4193
-66.4194
-66.4194
-66.4194
-66.4194
-66.4194
-66.4195
-66.4195
-66.4195
-66.4195
-66.4195
-66.4195
-66.3401
-66.3473
-66.3539
-66.3597
-66.365
-66.3697
-66.374
-66.3779
-66.3814
-66.3846
-66.3876
-66.3902
-66.3927
-66.3949
-66.3969
-66.3987
-66.4004
-66.402
-66.4034
-66.4047
-66.4059
-66.407
-66.408
-66.4089
-66.4098
-66.4106
-66.4113
-66.412
-66.4126
-66.4131
-66.4137
-66.4141
-66.4146
-66.415
-66.4154
-66.4157
-66.416
-66.4163
-66.4166
-66.4168
-66.4171
-66.4173
-66.4175
-66.4177
-66.4178
-66.418
-66.4181
-66.4182
-66.4184
-66.4185
-66.4186
-66.4187
-66.4188
-66.4188
-66.4189
-66.419
-66.419
-66.4191
-66.4191
-66.4192
-66.4192
-66.4193
-66.4193
-66.4193
-66.4194
-66.4194
-66.4194
-66.4194
-66.4194
-66.4195
-66.4195
-66.4195
-66.4195
-66.4195
-66.4195
-66.343
-66.3498
-66.356
-66.3616
-66.3666
-66.3712
-66.3753
-66.379
-66.3824
-66.3855
-66.3884
-66.3909
-66.3933
-66.3955
-66.3974
-66.3992
-66.4009
-66.4024
-66.4038
-66.405
-66.4062
-66.4073
-66.4083
-66.4092
-66.41
-66.4108
-66.4115
-66.4121
-66.4127
-66.4133
-66.4138
-66.4142
-66.4147
-66.4151
-66.4154
-66.4158
-66.4161
-66.4164
-66.4166
-66.4169
-66.4171
-66.4173
-66.4175
-66.4177
-66.4179
-66.418
-66.4181
-66.4183
-66.4184
-66.4185
-66.4186
-66.4187
-66.4188
-66.4189
-66.4189
-66.419
-66.4191
-66.4191
-66.4192
-66.4192
-66.4192
-66.4193
-66.4193
-66.4193
-66.4194
-66.4194
-66.4194
-66.4194
-66.4195
-66.4195
-66.4195
-66.4195
-66.4195
-66.4195
-66.4195
-66.3467
-66.3531
-66.3588
-66.3641
-66.3688
-66.3731
-66.377
-66.3805
-66.3838
-66.3867
-66.3894
-66.3919
-66.3942
-66.3962
-66.3981
-66.3999
-66.4014
-66.4029
-66.4042
-66.4055
-66.4066
-66.4076
-66.4086
-66.4095
-66.4103
-66.411
-66.4117
-66.4123
-66.4129
-66.4134
-66.4139
-66.4144
-66.4148
-66.4152
-66.4156
-66.4159
-66.4162
-66.4165
-66.4167
-66.417
-66.4172
-66.4174
-66.4176
-66.4178
-66.4179
-66.4181
-66.4182
-66.4183
-66.4184
-66.4185
-66.4186
-66.4187
-66.4188
-66.4189
-66.419
-66.419
-66.4191
-66.4191
-66.4192
-66.4192
-66.4193
-66.4193
-66.4193
-66.4194
-66.4194
-66.4194
-66.4194
-66.4195
-66.4195
-66.4195
-66.4195
-66.4195
-66.4195
-66.4195
-66.4195
-66.3512
-66.357
-66.3623
-66.367
-66.3714
-66.3754
-66.379
-66.3824
-66.3854
-66.3882
-66.3907
-66.3931
-66.3952
-66.3972
-66.399
-66.4006
-66.4021
-66.4035
-66.4048
-66.406
-66.4071
-66.4081
-66.409
-66.4098
-66.4106
-66.4113
-66.412
-66.4126
-66.4132
-66.4137
-66.4141
-66.4146
-66.415
-66.4154
-66.4157
-66.416
-66.4163
-66.4166
-66.4168
-66.4171
-66.4173
-66.4175
-66.4177
-66.4178
-66.418
-66.4181
-66.4182
-66.4184
-66.4185
-66.4186
-66.4187
-66.4188
-66.4188
-66.4189
-66.419
-66.419
-66.4191
-66.4192
-66.4192
-66.4192
-66.4193
-66.4193
-66.4193
-66.4194
-66.4194
-66.4194
-66.4194
-66.4195
-66.4195
-66.4195
-66.4195
-66.4195
-66.4195
-66.4195
-66.4195
-66.3564
-66.3615
-66.3662
-66.3705
-66.3745
-66.3781
-66.3814
-66.3845
-66.3873
-66.3899
-66.3923
-66.3945
-66.3965
-66.3983
-66.4
-66.4015
-66.403
-66.4043
-66.4055
-66.4066
-66.4076
-66.4086
-66.4095
-66.4103
-66.411
-66.4117
-66.4123
-66.4129
-66.4134
-66.4139
-66.4144
-66.4148
-66.4152
-66.4155
-66.4159
-66.4162
-66.4165
-66.4167
-66.417
-66.4172
-66.4174
-66.4176
-66.4177
-66.4179
-66.418
-66.4182
-66.4183
-66.4184
-66.4185
-66.4186
-66.4187
-66.4188
-66.4189
-66.419
-66.419
-66.4191
-66.4191
-66.4192
-66.4192
-66.4193
-66.4193
-66.4193
-66.4194
-66.4194
-66.4194
-66.4194
-66.4195
-66.4195
-66.4195
-66.4195
-66.4195
-66.4195
-66.4195
-66.4195
-66.4195
-66.362
-66.3664
-66.3705
-66.3743
-66.3779
-66.3811
-66.3841
-66.3869
-66.3895
-66.3918
-66.394
-66.396
-66.3979
-66.3996
-66.4011
-66.4026
-66.4039
-66.4052
-66.4063
-66.4073
-66.4083
-66.4092
-66.41
-66.4108
-66.4115
-66.4121
-66.4127
-66.4133
-66.4138
-66.4142
-66.4147
-66.4151
-66.4154
-66.4158
-66.4161
-66.4164
-66.4166
-66.4169
-66.4171
-66.4173
-66.4175
-66.4177
-66.4178
-66.418
-66.4181
-66.4183
-66.4184
-66.4185
-66.4186
-66.4187
-66.4188
-66.4189
-66.4189
-66.419
-66.4191
-66.4191
-66.4192
-66.4192
-66.4193
-66.4193
-66.4193
-66.4194
-66.4194
-66.4194
-66.4194
-66.4195
-66.4195
-66.4195
-66.4195
-66.4195
-66.4195
-66.4195
-66.4195
-66.4196
-66.4196
-66.368
-66.3717
-66.3752
-66.3785
-66.3815
-66.3844
-66.3871
-66.3895
-66.3918
-66.394
-66.3959
-66.3977
-66.3994
-66.401
-66.4024
-66.4038
-66.405
-66.4061
-66.4072
-66.4081
-66.409
-66.4099
-66.4106
-66.4113
-66.412
-66.4126
-66.4131
-66.4136
-66.4141
-66.4146
-66.415
-66.4153
-66.4157
-66.416
-66.4163
-66.4166
-66.4168
-66.417
-66.4173
-66.4175
-66.4176
-66.4178
-66.418
-66.4181
-66.4182
-66.4184
-66.4185
-66.4186
-66.4187
-66.4188
-66.4188
-66.4189
-66.419
-66.419
-66.4191
-66.4192
-66.4192
-66.4193
-66.4193
-66.4193
-66.4194
-66.4194
-66.4194
-66.4194
-66.4195
-66.4195
-66.4195
-66.4195
-66.4195
-66.4195
-66.4196
-66.4196
-66.4196
-66.4196
-66.4196
-66.3743
-66.3773
-66.3801
-66.3829
-66.3855
-66.3879
-66.3902
-66.3924
-66.3944
-66.3962
-66.398
-66.3996
-66.4011
-66.4025
-66.4038
-66.405
-66.4061
-66.4072
-66.4081
-66.409
-66.4098
-66.4106
-66.4113
-66.4119
-66.4125
-66.4131
-66.4136
-66.4141
-66.4145
-66.4149
-66.4153
-66.4156
-66.416
-66.4163
-66.4165
-66.4168
-66.417
-66.4172
-66.4174
-66.4176
-66.4178
-66.4179
-66.4181
-66.4182
-66.4183
-66.4185
-66.4186
-66.4187
-66.4187
-66.4188
-66.4189
-66.419
-66.419
-66.4191
-66.4192
-66.4192
-66.4192
-66.4193
-66.4193
-66.4194
-66.4194
-66.4194
-66.4194
-66.4195
-66.4195
-66.4195
-66.4195
-66.4195
-66.4196
-66.4196
-66.4196
-66.4196
-66.4196
-66.4196
-66.4196
-66.3807
-66.383
-66.3853
-66.3875
-66.3896
-66.3916
-66.3935
-66.3953
-66.3971
-66.3987
-66.4002
-66.4016
-66.4029
-66.4042
-66.4053
-66.4064
-66.4074
-66.4083
-66.4092
-66.41
-66.4107
-66.4114
-66.412
-66.4126
-66.4132
-66.4137
-66.4141
-66.4146
-66.415
-66.4153
-66.4157
-66.416
-66.4163
-66.4165
-66.4168
-66.417
-66.4172
-66.4174
-66.4176
-66.4178
-66.4179
-66.4181
-66.4182
-66.4183
-66.4185
-66.4186
-66.4187
-66.4188
-66.4188
-66.4189
-66.419
-66.419
-66.4191
-66.4192
-66.4192
-66.4193
-66.4193
-66.4193
-66.4194
-66.4194
-66.4194
-66.4195
-66.4195
-66.4195
-66.4195
-66.4195
-66.4196
-66.4196
-66.4196
-66.4196
-66.4196
-66.4196
-66.4196
-66.4196
-66.4196
-66.3872
-66.3888
-66.3905
-66.3921
-66.3938
-66.3954
-66.3969
-66.3984
-66.3999
-66.4012
-66.4025
-66.4037
-66.4048
-66.4059
-66.4069
-66.4078
-66.4087
-66.4095
-66.4103
-66.411
-66.4116
-66.4122
-66.4128
-66.4133
-66.4138
-66.4143
-66.4147
-66.4151
-66.4154
-66.4158
-66.4161
-66.4163
-66.4166
-66.4169
-66.4171
-66.4173
-66.4175
-66.4177
-66.4178
-66.418
-66.4181
-66.4183
-66.4184
-66.4185
-66.4186
-66.4187
-66.4188
-66.4189
-66.4189
-66.419
-66.4191
-66.4191
-66.4192
-66.4192
-66.4193
-66.4193
-66.4193
-66.4194
-66.4194
-66.4194
-66.4195
-66.4195
-66.4195
-66.4195
-66.4196
-66.4196
-66.4196
-66.4196
-66.4196
-66.4196
-66.4196
-66.4196
-66.4196
-66.4196
-66.4196
-66.3936
-66.3946
-66.3957
-66.3969
-66.3981
-66.3993
-66.4005
-66.4016
-66.4027
-66.4038
-66.4049
-66.4059
-66.4068
-66.4077
-66.4085
-66.4093
-66.4101
-66.4108
-66.4114
-66.412
-66.4126
-66.4131
-66.4136
-66.4141
-66.4145
-66.4149
-66.4153
-66.4156
-66.4159
-66.4162
-66.4165
-66.4167
-66.417
-66.4172
-66.4174
-66.4176
-66.4177
-66.4179
-66.418
-66.4182
-66.4183
-66.4184
-66.4185
-66.4186
-66.4187
-66.4188
-66.4189
-66.419
-66.419
-66.4191
-66.4191
-66.4192
-66.4192
-66.4193
-66.4193
-66.4194
-66.4194
-66.4194
-66.4195
-66.4195
-66.4195
-66.4195
-66.4196
-66.4196
-66.4196
-66.4196
-66.4196
-66.4196
-66.4196
-66.4196
-66.4196
-66.4197
-66.4197
-66.4197
-66.4197
-66.3999
-66.4003
-66.4009
-66.4016
-66.4023
-66.4032
-66.404
-66.4048
-66.4057
-66.4065
-66.4073
-66.4081
-66.4088
-66.4096
-66.4102
-66.4109
-66.4115
-66.4121
-66.4126
-66.4131
-66.4136
-66.414
-66.4145
-66.4148
-66.4152
-66.4155
-66.4159
-66.4162
-66.4164
-66.4167
-66.4169
-66.4171
-66.4173
-66.4175
-66.4177
-66.4179
-66.418
-66.4181
-66.4183
-66.4184
-66.4185
-66.4186
-66.4187
-66.4188
-66.4189
-66.4189
-66.419
-66.4191
-66.4191
-66.4192
-66.4192
-66.4193
-66.4193
-66.4194
-66.4194
-66.4194
-66.4195
-66.4195
-66.4195
-66.4195
-66.4196
-66.4196
-66.4196
-66.4196
-66.4196
-66.4196
-66.4196
-66.4197
-66.4197
-66.4197
-66.4197
-66.4197
-66.4197
-66.4197
-66.4197
-66.406
-66.4059
-66.406
-66.4063
-66.4066
-66.4071
-66.4075
-66.4081
-66.4087
-66.4092
-66.4098
-66.4104
-66.4109
-66.4115
-66.412
-66.4125
-66.413
-66.4134
-66.4138
-66.4142
-66.4146
-66.415
-66.4153
-66.4157
-66.4159
-66.4162
-66.4165
-66.4167
-66.417
-66.4172
-66.4174
-66.4175
-66.4177
-66.4179
-66.418
-66.4182
-66.4183
-66.4184
-66.4185
-66.4186
-66.4187
-66.4188
-66.4189
-66.4189
-66.419
-66.4191
-66.4191
-66.4192
-66.4192
-66.4193
-66.4193
-66.4194
-66.4194
-66.4194
-66.4195
-66.4195
-66.4195
-66.4195
-66.4196
-66.4196
-66.4196
-66.4196
-66.4196
-66.4196
-66.4197
-66.4197
-66.4197
-66.4197
-66.4197
-66.4197
-66.4197
-66.4197
-66.4197
-66.4197
-66.4197
-66.4119
-66.4114
-66.411
-66.4108
-66.4108
-66.4109
-66.4111
-66.4113
-66.4116
-66.4119
-66.4123
-66.4126
-66.413
-66.4134
-66.4137
-66.4141
-66.4144
-66.4148
-66.4151
-66.4154
-66.4157
-66.416
-66.4162
-66.4165
-66.4167
-66.4169
-66.4171
-66.4173
-66.4175
-66.4177
-66.4178
-66.418
-66.4181
-66.4182
-66.4184
-66.4185
-66.4186
-66.4187
-66.4188
-66.4188
-66.4189
-66.419
-66.4191
-66.4191
-66.4192
-66.4192
-66.4193
-66.4193
-66.4194
-66.4194
-66.4194
-66.4195
-66.4195
-66.4195
-66.4195
-66.4196
-66.4196
-66.4196
-66.4196
-66.4196
-66.4196
-66.4197
-66.4197
-66.4197
-66.4197
-66.4197
-66.4197
-66.4197
-66.4197
-66.4197
-66.4197
-66.4197
-66.4197
-66.4197
-66.4197
-66.4176
-66.4166
-66.4158
-66.4153
-66.4149
-66.4147
-66.4146
-66.4145
-66.4145
-66.4146
-66.4148
-66.4149
-66.4151
-66.4153
-66.4155
-66.4157
-66.4159
-66.4162
-66.4164
-66.4166
-66.4168
-66.417
-66.4171
-66.4173
-66.4175
-66.4176
-66.4178
-66.4179
-66.4181
-66.4182
-66.4183
-66.4184
-66.4185
-66.4186
-66.4187
-66.4188
-66.4189
-66.4189
-66.419
-66.4191
-66.4191
-66.4192
-66.4192
-66.4193
-66.4193
-66.4194
-66.4194
-66.4194
-66.4195
-66.4195
-66.4195
-66.4195
-66.4196
-66.4196
-66.4196
-66.4196
-66.4196
-66.4197
-66.4197
-66.4197
-66.4197
-66.4197
-66.4197
-66.4197
-66.4197
-66.4197
-66.4197
-66.4197
-66.4198
-66.4198
-66.4198
-66.4198
-66.4198
-66.4198
-66.4198
-66.423
-66.4216
-66.4205
-66.4196
-66.4189
-66.4184
-66.4179
-66.4177
-66.4174
-66.4173
-66.4172
-66.4172
-66.4172
-66.4172
-66.4173
-66.4174
-66.4175
-66.4175
-66.4176
-66.4178
-66.4179
-66.418
-66.4181
-66.4182
-66.4183
-66.4184
-66.4185
-66.4186
-66.4186
-66.4187
-66.4188
-66.4189
-66.4189
-66.419
-66.4191
-66.4191
-66.4192
-66.4192
-66.4193
-66.4193
-66.4193
-66.4194
-66.4194
-66.4195
-66.4195
-66.4195
-66.4195
-66.4196
-66.4196
-66.4196
-66.4196
-66.4196
-66.4197
-66.4197
-66.4197
-66.4197
-66.4197
-66.4197
-66.4197
-66.4197
-66.4197
-66.4198
-66.4198
-66.4198
-66.4198
-66.4198
-66.4198
-66.4198
-66.4198
-66.4198
-66.4198
-66.4198
-66.4198
-66.4198
-66.4198
-66.4281
-66.4263
-66.4249
-66.4237
-66.4227
-66.4219
-66.4212
-66.4207
-66.4203
-66.4199
-66.4196
-66.4194
-66.4193
-66.4191
-66.4191
-66.419
-66.419
-66.4189
-66.4189
-66.4189
-66.4189
-66.419
-66.419
-66.419
-66.4191
-66.4191
-66.4191
-66.4192
-66.4192
-66.4192
-66.4193
-66.4193
-66.4194
-66.4194
-66.4194
-66.4194
-66.4195
-66.4195
-66.4195
-66.4195
-66.4196
-66.4196
-66.4196
-66.4196
-66.4196
-66.4197
-66.4197
-66.4197
-66.4197
-66.4197
-66.4197
-66.4197
-66.4197
-66.4198
-66.4198
-66.4198
-66.4198
-66.4198
-66.4198
-66.4198
-66.4198
-66.4198
-66.4198
-66.4198
-66.4198
-66.4198
-66.4198
-66.4198
-66.4198
-66.4198
-66.4198
-66.4198
-66.4198
-66.4198
-66.4198
-66.4329
-66.4308
-66.4291
-66.4277
-66.4264
-66.4253
-66.4244
-66.4237
-66.423
-66.4225
-66.422
-66.4216
-66.4213
-66.421
-66.4208
-66.4206
-66.4204
-66.4203
-66.4202
-66.4201
-66.42
-66.42
-66.4199
-66.4199
-66.4199
-66.4198
-66.4198
-66.4198
-66.4198
-66.4198
-66.4198
-66.4198
-66.4198
-66.4198
-66.4198
-66.4198
-66.4198
-66.4198
-66.4198
-66.4198
-66.4198
-66.4198
-66.4198
-66.4198
-66.4198
-66.4198
-66.4198
-66.4198
-66.4198
-66.4198
-66.4198
-66.4198
-66.4198
-66.4198
-66.4198
-66.4198
-66.4198
-66.4198
-66.4198
-66.4198
-66.4198
-66.4198
-66.4199
-66.4199
-66.4199
-66.4199
-66.4199
-66.4199
-66.4199
-66.4199
-66.4199
-66.4199
-66.4199
-66.4199
-66.4199
-66.4373
-66.4351
-66.4331
-66.4314
-66.4299
-66.4286
-66.4275
-66.4265
-66.4257
-66.4249
-66.4243
-66.4237
-66.4233
-66.4228
-66.4225
-66.4222
-66.4219
-66.4217
-66.4214
-66.4213
-66.4211
-66.421
-66.4208
-66.4207
-66.4206
-66.4206
-66.4205
-66.4204
-66.4204
-66.4203
-66.4203
-66.4202
-66.4202
-66.4202
-66.4201
-66.4201
-66.4201
-66.4201
-66.42
-66.42
-66.42
-66.42
-66.42
-66.42
-66.42
-66.42
-66.42
-66.42
-66.4199
-66.4199
-66.4199
-66.4199
-66.4199
-66.4199
-66.4199
-66.4199
-66.4199
-66.4199
-66.4199
-66.4199
-66.4199
-66.4199
-66.4199
-66.4199
-66.4199
-66.4199
-66.4199
-66.4199
-66.4199
-66.4199
-66.4199
-66.4199
-66.4199
-66.4199
-66.4199
-66.4415
-66.439
-66.4369
-66.4349
-66.4332
-66.4317
-66.4304
-66.4293
-66.4282
-66.4273
-66.4265
-66.4258
-66.4252
-66.4246
-66.4241
-66.4237
-66.4233
-66.423
-66.4227
-66.4224
-66.4222
-66.4219
-66.4217
-66.4216
-66.4214
-66.4213
-66.4211
-66.421
-66.4209
-66.4208
-66.4208
-66.4207
-66.4206
-66.4205
-66.4205
-66.4204
-66.4204
-66.4203
-66.4203
-66.4203
-66.4202
-66.4202
-66.4202
-66.4202
-66.4201
-66.4201
-66.4201
-66.4201
-66.4201
-66.4201
-66.42
-66.42
-66.42
-66.42
-66.42
-66.42
-66.42
-66.42
-66.42
-66.42
-66.4199
-66.4199
-66.4199
-66.4199
-66.4199
-66.4199
-66.4199
-66.4199
-66.4199
-66.4199
-66.4199
-66.4199
-66.4199
-66.4199
-66.4199
-66.4454
-66.4427
-66.4404
-66.4383
-66.4364
-66.4347
-66.4332
-66.4319
-66.4307
-66.4296
-66.4286
-66.4278
-66.427
-66.4264
-66.4257
-66.4252
-66.4247
-66.4243
-66.4239
-66.4235
-66.4232
-66.4229
-66.4226
-66.4224
-66.4222
-66.422
-66.4218
-66.4216
-66.4215
-66.4213
-66.4212
-66.4211
-66.421
-66.4209
-66.4208
-66.4208
-66.4207
-66.4206
-66.4206
-66.4205
-66.4205
-66.4204
-66.4204
-66.4203
-66.4203
-66.4203
-66.4202
-66.4202
-66.4202
-66.4202
-66.4201
-66.4201
-66.4201
-66.4201
-66.4201
-66.4201
-66.42
-66.42
-66.42
-66.42
-66.42
-66.42
-66.42
-66.42
-66.42
-66.42
-66.42
-66.42
-66.42
-66.42
-66.4199
-66.4199
-66.4199
-66.4199
-66.4199
-66.449
-66.4462
-66.4437
-66.4414
-66.4393
-66.4375
-66.4358
-66.4343
-66.433
-66.4318
-66.4307
-66.4297
-66.4288
-66.428
-66.4273
-66.4266
-66.426
-66.4255
-66.425
-66.4246
-66.4242
-66.4238
-66.4235
-66.4232
-66.4229
-66.4227
-66.4224
-66.4222
-66.422
-66.4219
-66.4217
-66.4215
-66.4214
-66.4213
-66.4212
-66.4211
-66.421
-66.4209
-66.4208
-66.4207
-66.4207
-66.4206
-66.4206
-66.4205
-66.4205
-66.4204
-66.4204
-66.4203
-66.4203
-66.4203
-66.4202
-66.4202
-66.4202
-66.4202
-66.4201
-66.4201
-66.4201
-66.4201
-66.4201
-66.4201
-66.42
-66.42
-66.42
-66.42
-66.42
-66.42
-66.42
-66.42
-66.42
-66.42
-66.42
-66.42
-66.42
-66.42
-66.42
-66.4523
-66.4494
-66.4467
-66.4443
-66.4421
-66.4401
-66.4383
-66.4367
-66.4352
-66.4338
-66.4326
-66.4315
-66.4305
-66.4296
-66.4288
-66.428
-66.4273
-66.4267
-66.4261
-66.4256
-66.4251
-66.4247
-66.4243
-66.4239
-66.4236
-66.4233
-66.423
-66.4228
-66.4226
-66.4223
-66.4221
-66.422
-66.4218
-66.4217
-66.4215
-66.4214
-66.4213
-66.4212
-66.4211
-66.421
-66.4209
-66.4208
-66.4207
-66.4207
-66.4206
-66.4206
-66.4205
-66.4205
-66.4204
-66.4204
-66.4203
-66.4203
-66.4203
-66.4202
-66.4202
-66.4202
-66.4202
-66.4201
-66.4201
-66.4201
-66.4201
-66.4201
-66.4201
-66.4201
-66.42
-66.42
-66.42
-66.42
-66.42
-66.42
-66.42
-66.42
-66.42
-66.42
-66.42
-66.4553
-66.4523
-66.4495
-66.447
-66.4446
-66.4425
-66.4406
-66.4388
-66.4372
-66.4358
-66.4344
-66.4332
-66.4321
-66.4311
-66.4302
-66.4293
-66.4285
-66.4278
-66.4272
-66.4266
-66.4261
-66.4256
-66.4251
-66.4247
-66.4243
-66.424
-66.4236
-66.4233
-66.4231
-66.4228
-66.4226
-66.4224
-66.4222
-66.422
-66.4218
-66.4217
-66.4215
-66.4214
-66.4213
-66.4212
-66.4211
-66.421
-66.4209
-66.4208
-66.4208
-66.4207
-66.4206
-66.4206
-66.4205
-66.4205
-66.4204
-66.4204
-66.4204
-66.4203
-66.4203
-66.4203
-66.4202
-66.4202
-66.4202
-66.4202
-66.4201
-66.4201
-66.4201
-66.4201
-66.4201
-66.4201
-66.4201
-66.4201
-66.42
-66.42
-66.42
-66.42
-66.42
-66.42
-66.42
-66.4581
-66.455
-66.4521
-66.4494
-66.447
-66.4448
-66.4427
-66.4409
-66.4392
-66.4376
-66.4361
-66.4348
-66.4336
-66.4325
-66.4315
-66.4306
-66.4297
-66.4289
-66.4282
-66.4275
-66.4269
-66.4264
-66.4259
-66.4254
-66.425
-66.4246
-66.4242
-66.4239
-66.4236
-66.4233
-66.423
-66.4228
-66.4225
-66.4223
-66.4221
-66.422
-66.4218
-66.4217
-66.4215
-66.4214
-66.4213
-66.4212
-66.4211
-66.421
-66.4209
-66.4208
-66.4208
-66.4207
-66.4206
-66.4206
-66.4205
-66.4205
-66.4204
-66.4204
-66.4204
-66.4203
-66.4203
-66.4203
-66.4202
-66.4202
-66.4202
-66.4202
-66.4202
-66.4201
-66.4201
-66.4201
-66.4201
-66.4201
-66.4201
-66.4201
-66.4201
-66.4201
-66.4201
-66.4201
-66.4201
-66.4606
-66.4574
-66.4545
-66.4517
-66.4492
-66.4469
-66.4447
-66.4428
-66.4409
-66.4393
-66.4377
-66.4363
-66.435
-66.4338
-66.4327
-66.4317
-66.4308
-66.4299
-66.4292
-66.4284
-66.4278
-66.4271
-66.4266
-66.4261
-66.4256
-66.4251
-66.4247
-66.4244
-66.424
-66.4237
-66.4234
-66.4231
-66.4229
-66.4227
-66.4224
-66.4222
-66.4221
-66.4219
-66.4217
-66.4216
-66.4215
-66.4213
-66.4212
-66.4211
-66.421
-66.421
-66.4209
-66.4208
-66.4207
-66.4207
-66.4206
-66.4206
-66.4205
-66.4205
-66.4204
-66.4204
-66.4203
-66.4203
-66.4203
-66.4203
-66.4202
-66.4202
-66.4202
-66.4202
-66.4202
-66.4201
-66.4201
-66.4201
-66.4201
-66.4201
-66.4201
-66.4201
-66.4201
-66.4201
-66.4201
-66.4629
-66.4596
-66.4566
-66.4538
-66.4512
-66.4488
-66.4466
-66.4445
-66.4426
-66.4408
-66.4392
-66.4377
-66.4363
-66.4351
-66.4339
-66.4328
-66.4318
-66.4309
-66.43
-66.4293
-66.4285
-66.4279
-66.4273
-66.4267
-66.4262
-66.4257
-66.4252
-66.4248
-66.4244
-66.4241
-66.4238
-66.4235
-66.4232
-66.423
-66.4227
-66.4225
-66.4223
-66.4221
-66.4219
-66.4218
-66.4216
-66.4215
-66.4214
-66.4213
-66.4212
-66.4211
-66.421
-66.4209
-66.4208
-66.4208
-66.4207
-66.4206
-66.4206
-66.4205
-66.4205
-66.4204
-66.4204
-66.4204
-66.4203
-66.4203
-66.4203
-66.4202
-66.4202
-66.4202
-66.4202
-66.4202
-66.4202
-66.4201
-66.4201
-66.4201
-66.4201
-66.4201
-66.4201
-66.4201
-66.4201
-66.4649
-66.4616
-66.4585
-66.4557
-66.453
-66.4505
-66.4482
-66.4461
-66.4441
-66.4423
-66.4406
-66.439
-66.4375
-66.4362
-66.435
-66.4338
-66.4328
-66.4318
-66.4309
-66.43
-66.4293
-66.4285
-66.4279
-66.4273
-66.4267
-66.4262
-66.4257
-66.4253
-66.4249
-66.4245
-66.4241
-66.4238
-66.4235
-66.4232
-66.423
-66.4227
-66.4225
-66.4223
-66.4221
-66.422
-66.4218
-66.4217
-66.4215
-66.4214
-66.4213
-66.4212
-66.4211
-66.421
-66.4209
-66.4208
-66.4208
-66.4207
-66.4206
-66.4206
-66.4205
-66.4205
-66.4205
-66.4204
-66.4204
-66.4203
-66.4203
-66.4203
-66.4203
-66.4202
-66.4202
-66.4202
-66.4202
-66.4202
-66.4202
-66.4201
-66.4201
-66.4201
-66.4201
-66.4201
-66.4201
-66.4668
-66.4634
-66.4603
-66.4574
-66.4546
-66.4521
-66.4497
-66.4475
-66.4455
-66.4436
-66.4418
-66.4402
-66.4387
-66.4372
-66.4359
-66.4347
-66.4336
-66.4326
-66.4316
-66.4307
-66.4299
-66.4292
-66.4285
-66.4278
-66.4272
-66.4267
-66.4261
-66.4257
-66.4252
-66.4248
-66.4245
-66.4241
-66.4238
-66.4235
-66.4232
-66.423
-66.4227
-66.4225
-66.4223
-66.4221
-66.422
-66.4218
-66.4217
-66.4215
-66.4214
-66.4213
-66.4212
-66.4211
-66.421
-66.4209
-66.4208
-66.4208
-66.4207
-66.4206
-66.4206
-66.4205
-66.4205
-66.4205
-66.4204
-66.4204
-66.4203
-66.4203
-66.4203
-66.4203
-66.4202
-66.4202
-66.4202
-66.4202
-66.4202
-66.4202
-66.4202
-66.4202
-66.4202
-66.4201
-66.4201
-66.4684
-66.465
-66.4618
-66.4589
-66.4561
-66.4535
-66.4511
-66.4488
-66.4467
-66.4447
-66.4429
-66.4412
-66.4396
-66.4382
-66.4368
-66.4356
-66.4344
-66.4333
-66.4323
-66.4314
-66.4305
-66.4297
-66.429
-66.4283
-66.4277
-66.4271
-66.4265
-66.426
-66.4256
-66.4251
-66.4248
-66.4244
-66.424
-66.4237
-66.4234
-66.4232
-66.4229
-66.4227
-66.4225
-66.4223
-66.4221
-66.4219
-66.4218
-66.4216
-66.4215
-66.4214
-66.4213
-66.4212
-66.4211
-66.421
-66.4209
-66.4208
-66.4208
-66.4207
-66.4206
-66.4206
-66.4205
-66.4205
-66.4205
-66.4204
-66.4204
-66.4203
-66.4203
-66.4203
-66.4203
-66.4203
-66.4202
-66.4202
-66.4202
-66.4202
-66.4202
-66.4202
-66.4202
-66.4202
-66.4202
-66.4698
-66.4664
-66.4632
-66.4602
-66.4574
-66.4547
-66.4523
-66.4499
-66.4478
-66.4458
-66.4439
-66.4422
-66.4405
-66.439
-66.4376
-66.4363
-66.4351
-66.434
-66.4329
-66.432
-66.4311
-66.4302
-66.4295
-66.4287
-66.4281
-66.4275
-66.4269
-66.4264
-66.4259
-66.4254
-66.425
-66.4246
-66.4243
-66.4239
-66.4236
-66.4234
-66.4231
-66.4229
-66.4226
-66.4224
-66.4222
-66.4221
-66.4219
-66.4217
-66.4216
-66.4215
-66.4214
-66.4212
-66.4211
-66.4211
-66.421
-66.4209
-66.4208
-66.4207
-66.4207
-66.4206
-66.4206
-66.4205
-66.4205
-66.4204
-66.4204
-66.4204
-66.4203
-66.4203
-66.4203
-66.4203
-66.4203
-66.4202
-66.4202
-66.4202
-66.4202
-66.4202
-66.4202
-66.4202
-66.4202
-66.471
-66.4676
-66.4644
-66.4613
-66.4585
-66.4558
-66.4533
-66.4509
-66.4487
-66.4467
-66.4448
-66.443
-66.4413
-66.4398
-66.4383
-66.437
-66.4357
-66.4346
-66.4335
-66.4325
-66.4315
-66.4307
-66.4299
-66.4291
-66.4284
-66.4278
-66.4272
-66.4267
-66.4262
-66.4257
-66.4253
-66.4249
-66.4245
-66.4241
-66.4238
-66.4235
-66.4232
-66.423
-66.4228
-66.4225
-66.4223
-66.4222
-66.422
-66.4218
-66.4217
-66.4216
-66.4214
-66.4213
-66.4212
-66.4211
-66.421
-66.4209
-66.4209
-66.4208
-66.4207
-66.4207
-66.4206
-66.4206
-66.4205
-66.4205
-66.4204
-66.4204
-66.4204
-66.4203
-66.4203
-66.4203
-66.4203
-66.4203
-66.4202
-66.4202
-66.4202
-66.4202
-66.4202
-66.4202
-66.4202
-66.4721
-66.4686
-66.4654
-66.4623
-66.4594
-66.4567
-66.4542
-66.4518
-66.4495
-66.4475
-66.4455
-66.4437
-66.442
-66.4404
-66.4389
-66.4375
-66.4362
-66.435
-66.4339
-66.4329
-66.4319
-66.4311
-66.4302
-66.4295
-66.4288
-66.4281
-66.4275
-66.4269
-66.4264
-66.4259
-66.4255
-66.425
-66.4247
-66.4243
-66.424
-66.4237
-66.4234
-66.4231
-66.4229
-66.4226
-66.4224
-66.4222
-66.4221
-66.4219
-66.4218
-66.4216
-66.4215
-66.4214
-66.4213
-66.4212
-66.4211
-66.421
-66.4209
-66.4208
-66.4208
-66.4207
-66.4206
-66.4206
-66.4205
-66.4205
-66.4205
-66.4204
-66.4204
-66.4204
-66.4203
-66.4203
-66.4203
-66.4203
-66.4203
-66.4202
-66.4202
-66.4202
-66.4202
-66.4202
-66.4202
-66.4729
-66.4694
-66.4662
-66.4631
-66.4602
-66.4575
-66.4549
-66.4525
-66.4502
-66.4481
-66.4461
-66.4443
-66.4425
-66.4409
-66.4394
-66.438
-66.4367
-66.4355
-66.4343
-66.4333
-66.4323
-66.4314
-66.4305
-66.4297
-66.429
-66.4283
-66.4277
-66.4271
-66.4266
-66.4261
-66.4256
-66.4252
-66.4248
-66.4244
-66.4241
-66.4238
-66.4235
-66.4232
-66.423
-66.4227
-66.4225
-66.4223
-66.4221
-66.422
-66.4218
-66.4217
-66.4215
-66.4214
-66.4213
-66.4212
-66.4211
-66.421
-66.4209
-66.4209
-66.4208
-66.4207
-66.4207
-66.4206
-66.4206
-66.4205
-66.4205
-66.4204
-66.4204
-66.4204
-66.4203
-66.4203
-66.4203
-66.4203
-66.4203
-66.4203
-66.4202
-66.4202
-66.4202
-66.4202
-66.4202
-66.4736
-66.4701
-66.4668
-66.4637
-66.4608
-66.4581
-66.4555
-66.453
-66.4507
-66.4486
-66.4466
-66.4447
-66.443
-66.4413
-66.4398
-66.4384
-66.437
-66.4358
-66.4346
-66.4336
-66.4326
-66.4316
-66.4308
-66.43
-66.4292
-66.4285
-66.4279
-66.4273
-66.4268
-66.4262
-66.4258
-66.4253
-66.4249
-66.4245
-66.4242
-66.4239
-66.4236
-66.4233
-66.423
-66.4228
-66.4226
-66.4224
-66.4222
-66.422
-66.4219
-66.4217
-66.4216
-66.4215
-66.4213
-66.4212
-66.4211
-66.421
-66.421
-66.4209
-66.4208
-66.4207
-66.4207
-66.4206
-66.4206
-66.4205
-66.4205
-66.4205
-66.4204
-66.4204
-66.4204
-66.4203
-66.4203
-66.4203
-66.4203
-66.4203
-66.4203
-66.4202
-66.4202
-66.4202
-66.4202
-66.4741
-66.4706
-66.4673
-66.4642
-66.4613
-66.4585
-66.4559
-66.4534
-66.4511
-66.449
-66.447
-66.4451
-66.4433
-66.4416
-66.4401
-66.4386
-66.4373
-66.436
-66.4349
-66.4338
-66.4328
-66.4318
-66.431
-66.4301
-66.4294
-66.4287
-66.428
-66.4274
-66.4269
-66.4263
-66.4259
-66.4254
-66.425
-66.4246
-66.4243
-66.4239
-66.4236
-66.4234
-66.4231
-66.4229
-66.4226
-66.4224
-66.4222
-66.4221
-66.4219
-66.4218
-66.4216
-66.4215
-66.4214
-66.4213
-66.4212
-66.4211
-66.421
-66.4209
-66.4208
-66.4208
-66.4207
-66.4206
-66.4206
-66.4205
-66.4205
-66.4205
-66.4204
-66.4204
-66.4204
-66.4203
-66.4203
-66.4203
-66.4203
-66.4203
-66.4203
-66.4203
-66.4202
-66.4202
-66.4202
-66.4744
-66.4709
-66.4676
-66.4645
-66.4616
-66.4588
-66.4562
-66.4537
-66.4514
-66.4492
-66.4472
-66.4453
-66.4435
-66.4418
-66.4403
-66.4388
-66.4375
-66.4362
-66.435
-66.4339
-66.4329
-66.432
-66.4311
-66.4302
-66.4295
-66.4288
-66.4281
-66.4275
-66.4269
-66.4264
-66.4259
-66.4255
-66.4251
-66.4247
-66.4243
-66.424
-66.4237
-66.4234
-66.4231
-66.4229
-66.4227
-66.4225
-66.4223
-66.4221
-66.4219
-66.4218
-66.4216
-66.4215
-66.4214
-66.4213
-66.4212
-66.4211
-66.421
-66.4209
-66.4208
-66.4208
-66.4207
-66.4207
-66.4206
-66.4206
-66.4205
-66.4205
-66.4204
-66.4204
-66.4204
-66.4204
-66.4203
-66.4203
-66.4203
-66.4203
-66.4203
-66.4203
-66.4202
-66.4202
-66.4202
-66.4745
-66.4711
-66.4678
-66.4647
-66.4617
-66.4589
-66.4563
-66.4538
-66.4515
-66.4494
-66.4473
-66.4454
-66.4436
-66.4419
-66.4404
-66.4389
-66.4375
-66.4363
-66.4351
-66.434
-66.433
-66.432
-66.4311
-66.4303
-66.4295
-66.4288
-66.4282
-66.4276
-66.427
-66.4265
-66.426
-66.4255
-66.4251
-66.4247
-66.4243
-66.424
-66.4237
-66.4234
-66.4232
-66.4229
-66.4227
-66.4225
-66.4223
-66.4221
-66.4219
-66.4218
-66.4216
-66.4215
-66.4214
-66.4213
-66.4212
-66.4211
-66.421
-66.4209
-66.4208
-66.4208
-66.4207
-66.4207
-66.4206
-66.4206
-66.4205
-66.4205
-66.4204
-66.4204
-66.4204
-66.4204
-66.4203
-66.4203
-66.4203
-66.4203
-66.4203
-66.4203
-66.4203
-66.4202
-66.4202
)
;

boundaryField
{
    leftWall
    {
        type            fixedFluxPressure;
        gradient        nonuniform List<scalar> 0();
        value           nonuniform List<scalar> 0();
    }
    rightWall
    {
        type            fixedFluxPressure;
        gradient        uniform 0;
        value           nonuniform List<scalar> 
40
(
-66.4195
-66.4195
-66.4195
-66.4195
-66.4195
-66.4195
-66.4195
-66.4196
-66.4196
-66.4196
-66.4196
-66.4196
-66.4197
-66.4197
-66.4197
-66.4197
-66.4198
-66.4198
-66.4198
-66.4199
-66.4199
-66.4199
-66.4199
-66.42
-66.42
-66.42
-66.4201
-66.4201
-66.4201
-66.4201
-66.4201
-66.4202
-66.4202
-66.4202
-66.4202
-66.4202
-66.4202
-66.4202
-66.4202
-66.4202
)
;
    }
    lowerWall
    {
        type            fixedFluxPressure;
        gradient        uniform 0;
        value           nonuniform List<scalar> 
75
(
-66.3372
-66.3449
-66.3517
-66.3578
-66.3633
-66.3683
-66.3727
-66.3768
-66.3804
-66.3838
-66.3868
-66.3895
-66.392
-66.3943
-66.3964
-66.3983
-66.4
-66.4016
-66.4031
-66.4044
-66.4056
-66.4067
-66.4078
-66.4087
-66.4096
-66.4104
-66.4111
-66.4118
-66.4124
-66.413
-66.4135
-66.414
-66.4145
-66.4149
-66.4153
-66.4156
-66.4159
-66.4162
-66.4165
-66.4168
-66.417
-66.4172
-66.4174
-66.4176
-66.4178
-66.4179
-66.4181
-66.4182
-66.4183
-66.4185
-66.4186
-66.4187
-66.4187
-66.4188
-66.4189
-66.419
-66.419
-66.4191
-66.4191
-66.4192
-66.4192
-66.4193
-66.4193
-66.4193
-66.4194
-66.4194
-66.4194
-66.4194
-66.4194
-66.4195
-66.4195
-66.4195
-66.4195
-66.4195
-66.4195
)
;
    }
    atmosphere
    {
        type            fixedFluxPressure;
        gradient        uniform 0;
        value           nonuniform List<scalar> 
75
(
-66.4745
-66.4711
-66.4678
-66.4647
-66.4617
-66.4589
-66.4563
-66.4538
-66.4515
-66.4494
-66.4473
-66.4454
-66.4436
-66.4419
-66.4404
-66.4389
-66.4375
-66.4363
-66.4351
-66.434
-66.433
-66.432
-66.4311
-66.4303
-66.4295
-66.4288
-66.4282
-66.4276
-66.427
-66.4265
-66.426
-66.4255
-66.4251
-66.4247
-66.4243
-66.424
-66.4237
-66.4234
-66.4232
-66.4229
-66.4227
-66.4225
-66.4223
-66.4221
-66.4219
-66.4218
-66.4216
-66.4215
-66.4214
-66.4213
-66.4212
-66.4211
-66.421
-66.4209
-66.4208
-66.4208
-66.4207
-66.4207
-66.4206
-66.4206
-66.4205
-66.4205
-66.4204
-66.4204
-66.4204
-66.4204
-66.4203
-66.4203
-66.4203
-66.4203
-66.4203
-66.4203
-66.4203
-66.4202
-66.4202
)
;
    }
    defaultFaces
    {
        type            empty;
    }
    procBoundary3to2
    {
        type            processor;
        value           nonuniform List<scalar> 
40
(
-66.3286
-66.3297
-66.332
-66.3354
-66.3397
-66.3449
-66.3508
-66.3573
-66.3641
-66.3712
-66.3784
-66.3857
-66.3928
-66.3997
-66.4064
-66.4128
-66.4189
-66.4247
-66.4301
-66.4352
-66.4399
-66.4443
-66.4484
-66.4521
-66.4555
-66.4586
-66.4615
-66.4641
-66.4664
-66.4685
-66.4704
-66.472
-66.4734
-66.4747
-66.4757
-66.4765
-66.4772
-66.4777
-66.478
-66.4782
)
;
    }
}


// ************************************************************************* //
