/*--------------------------------*- C++ -*----------------------------------*\
| =========                 |                                                 |
| \\      /  F ield         | OpenFOAM: The Open Source CFD Toolbox           |
|  \\    /   O peration     | Version:  2606                                  |
|   \\  /    A nd           | Website:  www.openfoam.com                      |
|    \\/     M anipulation  |                                                 |
\*---------------------------------------------------------------------------*/
FoamFile
{
    version     2.0;
    format      ascii;
    arch        "LSB;label=32;scalar=64";
    class       volVectorField;
    location    "0.8";
    object      U;
}
// * * * * * * * * * * * * * * * * * * * * * * * * * * * * * * * * * * * * * //

dimensions      [0 1 -1 0 0 0 0];

internalField   nonuniform List<vector> 
3000
(
(0.00108139 -0.00032304 0)
(0.00479234 6.87181e-05 0)
(0.00786438 3.05319e-05 0)
(0.0111544 -0.000350715 0)
(0.0146426 -0.000742957 0)
(0.0183667 -0.00115558 0)
(0.0223187 -0.00159969 0)
(0.026461 -0.00202976 0)
(0.0307824 -0.00240302 0)
(0.0352412 -0.0026718 0)
(0.0397542 -0.00280749 0)
(0.044241 -0.00281359 0)
(0.0486569 -0.00273818 0)
(0.053005 -0.00264282 0)
(0.0573131 -0.00255245 0)
(0.0616064 -0.00246576 0)
(0.0659057 -0.00237589 0)
(0.0702207 -0.00227792 0)
(0.0745478 -0.00216991 0)
(0.0788765 -0.00205332 0)
(0.0831921 -0.00192954 0)
(0.0874758 -0.00180126 0)
(0.0917084 -0.00167314 0)
(0.0958738 -0.00155081 0)
(0.0999635 -0.00144228 0)
(0.103982 -0.00135641 0)
(0.107946 -0.00129573 0)
(0.111874 -0.00125653 0)
(0.115782 -0.00123613 0)
(0.11969 -0.00123032 0)
(0.12361 -0.00122989 0)
(0.127545 -0.0012277 0)
(0.131487 -0.00122131 0)
(0.135432 -0.00120951 0)
(0.139368 -0.00119112 0)
(0.143284 -0.00116667 0)
(0.147169 -0.00113999 0)
(0.151021 -0.00111717 0)
(0.154844 -0.00110154 0)
(0.158647 -0.001094 0)
(0.162443 -0.0010996 0)
(0.166256 -0.00112273 0)
(0.170114 -0.00115291 0)
(0.174016 -0.00117494 0)
(0.177945 -0.00118981 0)
(0.181894 -0.00120254 0)
(0.185861 -0.0012111 0)
(0.189836 -0.00121311 0)
(0.193806 -0.00120968 0)
(0.197762 -0.00120355 0)
(0.201701 -0.0011969 0)
(0.205619 -0.00119166 0)
(0.209519 -0.00119129 0)
(0.21341 -0.00119769 0)
(0.217303 -0.00120858 0)
(0.221201 -0.00122212 0)
(0.225108 -0.00123777 0)
(0.229027 -0.0012546 0)
(0.232962 -0.00127184 0)
(0.236912 -0.00128894 0)
(0.240878 -0.00130456 0)
(0.244855 -0.0013166 0)
(0.248837 -0.00132363 0)
(0.252816 -0.00132551 0)
(0.256787 -0.0013229 0)
(0.260744 -0.00131584 0)
(0.264681 -0.00130311 0)
(0.26859 -0.00128254 0)
(0.272455 -0.00124751 0)
(0.276256 -0.00120373 0)
(0.279993 -0.0011645 0)
(0.283677 -0.00112872 0)
(0.287312 -0.00109208 0)
(0.290888 -0.00105281 0)
(0.294397 -0.00101246 0)
(0.0035105 -0.0054569 0)
(0.00984333 -0.00697736 0)
(0.0158043 -0.00670959 0)
(0.0217343 -0.00658242 0)
(0.0272651 -0.00663656 0)
(0.0321237 -0.00672393 0)
(0.0362773 -0.00675898 0)
(0.039809 -0.00672983 0)
(0.0428178 -0.00666955 0)
(0.0454499 -0.00658489 0)
(0.0479125 -0.00648544 0)
(0.0503935 -0.00638289 0)
(0.0529786 -0.00629934 0)
(0.0556688 -0.00627629 0)
(0.0584465 -0.00631728 0)
(0.0613148 -0.00640459 0)
(0.0642895 -0.00652144 0)
(0.0673932 -0.0066496 0)
(0.0706474 -0.00676907 0)
(0.0740742 -0.00686646 0)
(0.0776899 -0.00693061 0)
(0.0814958 -0.00695683 0)
(0.0854847 -0.00694761 0)
(0.0896371 -0.00691011 0)
(0.093913 -0.00685899 0)
(0.0982696 -0.00681301 0)
(0.102673 -0.00678166 0)
(0.107085 -0.00676541 0)
(0.111482 -0.00676783 0)
(0.115867 -0.00678808 0)
(0.120249 -0.00681357 0)
(0.124617 -0.00683349 0)
(0.128959 -0.00684427 0)
(0.133273 -0.00684353 0)
(0.137552 -0.00682826 0)
(0.141781 -0.00679841 0)
(0.145943 -0.00676064 0)
(0.150033 -0.00672633 0)
(0.154063 -0.00670215 0)
(0.158039 -0.00669051 0)
(0.161971 -0.00670241 0)
(0.165914 -0.00674744 0)
(0.169935 -0.00680543 0)
(0.174024 -0.00684634 0)
(0.178138 -0.00687189 0)
(0.182273 -0.0068913 0)
(0.186437 -0.00689989 0)
(0.190616 -0.00689263 0)
(0.194786 -0.00687159 0)
(0.198936 -0.00684217 0)
(0.203057 -0.00680893 0)
(0.207145 -0.00677597 0)
(0.211201 -0.00675073 0)
(0.215245 -0.00673756 0)
(0.219294 -0.00673258 0)
(0.223352 -0.00673282 0)
(0.227425 -0.00673771 0)
(0.23152 -0.00674589 0)
(0.235641 -0.00675605 0)
(0.239794 -0.0067671 0)
(0.243981 -0.0067764 0)
(0.2482 -0.00677998 0)
(0.252442 -0.00677533 0)
(0.256699 -0.00676256 0)
(0.260969 -0.00674341 0)
(0.265255 -0.00671827 0)
(0.26956 -0.00668492 0)
(0.273887 -0.00663921 0)
(0.27822 -0.0065675 0)
(0.282518 -0.00648058 0)
(0.2868 -0.00640313 0)
(0.291109 -0.00633127 0)
(0.295446 -0.00625499 0)
(0.299786 -0.00616906 0)
(0.304095 -0.0060746 0)
(0.00433674 -0.0128291 0)
(0.00610611 -0.0108002 0)
(0.0127351 -0.011076 0)
(0.0179967 -0.0108279 0)
(0.0226094 -0.0101236 0)
(0.0265091 -0.00934463 0)
(0.0293435 -0.00882056 0)
(0.0302299 -0.0086051 0)
(0.0289162 -0.00814427 0)
(0.0282287 -0.00712285 0)
(0.0320404 -0.00676649 0)
(0.0393218 -0.00682574 0)
(0.0469559 -0.006814 0)
(0.0522187 -0.00695651 0)
(0.0551561 -0.00715888 0)
(0.0573774 -0.00735222 0)
(0.0594396 -0.00760505 0)
(0.0617828 -0.00786743 0)
(0.0646787 -0.00806864 0)
(0.0679772 -0.00828644 0)
(0.071357 -0.00850888 0)
(0.0746264 -0.00874781 0)
(0.0778614 -0.00897679 0)
(0.081255 -0.00914478 0)
(0.0848526 -0.00923672 0)
(0.0885968 -0.00928024 0)
(0.0924273 -0.0092854 0)
(0.0963027 -0.0092452 0)
(0.100191 -0.00920568 0)
(0.104059 -0.00920139 0)
(0.10789 -0.00919684 0)
(0.111685 -0.00916644 0)
(0.115453 -0.00911865 0)
(0.119199 -0.00905792 0)
(0.122925 -0.00897003 0)
(0.126638 -0.00884067 0)
(0.130352 -0.00868242 0)
(0.134076 -0.00853624 0)
(0.137814 -0.00841734 0)
(0.141578 -0.00831363 0)
(0.145377 -0.00827712 0)
(0.149191 -0.00838862 0)
(0.152983 -0.00857212 0)
(0.15675 -0.0086786 0)
(0.160505 -0.00874387 0)
(0.164246 -0.00882147 0)
(0.16796 -0.00888381 0)
(0.171647 -0.00890287 0)
(0.175309 -0.00888221 0)
(0.178948 -0.00883936 0)
(0.182564 -0.00878441 0)
(0.186155 -0.00872208 0)
(0.189716 -0.00868464 0)
(0.193234 -0.00869205 0)
(0.196701 -0.00872046 0)
(0.200118 -0.00875954 0)
(0.203492 -0.00880873 0)
(0.206837 -0.0088662 0)
(0.210176 -0.00892632 0)
(0.213541 -0.0089842 0)
(0.216965 -0.00903203 0)
(0.220476 -0.00905753 0)
(0.224107 -0.00905791 0)
(0.227888 -0.00904307 0)
(0.231851 -0.00902716 0)
(0.236046 -0.00901557 0)
(0.240569 -0.00900395 0)
(0.245561 -0.00898749 0)
(0.251195 -0.00886748 0)
(0.25756 -0.00875473 0)
(0.264623 -0.00871871 0)
(0.272195 -0.00868655 0)
(0.279913 -0.00863089 0)
(0.287298 -0.00852337 0)
(0.293874 -0.00836741 0)
(-0.00216196 -0.0159484 0)
(-0.00409352 -0.017652 0)
(-0.00265021 -0.0187592 0)
(-0.00220808 -0.0171554 0)
(-0.00178398 -0.0154182 0)
(-0.00242173 -0.0133451 0)
(-0.00599289 -0.00987421 0)
(-0.0157622 -0.00410566 0)
(-0.0300408 -0.00194429 0)
(-0.0343587 -0.0102577 0)
(-0.0245078 -0.0198728 0)
(-0.0118675 -0.0242632 0)
(-0.000982841 -0.0209403 0)
(0.00615873 -0.0154095 0)
(0.00928391 -0.0131717 0)
(0.0110221 -0.011702 0)
(0.0114185 -0.0112343 0)
(0.0118327 -0.0121518 0)
(0.0133705 -0.0132073 0)
(0.0153249 -0.0139193 0)
(0.0168557 -0.0139494 0)
(0.0176606 -0.0138317 0)
(0.0178776 -0.0140991 0)
(0.0180745 -0.0144635 0)
(0.0184327 -0.0147578 0)
(0.0189195 -0.0149558 0)
(0.0194968 -0.0150436 0)
(0.0201337 -0.0150465 0)
(0.0208077 -0.0150022 0)
(0.0215053 -0.0149499 0)
(0.0222351 -0.0149067 0)
(0.0230201 -0.0148758 0)
(0.0238803 -0.0148551 0)
(0.024829 -0.0148342 0)
(0.0258701 -0.0148003 0)
(0.0269998 -0.0147501 0)
(0.0282078 -0.0146944 0)
(0.029485 -0.0146452 0)
(0.0308093 -0.0146116 0)
(0.0321508 -0.0146045 0)
(0.0334838 -0.0146319 0)
(0.034771 -0.0146861 0)
(0.0359746 -0.0147374 0)
(0.0370878 -0.0147631 0)
(0.0381272 -0.0147678 0)
(0.0391052 -0.0147539 0)
(0.0400309 -0.0147152 0)
(0.0409195 -0.0146508 0)
(0.0417889 -0.0145666 0)
(0.0426512 -0.0144663 0)
(0.0435055 -0.0143494 0)
(0.0443352 -0.0142174 0)
(0.0451143 -0.0140788 0)
(0.0458177 -0.0139391 0)
(0.0464312 -0.0138012 0)
(0.0469645 -0.0136793 0)
(0.0474605 -0.0135997 0)
(0.0480003 -0.0135959 0)
(0.0486973 -0.0136949 0)
(0.0496812 -0.013913 0)
(0.0510845 -0.0142453 0)
(0.0530085 -0.0146539 0)
(0.0555157 -0.0150997 0)
(0.0586393 -0.0155687 0)
(0.0624255 -0.0160864 0)
(0.0669822 -0.0167357 0)
(0.0725053 -0.0176253 0)
(0.0792551 -0.0188218 0)
(0.0874164 -0.0202247 0)
(0.0969957 -0.0217533 0)
(0.107793 -0.0230982 0)
(0.119332 -0.0238625 0)
(0.130965 -0.0237455 0)
(0.141991 -0.0226285 0)
(0.15179 -0.0205946 0)
(-0.00215616 -0.00805267 0)
(-0.00595052 -0.012514 0)
(-0.00772156 -0.0141271 0)
(-0.00952657 -0.0133594 0)
(-0.0108732 -0.0117325 0)
(-0.0130801 -0.00728387 0)
(-0.0182832 0.00270993 0)
(-0.028524 0.0138384 0)
(-0.0377656 0.00844905 0)
(-0.0349552 -0.0146096 0)
(-0.028213 -0.0293345 0)
(-0.0260458 -0.0297651 0)
(-0.0245609 -0.0233561 0)
(-0.0221578 -0.0163534 0)
(-0.0202444 -0.0123709 0)
(-0.0190942 -0.0095248 0)
(-0.0179284 -0.00940929 0)
(-0.0162587 -0.0116189 0)
(-0.014488 -0.0130218 0)
(-0.0135701 -0.0129544 0)
(-0.0135578 -0.0117195 0)
(-0.0139339 -0.0106548 0)
(-0.0145075 -0.0106478 0)
(-0.0150424 -0.010956 0)
(-0.0155518 -0.0112791 0)
(-0.016074 -0.0115151 0)
(-0.0166086 -0.0116573 0)
(-0.0171402 -0.011745 0)
(-0.0176393 -0.011792 0)
(-0.0180768 -0.0118335 0)
(-0.0184306 -0.0118927 0)
(-0.0186901 -0.0119699 0)
(-0.0188607 -0.0120522 0)
(-0.0189584 -0.0121234 0)
(-0.0190012 -0.0121726 0)
(-0.0190022 -0.0121975 0)
(-0.0189702 -0.0122029 0)
(-0.0189184 -0.0121938 0)
(-0.0188705 -0.0121716 0)
(-0.0188489 -0.0121368 0)
(-0.0188754 -0.0120943 0)
(-0.018968 -0.0120475 0)
(-0.0191292 -0.0119927 0)
(-0.0193429 -0.0119278 0)
(-0.0195824 -0.0118623 0)
(-0.0198182 -0.011807 0)
(-0.0200194 -0.0117642 0)
(-0.0201537 -0.0117303 0)
(-0.0201913 -0.0116982 0)
(-0.0201111 -0.0116565 0)
(-0.0199026 -0.0115922 0)
(-0.0195646 -0.0114971 0)
(-0.0191033 -0.0113748 0)
(-0.0185309 -0.0112431 0)
(-0.0178596 -0.0111337 0)
(-0.0170937 -0.0110939 0)
(-0.0162332 -0.0111789 0)
(-0.0152768 -0.0114383 0)
(-0.0142273 -0.0119045 0)
(-0.0130952 -0.0125751 0)
(-0.0118972 -0.0134082 0)
(-0.010649 -0.0143412 0)
(-0.00934165 -0.0153282 0)
(-0.00792502 -0.0163959 0)
(-0.00630504 -0.0176655 0)
(-0.00433167 -0.0193039 0)
(-0.00184757 -0.0214323 0)
(0.00127015 -0.0240027 0)
(0.00494348 -0.0267396 0)
(0.00902605 -0.0292076 0)
(0.0133452 -0.0309083 0)
(0.0175657 -0.0314093 0)
(0.0214174 -0.0304637 0)
(0.0246635 -0.0280317 0)
(0.0271104 -0.0243106 0)
(-0.00171558 -0.0051845 0)
(-0.00544017 -0.0103945 0)
(-0.00848373 -0.0124103 0)
(-0.0114373 -0.0118253 0)
(-0.0141562 -0.00980869 0)
(-0.0170326 -0.00389611 0)
(-0.019873 0.00730434 0)
(-0.0227447 0.0163191 0)
(-0.0232873 0.00694825 0)
(-0.02021 -0.0171155 0)
(-0.0233743 -0.0289114 0)
(-0.0276408 -0.0279104 0)
(-0.0290004 -0.0235798 0)
(-0.0284574 -0.0185177 0)
(-0.0269967 -0.0146685 0)
(-0.025183 -0.012371 0)
(-0.0231046 -0.0128303 0)
(-0.0215552 -0.014345 0)
(-0.0211014 -0.0144511 0)
(-0.021585 -0.0131697 0)
(-0.0223132 -0.0118484 0)
(-0.0227267 -0.011271 0)
(-0.0230232 -0.0114394 0)
(-0.0234528 -0.0117657 0)
(-0.0240378 -0.0120071 0)
(-0.0247522 -0.0121361 0)
(-0.0255463 -0.0121984 0)
(-0.0263658 -0.0122425 0)
(-0.0271498 -0.0123069 0)
(-0.027845 -0.0124216 0)
(-0.028426 -0.0125842 0)
(-0.0288961 -0.0127652 0)
(-0.0292769 -0.0129289 0)
(-0.0295947 -0.0130529 0)
(-0.0298714 -0.0131322 0)
(-0.0301237 -0.0131719 0)
(-0.0303686 -0.0131766 0)
(-0.0306277 -0.0131469 0)
(-0.0309233 -0.0130838 0)
(-0.03127 -0.0129955 0)
(-0.0316705 -0.0128978 0)
(-0.032115 -0.0128077 0)
(-0.0325855 -0.0127365 0)
(-0.0330612 -0.0126914 0)
(-0.0335238 -0.0126796 0)
(-0.0339597 -0.0127069 0)
(-0.0343581 -0.0127739 0)
(-0.0347092 -0.0128753 0)
(-0.035005 -0.0130007 0)
(-0.0352399 -0.0131347 0)
(-0.0354094 -0.0132587 0)
(-0.0355101 -0.0133558 0)
(-0.0355389 -0.013418 0)
(-0.0354942 -0.013452 0)
(-0.0353775 -0.0134803 0)
(-0.0351981 -0.0135341 0)
(-0.0349786 -0.0136461 0)
(-0.0347545 -0.0138472 0)
(-0.0345693 -0.0141606 0)
(-0.0344619 -0.0145929 0)
(-0.0344522 -0.0151337 0)
(-0.0345297 -0.0157748 0)
(-0.0346516 -0.0165445 0)
(-0.0347636 -0.0175283 0)
(-0.034839 -0.018844 0)
(-0.0349136 -0.0205803 0)
(-0.0350742 -0.022744 0)
(-0.0354216 -0.025181 0)
(-0.0360679 -0.0276322 0)
(-0.0370765 -0.0296376 0)
(-0.0384161 -0.0307901 0)
(-0.0399745 -0.030757 0)
(-0.0415485 -0.0294107 0)
(-0.0428817 -0.0268761 0)
(-0.0437362 -0.0234959 0)
(-0.00103362 -0.00213859 0)
(-0.00445447 -0.00715441 0)
(-0.00783818 -0.00925866 0)
(-0.0110212 -0.00896176 0)
(-0.0140754 -0.00721127 0)
(-0.0165586 -0.00194668 0)
(-0.0169848 0.00758585 0)
(-0.014736 0.0144899 0)
(-0.011457 0.00642454 0)
(-0.0121029 -0.012752 0)
(-0.0189752 -0.0231671 0)
(-0.0233577 -0.0249273 0)
(-0.0243392 -0.0230516 0)
(-0.0237588 -0.0195889 0)
(-0.0223056 -0.0163224 0)
(-0.0204655 -0.0141502 0)
(-0.0190161 -0.0139013 0)
(-0.01871 -0.0143137 0)
(-0.0192854 -0.0138141 0)
(-0.0199437 -0.012402 0)
(-0.0202819 -0.0113425 0)
(-0.0204567 -0.010876 0)
(-0.0207329 -0.0108145 0)
(-0.0212202 -0.010886 0)
(-0.0218696 -0.0109478 0)
(-0.0226042 -0.0109853 0)
(-0.0233599 -0.0110312 0)
(-0.0240825 -0.0111207 0)
(-0.0247242 -0.0112802 0)
(-0.0252565 -0.0115112 0)
(-0.0256764 -0.011784 0)
(-0.0259998 -0.0120532 0)
(-0.0262507 -0.0122807 0)
(-0.026453 -0.0124493 0)
(-0.0266286 -0.012558 0)
(-0.0267998 -0.0126105 0)
(-0.0269915 -0.0126068 0)
(-0.0272291 -0.012546 0)
(-0.027532 -0.012435 0)
(-0.0279075 -0.0122937 0)
(-0.0283482 -0.0121492 0)
(-0.0288352 -0.0120245 0)
(-0.0293441 -0.0119314 0)
(-0.0298508 -0.0118739 0)
(-0.0303358 -0.0118545 0)
(-0.0307864 -0.0118749 0)
(-0.0311965 -0.0119332 0)
(-0.0315669 -0.0120222 0)
(-0.0319031 -0.0121299 0)
(-0.0322118 -0.0122409 0)
(-0.0324967 -0.01234 0)
(-0.032756 -0.0124168 0)
(-0.0329833 -0.0124694 0)
(-0.0331702 -0.0125083 0)
(-0.0333123 -0.0125535 0)
(-0.0334141 -0.0126288 0)
(-0.0334902 -0.0127578 0)
(-0.0335634 -0.0129654 0)
(-0.0336595 -0.0132777 0)
(-0.0338009 -0.0137142 0)
(-0.0340025 -0.0142775 0)
(-0.0342748 -0.0149539 0)
(-0.034634 -0.0157317 0)
(-0.0351146 -0.016636 0)
(-0.0357772 -0.0177484 0)
(-0.0367043 -0.0191768 0)
(-0.0379863 -0.0209719 0)
(-0.0397094 -0.023054 0)
(-0.0419472 -0.025199 0)
(-0.0447227 -0.0270572 0)
(-0.047949 -0.0282707 0)
(-0.0514127 -0.0285435 0)
(-0.0548149 -0.0277096 0)
(-0.0578426 -0.0257751 0)
(-0.0602354 -0.0229303 0)
(-0.000836018 0.000853443 0)
(-0.00415031 -0.00326495 0)
(-0.00728112 -0.00550491 0)
(-0.0102331 -0.00541524 0)
(-0.0132262 -0.00408917 0)
(-0.0157005 -0.000427823 0)
(-0.0157141 0.00583315 0)
(-0.0122728 0.0100053 0)
(-0.00812252 0.00442223 0)
(-0.00868518 -0.00886428 0)
(-0.0137334 -0.0182975 0)
(-0.0173561 -0.0225803 0)
(-0.0185529 -0.0227296 0)
(-0.018394 -0.0204448 0)
(-0.0174644 -0.0176673 0)
(-0.0162504 -0.0154923 0)
(-0.0153282 -0.0143991 0)
(-0.0151789 -0.0139063 0)
(-0.0155966 -0.0131433 0)
(-0.01596 -0.0120139 0)
(-0.0160822 -0.0111189 0)
(-0.016167 -0.0105971 0)
(-0.016366 -0.0103763 0)
(-0.0167202 -0.0103035 0)
(-0.0171795 -0.010287 0)
(-0.0176759 -0.010309 0)
(-0.0181556 -0.01039 0)
(-0.0185827 -0.0105554 0)
(-0.0189381 -0.0108155 0)
(-0.019222 -0.0111522 0)
(-0.0194493 -0.0115195 0)
(-0.0196399 -0.0118631 0)
(-0.0198118 -0.0121414 0)
(-0.019979 -0.0123355 0)
(-0.0201539 -0.0124434 0)
(-0.0203487 -0.0124686 0)
(-0.0205753 -0.0124135 0)
(-0.0208422 -0.0122837 0)
(-0.0211518 -0.0120963 0)
(-0.0215004 -0.0118836 0)
(-0.0218784 -0.0116844 0)
(-0.0222732 -0.0115306 0)
(-0.0226704 -0.0114384 0)
(-0.0230559 -0.0114101 0)
(-0.0234191 -0.0114405 0)
(-0.0237544 -0.0115214 0)
(-0.024062 -0.0116416 0)
(-0.0243469 -0.0117875 0)
(-0.0246161 -0.0119441 0)
(-0.0248759 -0.0120978 0)
(-0.0251288 -0.0122384 0)
(-0.0253717 -0.0123599 0)
(-0.025597 -0.0124617 0)
(-0.025796 -0.0125502 0)
(-0.0259628 -0.0126378 0)
(-0.0260971 -0.0127402 0)
(-0.0262041 -0.0128747 0)
(-0.0262943 -0.0130621 0)
(-0.026384 -0.0133262 0)
(-0.0264972 -0.0136839 0)
(-0.0266667 -0.014134 0)
(-0.0269301 -0.0146575 0)
(-0.0273238 -0.0152412 0)
(-0.0278809 -0.0159125 0)
(-0.0286395 -0.0167515 0)
(-0.0296543 -0.0178504 0)
(-0.0309998 -0.0192373 0)
(-0.0327603 -0.0208171 0)
(-0.0350029 -0.0223775 0)
(-0.0377342 -0.0236489 0)
(-0.0408604 -0.024389 0)
(-0.0441819 -0.0244433 0)
(-0.047428 -0.0237676 0)
(-0.050306 -0.0224242 0)
(-0.0525586 -0.0205612 0)
(-0.000602397 0.00269251 0)
(-0.00336194 -0.000630543 0)
(-0.00607993 -0.00292363 0)
(-0.00858081 -0.00280217 0)
(-0.0112143 -0.0016001 0)
(-0.013611 0.00075673 0)
(-0.0142439 0.00427502 0)
(-0.0120006 0.00619644 0)
(-0.00880717 0.00244411 0)
(-0.00856727 -0.00662781 0)
(-0.0110612 -0.0151138 0)
(-0.0131712 -0.0206493 0)
(-0.014174 -0.0221689 0)
(-0.0143926 -0.020795 0)
(-0.0140532 -0.0184754 0)
(-0.0134536 -0.0163599 0)
(-0.012947 -0.0148967 0)
(-0.0127899 -0.0138957 0)
(-0.0129001 -0.0129459 0)
(-0.0129976 -0.0119596 0)
(-0.0129808 -0.0111417 0)
(-0.0129373 -0.0105794 0)
(-0.0129579 -0.010248 0)
(-0.013071 -0.0100731 0)
(-0.0132506 -0.0100025 0)
(-0.0134568 -0.0100191 0)
(-0.0136592 -0.0101272 0)
(-0.0138442 -0.0103329 0)
(-0.0140148 -0.0106295 0)
(-0.0141863 -0.0109878 0)
(-0.0143771 -0.01136 0)
(-0.0146004 -0.0116955 0)
(-0.0148602 -0.0119582 0)
(-0.0151534 -0.0121326 0)
(-0.0154746 -0.0122183 0)
(-0.0158175 -0.0122205 0)
(-0.0161747 -0.0121447 0)
(-0.016536 -0.012 0)
(-0.0168894 -0.0118056 0)
(-0.0172248 -0.0115929 0)
(-0.0175374 -0.0113976 0)
(-0.0178285 -0.0112494 0)
(-0.0181026 -0.0111638 0)
(-0.0183643 -0.0111431 0)
(-0.0186178 -0.0111813 0)
(-0.0188669 -0.0112682 0)
(-0.0191159 -0.0113909 0)
(-0.0193688 -0.0115346 0)
(-0.0196283 -0.0116852 0)
(-0.0198949 -0.0118316 0)
(-0.0201658 -0.0119676 0)
(-0.020436 -0.0120911 0)
(-0.0206981 -0.0122044 0)
(-0.0209451 -0.0123142 0)
(-0.0211714 -0.0124304 0)
(-0.0213756 -0.0125647 0)
(-0.0215597 -0.0127299 0)
(-0.0217298 -0.0129395 0)
(-0.0218983 -0.0132065 0)
(-0.0220846 -0.0135363 0)
(-0.0223126 -0.0139213 0)
(-0.0226031 -0.0143453 0)
(-0.0229679 -0.0148038 0)
(-0.0234163 -0.0153272 0)
(-0.0239743 -0.0159836 0)
(-0.0246993 -0.016844 0)
(-0.0256747 -0.0179254 0)
(-0.0269836 -0.0191513 0)
(-0.0286746 -0.0203583 0)
(-0.0307311 -0.0213427 0)
(-0.0330593 -0.0219192 0)
(-0.035503 -0.0219691 0)
(-0.0378759 -0.0214577 0)
(-0.0399891 -0.020434 0)
(-0.0416755 -0.0190215 0)
(-0.000383076 0.00464851 0)
(-0.00270364 0.00217796 0)
(-0.00484281 -0.000431495 0)
(-0.00654247 -0.000446421 0)
(-0.00827333 0.000793407 0)
(-0.0100504 0.00247748 0)
(-0.0110102 0.0040887 0)
(-0.0101564 0.00419412 0)
(-0.0082893 0.000877517 0)
(-0.00760192 -0.00612206 0)
(-0.00849363 -0.0137442 0)
(-0.00969154 -0.0195281 0)
(-0.0106734 -0.0215534 0)
(-0.0112726 -0.0206399 0)
(-0.0114831 -0.0186419 0)
(-0.0114372 -0.0166422 0)
(-0.0113249 -0.0150851 0)
(-0.0112932 -0.0139111 0)
(-0.0113343 -0.0129026 0)
(-0.0113439 -0.0119867 0)
(-0.0112777 -0.0112247 0)
(-0.011175 -0.0106564 0)
(-0.0110897 -0.0102733 0)
(-0.0110486 -0.0100407 0)
(-0.0110502 -0.00992955 0)
(-0.0110831 -0.00992541 0)
(-0.0111399 -0.0100229 0)
(-0.0112237 -0.0102148 0)
(-0.0113472 -0.0104836 0)
(-0.0115269 -0.0107969 0)
(-0.0117755 -0.0111122 0)
(-0.0120948 -0.0113892 0)
(-0.0124756 -0.0116006 0)
(-0.012902 -0.0117357 0)
(-0.0133565 -0.0117958 0)
(-0.0138221 -0.0117867 0)
(-0.0142823 -0.0117154 0)
(-0.0147202 -0.0115916 0)
(-0.0151203 -0.0114321 0)
(-0.0154726 -0.0112609 0)
(-0.0157762 -0.0111052 0)
(-0.016039 -0.0109878 0)
(-0.0162744 -0.0109217 0)
(-0.0164965 -0.0109102 0)
(-0.0167175 -0.0109492 0)
(-0.0169467 -0.0110303 0)
(-0.0171908 -0.0111425 0)
(-0.0174532 -0.0112735 0)
(-0.017734 -0.0114118 0)
(-0.01803 -0.011549 0)
(-0.0183357 -0.0116805 0)
(-0.0186445 -0.0118052 0)
(-0.0189499 -0.0119259 0)
(-0.0192461 -0.0120479 0)
(-0.0195294 -0.0121789 0)
(-0.0197989 -0.0123278 0)
(-0.0200565 -0.0125042 0)
(-0.0203072 -0.0127181 0)
(-0.0205598 -0.0129781 0)
(-0.0208269 -0.0132879 0)
(-0.0211205 -0.0136437 0)
(-0.0214464 -0.0140364 0)
(-0.0218031 -0.0144637 0)
(-0.022192 -0.0149424 0)
(-0.0226359 -0.0155089 0)
(-0.0231897 -0.0161979 0)
(-0.0239319 -0.0170086 0)
(-0.0249366 -0.0178817 0)
(-0.0262407 -0.0187062 0)
(-0.0278223 -0.0193507 0)
(-0.0296014 -0.0197032 0)
(-0.0314577 -0.0196994 0)
(-0.0332527 -0.019329 0)
(-0.0348536 -0.0186277 0)
(-0.0361538 -0.0176702 0)
(-0.000252199 0.00588143 0)
(-0.0020227 0.00399992 0)
(-0.00351685 0.00102779 0)
(-0.0044484 0.0007341 0)
(-0.0051517 0.00195756 0)
(-0.00579262 0.00346458 0)
(-0.00618042 0.00429769 0)
(-0.00584676 0.00341015 0)
(-0.00496361 -3.46354e-05 0)
(-0.00452057 -0.00603952 0)
(-0.00500309 -0.0129476 0)
(-0.00610159 -0.0184831 0)
(-0.00741756 -0.0206338 0)
(-0.00850401 -0.0200265 0)
(-0.00923172 -0.0183112 0)
(-0.00966687 -0.0164923 0)
(-0.00992803 -0.0149983 0)
(-0.0101176 -0.0138261 0)
(-0.0102655 -0.0128482 0)
(-0.0103487 -0.0120033 0)
(-0.010357 -0.0113008 0)
(-0.0103143 -0.010755 0)
(-0.0102558 -0.0103612 0)
(-0.010207 -0.0101018 0)
(-0.0101807 -0.00995952 0)
(-0.0101835 -0.00992225 0)
(-0.0102234 -0.00998019 0)
(-0.010312 -0.0101205 0)
(-0.0104637 -0.0103226 0)
(-0.0106906 -0.0105575 0)
(-0.0109975 -0.0107922 0)
(-0.0113784 -0.0109972 0)
(-0.0118178 -0.0111535 0)
(-0.0122961 -0.0112535 0)
(-0.0127934 -0.0112982 0)
(-0.0132921 -0.0112921 0)
(-0.0137763 -0.0112413 0)
(-0.0142311 -0.0111543 0)
(-0.0146445 -0.0110436 0)
(-0.0150093 -0.0109258 0)
(-0.0153258 -0.0108192 0)
(-0.015602 -0.0107391 0)
(-0.0158506 -0.0106953 0)
(-0.0160854 -0.0106913 0)
(-0.0163189 -0.0107255 0)
(-0.0165608 -0.0107927 0)
(-0.0168179 -0.0108854 0)
(-0.0170933 -0.0109953 0)
(-0.0173865 -0.0111148 0)
(-0.0176943 -0.0112379 0)
(-0.0180115 -0.0113616 0)
(-0.0183326 -0.0114853 0)
(-0.0186522 -0.0116107 0)
(-0.0189663 -0.0117415 0)
(-0.0192726 -0.0118833 0)
(-0.0195709 -0.0120426 0)
(-0.0198632 -0.0122264 0)
(-0.0201538 -0.0124414 0)
(-0.0204499 -0.0126931 0)
(-0.0207606 -0.0129836 0)
(-0.0210951 -0.0133114 0)
(-0.0214588 -0.013673 0)
(-0.0218528 -0.0140693 0)
(-0.0222807 -0.0145108 0)
(-0.0227592 -0.0150162 0)
(-0.0233246 -0.0155987 0)
(-0.0240283 -0.0162474 0)
(-0.0249186 -0.0169152 0)
(-0.0260187 -0.0175231 0)
(-0.0273111 -0.0179813 0)
(-0.0287379 -0.0182148 0)
(-0.0302141 -0.0181809 0)
(-0.0316457 -0.0178744 0)
(-0.0329436 -0.0173269 0)
(-0.0340365 -0.0165988 0)
(-0.000122624 0.00678342 0)
(-0.00138882 0.00541074 0)
(-0.00239008 0.00197615 0)
(-0.0027666 0.00117449 0)
(-0.00270177 0.00210684 0)
(-0.00233192 0.00344833 0)
(-0.00178846 0.00408088 0)
(-0.00111623 0.00299605 0)
(-0.000491632 -0.000375418 0)
(-0.000359004 -0.00577695 0)
(-0.00100912 -0.0119691 0)
(-0.00248797 -0.0170231 0)
(-0.00433377 -0.0191736 0)
(-0.00593148 -0.0188839 0)
(-0.00714034 -0.0174964 0)
(-0.00798613 -0.015939 0)
(-0.00857528 -0.0146136 0)
(-0.00900397 -0.0135439 0)
(-0.00932432 -0.0126508 0)
(-0.00955181 -0.0118903 0)
(-0.00969667 -0.0112572 0)
(-0.00977986 -0.0107541 0)
(-0.00982785 -0.0103761 0)
(-0.00986379 -0.0101127 0)
(-0.00990509 -0.00995208 0)
(-0.00996579 -0.00988384 0)
(-0.0100593 -0.0098973 0)
(-0.0101993 -0.00997898 0)
(-0.0103981 -0.0101106 0)
(-0.0106632 -0.0102696 0)
(-0.0109951 -0.0104319 0)
(-0.0113856 -0.0105769 0)
(-0.0118203 -0.0106909 0)
(-0.0122825 -0.0107675 0)
(-0.0127562 -0.010806 0)
(-0.0132276 -0.0108088 0)
(-0.0136846 -0.0107801 0)
(-0.014117 -0.0107264 0)
(-0.0145166 -0.0106565 0)
(-0.0148792 -0.0105819 0)
(-0.0152053 -0.0105145 0)
(-0.0155003 -0.0104648 0)
(-0.015773 -0.0104399 0)
(-0.0160333 -0.0104434 0)
(-0.0162905 -0.0104751 0)
(-0.0165522 -0.0105324 0)
(-0.0168237 -0.0106109 0)
(-0.0171078 -0.0107053 0)
(-0.0174044 -0.0108107 0)
(-0.0177117 -0.0109231 0)
(-0.0180265 -0.0110404 0)
(-0.0183453 -0.011162 0)
(-0.0186646 -0.0112891 0)
(-0.0189821 -0.0114243 0)
(-0.0192966 -0.0115714 0)
(-0.0196085 -0.0117353 0)
(-0.0199201 -0.0119209 0)
(-0.0202356 -0.0121328 0)
(-0.0205608 -0.0123745 0)
(-0.0209028 -0.0126478 0)
(-0.0212685 -0.0129524 0)
(-0.0216632 -0.0132867 0)
(-0.0220909 -0.0136506 0)
(-0.0225583 -0.0140476 0)
(-0.0230798 -0.0144827 0)
(-0.0236806 -0.0149564 0)
(-0.0243922 -0.0154553 0)
(-0.0252412 -0.0159464 0)
(-0.0262366 -0.0163797 0)
(-0.0273609 -0.0166988 0)
(-0.0285715 -0.016856 0)
(-0.0298088 -0.0168233 0)
(-0.0310075 -0.0165972 0)
(-0.0321071 -0.0161979 0)
(-0.0330598 -0.0156666 0)
(-2.98977e-05 0.00736563 0)
(-0.000885201 0.0063606 0)
(-0.00152474 0.00245519 0)
(-0.00156041 0.00107998 0)
(-0.00109682 0.00154728 0)
(-0.000185267 0.00255625 0)
(0.00101929 0.00307995 0)
(0.0022225 0.0021685 0)
(0.00307186 -0.000724096 0)
(0.00318889 -0.00533884 0)
(0.00234838 -0.0106645 0)
(0.000527816 -0.015089 0)
(-0.00171685 -0.0172057 0)
(-0.00370656 -0.0172655 0)
(-0.00529258 -0.0162718 0)
(-0.0064559 -0.0150516 0)
(-0.00730343 -0.0139676 0)
(-0.00793825 -0.0130612 0)
(-0.00842547 -0.012289 0)
(-0.00879917 -0.0116268 0)
(-0.00908176 -0.0110712 0)
(-0.00929573 -0.0106218 0)
(-0.00946415 -0.0102745 0)
(-0.00960776 -0.010022 0)
(-0.00974393 -0.00985593 0)
(-0.00988754 -0.00976743 0)
(-0.0100521 -0.0097468 0)
(-0.0102497 -0.00978225 0)
(-0.0104899 -0.00985927 0)
(-0.0107779 -0.00996111 0)
(-0.0111132 -0.0100707 0)
(-0.0114896 -0.0101732 0)
(-0.0118969 -0.010258 0)
(-0.0123237 -0.0103192 0)
(-0.0127585 -0.0103547 0)
(-0.0131917 -0.0103652 0)
(-0.0136146 -0.0103533 0)
(-0.0140202 -0.0103236 0)
(-0.0144031 -0.0102826 0)
(-0.0147603 -0.0102382 0)
(-0.0150922 -0.0101986 0)
(-0.0154021 -0.0101711 0)
(-0.0156952 -0.0101613 0)
(-0.0159779 -0.010172 0)
(-0.0162567 -0.0102041 0)
(-0.0165367 -0.0102564 0)
(-0.0168222 -0.0103263 0)
(-0.0171153 -0.0104108 0)
(-0.0174167 -0.0105066 0)
(-0.0177258 -0.0106112 0)
(-0.018041 -0.0107231 0)
(-0.0183605 -0.0108418 0)
(-0.0186825 -0.010968 0)
(-0.0190059 -0.0111035 0)
(-0.0193303 -0.0112509 0)
(-0.0196566 -0.0114135 0)
(-0.0199871 -0.0115946 0)
(-0.0203253 -0.0117974 0)
(-0.0206759 -0.0120243 0)
(-0.0210445 -0.0122767 0)
(-0.0214369 -0.0125546 0)
(-0.0218582 -0.0128574 0)
(-0.022314 -0.0131848 0)
(-0.0228112 -0.013537 0)
(-0.023361 -0.0139136 0)
(-0.0239794 -0.0143092 0)
(-0.0246841 -0.0147091 0)
(-0.0254889 -0.0150874 0)
(-0.0263958 -0.015409 0)
(-0.0273902 -0.015637 0)
(-0.0284414 -0.015741 0)
(-0.0295078 -0.0157037 0)
(-0.0305438 -0.0155247 0)
(-0.0315068 -0.0152199 0)
(-0.0323633 -0.0148192 0)
(3.35049e-05 0.00768792 0)
(-0.000497884 0.00696435 0)
(-0.000880822 0.00266282 0)
(-0.000739208 0.000750864 0)
(-0.000151342 0.000723899 0)
(0.000879056 0.00131201 0)
(0.00225454 0.00162552 0)
(0.00369527 0.000910521 0)
(0.00475997 -0.00132243 0)
(0.00502455 -0.00498125 0)
(0.00423832 -0.00929219 0)
(0.00242251 -0.0129798 0)
(0.000108962 -0.0149789 0)
(-0.00205505 -0.0153439 0)
(-0.00383519 -0.0147695 0)
(-0.00518776 -0.013928 0)
(-0.0062047 -0.013125 0)
(-0.00698817 -0.0124147 0)
(-0.00760579 -0.0117849 0)
(-0.00809816 -0.0112322 0)
(-0.00849333 -0.0107605 0)
(-0.00881525 -0.0103715 0)
(-0.0090856 -0.0100635 0)
(-0.0093233 -0.00983211 0)
(-0.00954444 -0.00967156 0)
(-0.00976277 -0.00957497 0)
(-0.00999024 -0.0095343 0)
(-0.010237 -0.00954002 0)
(-0.0105106 -0.0095809 0)
(-0.0108154 -0.00964455 0)
(-0.0111516 -0.00971852 0)
(-0.0115159 -0.00979181 0)
(-0.011902 -0.00985595 0)
(-0.0123026 -0.00990554 0)
(-0.01271 -0.00993797 0)
(-0.0131171 -0.00995296 0)
(-0.0135177 -0.0099521 0)
(-0.0139066 -0.00993865 0)
(-0.0142799 -0.00991724 0)
(-0.0146354 -0.00989348 0)
(-0.0149731 -0.00987327 0)
(-0.0152947 -0.00986194 0)
(-0.0156038 -0.00986364 0)
(-0.0159045 -0.00988092 0)
(-0.016201 -0.00991479 0)
(-0.0164974 -0.00996487 0)
(-0.0167966 -0.0100298 0)
(-0.0171007 -0.0101077 0)
(-0.0174107 -0.0101966 0)
(-0.0177266 -0.0102948 0)
(-0.018048 -0.0104014 0)
(-0.018374 -0.010516 0)
(-0.0187039 -0.0106392 0)
(-0.0190373 -0.0107721 0)
(-0.0193744 -0.0109167 0)
(-0.0197162 -0.0110751 0)
(-0.0200647 -0.0112498 0)
(-0.0204228 -0.0114426 0)
(-0.0207944 -0.0116552 0)
(-0.021184 -0.0118882 0)
(-0.0215964 -0.0121413 0)
(-0.0220368 -0.0124134 0)
(-0.0225105 -0.0127033 0)
(-0.0230239 -0.0130091 0)
(-0.0235857 -0.0133277 0)
(-0.0242059 -0.0136522 0)
(-0.0248944 -0.0139701 0)
(-0.0256573 -0.0142623 0)
(-0.0264925 -0.0145048 0)
(-0.0273875 -0.0146729 0)
(-0.0283199 -0.0147465 0)
(-0.0292603 -0.0147146 0)
(-0.0301767 -0.0145775 0)
(-0.0310393 -0.0143469 0)
(-0.0318247 -0.0140444 0)
(7.72811e-05 0.00781995 0)
(-0.000199455 0.00730962 0)
(-0.000400602 0.00270159 0)
(-0.000181367 0.000347852 0)
(0.000390614 -8.69514e-05 0)
(0.00131654 0.000121156 0)
(0.00253449 0.000201826 0)
(0.003858 -0.000397068 0)
(0.00491026 -0.00206469 0)
(0.00527035 -0.00480616 0)
(0.00467078 -0.00809317 0)
(0.00311677 -0.0110212 0)
(0.00101854 -0.0127955 0)
(-0.00106957 -0.0133584 0)
(-0.0028446 -0.0131625 0)
(-0.00424721 -0.0126869 0)
(-0.00533998 -0.0121652 0)
(-0.00620874 -0.0116573 0)
(-0.00691255 -0.0111769 0)
(-0.00748966 -0.0107384 0)
(-0.00796823 -0.0103541 0)
(-0.00837172 -0.0100296 0)
(-0.00872032 -0.00976638 0)
(-0.00903134 -0.009563 0)
(-0.00931949 -0.00941621 0)
(-0.00959726 -0.00932122 0)
(-0.00987523 -0.00927193 0)
(-0.0101621 -0.00926089 0)
(-0.0104643 -0.00927955 0)
(-0.0107858 -0.00931859 0)
(-0.0111279 -0.00936873 0)
(-0.011489 -0.00942161 0)
(-0.0118656 -0.00947055 0)
(-0.0122529 -0.00951091 0)
(-0.0126457 -0.00954016 0)
(-0.013039 -0.00955759 0)
(-0.0134279 -0.0095641 0)
(-0.0138085 -0.00956191 0)
(-0.014178 -0.00955435 0)
(-0.0145345 -0.00954542 0)
(-0.014878 -0.00953937 0)
(-0.0152095 -0.00954013 0)
(-0.0155313 -0.00955086 0)
(-0.0158464 -0.00957371 0)
(-0.0161577 -0.0096097 0)
(-0.0164683 -0.00965895 0)
(-0.0167804 -0.00972079 0)
(-0.0170959 -0.00979416 0)
(-0.0174158 -0.00987784 0)
(-0.0177406 -0.00997081 0)
(-0.0180703 -0.0100724 0)
(-0.0184048 -0.0101824 0)
(-0.018744 -0.0103013 0)
(-0.0190878 -0.0104298 0)
(-0.019437 -0.0105693 0)
(-0.0197926 -0.0107211 0)
(-0.0201565 -0.0108868 0)
(-0.0205313 -0.0110677 0)
(-0.0209202 -0.0112646 0)
(-0.021327 -0.0114778 0)
(-0.0217557 -0.0117067 0)
(-0.0222107 -0.0119501 0)
(-0.0226967 -0.012206 0)
(-0.0232188 -0.0124717 0)
(-0.0237831 -0.0127427 0)
(-0.024396 -0.0130118 0)
(-0.0250628 -0.0132683 0)
(-0.0257854 -0.0134978 0)
(-0.0265604 -0.0136835 0)
(-0.0273774 -0.0138089 0)
(-0.0282197 -0.0138609 0)
(-0.029066 -0.0138329 0)
(-0.0298937 -0.0137258 0)
(-0.0306817 -0.0135484 0)
(-0.0314135 -0.0133164 0)
(0.000105886 0.00780407 0)
(3.36781e-05 0.00746289 0)
(-3.82522e-05 0.00264068 0)
(0.000203183 -4.17334e-05 0)
(0.000695881 -0.000780469 0)
(0.00143406 -0.000845521 0)
(0.00237445 -0.000948674 0)
(0.00340135 -0.00149435 0)
(0.00425047 -0.00275132 0)
(0.00458489 -0.00474703 0)
(0.00415121 -0.00715471 0)
(0.00291703 -0.00937543 0)
(0.00116614 -0.0108596 0)
(-0.000665626 -0.0115149 0)
(-0.00228838 -0.0116091 0)
(-0.00362835 -0.0114391 0)
(-0.00471784 -0.011164 0)
(-0.00561558 -0.0108417 0)
(-0.00636442 -0.0105035 0)
(-0.00699469 -0.0101762 0)
(-0.00753078 -0.00987833 0)
(-0.00799351 -0.00961941 0)
(-0.00840078 -0.0094038 0)
(-0.008768 -0.00923279 0)
(-0.00910837 -0.00910543 0)
(-0.00943313 -0.00901892 0)
(-0.00975173 -0.00896904 0)
(-0.0100718 -0.00895031 0)
(-0.0103993 -0.00895629 0)
(-0.0107378 -0.00898001 0)
(-0.0110891 -0.00901451 0)
(-0.0114528 -0.00905344 0)
(-0.011827 -0.00909159 0)
(-0.0122087 -0.00912516 0)
(-0.0125943 -0.0091519 0)
(-0.0129801 -0.00917097 0)
(-0.0133626 -0.00918279 0)
(-0.013739 -0.00918887 0)
(-0.0141071 -0.00919151 0)
(-0.0144655 -0.00919361 0)
(-0.0148141 -0.00919822 0)
(-0.0151536 -0.00920825 0)
(-0.0154857 -0.00922612 0)
(-0.0158122 -0.00925358 0)
(-0.0161357 -0.00929164 0)
(-0.0164581 -0.00934063 0)
(-0.0167816 -0.00940035 0)
(-0.0171075 -0.00947025 0)
(-0.0174371 -0.00954964 0)
(-0.0177708 -0.00963792 0)
(-0.0181091 -0.00973469 0)
(-0.0184523 -0.00983988 0)
(-0.0188006 -0.00995374 0)
(-0.0191545 -0.0100769 0)
(-0.0195147 -0.0102101 0)
(-0.0198824 -0.0103543 0)
(-0.0202593 -0.0105104 0)
(-0.0206477 -0.0106791 0)
(-0.0210503 -0.0108607 0)
(-0.0214703 -0.0110549 0)
(-0.021911 -0.0112609 0)
(-0.022376 -0.0114771 0)
(-0.0228693 -0.0117015 0)
(-0.0233947 -0.0119307 0)
(-0.0239565 -0.0121602 0)
(-0.0245584 -0.0123837 0)
(-0.0252029 -0.0125922 0)
(-0.0258898 -0.0127749 0)
(-0.0266153 -0.0129199 0)
(-0.0273707 -0.0130159 0)
(-0.0281435 -0.0130544 0)
(-0.0289182 -0.013031 0)
(-0.0296787 -0.0129471 0)
(-0.0304099 -0.0128093 0)
(-0.0310999 -0.0126289 0)
(0.000122308 0.00767306 0)
(0.00021386 0.00746598 0)
(0.000235213 0.00253188 0)
(0.000457396 -0.000381121 0)
(0.00084416 -0.00132811 0)
(0.00138644 -0.00156434 0)
(0.00204682 -0.00177928 0)
(0.00275143 -0.00228501 0)
(0.00333047 -0.00324945 0)
(0.003547 -0.00469343 0)
(0.003198 -0.00642072 0)
(0.00223561 -0.00805744 0)
(0.000844265 -0.00925446 0)
(-0.000664376 -0.0099261 0)
(-0.0020619 -0.0102101 0)
(-0.00327451 -0.0102626 0)
(-0.00430827 -0.0101794 0)
(-0.00519336 -0.0100114 0)
(-0.00595436 -0.00979801 0)
(-0.00661157 -0.00957207 0)
(-0.00718361 -0.0093552 0)
(-0.00768734 -0.00915953 0)
(-0.00813767 -0.00899173 0)
(-0.0085477 -0.00885519 0)
(-0.00892888 -0.00875081 0)
(-0.0092911 -0.00867753 0)
(-0.0096427 -0.00863279 0)
(-0.00999051 -0.00861283 0)
(-0.0103398 -0.008613 0)
(-0.010694 -0.00862818 0)
(-0.0110552 -0.00865321 0)
(-0.0114237 -0.00868329 0)
(-0.0117986 -0.00871442 0)
(-0.0121782 -0.00874358 0)
(-0.0125599 -0.00876884 0)
(-0.0129414 -0.00878938 0)
(-0.0133202 -0.00880533 0)
(-0.0136942 -0.00881766 0)
(-0.0140618 -0.00882799 0)
(-0.0144222 -0.00883838 0)
(-0.0147751 -0.00885105 0)
(-0.0151211 -0.00886818 0)
(-0.0154613 -0.00889162 0)
(-0.0157973 -0.00892281 0)
(-0.0161306 -0.00896267 0)
(-0.0164632 -0.00901165 0)
(-0.0167964 -0.00906981 0)
(-0.0171317 -0.00913694 0)
(-0.0174701 -0.00921269 0)
(-0.0178123 -0.00929671 0)
(-0.0181589 -0.00938881 0)
(-0.0185104 -0.00948893 0)
(-0.0188673 -0.00959727 0)
(-0.0192302 -0.0097142 0)
(-0.0196002 -0.00984023 0)
(-0.0199783 -0.0099759 0)
(-0.0203661 -0.0101216 0)
(-0.0207656 -0.0102777 0)
(-0.0211791 -0.0104441 0)
(-0.0216091 -0.0106202 0)
(-0.0220585 -0.010805 0)
(-0.0225302 -0.0109967 0)
(-0.0230271 -0.0111932 0)
(-0.0235522 -0.0113911 0)
(-0.0241081 -0.0115861 0)
(-0.0246972 -0.0117726 0)
(-0.0253201 -0.0119435 0)
(-0.0259757 -0.0120907 0)
(-0.0266601 -0.0122056 0)
(-0.0273664 -0.0122804 0)
(-0.028085 -0.0123094 0)
(-0.0288046 -0.01229 0)
(-0.0295132 -0.0122235 0)
(-0.0302002 -0.0121148 0)
(-0.0308569 -0.0119723 0)
(0.000131254 0.00745958 0)
(0.000347883 0.00735944 0)
(0.000433759 0.00240032 0)
(0.000616742 -0.000650607 0)
(0.000891925 -0.0017226 0)
(0.00125626 -0.00205358 0)
(0.00167749 -0.00231932 0)
(0.00210422 -0.00277877 0)
(0.00242937 -0.00353456 0)
(0.00249957 -0.0045903 0)
(0.00217349 -0.00582673 0)
(0.0014099 -0.00702325 0)
(0.000325075 -0.00797559 0)
(-0.000878619 -0.00861784 0)
(-0.00204627 -0.0090029 0)
(-0.00311215 -0.00919554 0)
(-0.00406535 -0.00924641 0)
(-0.00491277 -0.00919655 0)
(-0.00566323 -0.00908578 0)
(-0.0063276 -0.00894715 0)
(-0.00691841 -0.00880261 0)
(-0.00744818 -0.00866531 0)
(-0.00792855 -0.00854332 0)
(-0.00837015 -0.00844139 0)
(-0.00878254 -0.00836178 0)
(-0.00917412 -0.00830481 0)
(-0.00955213 -0.00826928 0)
(-0.00992256 -0.00825284 0)
(-0.0102901 -0.00825234 0)
(-0.0106581 -0.00826413 0)
(-0.0110286 -0.00828444 0)
(-0.0114024 -0.00830973 0)
(-0.0117794 -0.00833696 0)
(-0.0121586 -0.00836378 0)
(-0.0125386 -0.00838862 0)
(-0.0129177 -0.00841073 0)
(-0.0132944 -0.00843007 0)
(-0.0136672 -0.00844729 0)
(-0.0140351 -0.00846351 0)
(-0.0143973 -0.00848021 0)
(-0.0147539 -0.00849902 0)
(-0.0151053 -0.00852157 0)
(-0.0154522 -0.00854931 0)
(-0.0157958 -0.0085834 0)
(-0.0161375 -0.00862467 0)
(-0.0164786 -0.00867361 0)
(-0.0168204 -0.00873043 0)
(-0.017164 -0.00879511 0)
(-0.0175105 -0.00886753 0)
(-0.0178605 -0.00894753 0)
(-0.0182149 -0.00903502 0)
(-0.0185741 -0.00912998 0)
(-0.018939 -0.00923253 0)
(-0.0193102 -0.00934289 0)
(-0.0196887 -0.00946133 0)
(-0.0200757 -0.00958811 0)
(-0.0204725 -0.00972337 0)
(-0.0208809 -0.00986704 0)
(-0.0213028 -0.0100188 0)
(-0.0217403 -0.0101778 0)
(-0.0221956 -0.010343 0)
(-0.0226711 -0.0105126 0)
(-0.023169 -0.0106843 0)
(-0.0236914 -0.0108551 0)
(-0.0242399 -0.0110211 0)
(-0.0248156 -0.0111776 0)
(-0.0254185 -0.0113189 0)
(-0.0260469 -0.0114388 0)
(-0.0266973 -0.0115312 0)
(-0.0273639 -0.0115905 0)
(-0.0280396 -0.0116129 0)
(-0.0287157 -0.0115968 0)
(-0.0293837 -0.0115434 0)
(-0.0300355 -0.0114563 0)
(-0.0306651 -0.0113417 0)
(0.00013539 0.00718909 0)
(0.000442753 0.00717115 0)
(0.000571921 0.00226354 0)
(0.000708455 -0.000842699 0)
(0.000878304 -0.0019775 0)
(0.00109155 -0.00235199 0)
(0.00132323 -0.00262759 0)
(0.00153502 -0.00303227 0)
(0.00165791 -0.0036318 0)
(0.00159752 -0.00441847 0)
(0.0012665 -0.00531783 0)
(0.000639129 -0.00620537 0)
(-0.000214086 -0.00696705 0)
(-0.00117392 -0.00755708 0)
(-0.00214545 -0.00797775 0)
(-0.00307577 -0.00824432 0)
(-0.00394442 -0.00837947 0)
(-0.00474312 -0.00841425 0)
(-0.0054697 -0.00838363 0)
(-0.00612776 -0.00831708 0)
(-0.00672452 -0.00823469 0)
(-0.00726845 -0.00814939 0)
(-0.00776809 -0.00806969 0)
(-0.00823167 -0.00800107 0)
(-0.00866689 -0.00794664 0)
(-0.0090807 -0.00790768 0)
(-0.00947922 -0.00788405 0)
(-0.0098676 -0.00787454 0)
(-0.01025 -0.00787714 0)
(-0.0106295 -0.00788938 0)
(-0.0110083 -0.0079086 0)
(-0.0113873 -0.00793224 0)
(-0.011767 -0.00795806 0)
(-0.012147 -0.00798426 0)
(-0.0125266 -0.00800962 0)
(-0.0129048 -0.00803349 0)
(-0.0132806 -0.00805581 0)
(-0.0136531 -0.00807697 0)
(-0.0140216 -0.00809778 0)
(-0.0143858 -0.00811931 0)
(-0.0147457 -0.00814279 0)
(-0.0151015 -0.00816946 0)
(-0.015454 -0.00820045 0)
(-0.0158041 -0.00823672 0)
(-0.0161529 -0.00827898 0)
(-0.0165013 -0.00832773 0)
(-0.0168505 -0.00838325 0)
(-0.0172015 -0.00844564 0)
(-0.0175553 -0.00851491 0)
(-0.0179125 -0.00859102 0)
(-0.018274 -0.00867393 0)
(-0.0186404 -0.00876365 0)
(-0.0190125 -0.00886025 0)
(-0.019391 -0.00896381 0)
(-0.019777 -0.00907445 0)
(-0.0201714 -0.00919221 0)
(-0.0205756 -0.00931703 0)
(-0.0209911 -0.00944864 0)
(-0.0214194 -0.00958649 0)
(-0.0218622 -0.00972973 0)
(-0.0223214 -0.00987709 0)
(-0.0227987 -0.0100269 0)
(-0.0232957 -0.010177 0)
(-0.0238138 -0.0103245 0)
(-0.024354 -0.0104663 0)
(-0.0249168 -0.0105982 0)
(-0.0255015 -0.0107159 0)
(-0.0261064 -0.0108146 0)
(-0.0267282 -0.0108897 0)
(-0.0273626 -0.0109373 0)
(-0.0280036 -0.0109549 0)
(-0.0286451 -0.0109414 0)
(-0.0292805 -0.0108978 0)
(-0.0299038 -0.0108268 0)
(-0.0305107 -0.0107329 0)
(0.000135298 0.00688272 0)
(0.000505143 0.00692425 0)
(0.000662223 0.00213239 0)
(0.000751983 -0.00096022 0)
(0.000829093 -0.00211264 0)
(0.000919124 -0.00249898 0)
(0.00100626 -0.00276152 0)
(0.00106143 -0.00310821 0)
(0.00103854 -0.0035866 0)
(0.000880743 -0.00418615 0)
(0.000538896 -0.0048599 0)
(1.75679e-06 -0.00553807 0)
(-0.000691594 -0.00615813 0)
(-0.00147766 -0.00668618 0)
(-0.00229968 -0.00710152 0)
(-0.00311858 -0.00739666 0)
(-0.00391007 -0.00757936 0)
(-0.00465816 -0.0076717 0)
(-0.00535457 -0.0077014 0)
(-0.00599807 -0.00769245 0)
(-0.00659184 -0.00766195 0)
(-0.00714097 -0.00762173 0)
(-0.00765132 -0.00758002 0)
(-0.008129 -0.00754246 0)
(-0.00857996 -0.00751258 0)
(-0.00900982 -0.00749226 0)
(-0.00942364 -0.00748212 0)
(-0.00982579 -0.00748178 0)
(-0.0102199 -0.00749013 0)
(-0.0106088 -0.0075056 0)
(-0.0109945 -0.00752642 0)
(-0.0113782 -0.0075508 0)
(-0.0117608 -0.00757711 0)
(-0.0121421 -0.00760407 0)
(-0.0125221 -0.00763074 0)
(-0.0129002 -0.00765664 0)
(-0.0132759 -0.00768167 0)
(-0.0136487 -0.00770614 0)
(-0.0140182 -0.00773062 0)
(-0.0143843 -0.00775591 0)
(-0.0147471 -0.00778297 0)
(-0.0151068 -0.00781273 0)
(-0.0154641 -0.00784612 0)
(-0.0158196 -0.00788391 0)
(-0.0161743 -0.00792674 0)
(-0.016529 -0.00797507 0)
(-0.0168847 -0.00802921 0)
(-0.0172423 -0.00808933 0)
(-0.0176025 -0.00815552 0)
(-0.0179662 -0.0082278 0)
(-0.0183342 -0.00830618 0)
(-0.018707 -0.00839066 0)
(-0.0190856 -0.00848126 0)
(-0.0194705 -0.00857798 0)
(-0.0198629 -0.00868082 0)
(-0.0202636 -0.00878969 0)
(-0.0206739 -0.00890435 0)
(-0.0210948 -0.00902442 0)
(-0.0215279 -0.00914924 0)
(-0.0219744 -0.0092779 0)
(-0.0224357 -0.00940913 0)
(-0.0229132 -0.00954133 0)
(-0.0234081 -0.0096725 0)
(-0.0239211 -0.0098002 0)
(-0.0244529 -0.00992158 0)
(-0.0250034 -0.0100334 0)
(-0.0255718 -0.010132 0)
(-0.0261563 -0.0102139 0)
(-0.0267542 -0.0102755 0)
(-0.0273619 -0.0103143 0)
(-0.0279748 -0.0103281 0)
(-0.0285881 -0.0103165 0)
(-0.0291969 -0.0102803 0)
(-0.0297967 -0.0102213 0)
(-0.0303841 -0.010143 0)
(0.000132392 0.00655541 0)
(0.000542578 0.00663967 0)
(0.000715059 0.00201282 0)
(0.000761084 -0.00101142 0)
(0.000760175 -0.00214917 0)
(0.000752319 -0.0025289 0)
(0.000731088 -0.00276825 0)
(0.000675087 -0.00306011 0)
(0.000552755 -0.00344385 0)
(0.000329513 -0.00391161 0)
(-1.99878e-05 -0.00443297 0)
(-0.000500226 -0.00496896 0)
(-0.00109198 -0.00548397 0)
(-0.00176234 -0.00594862 0)
(-0.00247832 -0.00633703 0)
(-0.00321112 -0.00663397 0)
(-0.00393681 -0.00684008 0)
(-0.00463724 -0.00696998 0)
(-0.00530171 -0.00704384 0)
(-0.00592627 -0.00707983 0)
(-0.00651125 -0.00709177 0)
(-0.00705918 -0.00708984 0)
(-0.00757375 -0.00708156 0)
(-0.00805923 -0.00707229 0)
(-0.00852013 -0.00706564 0)
(-0.00896084 -0.00706381 0)
(-0.00938545 -0.00706787 0)
(-0.00979763 -0.00707805 0)
(-0.0102005 -0.00709391 0)
(-0.0105966 -0.00711457 0)
(-0.0109878 -0.00713891 0)
(-0.0113756 -0.00716576 0)
(-0.0117607 -0.00719402 0)
(-0.0121435 -0.00722279 0)
(-0.0125242 -0.00725142 0)
(-0.0129027 -0.00727956 0)
(-0.0132787 -0.00730718 0)
(-0.0136521 -0.00733449 0)
(-0.0140227 -0.00736196 0)
(-0.0143906 -0.00739022 0)
(-0.0147559 -0.00742 0)
(-0.0151189 -0.00745206 0)
(-0.0154801 -0.00748714 0)
(-0.0158403 -0.0075259 0)
(-0.0162 -0.00756889 0)
(-0.0165602 -0.00761655 0)
(-0.0169215 -0.00766918 0)
(-0.0172848 -0.00772699 0)
(-0.0176508 -0.0077901 0)
(-0.0180204 -0.00785857 0)
(-0.018394 -0.00793244 0)
(-0.0187726 -0.0080117 0)
(-0.0191568 -0.00809633 0)
(-0.0195474 -0.00818628 0)
(-0.0199452 -0.00828145 0)
(-0.0203511 -0.00838166 0)
(-0.0207662 -0.00848658 0)
(-0.0211914 -0.00859574 0)
(-0.0216279 -0.00870845 0)
(-0.0220767 -0.00882376 0)
(-0.022539 -0.00894046 0)
(-0.0230157 -0.00905707 0)
(-0.0235076 -0.00917178 0)
(-0.0240152 -0.00928246 0)
(-0.0245387 -0.0093867 0)
(-0.0250778 -0.00948181 0)
(-0.0256316 -0.00956496 0)
(-0.0261985 -0.00963335 0)
(-0.0267761 -0.0096844 0)
(-0.0273615 -0.00971606 0)
(-0.0279512 -0.00972699 0)
(-0.0285413 -0.00971677 0)
(-0.029128 -0.00968597 0)
(-0.029708 -0.00963613 0)
(-0.0302787 -0.00956959 0)
(0.000128634 0.00621744 0)
(0.000562217 0.00633372 0)
(0.00073971 0.0019086 0)
(0.000746443 -0.00100598 0)
(0.000681402 -0.00210647 0)
(0.000596817 -0.00246925 0)
(0.00049433 -0.0026827 0)
(0.000359108 -0.00292675 0)
(0.000169149 -0.00323708 0)
(-9.61221e-05 -0.00360932 0)
(-0.000450894 -0.00402478 0)
(-0.000898122 -0.00446128 0)
(-0.00142826 -0.0048946 0)
(-0.00202477 -0.00529988 0)
(-0.00266776 -0.00565306 0)
(-0.00333545 -0.00593842 0)
(-0.00400671 -0.00615347 0)
(-0.0046645 -0.00630695 0)
(-0.00529794 -0.00641241 0)
(-0.00590181 -0.00648286 0)
(-0.00647459 -0.00652897 0)
(-0.00701698 -0.00655913 0)
(-0.00753098 -0.00657983 0)
(-0.00801945 -0.00659591 0)
(-0.00848562 -0.00661079 0)
(-0.00893287 -0.00662675 0)
(-0.00936446 -0.00664512 0)
(-0.00978341 -0.00666651 0)
(-0.0101924 -0.00669094 0)
(-0.0105936 -0.00671806 0)
(-0.010989 -0.00674725 0)
(-0.0113797 -0.0067778 0)
(-0.0117668 -0.00680905 0)
(-0.0121509 -0.0068404 0)
(-0.0125323 -0.00687146 0)
(-0.0129112 -0.00690203 0)
(-0.0132876 -0.00693212 0)
(-0.0136617 -0.00696195 0)
(-0.0140334 -0.0069919 0)
(-0.0144028 -0.0070225 0)
(-0.0147703 -0.00705433 0)
(-0.0151361 -0.00708804 0)
(-0.0155008 -0.00712424 0)
(-0.0158648 -0.00716348 0)
(-0.0162289 -0.00720626 0)
(-0.0165936 -0.00725298 0)
(-0.0169598 -0.00730393 0)
(-0.0173281 -0.00735933 0)
(-0.0176992 -0.00741933 0)
(-0.0180738 -0.00748401 0)
(-0.0184526 -0.0075534 0)
(-0.0188362 -0.00762749 0)
(-0.0192253 -0.00770625 0)
(-0.0196207 -0.00778956 0)
(-0.0200231 -0.00787728 0)
(-0.0204333 -0.00796916 0)
(-0.0208522 -0.00806484 0)
(-0.0212806 -0.00816378 0)
(-0.0217194 -0.00826528 0)
(-0.0221696 -0.00836843 0)
(-0.0226319 -0.00847209 0)
(-0.023107 -0.0085749 0)
(-0.0235954 -0.00867527 0)
(-0.0240974 -0.00877134 0)
(-0.024613 -0.0088611 0)
(-0.0251417 -0.00894232 0)
(-0.0256826 -0.00901274 0)
(-0.0262343 -0.00907018 0)
(-0.0267946 -0.00911267 0)
(-0.0273613 -0.00913866 0)
(-0.0279315 -0.00914716 0)
(-0.0285021 -0.00913787 0)
(-0.0290703 -0.00911121 0)
(-0.0296334 -0.00906829 0)
(-0.0301893 -0.0090108 0)
(0.000125262 0.00587568 0)
(0.000569825 0.00601881 0)
(0.000744142 0.00182281 0)
(0.000716079 -0.000952832 0)
(0.000599017 -0.00200085 0)
(0.000454553 -0.00234101 0)
(0.000290452 -0.00252921 0)
(9.71466e-05 -0.00273322 0)
(-0.000140036 -0.00298651 0)
(-0.000434575 -0.00328788 0)
(-0.000795435 -0.00362711 0)
(-0.00122492 -0.00398938 0)
(-0.00171902 -0.00435697 0)
(-0.00226892 -0.0047095 0)
(-0.00286146 -0.0050269 0)
(-0.0034799 -0.00529546 0)
(-0.00410685 -0.00551132 0)
(-0.00472773 -0.00567889 0)
(-0.00533258 -0.00580652 0)
(-0.00591577 -0.00590309 0)
(-0.0064747 -0.00597648 0)
(-0.0070088 -0.00603331 0)
(-0.00751889 -0.00607892 0)
(-0.0080067 -0.00611747 0)
(-0.00847449 -0.00615203 0)
(-0.00892477 -0.00618478 0)
(-0.00936013 -0.00621713 0)
(-0.00978303 -0.00624992 0)
(-0.0101957 -0.00628348 0)
(-0.0106002 -0.00631782 0)
(-0.0109981 -0.00635269 0)
(-0.0113908 -0.00638778 0)
(-0.0117791 -0.0064227 0)
(-0.012164 -0.00645717 0)
(-0.0125459 -0.00649098 0)
(-0.0129251 -0.00652407 0)
(-0.0133018 -0.00655653 0)
(-0.0136764 -0.00658859 0)
(-0.014049 -0.00662061 0)
(-0.0144197 -0.00665304 0)
(-0.014789 -0.0066864 0)
(-0.0151572 -0.00672122 0)
(-0.0155246 -0.00675804 0)
(-0.0158919 -0.00679734 0)
(-0.0162597 -0.00683956 0)
(-0.0166284 -0.00688508 0)
(-0.0169987 -0.00693417 0)
(-0.0173713 -0.00698706 0)
(-0.0177468 -0.0070439 0)
(-0.0181259 -0.00710477 0)
(-0.0185091 -0.00716972 0)
(-0.018897 -0.00723872 0)
(-0.0192904 -0.00731172 0)
(-0.0196899 -0.00738859 0)
(-0.0200961 -0.00746914 0)
(-0.0205097 -0.00755308 0)
(-0.0209316 -0.00764003 0)
(-0.0213624 -0.00772945 0)
(-0.0218028 -0.00782064 0)
(-0.0222535 -0.00791274 0)
(-0.0227152 -0.00800472 0)
(-0.0231882 -0.00809533 0)
(-0.0236729 -0.00818318 0)
(-0.0241694 -0.00826668 0)
(-0.0246776 -0.00834411 0)
(-0.0251968 -0.00841368 0)
(-0.0257263 -0.00847354 0)
(-0.0262646 -0.00852198 0)
(-0.0268102 -0.00855747 0)
(-0.027361 -0.00857881 0)
(-0.0279146 -0.00858526 0)
(-0.0284688 -0.00857658 0)
(-0.0290212 -0.00855306 0)
(-0.0295696 -0.00851549 0)
(-0.0301125 -0.0084651 0)
(0.000122742 0.00553433 0)
(0.000569778 0.00570398 0)
(0.000734924 0.00175702 0)
(0.000676198 -0.00085985 0)
(0.000517351 -0.00184552 0)
(0.000326173 -0.00215992 0)
(0.000114753 -0.00232445 0)
(-0.000122446 -0.00249501 0)
(-0.000395329 -0.00270343 0)
(-0.000713031 -0.00295133 0)
(-0.00108173 -0.00323249 0)
(-0.00150375 -0.00353677 0)
(-0.00197756 -0.00385069 0)
(-0.00249782 -0.00415799 0)
(-0.00305501 -0.00444273 0)
(-0.00363624 -0.00469354 0)
(-0.00422775 -0.00490595 0)
(-0.00481764 -0.00508133 0)
(-0.00539719 -0.00522434 0)
(-0.00596086 -0.00534064 0)
(-0.00650549 -0.00543579 0)
(-0.00702978 -0.00551476 0)
(-0.00753371 -0.00558174 0)
(-0.0080182 -0.00564012 0)
(-0.00848477 -0.00569252 0)
(-0.00893527 -0.00574091 0)
(-0.00937172 -0.00578667 0)
(-0.00979614 -0.00583072 0)
(-0.0102104 -0.00587358 0)
(-0.0106164 -0.00591551 0)
(-0.0110154 -0.00595655 0)
(-0.0114088 -0.00599663 0)
(-0.0117977 -0.00603566 0)
(-0.0121827 -0.00607355 0)
(-0.0125646 -0.00611027 0)
(-0.0129437 -0.0061459 0)
(-0.0133206 -0.0061806 0)
(-0.0136954 -0.00621464 0)
(-0.0140686 -0.00624837 0)
(-0.0144403 -0.00628221 0)
(-0.014811 -0.00631662 0)
(-0.0151811 -0.00635209 0)
(-0.0155508 -0.0063891 0)
(-0.0159208 -0.00642808 0)
(-0.0162916 -0.00646943 0)
(-0.0166636 -0.00651349 0)
(-0.0170375 -0.00656055 0)
(-0.0174138 -0.00661081 0)
(-0.0177931 -0.00666442 0)
(-0.018176 -0.00672148 0)
(-0.018563 -0.00678202 0)
(-0.0189547 -0.00684602 0)
(-0.0193517 -0.00691341 0)
(-0.0197546 -0.00698405 0)
(-0.0201639 -0.00705773 0)
(-0.0205804 -0.00713416 0)
(-0.0210045 -0.00721292 0)
(-0.021437 -0.00729349 0)
(-0.0218783 -0.00737523 0)
(-0.022329 -0.00745732 0)
(-0.0227896 -0.00753882 0)
(-0.0232602 -0.00761863 0)
(-0.0237412 -0.00769552 0)
(-0.0242325 -0.00776815 0)
(-0.0247337 -0.00783507 0)
(-0.0252444 -0.00789478 0)
(-0.0257637 -0.0079458 0)
(-0.0262905 -0.00798676 0)
(-0.0268233 -0.00801645 0)
(-0.0273604 -0.00803394 0)
(-0.0279 -0.00803864 0)
(-0.0284401 -0.00803034 0)
(-0.0289788 -0.00800924 0)
(-0.0295144 -0.00797589 0)
(-0.0300456 -0.00793118 0)
(0.000121155 0.00519563 0)
(0.00056528 0.00539524 0)
(0.00071756 0.00171143 0)
(0.000632293 -0.000733859 0)
(0.000440213 -0.00165105 0)
(0.000212575 -0.00193782 0)
(-3.56604e-05 -0.00207998 0)
(-0.000307244 -0.00222205 0)
(-0.000608951 -0.00239434 0)
(-0.000946976 -0.00260001 0)
(-0.00132571 -0.00283534 0)
(-0.00174715 -0.00309316 0)
(-0.00221063 -0.00336313 0)
(-0.00271232 -0.00363261 0)
(-0.00324497 -0.00388909 0)
(-0.00379864 -0.00412319 0)
(-0.00436263 -0.0043302 0)
(-0.00492732 -0.00450953 0)
(-0.00548526 -0.00466325 0)
(-0.00603124 -0.00479466 0)
(-0.00656199 -0.00490738 0)
(-0.0070758 -0.00500489 0)
(-0.00757216 -0.00509029 0)
(-0.00805143 -0.0051662 0)
(-0.00851461 -0.00523476 0)
(-0.00896306 -0.00529762 0)
(-0.00939838 -0.00535607 0)
(-0.00982223 -0.00541102 0)
(-0.0102362 -0.00546309 0)
(-0.010642 -0.0055127 0)
(-0.0110408 -0.00556008 0)
(-0.0114338 -0.00560539 0)
(-0.0118222 -0.00564871 0)
(-0.0122067 -0.00569014 0)
(-0.012588 -0.00572981 0)
(-0.0129667 -0.00576791 0)
(-0.0133432 -0.00580468 0)
(-0.013718 -0.00584042 0)
(-0.0140914 -0.00587551 0)
(-0.0144638 -0.00591037 0)
(-0.0148355 -0.00594543 0)
(-0.0152069 -0.00598114 0)
(-0.0155785 -0.00601794 0)
(-0.0159507 -0.00605625 0)
(-0.016324 -0.00609643 0)
(-0.0166988 -0.0061388 0)
(-0.0170757 -0.00618364 0)
(-0.0174551 -0.00623114 0)
(-0.0178376 -0.00628146 0)
(-0.0182238 -0.0063347 0)
(-0.018614 -0.00639087 0)
(-0.0190089 -0.00644998 0)
(-0.019409 -0.00651192 0)
(-0.0198147 -0.00657657 0)
(-0.0202266 -0.0066437 0)
(-0.0206452 -0.00671301 0)
(-0.0210711 -0.00678411 0)
(-0.0215047 -0.0068565 0)
(-0.0219464 -0.00692957 0)
(-0.0223967 -0.00700259 0)
(-0.0228558 -0.00707469 0)
(-0.023324 -0.00714493 0)
(-0.0238013 -0.00721221 0)
(-0.0242876 -0.0072754 0)
(-0.0247825 -0.00733327 0)
(-0.0252855 -0.00738459 0)
(-0.0257958 -0.00742815 0)
(-0.0263124 -0.00746283 0)
(-0.0268342 -0.00748767 0)
(-0.0273595 -0.00750193 0)
(-0.0278869 -0.00750513 0)
(-0.0284149 -0.00749708 0)
(-0.0289417 -0.00747789 0)
(-0.0294661 -0.00744796 0)
(-0.0299868 -0.00740789 0)
(0.000120466 0.00486055 0)
(0.000558914 0.00509598 0)
(0.000697046 0.00168525 0)
(0.000589739 -0.000580917 0)
(0.000371823 -0.00142596 0)
(0.000115998 -0.00168365 0)
(-0.000161323 -0.00180411 0)
(-0.000460913 -0.00192084 0)
(-0.000787223 -0.00206264 0)
(-0.00114437 -0.00223362 0)
(-0.00153522 -0.00243169 0)
(-0.00196106 -0.0026517 0)
(-0.00242118 -0.00288578 0)
(-0.00291245 -0.00312413 0)
(-0.00342911 -0.0033569 0)
(-0.00396341 -0.00357627 0)
(-0.00450693 -0.00377748 0)
(-0.00505189 -0.00395874 0)
(-0.00559196 -0.00412033 0)
(-0.00612246 -0.00426374 0)
(-0.00664025 -0.00439103 0)
(-0.0071435 -0.00450438 0)
(-0.00763146 -0.00460589 0)
(-0.00810418 -0.00469744 0)
(-0.0085623 -0.00478068 0)
(-0.00900689 -0.00485694 0)
(-0.00943921 -0.00492732 0)
(-0.00986068 -0.00499268 0)
(-0.0102727 -0.00505369 0)
(-0.0106767 -0.00511085 0)
(-0.011074 -0.00516454 0)
(-0.0114656 -0.00521507 0)
(-0.0118525 -0.00526268 0)
(-0.0122357 -0.00530762 0)
(-0.0126158 -0.00535015 0)
(-0.0129935 -0.00539055 0)
(-0.0133693 -0.00542915 0)
(-0.0137435 -0.00546631 0)
(-0.0141168 -0.00550243 0)
(-0.0144894 -0.00553792 0)
(-0.0148617 -0.00557324 0)
(-0.0152341 -0.00560881 0)
(-0.0156071 -0.00564505 0)
(-0.015981 -0.00568236 0)
(-0.0163563 -0.00572108 0)
(-0.0167333 -0.00576154 0)
(-0.0171127 -0.00580398 0)
(-0.0174947 -0.0058486 0)
(-0.01788 -0.00589556 0)
(-0.0182689 -0.00594496 0)
(-0.0186619 -0.00599681 0)
(-0.0190595 -0.00605111 0)
(-0.0194621 -0.00610778 0)
(-0.0198701 -0.00616666 0)
(-0.0202841 -0.00622755 0)
(-0.0207044 -0.00629016 0)
(-0.0211315 -0.00635411 0)
(-0.0215658 -0.00641893 0)
(-0.0220076 -0.00648406 0)
(-0.0224572 -0.00654884 0)
(-0.0229148 -0.00661252 0)
(-0.0233804 -0.00667423 0)
(-0.0238541 -0.00673306 0)
(-0.0243357 -0.00678801 0)
(-0.0248248 -0.00683807 0)
(-0.0253209 -0.0068822 0)
(-0.0258233 -0.0069194 0)
(-0.0263311 -0.00694877 0)
(-0.0268431 -0.00696953 0)
(-0.0273582 -0.00698106 0)
(-0.0278752 -0.00698297 0)
(-0.0283925 -0.00697509 0)
(-0.028909 -0.00695746 0)
(-0.0294233 -0.00693037 0)
(-0.0299347 -0.00689422 0)
(0.00012064 0.00452892 0)
(0.00055307 0.00480705 0)
(0.000678367 0.0016762 0)
(0.000554396 -0.000406962 0)
(0.000317595 -0.00117748 0)
(4.04073e-05 -0.00140437 0)
(-0.000260186 -0.00150272 0)
(-0.000583527 -0.00159549 0)
(-0.000932203 -0.00171015 0)
(-0.0013085 -0.00185139 0)
(-0.00171377 -0.00201828 0)
(-0.00214828 -0.00220715 0)
(-0.00261086 -0.00241196 0)
(-0.00309855 -0.00262505 0)
(-0.00360653 -0.0028385 0)
(-0.00412855 -0.00304566 0)
(-0.00465784 -0.00324185 0)
(-0.00518807 -0.00342447 0)
(-0.00571389 -0.00359255 0)
(-0.00623122 -0.00374617 0)
(-0.00673723 -0.00388611 0)
(-0.0072302 -0.00401344 0)
(-0.00770932 -0.00412937 0)
(-0.00817454 -0.00423512 0)
(-0.00862632 -0.00433183 0)
(-0.00906553 -0.00442052 0)
(-0.00949327 -0.0045021 0)
(-0.00991078 -0.00457733 0)
(-0.0103194 -0.00464689 0)
(-0.0107202 -0.00471133 0)
(-0.0111147 -0.00477113 0)
(-0.0115037 -0.00482671 0)
(-0.0118883 -0.00487845 0)
(-0.0122694 -0.00492673 0)
(-0.0126476 -0.0049719 0)
(-0.0130237 -0.00501436 0)
(-0.0133981 -0.00505451 0)
(-0.0137715 -0.00509275 0)
(-0.0141441 -0.00512953 0)
(-0.0145165 -0.0051653 0)
(-0.014889 -0.00520049 0)
(-0.015262 -0.00523554 0)
(-0.0156359 -0.00527087 0)
(-0.0160111 -0.00530687 0)
(-0.0163879 -0.00534386 0)
(-0.0167668 -0.00538217 0)
(-0.0171481 -0.00542203 0)
(-0.0175324 -0.00546366 0)
(-0.0179199 -0.00550719 0)
(-0.0183111 -0.00555273 0)
(-0.0187064 -0.0056003 0)
(-0.0191062 -0.0056499 0)
(-0.0195109 -0.00570144 0)
(-0.0199209 -0.00575479 0)
(-0.0203365 -0.00580974 0)
(-0.0207581 -0.00586603 0)
(-0.0211861 -0.00592329 0)
(-0.0216208 -0.00598111 0)
(-0.0220624 -0.00603897 0)
(-0.0225111 -0.00609627 0)
(-0.022967 -0.00615236 0)
(-0.0234301 -0.00620647 0)
(-0.0239005 -0.00625782 0)
(-0.0243777 -0.00630556 0)
(-0.0248616 -0.00634883 0)
(-0.0253515 -0.00638675 0)
(-0.0258468 -0.00641851 0)
(-0.0263468 -0.00644336 0)
(-0.0268504 -0.00646065 0)
(-0.0273566 -0.00646987 0)
(-0.0278643 -0.0064707 0)
(-0.0283724 -0.00646296 0)
(-0.0288797 -0.00644666 0)
(-0.0293852 -0.006422 0)
(-0.0298882 -0.00638923 0)
(0.000121629 0.00419944 0)
(0.000550076 0.00452672 0)
(0.000666607 0.00168005 0)
(0.000532512 -0.000218404 0)
(0.000283678 -0.000912251 0)
(-8.85964e-06 -0.00110569 0)
(-0.000328188 -0.00117989 0)
(-0.000672639 -0.0012483 0)
(-0.00104304 -0.00133715 0)
(-0.00143981 -0.00145164 0)
(-0.00186261 -0.00159168 0)
(-0.00231032 -0.00175462 0)
(-0.00278095 -0.0019357 0)
(-0.00327136 -0.00212873 0)
(-0.00377719 -0.00232716 0)
(-0.00429319 -0.00252511 0)
(-0.0048138 -0.00271799 0)
(-0.00533377 -0.0029026 0)
(-0.00584869 -0.00307699 0)
(-0.0063551 -0.00324015 0)
(-0.00685061 -0.00339178 0)
(-0.00733374 -0.00353201 0)
(-0.00780382 -0.00366128 0)
(-0.00826083 -0.0037802 0)
(-0.00870521 -0.00388946 0)
(-0.00913778 -0.00398979 0)
(-0.00955955 -0.00408189 0)
(-0.00997169 -0.00416644 0)
(-0.0103754 -0.00424409 0)
(-0.0107719 -0.00431542 0)
(-0.0111623 -0.00438099 0)
(-0.0115477 -0.00444132 0)
(-0.0119291 -0.00449691 0)
(-0.0123072 -0.00454822 0)
(-0.0126828 -0.00459573 0)
(-0.0130567 -0.00463992 0)
(-0.0134293 -0.00468125 0)
(-0.0138012 -0.0047202 0)
(-0.0141728 -0.00475726 0)
(-0.0145446 -0.0047929 0)
(-0.0149169 -0.00482758 0)
(-0.01529 -0.00486175 0)
(-0.0156645 -0.00489583 0)
(-0.0160405 -0.00493019 0)
(-0.0164185 -0.00496519 0)
(-0.0167988 -0.00500113 0)
(-0.0171817 -0.00503824 0)
(-0.0175677 -0.00507674 0)
(-0.0179571 -0.00511677 0)
(-0.0183502 -0.00515843 0)
(-0.0187474 -0.00520176 0)
(-0.0191491 -0.00524674 0)
(-0.0195555 -0.00529331 0)
(-0.019967 -0.00534134 0)
(-0.0203839 -0.00539064 0)
(-0.0208065 -0.00544096 0)
(-0.0212351 -0.00549198 0)
(-0.0216699 -0.0055433 0)
(-0.0221111 -0.00559448 0)
(-0.0225588 -0.00564497 0)
(-0.0230131 -0.0056942 0)
(-0.0234738 -0.00574152 0)
(-0.023941 -0.00578623 0)
(-0.0244143 -0.00582762 0)
(-0.0248934 -0.00586495 0)
(-0.0253778 -0.00589749 0)
(-0.0258669 -0.00592456 0)
(-0.02636 -0.00594553 0)
(-0.0268562 -0.00595987 0)
(-0.0273546 -0.00596715 0)
(-0.0278543 -0.00596708 0)
(-0.0283543 -0.00595949 0)
(-0.0288536 -0.00594437 0)
(-0.0293512 -0.00592184 0)
(-0.0298465 -0.00589209 0)
(0.000123342 0.00386974 0)
(0.000551901 0.00425065 0)
(0.000666001 0.0016906 0)
(0.000528949 -2.20144e-05 0)
(0.0002746 -0.000636512 0)
(-2.80136e-05 -0.000792377 0)
(-0.000362425 -0.0008386 0)
(-0.000726305 -0.000880211 0)
(-0.00111886 -0.000942593 0)
(-0.00153849 -0.00103155 0)
(-0.00198275 -0.00114765 0)
(-0.00244871 -0.00128884 0)
(-0.00293312 -0.00145107 0)
(-0.00343229 -0.00162898 0)
(-0.00394197 -0.0018168 0)
(-0.00445754 -0.00200909 0)
(-0.00497433 -0.00220118 0)
(-0.00548803 -0.00238939 0)
(-0.00599503 -0.00257095 0)
(-0.00649257 -0.00274395 0)
(-0.00697875 -0.00290715 0)
(-0.00745249 -0.00305991 0)
(-0.00791338 -0.00320199 0)
(-0.00836157 -0.00333347 0)
(-0.00879763 -0.00345466 0)
(-0.00922241 -0.00356599 0)
(-0.00963696 -0.00366802 0)
(-0.0100424 -0.00376134 0)
(-0.01044 -0.00384656 0)
(-0.0108309 -0.00392432 0)
(-0.0112162 -0.00399523 0)
(-0.0115969 -0.00405989 0)
(-0.0119741 -0.00411891 0)
(-0.0123485 -0.00417286 0)
(-0.0127209 -0.0042223 0)
(-0.0130919 -0.00426779 0)
(-0.0134622 -0.00430989 0)
(-0.0138322 -0.00434913 0)
(-0.0142023 -0.00438604 0)
(-0.014573 -0.00442114 0)
(-0.0149447 -0.00445491 0)
(-0.0153177 -0.00448782 0)
(-0.0156922 -0.0045203 0)
(-0.0160688 -0.00455273 0)
(-0.0164475 -0.00458546 0)
(-0.0168289 -0.00461879 0)
(-0.0172131 -0.00465298 0)
(-0.0176005 -0.00468822 0)
(-0.0179914 -0.00472467 0)
(-0.0183861 -0.00476243 0)
(-0.0187848 -0.00480154 0)
(-0.019188 -0.00484199 0)
(-0.0195958 -0.00488373 0)
(-0.0200085 -0.00492664 0)
(-0.0204265 -0.00497055 0)
(-0.0208498 -0.00501523 0)
(-0.0212788 -0.00506039 0)
(-0.0217136 -0.00510568 0)
(-0.0221543 -0.0051507 0)
(-0.0226009 -0.00519498 0)
(-0.0230535 -0.005238 0)
(-0.0235121 -0.00527921 0)
(-0.0239763 -0.005318 0)
(-0.0244461 -0.00535377 0)
(-0.0249209 -0.00538588 0)
(-0.0254004 -0.00541372 0)
(-0.025884 -0.00543673 0)
(-0.026371 -0.00545437 0)
(-0.0268607 -0.00546619 0)
(-0.0273524 -0.00547183 0)
(-0.027845 -0.00547103 0)
(-0.0283378 -0.00546363 0)
(-0.02883 -0.00544961 0)
(-0.0293206 -0.00542902 0)
(-0.0298091 -0.005402 0)
(0.000125515 0.00353676 0)
(0.000558973 0.00397278 0)
(0.000677288 0.00170063 0)
(0.000542779 0.000175372 0)
(0.000287279 -0.000355729 0)
(-2.14416e-05 -0.000468491 0)
(-0.000368 -0.000481192 0)
(-0.000749869 -0.000491503 0)
(-0.00116504 -0.000524692 0)
(-0.00160987 -0.000587589 0)
(-0.00207947 -0.000681412 0)
(-0.00256859 -0.000804293 0)
(-0.00307221 -0.000952221 0)
(-0.00358566 -0.00111996 0)
(-0.00410452 -0.0013019 0)
(-0.0046245 -0.00149264 0)
(-0.00514161 -0.00168728 0)
(-0.00565235 -0.00188159 0)
(-0.00615388 -0.00207208 0)
(-0.00664414 -0.00225605 0)
(-0.00712183 -0.00243149 0)
(-0.00758636 -0.00259703 0)
(-0.00803773 -0.00275189 0)
(-0.00847638 -0.00289569 0)
(-0.0089031 -0.00302841 0)
(-0.0093189 -0.00315029 0)
(-0.00972495 -0.00326173 0)
(-0.0101225 -0.00336327 0)
(-0.0105126 -0.00345553 0)
(-0.0108967 -0.00353917 0)
(-0.0112757 -0.00361488 0)
(-0.0116508 -0.00368336 0)
(-0.0120229 -0.0037453 0)
(-0.0123928 -0.00380137 0)
(-0.0127612 -0.00385224 0)
(-0.0131288 -0.00389856 0)
(-0.0134961 -0.00394093 0)
(-0.0138637 -0.00397999 0)
(-0.0142319 -0.00401629 0)
(-0.0146013 -0.00405041 0)
(-0.014972 -0.00408285 0)
(-0.0153444 -0.00411411 0)
(-0.0157188 -0.00414462 0)
(-0.0160955 -0.00417479 0)
(-0.0164747 -0.00420498 0)
(-0.0168568 -0.00423549 0)
(-0.017242 -0.00426657 0)
(-0.0176305 -0.00429842 0)
(-0.0180226 -0.00433121 0)
(-0.0184185 -0.00436503 0)
(-0.0188186 -0.00439994 0)
(-0.0192229 -0.00443594 0)
(-0.0196319 -0.00447297 0)
(-0.0200456 -0.00451094 0)
(-0.0204644 -0.00454969 0)
(-0.0208882 -0.00458903 0)
(-0.0213174 -0.00462869 0)
(-0.0217521 -0.00466836 0)
(-0.0221922 -0.00470769 0)
(-0.0226378 -0.00474627 0)
(-0.0230889 -0.00478365 0)
(-0.0235453 -0.00481933 0)
(-0.024007 -0.00485282 0)
(-0.0244735 -0.00488359 0)
(-0.0249445 -0.00491109 0)
(-0.0254197 -0.00493482 0)
(-0.0258984 -0.00495429 0)
(-0.0263802 -0.00496905 0)
(-0.0268642 -0.00497872 0)
(-0.0273498 -0.00498299 0)
(-0.0278363 -0.00498162 0)
(-0.0283229 -0.00497448 0)
(-0.0288088 -0.00496151 0)
(-0.0292932 -0.00494272 0)
(-0.0297755 -0.00491823 0)
(0.000127487 0.00319813 0)
(0.000567836 0.00368804 0)
(0.000692077 0.00170497 0)
(0.000560006 0.000370084 0)
(0.000302858 -7.25516e-05 0)
(-1.14507e-05 -0.000136432 0)
(-0.000368502 -0.000109417 0)
(-0.000766574 -8.26558e-05 0)
(-0.00120336 -8.22996e-05 0)
(-0.00167376 -0.000117021 0)
(-0.00217052 -0.00018898 0)
(-0.00268579 -0.000296218 0)
(-0.00321236 -0.000434079 0)
(-0.00374416 -0.000596646 0)
(-0.0042762 -0.000777777 0)
(-0.00480423 -0.000971704 0)
(-0.00532473 -0.00117291 0)
(-0.00583486 -0.00137662 0)
(-0.00633249 -0.00157864 0)
(-0.00681627 -0.00177549 0)
(-0.00728557 -0.00196447 0)
(-0.00774042 -0.00214362 0)
(-0.00818133 -0.00231165 0)
(-0.00860918 -0.00246783 0)
(-0.0090251 -0.00261192 0)
(-0.00943035 -0.00274398 0)
(-0.00982626 -0.00286435 0)
(-0.0102142 -0.00297356 0)
(-0.0105954 -0.00307225 0)
(-0.0109712 -0.00316116 0)
(-0.0113426 -0.00324104 0)
(-0.0117109 -0.00331271 0)
(-0.0120767 -0.00337695 0)
(-0.0124411 -0.00343454 0)
(-0.0128047 -0.00348625 0)
(-0.0131681 -0.0035328 0)
(-0.0135319 -0.0035749 0)
(-0.0138965 -0.00361323 0)
(-0.0142623 -0.00364842 0)
(-0.0146297 -0.00368107 0)
(-0.014999 -0.00371173 0)
(-0.0153705 -0.00374092 0)
(-0.0157444 -0.00376911 0)
(-0.0161209 -0.0037967 0)
(-0.0165003 -0.00382406 0)
(-0.0168828 -0.00385151 0)
(-0.0172686 -0.00387929 0)
(-0.0176579 -0.00390763 0)
(-0.0180509 -0.00393666 0)
(-0.0184479 -0.00396651 0)
(-0.0188489 -0.00399723 0)
(-0.0192543 -0.00402882 0)
(-0.0196641 -0.00406126 0)
(-0.0200786 -0.00409445 0)
(-0.0204979 -0.00412826 0)
(-0.0209222 -0.00416251 0)
(-0.0213515 -0.00419699 0)
(-0.0217859 -0.0042314 0)
(-0.0222254 -0.00426545 0)
(-0.02267 -0.00429878 0)
(-0.0231197 -0.00433099 0)
(-0.0235743 -0.00436168 0)
(-0.0240335 -0.00439039 0)
(-0.0244971 -0.00441668 0)
(-0.0249648 -0.0044401 0)
(-0.0254362 -0.0044602 0)
(-0.0259107 -0.00447658 0)
(-0.0263877 -0.00448885 0)
(-0.0268668 -0.00449669 0)
(-0.0273472 -0.00449983 0)
(-0.0278283 -0.00449805 0)
(-0.0283094 -0.00449123 0)
(-0.0287897 -0.00447929 0)
(-0.0292687 -0.00446223 0)
(-0.0297456 -0.00444013 0)
(0.000128048 0.00285495 0)
(0.000568596 0.00339804 0)
(0.000688369 0.00170666 0)
(0.000546946 0.000566723 0)
(0.00027849 0.000215598 0)
(-4.69465e-05 0.000203687 0)
(-0.000415535 0.000274648 0)
(-0.000827604 0.000343641 0)
(-0.00128212 0.000382443 0)
(-0.00177405 0.000379273 0)
(-0.00229487 0.000330209 0)
(-0.00283465 0.000237174 0)
(-0.00338395 0.000105896 0)
(-0.00393499 -5.62662e-05 0)
(-0.00448178 -0.000241799 0)
(-0.0050196 -0.000443692 0)
(-0.00554497 -0.000655944 0)
(-0.00605551 -0.000873044 0)
(-0.00654958 -0.0010899 0)
(-0.00702651 -0.00130225 0)
(-0.00748639 -0.00150671 0)
(-0.00792997 -0.00170075 0)
(-0.00835845 -0.0018827 0)
(-0.00877327 -0.00205159 0)
(-0.00917598 -0.002207 0)
(-0.00956821 -0.00234895 0)
(-0.00995153 -0.00247778 0)
(-0.0103275 -0.00259404 0)
(-0.0106975 -0.00269847 0)
(-0.0110628 -0.00279188 0)
(-0.0114247 -0.00287518 0)
(-0.0117843 -0.00294926 0)
(-0.0121423 -0.00301504 0)
(-0.0124997 -0.00307341 0)
(-0.0128571 -0.00312523 0)
(-0.0132151 -0.00317133 0)
(-0.0135743 -0.00321251 0)
(-0.013935 -0.00324949 0)
(-0.0142975 -0.00328298 0)
(-0.0146623 -0.00331363 0)
(-0.0150295 -0.00334202 0)
(-0.0153994 -0.0033687 0)
(-0.0157722 -0.00339415 0)
(-0.016148 -0.00341881 0)
(-0.016527 -0.00344305 0)
(-0.0169094 -0.00346718 0)
(-0.0172954 -0.00349147 0)
(-0.0176851 -0.00351613 0)
(-0.0180786 -0.00354132 0)
(-0.0184761 -0.00356714 0)
(-0.0188778 -0.00359367 0)
(-0.0192838 -0.00362091 0)
(-0.0196942 -0.00364883 0)
(-0.0201092 -0.00367738 0)
(-0.0205288 -0.00370643 0)
(-0.0209532 -0.00373583 0)
(-0.0213825 -0.00376538 0)
(-0.0218165 -0.00379486 0)
(-0.0222554 -0.00382398 0)
(-0.022699 -0.00385244 0)
(-0.0231473 -0.00387991 0)
(-0.0236001 -0.00390603 0)
(-0.0240571 -0.00393041 0)
(-0.0245182 -0.00395268 0)
(-0.0249829 -0.00397245 0)
(-0.0254508 -0.00398935 0)
(-0.0259216 -0.00400302 0)
(-0.0263946 -0.00401313 0)
(-0.0268693 -0.00401941 0)
(-0.0273451 -0.00402162 0)
(-0.0278215 -0.00401957 0)
(-0.0282977 -0.00401314 0)
(-0.0287732 -0.00400225 0)
(-0.0292472 -0.00398687 0)
(-0.0297193 -0.00396706 0)
(0.000125422 0.00251587 0)
(0.00054448 0.00311858 0)
(0.000630404 0.0017243 0)
(0.000451278 0.000782781 0)
(0.000149901 0.000521198 0)
(-0.000199734 0.000557625 0)
(-0.000584911 0.000671007 0)
(-0.00100866 0.000783186 0)
(-0.00147319 0.000863068 0)
(-0.00197603 0.000894465 0)
(-0.00250986 0.000870403 0)
(-0.00306448 0.000791921 0)
(-0.0036292 0.000665629 0)
(-0.00419447 0.000500696 0)
(-0.00475257 0.00030652 0)
(-0.00529803 9.1701e-05 0)
(-0.00582714 -0.000136427 0)
(-0.00633704 -0.0003711 0)
(-0.00682615 -0.000606604 0)
(-0.00729435 -0.00083769 0)
(-0.00774242 -0.00106015 0)
(-0.00817195 -0.00127083 0)
(-0.00858493 -0.00146777 0)
(-0.00898349 -0.00164985 0)
(-0.00936973 -0.00181664 0)
(-0.00974568 -0.0019682 0)
(-0.0101132 -0.00210493 0)
(-0.0104742 -0.00222752 0)
(-0.01083 -0.00233684 0)
(-0.0111823 -0.00243385 0)
(-0.0115321 -0.0025196 0)
(-0.0118806 -0.00259513 0)
(-0.0122287 -0.00266151 0)
(-0.0125771 -0.00271973 0)
(-0.0129266 -0.00277079 0)
(-0.0132776 -0.0028156 0)
(-0.0136307 -0.00285505 0)
(-0.0139861 -0.00288995 0)
(-0.0143441 -0.00292105 0)
(-0.0147051 -0.00294906 0)
(-0.0150692 -0.0029746 0)
(-0.0154365 -0.00299825 0)
(-0.0158073 -0.00302051 0)
(-0.0161815 -0.00304183 0)
(-0.0165594 -0.0030626 0)
(-0.016941 -0.00308313 0)
(-0.0173264 -0.00310369 0)
(-0.0177158 -0.0031245 0)
(-0.0181092 -0.0031457 0)
(-0.0185067 -0.00316741 0)
(-0.0189085 -0.0031897 0)
(-0.0193146 -0.00321259 0)
(-0.0197252 -0.00323607 0)
(-0.0201402 -0.00326006 0)
(-0.0205598 -0.00328449 0)
(-0.0209841 -0.00330922 0)
(-0.0214129 -0.00333408 0)
(-0.0218464 -0.00335887 0)
(-0.0222844 -0.00338336 0)
(-0.022727 -0.00340729 0)
(-0.0231739 -0.00343036 0)
(-0.0236249 -0.00345227 0)
(-0.0240799 -0.00347271 0)
(-0.0245385 -0.00349133 0)
(-0.0250005 -0.00350782 0)
(-0.0254653 -0.00352185 0)
(-0.0259327 -0.00353313 0)
(-0.026402 -0.00354137 0)
(-0.0268728 -0.00354633 0)
(-0.0273446 -0.0035478 0)
(-0.0278167 -0.0035456 0)
(-0.0282886 -0.00353963 0)
(-0.0287597 -0.0035298 0)
(-0.0292295 -0.00351608 0)
(-0.0296972 -0.00349849 0)
(0.000117732 0.00220015 0)
(0.00047854 0.00288486 0)
(0.000485939 0.00179569 0)
(0.000230753 0.00105007 0)
(-0.000131396 0.000867295 0)
(-0.000522589 0.000938532 0)
(-0.000931275 0.00108305 0)
(-0.00136297 0.00123072 0)
(-0.00182442 0.00134802 0)
(-0.0023185 0.00141374 0)
(-0.00284266 0.00141642 0)
(-0.00338976 0.0013546 0)
(-0.00395004 0.00123452 0)
(-0.00451319 0.00106653 0)
(-0.00506994 0.00086179 0)
(-0.00561278 0.000630627 0)
(-0.00613615 0.000382561 0)
(-0.00663692 0.000125997 0)
(-0.00711415 -0.000132019 0)
(-0.00756797 -0.000385417 0)
(-0.00799922 -0.000628825 0)
(-0.00841017 -0.000858067 0)
(-0.00880377 -0.00107105 0)
(-0.00918283 -0.00126673 0)
(-0.00954996 -0.00144481 0)
(-0.00990754 -0.0016055 0)
(-0.0102577 -0.00174938 0)
(-0.0106025 -0.00187735 0)
(-0.0109434 -0.00199047 0)
(-0.011282 -0.00208993 0)
(-0.0116195 -0.00217695 0)
(-0.011957 -0.00225277 0)
(-0.0122952 -0.00231858 0)
(-0.012635 -0.00237555 0)
(-0.0129768 -0.00242479 0)
(-0.0133212 -0.00246732 0)
(-0.0136686 -0.00250411 0)
(-0.0140191 -0.00253605 0)
(-0.0143732 -0.00256397 0)
(-0.0147308 -0.0025886 0)
(-0.0150922 -0.00261062 0)
(-0.0154574 -0.00263064 0)
(-0.0158265 -0.00264918 0)
(-0.0161996 -0.00266669 0)
(-0.0165767 -0.00268359 0)
(-0.0169578 -0.00270018 0)
(-0.0173431 -0.00271673 0)
(-0.0177324 -0.00273345 0)
(-0.018126 -0.0027505 0)
(-0.0185237 -0.00276798 0)
(-0.0189258 -0.00278595 0)
(-0.0193323 -0.00280446 0)
(-0.0197432 -0.00282349 0)
(-0.0201585 -0.00284298 0)
(-0.0205784 -0.00286288 0)
(-0.0210027 -0.00288306 0)
(-0.0214315 -0.00290339 0)
(-0.0218647 -0.0029237 0)
(-0.0223022 -0.00294379 0)
(-0.022744 -0.00296344 0)
(-0.0231899 -0.0029824 0)
(-0.0236396 -0.00300041 0)
(-0.024093 -0.0030172 0)
(-0.0245497 -0.00303249 0)
(-0.0250095 -0.003046 0)
(-0.0254718 -0.00305746 0)
(-0.0259364 -0.00306661 0)
(-0.0264028 -0.0030732 0)
(-0.0268704 -0.00307703 0)
(-0.0273388 -0.00307791 0)
(-0.0278074 -0.00307568 0)
(-0.0282757 -0.00307024 0)
(-0.0287431 -0.0030615 0)
(-0.0292091 -0.00304942 0)
(-0.0296733 -0.00303398 0)
(0.000104984 0.00193443 0)
(0.000375115 0.00274285 0)
(0.000272991 0.00196592 0)
(-7.75615e-05 0.00140234 0)
(-0.000509411 0.00127552 0)
(-0.000944552 0.00135863 0)
(-0.00137067 0.00151184 0)
(-0.00179399 0.00167588 0)
(-0.00222509 0.00181707 0)
(-0.00267348 0.0019101 0)
(-0.00314448 0.00193831 0)
(-0.00363779 0.00189565 0)
(-0.00414803 0.00178556 0)
(-0.00466642 0.00161754 0)
(-0.00518301 0.00140355 0)
(-0.00568864 0.00115581 0)
(-0.00617622 0.000886022 0)
(-0.00664145 0.000604906 0)
(-0.00708265 0.00032213 0)
(-0.00750048 4.52788e-05 0)
(-0.00789844 -0.000219756 0)
(-0.00827937 -0.000468816 0)
(-0.00864632 -0.000697487 0)
(-0.00900239 -0.000905841 0)
(-0.00935022 -0.00109397 0)
(-0.00969205 -0.0012623 0)
(-0.0100298 -0.00141167 0)
(-0.0103652 -0.00154327 0)
(-0.0106995 -0.00165847 0)
(-0.011034 -0.00175871 0)
(-0.0113694 -0.00184544 0)
(-0.0117065 -0.00192009 0)
(-0.012046 -0.00198401 0)
(-0.0123883 -0.00203851 0)
(-0.0127336 -0.00208481 0)
(-0.0130824 -0.00212406 0)
(-0.0134349 -0.00215729 0)
(-0.013791 -0.00218547 0)
(-0.0141511 -0.00220947 0)
(-0.0145151 -0.00223009 0)
(-0.0148831 -0.00224803 0)
(-0.0152551 -0.00226393 0)
(-0.0156312 -0.00227832 0)
(-0.0160112 -0.00229167 0)
(-0.0163952 -0.0023044 0)
(-0.0167832 -0.00231681 0)
(-0.0171752 -0.00232917 0)
(-0.0175713 -0.00234168 0)
(-0.0179713 -0.00235447 0)
(-0.0183754 -0.00236765 0)
(-0.0187837 -0.0023813 0)
(-0.019196 -0.00239544 0)
(-0.0196126 -0.00241007 0)
(-0.0200333 -0.00242515 0)
(-0.0204582 -0.00244063 0)
(-0.0208873 -0.00245642 0)
(-0.0213206 -0.00247241 0)
(-0.0217579 -0.00248845 0)
(-0.0221991 -0.00250438 0)
(-0.0226443 -0.00252001 0)
(-0.0230931 -0.00253513 0)
(-0.0235453 -0.00254952 0)
(-0.0240009 -0.00256296 0)
(-0.0244593 -0.0025752 0)
(-0.0249204 -0.00258602 0)
(-0.0253838 -0.00259518 0)
(-0.0258489 -0.00260245 0)
(-0.0263156 -0.00260763 0)
(-0.0267831 -0.00261053 0)
(-0.0272512 -0.00261098 0)
(-0.0277193 -0.00260884 0)
(-0.0281868 -0.002604 0)
(-0.0286534 -0.0025964 0)
(-0.0291184 -0.00258597 0)
(-0.0295814 -0.00257269 0)
(9.27395e-05 0.00173238 0)
(0.000296758 0.00270777 0)
(0.000136554 0.0022397 0)
(-0.000246229 0.00183142 0)
(-0.000683001 0.00173231 0)
(-0.00110026 0.00179983 0)
(-0.00148349 0.00193295 0)
(-0.00183552 0.00208521 0)
(-0.00216662 0.00222639 0)
(-0.0024903 0.00233031 0)
(-0.00281938 0.00237621 0)
(-0.00316244 0.00235227 0)
(-0.00352198 0.00225639 0)
(-0.00389461 0.00209438 0)
(-0.00427318 0.00187697 0)
(-0.00464957 0.00161732 0)
(-0.00501714 0.00132944 0)
(-0.00537212 0.00102707 0)
(-0.00571399 0.000722803 0)
(-0.00604456 0.000426938 0)
(-0.0063666 0.000146517 0)
(-0.00668401 -0.000114212 0)
(-0.00700189 -0.00035353 0)
(-0.00732408 -0.000569018 0)
(-0.00765119 -0.000761302 0)
(-0.00798388 -0.000931542 0)
(-0.00832269 -0.00108116 0)
(-0.00866787 -0.00121182 0)
(-0.00901939 -0.0013252 0)
(-0.00937702 -0.00142294 0)
(-0.00974046 -0.00150668 0)
(-0.0101094 -0.00157795 0)
(-0.0104834 -0.00163822 0)
(-0.0108623 -0.00168889 0)
(-0.0112457 -0.00173122 0)
(-0.0116333 -0.00176644 0)
(-0.012025 -0.00179561 0)
(-0.0124204 -0.00181973 0)
(-0.0128194 -0.00183969 0)
(-0.0132219 -0.00185629 0)
(-0.0136277 -0.00187026 0)
(-0.0140367 -0.00188223 0)
(-0.0144488 -0.00189274 0)
(-0.014864 -0.00190226 0)
(-0.0152822 -0.00191119 0)
(-0.0157034 -0.00191982 0)
(-0.0161275 -0.00192841 0)
(-0.0165546 -0.00193713 0)
(-0.0169848 -0.00194612 0)
(-0.0174179 -0.00195548 0)
(-0.0178542 -0.00196526 0)
(-0.0182937 -0.0019755 0)
(-0.0187363 -0.00198621 0)
(-0.0191822 -0.00199737 0)
(-0.0196313 -0.00200892 0)
(-0.0200836 -0.00202083 0)
(-0.0205391 -0.00203298 0)
(-0.0209978 -0.00204527 0)
(-0.0214596 -0.00205756 0)
(-0.0219243 -0.00206969 0)
(-0.0223919 -0.00208148 0)
(-0.022862 -0.00209278 0)
(-0.0233346 -0.00210337 0)
(-0.0238092 -0.00211307 0)
(-0.0242857 -0.00212167 0)
(-0.0247637 -0.00212899 0)
(-0.0252427 -0.00213483 0)
(-0.0257225 -0.00213901 0)
(-0.0262025 -0.00214134 0)
(-0.0266824 -0.0021417 0)
(-0.0271617 -0.00213995 0)
(-0.0276398 -0.002136 0)
(-0.0281164 -0.00212975 0)
(-0.028591 -0.00212117 0)
(-0.0290631 -0.00211021 0)
(9.39798e-05 0.0015514 0)
(0.000382855 0.00268581 0)
(0.000386259 0.00250086 0)
(0.000196638 0.0022158 0)
(-3.23351e-05 0.00212372 0)
(-0.000234567 0.00215624 0)
(-0.000394069 0.00224581 0)
(-0.00050617 0.00235838 0)
(-0.000574552 0.00247063 0)
(-0.000609598 0.00256018 0)
(-0.00062579 0.00260596 0)
(-0.000637987 0.0025918 0)
(-0.0006581 0.0025094 0)
(-0.000692954 0.00235889 0)
(-0.000744711 0.00214779 0)
(-0.000812824 0.00188888 0)
(-0.000896506 0.00159808 0)
(-0.000996535 0.00129189 0)
(-0.00111552 0.00098535 0)
(-0.00125718 0.000690662 0)
(-0.00142536 0.000416377 0)
(-0.00162337 0.000166745 0)
(-0.0018508 -5.87689e-05 0)
(-0.00210788 -0.000259318 0)
(-0.00239769 -0.000436734 0)
(-0.00271836 -0.000593576 0)
(-0.00306686 -0.00073076 0)
(-0.00344001 -0.000849855 0)
(-0.00383463 -0.0009526 0)
(-0.00424777 -0.00104071 0)
(-0.00467673 -0.00111583 0)
(-0.00511905 -0.00117944 0)
(-0.00557258 -0.00123295 0)
(-0.00603539 -0.00127768 0)
(-0.00650586 -0.00131479 0)
(-0.00698257 -0.00134542 0)
(-0.00746435 -0.00137054 0)
(-0.0079502 -0.00139108 0)
(-0.00843931 -0.00140782 0)
(-0.00893107 -0.00142149 0)
(-0.00942496 -0.0014328 0)
(-0.00992057 -0.00144228 0)
(-0.0104176 -0.00145046 0)
(-0.0109159 -0.00145774 0)
(-0.0114153 -0.0014645 0)
(-0.0119157 -0.00147101 0)
(-0.0124171 -0.00147746 0)
(-0.0129195 -0.00148403 0)
(-0.013423 -0.00149081 0)
(-0.0139276 -0.00149788 0)
(-0.0144333 -0.00150532 0)
(-0.0149404 -0.00151317 0)
(-0.0154488 -0.00152142 0)
(-0.0159586 -0.00153007 0)
(-0.0164699 -0.00153909 0)
(-0.0169828 -0.00154846 0)
(-0.0174972 -0.0015581 0)
(-0.0180131 -0.00156793 0)
(-0.0185305 -0.00157785 0)
(-0.0190492 -0.0015877 0)
(-0.0195693 -0.00159735 0)
(-0.0200905 -0.00160672 0)
(-0.0206127 -0.00161561 0)
(-0.0211356 -0.00162386 0)
(-0.0216589 -0.00163131 0)
(-0.0221824 -0.00163784 0)
(-0.0227057 -0.00164326 0)
(-0.0232283 -0.0016474 0)
(-0.02375 -0.00165011 0)
(-0.0242702 -0.00165128 0)
(-0.0247886 -0.00165079 0)
(-0.0253047 -0.00164854 0)
(-0.0258181 -0.00164445 0)
(-0.0263282 -0.00163847 0)
(-0.0268347 -0.00163054 0)
(0.000116546 0.00125999 0)
(0.000745525 0.00239938 0)
(0.00127773 0.00243406 0)
(0.0016516 0.00225129 0)
(0.00197518 0.00216259 0)
(0.00230926 0.00216157 0)
(0.00267493 0.00220454 0)
(0.00308194 0.00226596 0)
(0.00353423 0.00233017 0)
(0.00402906 0.00238227 0)
(0.00455674 0.00240644 0)
(0.00510219 0.00238789 0)
(0.00564736 0.00231606 0)
(0.00617408 0.00218696 0)
(0.00666598 0.00200406 0)
(0.00710933 0.00177761 0)
(0.00749291 0.00152255 0)
(0.00780727 0.00125536 0)
(0.00804507 0.0009912 0)
(0.00820181 0.000741964 0)
(0.00827564 0.000515031 0)
(0.00826792 0.000313355 0)
(0.00818105 0.000137467 0)
(0.00802113 -1.63597e-05 0)
(0.00780148 -0.000149283 0)
(0.0075249 -0.000263004 0)
(0.00719731 -0.000360916 0)
(0.00682469 -0.00044574 0)
(0.00641299 -0.00051922 0)
(0.00596781 -0.000582708 0)
(0.00549422 -0.000637484 0)
(0.00499682 -0.000684449 0)
(0.00447966 -0.000724486 0)
(0.00394634 -0.000758461 0)
(0.00339989 -0.000787092 0)
(0.00284302 -0.000811111 0)
(0.00227794 -0.000831222 0)
(0.00170655 -0.000847998 0)
(0.00113046 -0.000862006 0)
(0.000550848 -0.000873789 0)
(-3.1262e-05 -0.000883846 0)
(-0.000615034 -0.000892581 0)
(-0.00119992 -0.000900324 0)
(-0.00178548 -0.000907399 0)
(-0.00237141 -0.000914106 0)
(-0.00295749 -0.000920626 0)
(-0.00354363 -0.000927107 0)
(-0.00412984 -0.000933647 0)
(-0.00471609 -0.000940357 0)
(-0.00530245 -0.000947266 0)
(-0.005889 -0.000954446 0)
(-0.00647578 -0.000961951 0)
(-0.00706287 -0.00096977 0)
(-0.00765034 -0.000977901 0)
(-0.00823831 -0.000986302 0)
(-0.00882681 -0.000995012 0)
(-0.00941589 -0.00100396 0)
(-0.0100055 -0.00101315 0)
(-0.0105957 -0.00102246 0)
(-0.0111864 -0.00103177 0)
(-0.0117775 -0.00104086 0)
(-0.0123689 -0.00105 0)
(-0.0129604 -0.00105881 0)
(-0.0135518 -0.00106721 0)
(-0.0141428 -0.001075 0)
(-0.0147332 -0.00108233 0)
(-0.0153224 -0.00108885 0)
(-0.0159102 -0.00109446 0)
(-0.0164962 -0.00109906 0)
(-0.0170798 -0.00110253 0)
(-0.0176605 -0.00110479 0)
(-0.018238 -0.00110574 0)
(-0.0188117 -0.00110531 0)
(-0.019381 -0.00110343 0)
(-0.0199455 -0.00110006 0)
(0.000125841 0.000698097 0)
(0.0011267 0.00149681 0)
(0.0023012 0.00162807 0)
(0.00336526 0.00154816 0)
(0.00435863 0.00148876 0)
(0.00533554 0.00147778 0)
(0.0063251 0.00149306 0)
(0.00734001 0.0015173 0)
(0.00838516 0.00154063 0)
(0.00945944 0.00155507 0)
(0.0105551 0.00155226 0)
(0.0116574 0.00152404 0)
(0.0127454 0.00146421 0)
(0.0137943 0.0013704 0)
(0.0147782 0.00124516 0)
(0.0156731 0.00109591 0)
(0.0164599 0.000933699 0)
(0.0171256 0.000770722 0)
(0.0176645 0.000617757 0)
(0.0180775 0.000482253 0)
(0.0183708 0.000367414 0)
(0.0185542 0.000272608 0)
(0.0186396 0.000194591 0)
(0.018639 0.000129373 0)
(0.0185608 7.44186e-05 0)
(0.0184167 2.87177e-05 0)
(0.0182168 -1.04238e-05 0)
(0.0179696 -4.49455e-05 0)
(0.0176823 -7.56482e-05 0)
(0.017361 -0.000102966 0)
(0.0170094 -0.000127021 0)
(0.016632 -0.000148148 0)
(0.0162324 -0.00016675 0)
(0.015814 -0.00018316 0)
(0.0153796 -0.000197634 0)
(0.0149321 -0.000210401 0)
(0.0144734 -0.000221711 0)
(0.0140055 -0.000231728 0)
(0.0135301 -0.000240669 0)
(0.0130483 -0.00024878 0)
(0.0125614 -0.000256235 0)
(0.01207 -0.000263253 0)
(0.0115749 -0.000269935 0)
(0.0110765 -0.000276409 0)
(0.0105751 -0.000282792 0)
(0.0100709 -0.000289208 0)
(0.00956406 -0.000295729 0)
(0.00905462 -0.000302353 0)
(0.00854253 -0.000309115 0)
(0.00802788 -0.000316074 0)
(0.00751053 -0.000323274 0)
(0.00699044 -0.000330755 0)
(0.00646752 -0.000338497 0)
(0.00594177 -0.000346473 0)
(0.0054131 -0.0003547 0)
(0.00488141 -0.000363202 0)
(0.00434663 -0.000371953 0)
(0.0038087 -0.000380899 0)
(0.00326777 -0.000389986 0)
(0.00272411 -0.000399175 0)
(0.0021773 -0.000408442 0)
(0.00162746 -0.000417698 0)
(0.00107531 -0.000426877 0)
(0.000520834 -0.000435912 0)
(-3.59711e-05 -0.000444733 0)
(-0.000594599 -0.00045327 0)
(-0.00115441 -0.000461425 0)
(-0.00171521 -0.000469115 0)
(-0.0022765 -0.000476265 0)
(-0.00283776 -0.000482806 0)
(-0.00339839 -0.000488682 0)
(-0.0039578 -0.000493785 0)
(-0.00451538 -0.000498067 0)
(-0.00507043 -0.000501477 0)
(-0.00562229 -0.000503954 0)
(5.35272e-05 7.77235e-05 0)
(0.000727343 0.000206324 0)
(0.00167255 0.000230875 0)
(0.00256429 0.000219069 0)
(0.00340866 0.000210927 0)
(0.00423585 0.000211808 0)
(0.00506779 0.000216541 0)
(0.00591354 0.000221661 0)
(0.00677421 0.000225256 0)
(0.00764602 0.000225636 0)
(0.00852045 0.000221082 0)
(0.00938402 0.000210184 0)
(0.010219 0.00019237 0)
(0.0110053 0.000168313 0)
(0.0117238 0.000140037 0)
(0.0123589 0.000110638 0)
(0.0129017 8.36485e-05 0)
(0.013351 6.2142e-05 0)
(0.0137128 4.79977e-05 0)
(0.0139983 4.15949e-05 0)
(0.0142211 4.19321e-05 0)
(0.0143946 4.70821e-05 0)
(0.0145301 5.48448e-05 0)
(0.0146356 6.31885e-05 0)
(0.0147164 6.99937e-05 0)
(0.0147762 7.40029e-05 0)
(0.0148173 7.60895e-05 0)
(0.0148418 7.73579e-05 0)
(0.0148504 7.83013e-05 0)
(0.0148448 7.89747e-05 0)
(0.0148273 7.97678e-05 0)
(0.0147993 8.06174e-05 0)
(0.0147622 8.13419e-05 0)
(0.0147169 8.18729e-05 0)
(0.0146643 8.22077e-05 0)
(0.0146053 8.23498e-05 0)
(0.0145406 8.23118e-05 0)
(0.0144706 8.21174e-05 0)
(0.0143959 8.17772e-05 0)
(0.014317 8.12945e-05 0)
(0.014234 8.06777e-05 0)
(0.0141472 7.99217e-05 0)
(0.0140566 7.90374e-05 0)
(0.0139624 7.80175e-05 0)
(0.0138646 7.68745e-05 0)
(0.0137631 7.56106e-05 0)
(0.0136577 7.42163e-05 0)
(0.0135484 7.26825e-05 0)
(0.0134351 7.10268e-05 0)
(0.0133175 6.92377e-05 0)
(0.0131956 6.72887e-05 0)
(0.0130691 6.51769e-05 0)
(0.0129378 6.28827e-05 0)
(0.0128014 6.04304e-05 0)
(0.0126599 5.7786e-05 0)
(0.0125128 5.49599e-05 0)
(0.0123601 5.19151e-05 0)
(0.0122016 4.87116e-05 0)
(0.0120369 4.53724e-05 0)
(0.0118662 4.18995e-05 0)
(0.0116891 3.80921e-05 0)
(0.0115056 3.42884e-05 0)
(0.0113157 3.03733e-05 0)
(0.0111194 2.63266e-05 0)
(0.0109167 2.21249e-05 0)
(0.0107076 1.79882e-05 0)
(0.0104924 1.37687e-05 0)
(0.0102712 9.52493e-06 0)
(0.0100443 5.28298e-06 0)
(0.00981204 1.09098e-06 0)
(0.00957462 -3.06198e-06 0)
(0.00933251 -7.14093e-06 0)
(0.00908613 -1.11039e-05 0)
(0.00883597 -1.49308e-05 0)
(0.00858252 -1.85967e-05 0)
)
;

boundaryField
{
    leftWall
    {
        type            noSlip;
    }
    rightWall
    {
        type            noSlip;
    }
    lowerWall
    {
        type            noSlip;
    }
    atmosphere
    {
        type            noSlip;
    }
    defaultFaces
    {
        type            empty;
    }
    procBoundary0to1
    {
        type            processor;
        value           nonuniform List<vector> 
40
(
(0.297839 -0.000977244 0)
(0.308344 -0.00598111 0)
(0.299265 -0.00820105 0)
(0.159832 -0.0179382 0)
(0.0286566 -0.0197219 0)
(-0.0439645 -0.0197415 0)
(-0.0618212 -0.0195299 0)
(-0.0540205 -0.0183926 0)
(-0.0428187 -0.0173991 0)
(-0.0370871 -0.0165639 0)
(-0.0348788 -0.0157711 0)
(-0.0338352 -0.0150594 0)
(-0.0330921 -0.0143627 0)
(-0.0325179 -0.0136988 0)
(-0.0320784 -0.0130503 0)
(-0.0317413 -0.0124208 0)
(-0.0314781 -0.0118065 0)
(-0.0312684 -0.0112072 0)
(-0.0310979 -0.0106217 0)
(-0.0309568 -0.0100493 0)
(-0.030838 -0.00948924 0)
(-0.0307364 -0.00894088 0)
(-0.0306482 -0.00840344 0)
(-0.030571 -0.00787625 0)
(-0.0305026 -0.00735855 0)
(-0.0304418 -0.00684963 0)
(-0.0303873 -0.00634879 0)
(-0.0303384 -0.00585535 0)
(-0.0302945 -0.00536866 0)
(-0.0302551 -0.00488807 0)
(-0.0302199 -0.00441298 0)
(-0.0301889 -0.0039428 0)
(-0.0301626 -0.00347704 0)
(-0.030135 -0.00301525 0)
(-0.030042 -0.0025566 0)
(-0.0295323 -0.00209688 0)
(-0.0273371 -0.00162066 0)
(-0.0205046 -0.00109517 0)
(-0.00617035 -0.000505486 0)
(0.00832635 -2.20842e-05 0)
)
;
    }
}


// ************************************************************************* //
