/*--------------------------------*- C++ -*----------------------------------*\
| =========                 |                                                 |
| \\      /  F ield         | OpenFOAM: The Open Source CFD Toolbox           |
|  \\    /   O peration     | Version:  2606                                  |
|   \\  /    A nd           | Website:  www.openfoam.com                      |
|    \\/     M anipulation  |                                                 |
\*---------------------------------------------------------------------------*/
FoamFile
{
    version     2.0;
    format      ascii;
    arch        "LSB;label=32;scalar=64";
    class       volScalarField;
    location    "0.45";
    object      p;
}
// * * * * * * * * * * * * * * * * * * * * * * * * * * * * * * * * * * * * * //

dimensions      [1 -1 -2 0 0 0 0];

internalField   nonuniform List<scalar> 
3000
(
-66.0571
-66.0652
-66.0722
-66.0783
-66.0836
-66.0883
-66.0924
-66.096
-66.0993
-66.1022
-66.1048
-66.1071
-66.1093
-66.1112
-66.1129
-66.1144
-66.1159
-66.1171
-66.1183
-66.1194
-66.1204
-66.1212
-66.1221
-66.1228
-66.1235
-66.1241
-66.1247
-66.1252
-66.1257
-66.1261
-66.1265
-66.1269
-66.1273
-66.1276
-66.1279
-66.1281
-66.1284
-66.1286
-66.1288
-66.129
-66.1292
-66.1294
-66.1295
-66.1296
-66.1298
-66.1299
-66.13
-66.1301
-66.1302
-66.1303
-66.1304
-66.1304
-66.1305
-66.1306
-66.1306
-66.1307
-66.1307
-66.1308
-66.1308
-66.1308
-66.1309
-66.1309
-66.1309
-66.1309
-66.131
-66.131
-66.131
-66.131
-66.131
-66.131
-66.131
-66.1311
-66.1311
-66.1311
-66.1311
-66.0866
-66.0944
-66.1012
-66.1071
-66.1123
-66.1169
-66.1209
-66.1245
-66.1277
-66.1305
-66.1331
-66.1354
-66.1375
-66.1394
-66.1411
-66.1426
-66.144
-66.1453
-66.1464
-66.1475
-66.1485
-66.1493
-66.1502
-66.1509
-66.1516
-66.1522
-66.1528
-66.1533
-66.1538
-66.1542
-66.1546
-66.155
-66.1553
-66.1556
-66.1559
-66.1562
-66.1564
-66.1567
-66.1569
-66.1571
-66.1572
-66.1574
-66.1576
-66.1577
-66.1578
-66.1579
-66.158
-66.1581
-66.1582
-66.1583
-66.1584
-66.1585
-66.1585
-66.1586
-66.1587
-66.1587
-66.1587
-66.1588
-66.1588
-66.1589
-66.1589
-66.1589
-66.159
-66.159
-66.159
-66.159
-66.159
-66.159
-66.1591
-66.1591
-66.1591
-66.1591
-66.1591
-66.1591
-66.1591
-66.1175
-66.1248
-66.1311
-66.1367
-66.1417
-66.146
-66.1499
-66.1533
-66.1564
-66.1592
-66.1617
-66.1639
-66.1659
-66.1678
-66.1694
-66.1709
-66.1723
-66.1736
-66.1747
-66.1757
-66.1767
-66.1775
-66.1783
-66.1791
-66.1797
-66.1803
-66.1809
-66.1814
-66.1819
-66.1823
-66.1827
-66.1831
-66.1834
-66.1837
-66.184
-66.1843
-66.1845
-66.1847
-66.1849
-66.1851
-66.1853
-66.1855
-66.1856
-66.1857
-66.1859
-66.186
-66.1861
-66.1862
-66.1863
-66.1864
-66.1864
-66.1865
-66.1866
-66.1866
-66.1867
-66.1867
-66.1868
-66.1868
-66.1869
-66.1869
-66.1869
-66.187
-66.187
-66.187
-66.187
-66.1871
-66.1871
-66.1871
-66.1871
-66.1871
-66.1871
-66.1871
-66.1871
-66.1871
-66.1871
-66.1496
-66.1561
-66.1619
-66.167
-66.1716
-66.1757
-66.1793
-66.1826
-66.1855
-66.1881
-66.1905
-66.1926
-66.1946
-66.1963
-66.1979
-66.1994
-66.2007
-66.2019
-66.203
-66.204
-66.205
-66.2058
-66.2066
-66.2073
-66.2079
-66.2085
-66.2091
-66.2096
-66.21
-66.2104
-66.2108
-66.2112
-66.2115
-66.2118
-66.2121
-66.2124
-66.2126
-66.2128
-66.213
-66.2132
-66.2134
-66.2135
-66.2137
-66.2138
-66.2139
-66.214
-66.2142
-66.2142
-66.2143
-66.2144
-66.2145
-66.2146
-66.2146
-66.2147
-66.2147
-66.2148
-66.2148
-66.2149
-66.2149
-66.2149
-66.215
-66.215
-66.215
-66.2151
-66.2151
-66.2151
-66.2151
-66.2151
-66.2151
-66.2151
-66.2152
-66.2152
-66.2152
-66.2152
-66.2152
-66.1826
-66.1883
-66.1934
-66.198
-66.2021
-66.2058
-66.2091
-66.2121
-66.2149
-66.2173
-66.2196
-66.2216
-66.2234
-66.2251
-66.2266
-66.228
-66.2293
-66.2304
-66.2315
-66.2324
-66.2333
-66.2341
-66.2349
-66.2355
-66.2362
-66.2367
-66.2373
-66.2378
-66.2382
-66.2386
-66.239
-66.2393
-66.2397
-66.24
-66.2402
-66.2405
-66.2407
-66.2409
-66.2411
-66.2413
-66.2415
-66.2416
-66.2418
-66.2419
-66.242
-66.2421
-66.2422
-66.2423
-66.2424
-66.2425
-66.2426
-66.2426
-66.2427
-66.2427
-66.2428
-66.2428
-66.2429
-66.2429
-66.243
-66.243
-66.243
-66.243
-66.2431
-66.2431
-66.2431
-66.2431
-66.2431
-66.2432
-66.2432
-66.2432
-66.2432
-66.2432
-66.2432
-66.2432
-66.2432
-66.2163
-66.2211
-66.2254
-66.2294
-66.233
-66.2363
-66.2393
-66.242
-66.2445
-66.2468
-66.2488
-66.2507
-66.2524
-66.254
-66.2554
-66.2567
-66.2579
-66.259
-66.26
-66.2609
-66.2618
-66.2625
-66.2632
-66.2639
-66.2645
-66.265
-66.2655
-66.266
-66.2664
-66.2668
-66.2672
-66.2675
-66.2678
-66.2681
-66.2684
-66.2686
-66.2688
-66.269
-66.2692
-66.2694
-66.2696
-66.2697
-66.2698
-66.27
-66.2701
-66.2702
-66.2703
-66.2704
-66.2705
-66.2705
-66.2706
-66.2707
-66.2707
-66.2708
-66.2708
-66.2709
-66.2709
-66.271
-66.271
-66.271
-66.2711
-66.2711
-66.2711
-66.2711
-66.2712
-66.2712
-66.2712
-66.2712
-66.2712
-66.2712
-66.2712
-66.2712
-66.2712
-66.2712
-66.2712
-66.2505
-66.2543
-66.2578
-66.2612
-66.2643
-66.2671
-66.2697
-66.2722
-66.2744
-66.2764
-66.2783
-66.28
-66.2816
-66.283
-66.2843
-66.2855
-66.2867
-66.2877
-66.2886
-66.2895
-66.2903
-66.291
-66.2917
-66.2923
-66.2928
-66.2934
-66.2938
-66.2943
-66.2947
-66.2951
-66.2954
-66.2957
-66.296
-66.2963
-66.2965
-66.2968
-66.297
-66.2972
-66.2974
-66.2975
-66.2977
-66.2978
-66.2979
-66.2981
-66.2982
-66.2983
-66.2984
-66.2985
-66.2985
-66.2986
-66.2987
-66.2987
-66.2988
-66.2989
-66.2989
-66.2989
-66.299
-66.299
-66.2991
-66.2991
-66.2991
-66.2991
-66.2992
-66.2992
-66.2992
-66.2992
-66.2992
-66.2992
-66.2993
-66.2993
-66.2993
-66.2993
-66.2993
-66.2993
-66.2993
-66.2849
-66.2878
-66.2905
-66.2932
-66.2958
-66.2982
-66.3004
-66.3025
-66.3045
-66.3063
-66.3079
-66.3094
-66.3109
-66.3122
-66.3134
-66.3145
-66.3155
-66.3164
-66.3173
-66.3181
-66.3188
-66.3195
-66.3201
-66.3207
-66.3212
-66.3217
-66.3222
-66.3226
-66.323
-66.3233
-66.3237
-66.324
-66.3242
-66.3245
-66.3247
-66.3249
-66.3251
-66.3253
-66.3255
-66.3257
-66.3258
-66.3259
-66.3261
-66.3262
-66.3263
-66.3264
-66.3265
-66.3265
-66.3266
-66.3267
-66.3268
-66.3268
-66.3269
-66.3269
-66.327
-66.327
-66.327
-66.3271
-66.3271
-66.3271
-66.3272
-66.3272
-66.3272
-66.3272
-66.3273
-66.3273
-66.3273
-66.3273
-66.3273
-66.3273
-66.3273
-66.3273
-66.3273
-66.3273
-66.3273
-66.3194
-66.3213
-66.3234
-66.3254
-66.3275
-66.3294
-66.3313
-66.333
-66.3347
-66.3362
-66.3377
-66.339
-66.3403
-66.3414
-66.3425
-66.3435
-66.3444
-66.3453
-66.3461
-66.3468
-66.3475
-66.3481
-66.3487
-66.3492
-66.3497
-66.3501
-66.3505
-66.3509
-66.3513
-66.3516
-66.3519
-66.3522
-66.3525
-66.3527
-66.3529
-66.3531
-66.3533
-66.3535
-66.3536
-66.3538
-66.3539
-66.3541
-66.3542
-66.3543
-66.3544
-66.3545
-66.3546
-66.3546
-66.3547
-66.3548
-66.3548
-66.3549
-66.3549
-66.355
-66.355
-66.3551
-66.3551
-66.3551
-66.3552
-66.3552
-66.3552
-66.3552
-66.3553
-66.3553
-66.3553
-66.3553
-66.3553
-66.3553
-66.3554
-66.3554
-66.3554
-66.3554
-66.3554
-66.3554
-66.3554
-66.3537
-66.3549
-66.3563
-66.3577
-66.3592
-66.3607
-66.3622
-66.3636
-66.365
-66.3663
-66.3675
-66.3687
-66.3698
-66.3708
-66.3717
-66.3726
-66.3734
-66.3742
-66.3749
-66.3755
-66.3761
-66.3767
-66.3772
-66.3777
-66.3782
-66.3786
-66.379
-66.3793
-66.3796
-66.3799
-66.3802
-66.3805
-66.3807
-66.3809
-66.3811
-66.3813
-66.3815
-66.3817
-66.3818
-66.382
-66.3821
-66.3822
-66.3823
-66.3824
-66.3825
-66.3826
-66.3827
-66.3827
-66.3828
-66.3829
-66.3829
-66.383
-66.383
-66.3831
-66.3831
-66.3831
-66.3832
-66.3832
-66.3832
-66.3833
-66.3833
-66.3833
-66.3833
-66.3833
-66.3834
-66.3834
-66.3834
-66.3834
-66.3834
-66.3834
-66.3834
-66.3834
-66.3834
-66.3834
-66.3834
-66.3877
-66.3883
-66.3891
-66.39
-66.391
-66.3921
-66.3932
-66.3943
-66.3954
-66.3965
-66.3975
-66.3984
-66.3993
-66.4002
-66.401
-66.4018
-66.4025
-66.4031
-66.4038
-66.4043
-66.4049
-66.4054
-66.4058
-66.4063
-66.4067
-66.407
-66.4074
-66.4077
-66.408
-66.4083
-66.4085
-66.4088
-66.409
-66.4092
-66.4094
-66.4095
-66.4097
-66.4099
-66.41
-66.4101
-66.4102
-66.4103
-66.4104
-66.4105
-66.4106
-66.4107
-66.4108
-66.4108
-66.4109
-66.411
-66.411
-66.4111
-66.4111
-66.4111
-66.4112
-66.4112
-66.4112
-66.4113
-66.4113
-66.4113
-66.4113
-66.4114
-66.4114
-66.4114
-66.4114
-66.4114
-66.4114
-66.4114
-66.4115
-66.4115
-66.4115
-66.4115
-66.4115
-66.4115
-66.4115
-66.4215
-66.4215
-66.4217
-66.4222
-66.4228
-66.4235
-66.4243
-66.4251
-66.4259
-66.4267
-66.4275
-66.4282
-66.429
-66.4297
-66.4303
-66.431
-66.4316
-66.4321
-66.4327
-66.4332
-66.4336
-66.4341
-66.4345
-66.4349
-66.4352
-66.4355
-66.4359
-66.4361
-66.4364
-66.4366
-66.4369
-66.4371
-66.4373
-66.4375
-66.4376
-66.4378
-66.4379
-66.4381
-66.4382
-66.4383
-66.4384
-66.4385
-66.4386
-66.4387
-66.4387
-66.4388
-66.4389
-66.4389
-66.439
-66.4391
-66.4391
-66.4391
-66.4392
-66.4392
-66.4393
-66.4393
-66.4393
-66.4393
-66.4394
-66.4394
-66.4394
-66.4394
-66.4394
-66.4395
-66.4395
-66.4395
-66.4395
-66.4395
-66.4395
-66.4395
-66.4395
-66.4395
-66.4395
-66.4395
-66.4395
-66.4549
-66.4544
-66.4542
-66.4543
-66.4545
-66.4548
-66.4553
-66.4558
-66.4563
-66.4569
-66.4575
-66.4581
-66.4586
-66.4592
-66.4597
-66.4602
-66.4607
-66.4612
-66.4616
-66.4621
-66.4624
-66.4628
-66.4632
-66.4635
-66.4638
-66.4641
-66.4643
-66.4646
-66.4648
-66.465
-66.4652
-66.4654
-66.4656
-66.4657
-66.4659
-66.466
-66.4662
-66.4663
-66.4664
-66.4665
-66.4666
-66.4667
-66.4667
-66.4668
-66.4669
-66.4669
-66.467
-66.4671
-66.4671
-66.4672
-66.4672
-66.4672
-66.4673
-66.4673
-66.4673
-66.4674
-66.4674
-66.4674
-66.4674
-66.4674
-66.4675
-66.4675
-66.4675
-66.4675
-66.4675
-66.4675
-66.4675
-66.4675
-66.4676
-66.4676
-66.4676
-66.4676
-66.4676
-66.4676
-66.4676
-66.488
-66.4871
-66.4865
-66.4862
-66.486
-66.4861
-66.4862
-66.4865
-66.4868
-66.4871
-66.4875
-66.4879
-66.4883
-66.4887
-66.4891
-66.4895
-66.4899
-66.4903
-66.4906
-66.4909
-66.4913
-66.4916
-66.4919
-66.4921
-66.4924
-66.4926
-66.4928
-66.493
-66.4932
-66.4934
-66.4936
-66.4937
-66.4939
-66.494
-66.4942
-66.4943
-66.4944
-66.4945
-66.4946
-66.4947
-66.4948
-66.4948
-66.4949
-66.495
-66.495
-66.4951
-66.4951
-66.4952
-66.4952
-66.4953
-66.4953
-66.4953
-66.4954
-66.4954
-66.4954
-66.4954
-66.4955
-66.4955
-66.4955
-66.4955
-66.4955
-66.4955
-66.4956
-66.4956
-66.4956
-66.4956
-66.4956
-66.4956
-66.4956
-66.4956
-66.4956
-66.4956
-66.4956
-66.4956
-66.4956
-66.5207
-66.5194
-66.5185
-66.5179
-66.5174
-66.5172
-66.5171
-66.5171
-66.5172
-66.5173
-66.5175
-66.5177
-66.518
-66.5182
-66.5185
-66.5188
-66.5191
-66.5193
-66.5196
-66.5199
-66.5201
-66.5203
-66.5206
-66.5208
-66.521
-66.5212
-66.5214
-66.5215
-66.5217
-66.5218
-66.522
-66.5221
-66.5222
-66.5223
-66.5224
-66.5225
-66.5226
-66.5227
-66.5228
-66.5229
-66.5229
-66.523
-66.5231
-66.5231
-66.5232
-66.5232
-66.5233
-66.5233
-66.5233
-66.5234
-66.5234
-66.5234
-66.5235
-66.5235
-66.5235
-66.5235
-66.5235
-66.5236
-66.5236
-66.5236
-66.5236
-66.5236
-66.5236
-66.5236
-66.5236
-66.5236
-66.5237
-66.5237
-66.5237
-66.5237
-66.5237
-66.5237
-66.5237
-66.5237
-66.5237
-66.553
-66.5515
-66.5503
-66.5494
-66.5487
-66.5482
-66.5479
-66.5476
-66.5475
-66.5475
-66.5475
-66.5475
-66.5477
-66.5478
-66.5479
-66.5481
-66.5483
-66.5484
-66.5486
-66.5488
-66.549
-66.5491
-66.5493
-66.5495
-66.5496
-66.5497
-66.5499
-66.55
-66.5501
-66.5503
-66.5504
-66.5505
-66.5506
-66.5506
-66.5507
-66.5508
-66.5509
-66.551
-66.551
-66.5511
-66.5511
-66.5512
-66.5512
-66.5513
-66.5513
-66.5513
-66.5514
-66.5514
-66.5514
-66.5515
-66.5515
-66.5515
-66.5515
-66.5516
-66.5516
-66.5516
-66.5516
-66.5516
-66.5516
-66.5517
-66.5517
-66.5517
-66.5517
-66.5517
-66.5517
-66.5517
-66.5517
-66.5517
-66.5517
-66.5517
-66.5517
-66.5517
-66.5517
-66.5517
-66.5517
-66.5849
-66.5832
-66.5818
-66.5807
-66.5798
-66.5791
-66.5785
-66.5781
-66.5778
-66.5776
-66.5774
-66.5773
-66.5773
-66.5773
-66.5773
-66.5774
-66.5774
-66.5775
-66.5776
-66.5777
-66.5778
-66.5779
-66.578
-66.5781
-66.5782
-66.5783
-66.5784
-66.5785
-66.5786
-66.5787
-66.5788
-66.5788
-66.5789
-66.579
-66.579
-66.5791
-66.5791
-66.5792
-66.5792
-66.5793
-66.5793
-66.5794
-66.5794
-66.5794
-66.5795
-66.5795
-66.5795
-66.5795
-66.5796
-66.5796
-66.5796
-66.5796
-66.5796
-66.5797
-66.5797
-66.5797
-66.5797
-66.5797
-66.5797
-66.5797
-66.5797
-66.5797
-66.5797
-66.5798
-66.5798
-66.5798
-66.5798
-66.5798
-66.5798
-66.5798
-66.5798
-66.5798
-66.5798
-66.5798
-66.5798
-66.6165
-66.6146
-66.613
-66.6117
-66.6107
-66.6098
-66.609
-66.6084
-66.608
-66.6076
-66.6073
-66.6071
-66.6069
-66.6068
-66.6067
-66.6066
-66.6066
-66.6066
-66.6066
-66.6066
-66.6067
-66.6067
-66.6068
-66.6068
-66.6069
-66.6069
-66.607
-66.607
-66.6071
-66.6071
-66.6072
-66.6072
-66.6072
-66.6073
-66.6073
-66.6074
-66.6074
-66.6074
-66.6075
-66.6075
-66.6075
-66.6075
-66.6076
-66.6076
-66.6076
-66.6076
-66.6077
-66.6077
-66.6077
-66.6077
-66.6077
-66.6077
-66.6077
-66.6077
-66.6078
-66.6078
-66.6078
-66.6078
-66.6078
-66.6078
-66.6078
-66.6078
-66.6078
-66.6078
-66.6078
-66.6078
-66.6078
-66.6078
-66.6078
-66.6078
-66.6078
-66.6078
-66.6078
-66.6078
-66.6078
-66.6478
-66.6458
-66.6441
-66.6426
-66.6414
-66.6403
-66.6394
-66.6387
-66.6381
-66.6375
-66.6371
-66.6368
-66.6365
-66.6362
-66.636
-66.6359
-66.6358
-66.6357
-66.6356
-66.6356
-66.6355
-66.6355
-66.6355
-66.6355
-66.6355
-66.6355
-66.6355
-66.6355
-66.6355
-66.6355
-66.6356
-66.6356
-66.6356
-66.6356
-66.6356
-66.6356
-66.6357
-66.6357
-66.6357
-66.6357
-66.6357
-66.6357
-66.6357
-66.6358
-66.6358
-66.6358
-66.6358
-66.6358
-66.6358
-66.6358
-66.6358
-66.6358
-66.6358
-66.6358
-66.6358
-66.6359
-66.6359
-66.6359
-66.6359
-66.6359
-66.6359
-66.6359
-66.6359
-66.6359
-66.6359
-66.6359
-66.6359
-66.6359
-66.6359
-66.6359
-66.6359
-66.6359
-66.6359
-66.6359
-66.6359
-66.6787
-66.6766
-66.6748
-66.6733
-66.6719
-66.6707
-66.6697
-66.6688
-66.668
-66.6674
-66.6668
-66.6664
-66.666
-66.6656
-66.6654
-66.6651
-66.6649
-66.6647
-66.6646
-66.6645
-66.6644
-66.6643
-66.6642
-66.6642
-66.6641
-66.6641
-66.664
-66.664
-66.664
-66.664
-66.664
-66.6639
-66.6639
-66.6639
-66.6639
-66.6639
-66.6639
-66.6639
-66.6639
-66.6639
-66.6639
-66.6639
-66.6639
-66.6639
-66.6639
-66.6639
-66.6639
-66.6639
-66.6639
-66.6639
-66.6639
-66.6639
-66.6639
-66.6639
-66.6639
-66.6639
-66.6639
-66.6639
-66.6639
-66.6639
-66.6639
-66.6639
-66.6639
-66.6639
-66.6639
-66.6639
-66.6639
-66.6639
-66.6639
-66.6639
-66.6639
-66.6639
-66.6639
-66.6639
-66.6639
-66.7094
-66.7073
-66.7054
-66.7037
-66.7022
-66.7009
-66.6998
-66.6988
-66.6979
-66.6972
-66.6965
-66.6959
-66.6954
-66.695
-66.6946
-66.6943
-66.694
-66.6938
-66.6935
-66.6934
-66.6932
-66.693
-66.6929
-66.6928
-66.6927
-66.6926
-66.6926
-66.6925
-66.6924
-66.6924
-66.6924
-66.6923
-66.6923
-66.6922
-66.6922
-66.6922
-66.6922
-66.6922
-66.6921
-66.6921
-66.6921
-66.6921
-66.6921
-66.6921
-66.6921
-66.6921
-66.6921
-66.6921
-66.6921
-66.692
-66.692
-66.692
-66.692
-66.692
-66.692
-66.692
-66.692
-66.692
-66.692
-66.692
-66.692
-66.692
-66.692
-66.692
-66.692
-66.692
-66.692
-66.692
-66.692
-66.692
-66.692
-66.692
-66.692
-66.692
-66.692
-66.7399
-66.7377
-66.7357
-66.734
-66.7324
-66.731
-66.7298
-66.7287
-66.7277
-66.7268
-66.7261
-66.7254
-66.7248
-66.7243
-66.7238
-66.7234
-66.7231
-66.7228
-66.7225
-66.7222
-66.722
-66.7218
-66.7216
-66.7215
-66.7213
-66.7212
-66.7211
-66.721
-66.7209
-66.7208
-66.7207
-66.7207
-66.7206
-66.7206
-66.7205
-66.7205
-66.7204
-66.7204
-66.7204
-66.7203
-66.7203
-66.7203
-66.7203
-66.7203
-66.7202
-66.7202
-66.7202
-66.7202
-66.7202
-66.7202
-66.7202
-66.7201
-66.7201
-66.7201
-66.7201
-66.7201
-66.7201
-66.7201
-66.7201
-66.7201
-66.7201
-66.7201
-66.7201
-66.7201
-66.7201
-66.7201
-66.7201
-66.7201
-66.7201
-66.7201
-66.7201
-66.7201
-66.7201
-66.7201
-66.7201
-66.7701
-66.7679
-66.7659
-66.764
-66.7624
-66.7609
-66.7596
-66.7584
-66.7574
-66.7564
-66.7556
-66.7548
-66.7542
-66.7535
-66.753
-66.7525
-66.7521
-66.7517
-66.7514
-66.751
-66.7508
-66.7505
-66.7503
-66.7501
-66.7499
-66.7497
-66.7496
-66.7495
-66.7493
-66.7492
-66.7491
-66.749
-66.749
-66.7489
-66.7488
-66.7487
-66.7487
-66.7486
-66.7486
-66.7486
-66.7485
-66.7485
-66.7484
-66.7484
-66.7484
-66.7484
-66.7483
-66.7483
-66.7483
-66.7483
-66.7483
-66.7482
-66.7482
-66.7482
-66.7482
-66.7482
-66.7482
-66.7482
-66.7482
-66.7482
-66.7482
-66.7481
-66.7481
-66.7481
-66.7481
-66.7481
-66.7481
-66.7481
-66.7481
-66.7481
-66.7481
-66.7481
-66.7481
-66.7481
-66.7481
-66.8001
-66.7978
-66.7958
-66.7939
-66.7922
-66.7907
-66.7893
-66.7881
-66.7869
-66.7859
-66.785
-66.7842
-66.7834
-66.7827
-66.7821
-66.7816
-66.7811
-66.7806
-66.7802
-66.7799
-66.7795
-66.7792
-66.7789
-66.7787
-66.7785
-66.7783
-66.7781
-66.7779
-66.7778
-66.7776
-66.7775
-66.7774
-66.7773
-66.7772
-66.7771
-66.777
-66.7769
-66.7769
-66.7768
-66.7768
-66.7767
-66.7767
-66.7766
-66.7766
-66.7765
-66.7765
-66.7765
-66.7764
-66.7764
-66.7764
-66.7764
-66.7763
-66.7763
-66.7763
-66.7763
-66.7763
-66.7763
-66.7763
-66.7762
-66.7762
-66.7762
-66.7762
-66.7762
-66.7762
-66.7762
-66.7762
-66.7762
-66.7762
-66.7762
-66.7762
-66.7762
-66.7762
-66.7762
-66.7762
-66.7762
-66.8299
-66.8276
-66.8256
-66.8237
-66.8219
-66.8204
-66.8189
-66.8176
-66.8164
-66.8153
-66.8143
-66.8134
-66.8126
-66.8118
-66.8112
-66.8106
-66.81
-66.8095
-66.809
-66.8086
-66.8082
-66.8079
-66.8076
-66.8073
-66.807
-66.8068
-66.8066
-66.8064
-66.8062
-66.806
-66.8059
-66.8057
-66.8056
-66.8055
-66.8054
-66.8053
-66.8052
-66.8051
-66.805
-66.805
-66.8049
-66.8048
-66.8048
-66.8047
-66.8047
-66.8046
-66.8046
-66.8046
-66.8045
-66.8045
-66.8045
-66.8044
-66.8044
-66.8044
-66.8044
-66.8044
-66.8043
-66.8043
-66.8043
-66.8043
-66.8043
-66.8043
-66.8043
-66.8043
-66.8043
-66.8042
-66.8042
-66.8042
-66.8042
-66.8042
-66.8042
-66.8042
-66.8042
-66.8042
-66.8042
-66.8595
-66.8573
-66.8552
-66.8533
-66.8515
-66.8499
-66.8484
-66.847
-66.8457
-66.8446
-66.8435
-66.8426
-66.8417
-66.8409
-66.8402
-66.8395
-66.8389
-66.8383
-66.8378
-66.8374
-66.8369
-66.8365
-66.8362
-66.8359
-66.8356
-66.8353
-66.835
-66.8348
-66.8346
-66.8344
-66.8342
-66.8341
-66.8339
-66.8338
-66.8336
-66.8335
-66.8334
-66.8333
-66.8332
-66.8332
-66.8331
-66.833
-66.8329
-66.8329
-66.8328
-66.8328
-66.8327
-66.8327
-66.8326
-66.8326
-66.8326
-66.8325
-66.8325
-66.8325
-66.8325
-66.8324
-66.8324
-66.8324
-66.8324
-66.8324
-66.8324
-66.8323
-66.8323
-66.8323
-66.8323
-66.8323
-66.8323
-66.8323
-66.8323
-66.8323
-66.8323
-66.8323
-66.8323
-66.8323
-66.8323
-66.889
-66.8867
-66.8846
-66.8827
-66.8809
-66.8792
-66.8777
-66.8763
-66.875
-66.8738
-66.8727
-66.8717
-66.8707
-66.8699
-66.8691
-66.8684
-66.8677
-66.8671
-66.8666
-66.866
-66.8656
-66.8651
-66.8648
-66.8644
-66.8641
-66.8638
-66.8635
-66.8632
-66.863
-66.8628
-66.8626
-66.8624
-66.8622
-66.862
-66.8619
-66.8618
-66.8617
-66.8615
-66.8614
-66.8613
-66.8613
-66.8612
-66.8611
-66.861
-66.861
-66.8609
-66.8609
-66.8608
-66.8608
-66.8607
-66.8607
-66.8606
-66.8606
-66.8606
-66.8605
-66.8605
-66.8605
-66.8605
-66.8605
-66.8604
-66.8604
-66.8604
-66.8604
-66.8604
-66.8604
-66.8604
-66.8604
-66.8603
-66.8603
-66.8603
-66.8603
-66.8603
-66.8603
-66.8603
-66.8603
-66.9183
-66.916
-66.9139
-66.912
-66.9102
-66.9085
-66.9069
-66.9055
-66.9041
-66.9029
-66.9017
-66.9007
-66.8997
-66.8988
-66.898
-66.8972
-66.8965
-66.8958
-66.8952
-66.8947
-66.8942
-66.8937
-66.8933
-66.8929
-66.8925
-66.8922
-66.8919
-66.8916
-66.8913
-66.8911
-66.8909
-66.8907
-66.8905
-66.8903
-66.8902
-66.89
-66.8899
-66.8897
-66.8896
-66.8895
-66.8894
-66.8893
-66.8892
-66.8892
-66.8891
-66.889
-66.889
-66.8889
-66.8889
-66.8888
-66.8888
-66.8887
-66.8887
-66.8887
-66.8886
-66.8886
-66.8886
-66.8885
-66.8885
-66.8885
-66.8885
-66.8885
-66.8885
-66.8884
-66.8884
-66.8884
-66.8884
-66.8884
-66.8884
-66.8884
-66.8884
-66.8884
-66.8884
-66.8884
-66.8884
-66.9474
-66.9452
-66.9431
-66.9412
-66.9393
-66.9376
-66.936
-66.9345
-66.9332
-66.9319
-66.9307
-66.9296
-66.9286
-66.9276
-66.9268
-66.926
-66.9252
-66.9245
-66.9239
-66.9233
-66.9228
-66.9223
-66.9218
-66.9214
-66.921
-66.9206
-66.9203
-66.92
-66.9197
-66.9194
-66.9192
-66.919
-66.9188
-66.9186
-66.9184
-66.9182
-66.9181
-66.9179
-66.9178
-66.9177
-66.9176
-66.9175
-66.9174
-66.9173
-66.9172
-66.9172
-66.9171
-66.917
-66.917
-66.9169
-66.9169
-66.9168
-66.9168
-66.9167
-66.9167
-66.9167
-66.9166
-66.9166
-66.9166
-66.9166
-66.9165
-66.9165
-66.9165
-66.9165
-66.9165
-66.9165
-66.9165
-66.9165
-66.9164
-66.9164
-66.9164
-66.9164
-66.9164
-66.9164
-66.9164
-66.9765
-66.9743
-66.9722
-66.9702
-66.9684
-66.9667
-66.965
-66.9635
-66.9621
-66.9608
-66.9596
-66.9584
-66.9574
-66.9564
-66.9555
-66.9547
-66.9539
-66.9532
-66.9525
-66.9519
-66.9513
-66.9508
-66.9503
-66.9498
-66.9494
-66.949
-66.9487
-66.9483
-66.948
-66.9477
-66.9475
-66.9472
-66.947
-66.9468
-66.9466
-66.9464
-66.9463
-66.9461
-66.946
-66.9459
-66.9457
-66.9456
-66.9455
-66.9454
-66.9453
-66.9453
-66.9452
-66.9451
-66.9451
-66.945
-66.945
-66.9449
-66.9449
-66.9448
-66.9448
-66.9447
-66.9447
-66.9447
-66.9447
-66.9446
-66.9446
-66.9446
-66.9446
-66.9446
-66.9445
-66.9445
-66.9445
-66.9445
-66.9445
-66.9445
-66.9445
-66.9445
-66.9445
-66.9445
-66.9445
-67.0054
-67.0032
-67.0011
-66.9992
-66.9973
-66.9956
-66.9939
-66.9924
-66.991
-66.9896
-66.9884
-66.9872
-66.9861
-66.9851
-66.9842
-66.9833
-66.9825
-66.9817
-66.981
-66.9804
-66.9798
-66.9792
-66.9787
-66.9782
-66.9778
-66.9774
-66.977
-66.9766
-66.9763
-66.976
-66.9757
-66.9755
-66.9752
-66.975
-66.9748
-66.9746
-66.9745
-66.9743
-66.9741
-66.974
-66.9739
-66.9738
-66.9737
-66.9736
-66.9735
-66.9734
-66.9733
-66.9732
-66.9732
-66.9731
-66.973
-66.973
-66.9729
-66.9729
-66.9729
-66.9728
-66.9728
-66.9727
-66.9727
-66.9727
-66.9727
-66.9726
-66.9726
-66.9726
-66.9726
-66.9726
-66.9726
-66.9726
-66.9725
-66.9725
-66.9725
-66.9725
-66.9725
-66.9725
-66.9725
-67.0342
-67.032
-67.03
-67.028
-67.0261
-67.0244
-67.0227
-67.0212
-67.0197
-67.0184
-67.0171
-67.0159
-67.0148
-67.0137
-67.0128
-67.0119
-67.011
-67.0103
-67.0095
-67.0089
-67.0082
-67.0076
-67.0071
-67.0066
-67.0061
-67.0057
-67.0053
-67.0049
-67.0046
-67.0043
-67.004
-67.0037
-67.0035
-67.0032
-67.003
-67.0028
-67.0026
-67.0025
-67.0023
-67.0022
-67.002
-67.0019
-67.0018
-67.0017
-67.0016
-67.0015
-67.0014
-67.0013
-67.0012
-67.0012
-67.0011
-67.0011
-67.001
-67.001
-67.0009
-67.0009
-67.0008
-67.0008
-67.0008
-67.0008
-67.0007
-67.0007
-67.0007
-67.0007
-67.0006
-67.0006
-67.0006
-67.0006
-67.0006
-67.0006
-67.0006
-67.0006
-67.0006
-67.0006
-67.0006
-67.0629
-67.0607
-67.0587
-67.0567
-67.0549
-67.0531
-67.0514
-67.0499
-67.0484
-67.047
-67.0457
-67.0445
-67.0434
-67.0423
-67.0413
-67.0404
-67.0395
-67.0387
-67.038
-67.0373
-67.0366
-67.036
-67.0355
-67.0349
-67.0345
-67.034
-67.0336
-67.0332
-67.0328
-67.0325
-67.0322
-67.0319
-67.0317
-67.0314
-67.0312
-67.031
-67.0308
-67.0306
-67.0304
-67.0303
-67.0301
-67.03
-67.0299
-67.0298
-67.0297
-67.0296
-67.0295
-67.0294
-67.0293
-67.0293
-67.0292
-67.0291
-67.0291
-67.029
-67.029
-67.0289
-67.0289
-67.0289
-67.0288
-67.0288
-67.0288
-67.0288
-67.0287
-67.0287
-67.0287
-67.0287
-67.0287
-67.0287
-67.0286
-67.0286
-67.0286
-67.0286
-67.0286
-67.0286
-67.0286
-67.0915
-67.0894
-67.0873
-67.0854
-67.0835
-67.0817
-67.0801
-67.0785
-67.077
-67.0756
-67.0743
-67.0731
-67.0719
-67.0708
-67.0698
-67.0689
-67.068
-67.0671
-67.0664
-67.0656
-67.065
-67.0644
-67.0638
-67.0632
-67.0627
-67.0623
-67.0618
-67.0614
-67.0611
-67.0607
-67.0604
-67.0601
-67.0598
-67.0596
-67.0593
-67.0591
-67.0589
-67.0587
-67.0586
-67.0584
-67.0583
-67.0581
-67.058
-67.0579
-67.0578
-67.0577
-67.0576
-67.0575
-67.0574
-67.0573
-67.0573
-67.0572
-67.0571
-67.0571
-67.057
-67.057
-67.057
-67.0569
-67.0569
-67.0569
-67.0568
-67.0568
-67.0568
-67.0568
-67.0567
-67.0567
-67.0567
-67.0567
-67.0567
-67.0567
-67.0567
-67.0567
-67.0567
-67.0567
-67.0567
-67.12
-67.1179
-67.1158
-67.1139
-67.112
-67.1103
-67.1086
-67.107
-67.1055
-67.1041
-67.1028
-67.1015
-67.1003
-67.0992
-67.0982
-67.0972
-67.0963
-67.0955
-67.0947
-67.094
-67.0933
-67.0927
-67.0921
-67.0915
-67.091
-67.0905
-67.0901
-67.0897
-67.0893
-67.0889
-67.0886
-67.0883
-67.088
-67.0877
-67.0875
-67.0873
-67.0871
-67.0869
-67.0867
-67.0865
-67.0864
-67.0862
-67.0861
-67.086
-67.0859
-67.0857
-67.0857
-67.0856
-67.0855
-67.0854
-67.0853
-67.0853
-67.0852
-67.0852
-67.0851
-67.0851
-67.085
-67.085
-67.0849
-67.0849
-67.0849
-67.0849
-67.0848
-67.0848
-67.0848
-67.0848
-67.0848
-67.0847
-67.0847
-67.0847
-67.0847
-67.0847
-67.0847
-67.0847
-67.0847
-67.1485
-67.1463
-67.1443
-67.1423
-67.1405
-67.1387
-67.137
-67.1354
-67.1339
-67.1325
-67.1312
-67.1299
-67.1287
-67.1276
-67.1266
-67.1256
-67.1247
-67.1238
-67.123
-67.1223
-67.1216
-67.1209
-67.1203
-67.1197
-67.1192
-67.1187
-67.1183
-67.1178
-67.1174
-67.1171
-67.1167
-67.1164
-67.1161
-67.1159
-67.1156
-67.1154
-67.1152
-67.115
-67.1148
-67.1146
-67.1145
-67.1143
-67.1142
-67.114
-67.1139
-67.1138
-67.1137
-67.1136
-67.1135
-67.1135
-67.1134
-67.1133
-67.1133
-67.1132
-67.1132
-67.1131
-67.1131
-67.113
-67.113
-67.113
-67.1129
-67.1129
-67.1129
-67.1129
-67.1128
-67.1128
-67.1128
-67.1128
-67.1128
-67.1128
-67.1128
-67.1127
-67.1127
-67.1127
-67.1127
-67.1768
-67.1747
-67.1726
-67.1707
-67.1688
-67.1671
-67.1654
-67.1638
-67.1623
-67.1608
-67.1595
-67.1582
-67.157
-67.1559
-67.1548
-67.1538
-67.1529
-67.1521
-67.1512
-67.1505
-67.1498
-67.1491
-67.1485
-67.1479
-67.1474
-67.1469
-67.1464
-67.146
-67.1456
-67.1452
-67.1449
-67.1445
-67.1443
-67.144
-67.1437
-67.1435
-67.1433
-67.1431
-67.1429
-67.1427
-67.1425
-67.1424
-67.1422
-67.1421
-67.142
-67.1419
-67.1418
-67.1417
-67.1416
-67.1415
-67.1415
-67.1414
-67.1413
-67.1413
-67.1412
-67.1412
-67.1411
-67.1411
-67.141
-67.141
-67.141
-67.1409
-67.1409
-67.1409
-67.1409
-67.1409
-67.1408
-67.1408
-67.1408
-67.1408
-67.1408
-67.1408
-67.1408
-67.1408
-67.1408
-67.2051
-67.2029
-67.2009
-67.199
-67.1971
-67.1953
-67.1936
-67.192
-67.1905
-67.1891
-67.1877
-67.1865
-67.1853
-67.1841
-67.1831
-67.1821
-67.1811
-67.1802
-67.1794
-67.1787
-67.1779
-67.1773
-67.1766
-67.1761
-67.1755
-67.175
-67.1745
-67.1741
-67.1737
-67.1733
-67.173
-67.1726
-67.1723
-67.1721
-67.1718
-67.1716
-67.1713
-67.1711
-67.1709
-67.1708
-67.1706
-67.1704
-67.1703
-67.1702
-67.1701
-67.1699
-67.1698
-67.1697
-67.1697
-67.1696
-67.1695
-67.1694
-67.1694
-67.1693
-67.1693
-67.1692
-67.1692
-67.1691
-67.1691
-67.169
-67.169
-67.169
-67.169
-67.1689
-67.1689
-67.1689
-67.1689
-67.1689
-67.1688
-67.1688
-67.1688
-67.1688
-67.1688
-67.1688
-67.1688
-67.2332
-67.2311
-67.2291
-67.2271
-67.2253
-67.2235
-67.2218
-67.2202
-67.2187
-67.2173
-67.2159
-67.2146
-67.2134
-67.2123
-67.2112
-67.2102
-67.2093
-67.2084
-67.2076
-67.2068
-67.2061
-67.2054
-67.2048
-67.2042
-67.2036
-67.2031
-67.2026
-67.2022
-67.2018
-67.2014
-67.2011
-67.2007
-67.2004
-67.2001
-67.1999
-67.1996
-67.1994
-67.1992
-67.199
-67.1988
-67.1987
-67.1985
-67.1984
-67.1982
-67.1981
-67.198
-67.1979
-67.1978
-67.1977
-67.1976
-67.1975
-67.1975
-67.1974
-67.1973
-67.1973
-67.1972
-67.1972
-67.1972
-67.1971
-67.1971
-67.197
-67.197
-67.197
-67.197
-67.1969
-67.1969
-67.1969
-67.1969
-67.1969
-67.1969
-67.1969
-67.1969
-67.1969
-67.1968
-67.1968
-67.2613
-67.2592
-67.2572
-67.2552
-67.2534
-67.2516
-67.2499
-67.2483
-67.2468
-67.2454
-67.244
-67.2427
-67.2415
-67.2404
-67.2393
-67.2383
-67.2373
-67.2365
-67.2356
-67.2349
-67.2341
-67.2335
-67.2328
-67.2322
-67.2317
-67.2312
-67.2307
-67.2303
-67.2298
-67.2295
-67.2291
-67.2288
-67.2285
-67.2282
-67.2279
-67.2277
-67.2275
-67.2272
-67.227
-67.2269
-67.2267
-67.2265
-67.2264
-67.2263
-67.2261
-67.226
-67.2259
-67.2258
-67.2257
-67.2257
-67.2256
-67.2255
-67.2254
-67.2254
-67.2253
-67.2253
-67.2252
-67.2252
-67.2252
-67.2251
-67.2251
-67.2251
-67.225
-67.225
-67.225
-67.225
-67.2249
-67.2249
-67.2249
-67.2249
-67.2249
-67.2249
-67.2249
-67.2249
-67.2249
)
;

boundaryField
{
    leftWall
    {
        type            calculated;
        value           nonuniform List<scalar> 0();
    }
    rightWall
    {
        type            calculated;
        value           nonuniform List<scalar> 
40
(
-66.1311
-66.1591
-66.1871
-66.2152
-66.2432
-66.2712
-66.2993
-66.3273
-66.3554
-66.3834
-66.4115
-66.4395
-66.4676
-66.4956
-66.5237
-66.5517
-66.5798
-66.6078
-66.6359
-66.6639
-66.692
-66.7201
-66.7481
-66.7762
-66.8042
-66.8323
-66.8603
-66.8884
-66.9164
-66.9445
-66.9725
-67.0006
-67.0286
-67.0567
-67.0847
-67.1127
-67.1408
-67.1688
-67.1968
-67.2249
)
;
    }
    lowerWall
    {
        type            calculated;
        value           nonuniform List<scalar> 
75
(
-66.0431
-66.0512
-66.0582
-66.0643
-66.0696
-66.0742
-66.0784
-66.082
-66.0853
-66.0882
-66.0908
-66.0931
-66.0952
-66.0971
-66.0989
-66.1004
-66.1018
-66.1031
-66.1043
-66.1054
-66.1063
-66.1072
-66.108
-66.1088
-66.1095
-66.1101
-66.1107
-66.1112
-66.1117
-66.1121
-66.1125
-66.1129
-66.1132
-66.1136
-66.1139
-66.1141
-66.1144
-66.1146
-66.1148
-66.115
-66.1152
-66.1153
-66.1155
-66.1156
-66.1158
-66.1159
-66.116
-66.1161
-66.1162
-66.1163
-66.1163
-66.1164
-66.1165
-66.1165
-66.1166
-66.1167
-66.1167
-66.1167
-66.1168
-66.1168
-66.1168
-66.1169
-66.1169
-66.1169
-66.1169
-66.117
-66.117
-66.117
-66.117
-66.117
-66.117
-66.117
-66.117
-66.117
-66.117
)
;
    }
    atmosphere
    {
        type            calculated;
        value           nonuniform List<scalar> 
75
(
-67.2754
-67.2732
-67.2712
-67.2693
-67.2674
-67.2656
-67.2639
-67.2623
-67.2608
-67.2594
-67.258
-67.2567
-67.2555
-67.2544
-67.2533
-67.2523
-67.2514
-67.2505
-67.2497
-67.2489
-67.2482
-67.2475
-67.2468
-67.2463
-67.2457
-67.2452
-67.2447
-67.2443
-67.2439
-67.2435
-67.2431
-67.2428
-67.2425
-67.2422
-67.2419
-67.2417
-67.2415
-67.2413
-67.2411
-67.2409
-67.2407
-67.2406
-67.2404
-67.2403
-67.2402
-67.24
-67.2399
-67.2398
-67.2398
-67.2397
-67.2396
-67.2395
-67.2395
-67.2394
-67.2393
-67.2393
-67.2392
-67.2392
-67.2392
-67.2391
-67.2391
-67.2391
-67.239
-67.239
-67.239
-67.239
-67.239
-67.2389
-67.2389
-67.2389
-67.2389
-67.2389
-67.2389
-67.2389
-67.2389
)
;
    }
    defaultFaces
    {
        type            empty;
    }
    procBoundary3to2
    {
        type            processor;
        value           nonuniform List<scalar> 
40
(
-66.0476
-66.0775
-66.1091
-66.1421
-66.1763
-66.2112
-66.2466
-66.2821
-66.3175
-66.3527
-66.3875
-66.4219
-66.4559
-66.4893
-66.5223
-66.5548
-66.587
-66.6187
-66.6501
-66.6811
-66.7118
-66.7423
-66.7725
-66.8025
-66.8323
-66.8619
-66.8914
-66.9206
-66.9498
-66.9788
-67.0077
-67.0365
-67.0652
-67.0938
-67.1223
-67.1507
-67.179
-67.2073
-67.2354
-67.2635
)
;
    }
}


// ************************************************************************* //
