/*--------------------------------*- C++ -*----------------------------------*\
| =========                 |                                                 |
| \\      /  F ield         | OpenFOAM: The Open Source CFD Toolbox           |
|  \\    /   O peration     | Version:  2606                                  |
|   \\  /    A nd           | Website:  www.openfoam.com                      |
|    \\/     M anipulation  |                                                 |
\*---------------------------------------------------------------------------*/
FoamFile
{
    version     2.0;
    format      ascii;
    arch        "LSB;label=32;scalar=64";
    class       volScalarField;
    location    "0.4";
    object      p_rgh;
}
// * * * * * * * * * * * * * * * * * * * * * * * * * * * * * * * * * * * * * //

dimensions      [1 -1 -2 0 0 0 0];

internalField   nonuniform List<scalar> 
3000
(
-38.5498
-38.6315
-38.7674
-39.0276
-39.4421
-40.0184
-40.7367
-41.5436
-42.3609
-43.1115
-43.7684
-44.3864
-45.0491
-45.7113
-46.1381
-46.2531
-46.2722
-46.3022
-46.3323
-46.3523
-46.37
-46.3849
-46.3969
-46.406
-46.4165
-46.4811
-46.5505
-46.7937
-47.3578
-48.592
-49.1926
-48.6615
-46.6478
-48.1738
-67.0944
-80.4187
-80.4136
-79.7601
-79.6123
-79.695
-79.837
-79.9495
-80.0282
-80.085
-80.1273
-80.1597
-80.185
-80.2053
-80.2219
-80.2356
-80.2471
-80.2569
-80.2653
-80.2726
-80.2789
-80.2844
-80.2892
-80.2935
-80.2973
-80.3007
-80.3037
-80.3064
-80.3089
-80.3111
-80.3131
-80.3149
-80.3165
-80.318
-80.3193
-80.3205
-80.3217
-80.3227
-80.3236
-80.3245
-80.3253
-67.4035
-67.5499
-67.8062
-68.3027
-69.0684
-70.097
-71.3091
-72.5833
-73.7951
-74.8539
-75.7224
-76.4102
-76.9538
-77.3955
-77.7637
-78.0638
-78.2843
-78.4159
-78.4866
-78.5239
-78.5482
-78.5738
-78.6107
-78.6715
-78.7859
-79.0566
-79.4693
-80.0696
-80.3321
-80.3791
-80.4955
-80.5824
-80.6262
-80.7455
-81.0394
-80.7838
-80.6524
-80.2946
-79.9643
-79.8913
-79.9424
-80.0058
-80.0601
-80.1043
-80.1396
-80.1679
-80.1908
-80.2095
-80.225
-80.238
-80.249
-80.2584
-80.2665
-80.2736
-80.2797
-80.285
-80.2898
-80.294
-80.2977
-80.301
-80.304
-80.3067
-80.3091
-80.3113
-80.3132
-80.315
-80.3166
-80.3181
-80.3194
-80.3206
-80.3218
-80.3228
-80.3237
-80.3245
-80.3253
-80.5025
-80.508
-80.5136
-80.519
-80.5241
-80.5288
-80.5329
-80.5363
-80.5386
-80.5397
-80.5397
-80.5395
-80.5387
-80.5369
-80.5343
-80.532
-80.5318
-80.5353
-80.543
-80.552
-80.5596
-80.5651
-80.5714
-80.5844
-80.6042
-80.6208
-80.5965
-80.5689
-80.5192
-80.4786
-80.5202
-80.584
-80.6287
-80.7066
-80.8781
-81.0565
-80.9317
-80.5568
-80.2328
-80.0977
-80.0704
-80.0834
-80.1088
-80.1359
-80.1608
-80.1826
-80.2014
-80.2173
-80.2309
-80.2426
-80.2526
-80.2613
-80.2689
-80.2755
-80.2813
-80.2864
-80.2909
-80.295
-80.2986
-80.3018
-80.3047
-80.3073
-80.3096
-80.3117
-80.3136
-80.3154
-80.3169
-80.3184
-80.3197
-80.3209
-80.322
-80.3229
-80.3239
-80.3247
-80.3255
-80.5015
-80.5069
-80.5123
-80.5176
-80.5227
-80.5275
-80.5319
-80.5356
-80.5385
-80.5405
-80.5419
-80.5411
-80.5396
-80.5373
-80.5346
-80.5327
-80.5336
-80.5394
-80.548
-80.5581
-80.568
-80.5776
-80.588
-80.5994
-80.6128
-80.6148
-80.6009
-80.5817
-80.5735
-80.579
-80.6018
-80.6352
-80.6793
-80.7484
-80.8296
-80.8695
-80.767
-80.5446
-80.3392
-80.2196
-80.1687
-80.1552
-80.1596
-80.1718
-80.1865
-80.2014
-80.2153
-80.2279
-80.2391
-80.249
-80.2577
-80.2655
-80.2723
-80.2783
-80.2836
-80.2884
-80.2926
-80.2964
-80.2998
-80.3028
-80.3056
-80.3081
-80.3103
-80.3123
-80.3142
-80.3159
-80.3174
-80.3188
-80.32
-80.3212
-80.3222
-80.3232
-80.3241
-80.3249
-80.3256
-80.502
-80.5067
-80.5115
-80.5163
-80.5207
-80.5249
-80.5286
-80.5317
-80.534
-80.5354
-80.5354
-80.5362
-80.5359
-80.5347
-80.5329
-80.5316
-80.5322
-80.5366
-80.5425
-80.5491
-80.5554
-80.5616
-80.569
-80.5793
-80.5911
-80.595
-80.5891
-80.5798
-80.5762
-80.5808
-80.5944
-80.616
-80.6461
-80.684
-80.7122
-80.7001
-80.6199
-80.491
-80.3693
-80.2848
-80.2357
-80.2122
-80.2048
-80.2066
-80.2131
-80.2217
-80.231
-80.2401
-80.2487
-80.2567
-80.264
-80.2706
-80.2765
-80.2818
-80.2866
-80.2909
-80.2948
-80.2982
-80.3014
-80.3042
-80.3068
-80.3091
-80.3113
-80.3132
-80.3149
-80.3165
-80.318
-80.3193
-80.3205
-80.3216
-80.3226
-80.3236
-80.3244
-80.3252
-80.3259
-80.5014
-80.5055
-80.5098
-80.5139
-80.5178
-80.5215
-80.5248
-80.5278
-80.5302
-80.5324
-80.5339
-80.5339
-80.5337
-80.5332
-80.5328
-80.533
-80.5346
-80.538
-80.5425
-80.5474
-80.5523
-80.5572
-80.5626
-80.5691
-80.5753
-80.5777
-80.576
-80.5727
-80.5718
-80.5751
-80.5834
-80.596
-80.6114
-80.6256
-80.6277
-80.6031
-80.5442
-80.4637
-80.3851
-80.3235
-80.281
-80.2554
-80.2423
-80.2376
-80.2382
-80.2418
-80.2471
-80.2531
-80.2593
-80.2653
-80.271
-80.2764
-80.2814
-80.2859
-80.2901
-80.2939
-80.2973
-80.3004
-80.3033
-80.3059
-80.3083
-80.3104
-80.3124
-80.3142
-80.3158
-80.3173
-80.3187
-80.3199
-80.3211
-80.3221
-80.3231
-80.324
-80.3248
-80.3255
-80.3262
-80.5003
-80.5039
-80.5075
-80.5111
-80.5144
-80.5176
-80.5204
-80.5229
-80.5247
-80.5255
-80.5271
-80.5283
-80.529
-80.5293
-80.5297
-80.5306
-80.5324
-80.5352
-80.5388
-80.5427
-80.5467
-80.5508
-80.555
-80.5593
-80.5627
-80.5644
-80.5642
-80.5634
-80.5636
-80.5658
-80.5703
-80.5763
-80.582
-80.5835
-80.5747
-80.5494
-80.5057
-80.4504
-80.395
-80.3478
-80.3123
-80.2877
-80.2723
-80.2641
-80.2607
-80.2607
-80.2628
-80.2661
-80.27
-80.2743
-80.2785
-80.2827
-80.2867
-80.2904
-80.2939
-80.2972
-80.3002
-80.3029
-80.3055
-80.3078
-80.31
-80.3119
-80.3137
-80.3154
-80.3169
-80.3182
-80.3195
-80.3207
-80.3218
-80.3227
-80.3236
-80.3245
-80.3252
-80.3259
-80.3266
-80.4995
-80.5026
-80.5057
-80.5089
-80.5118
-80.5146
-80.5172
-80.5194
-80.5214
-80.5233
-80.524
-80.5248
-80.5256
-80.5262
-80.527
-80.5282
-80.5298
-80.5321
-80.5348
-80.5379
-80.541
-80.5442
-80.5473
-80.5502
-80.5524
-80.5535
-80.5537
-80.5534
-80.5535
-80.5543
-80.5557
-80.557
-80.5565
-80.5516
-80.5388
-80.5156
-80.4818
-80.4414
-80.4003
-80.3634
-80.3344
-80.3118
-80.2961
-80.2861
-80.2804
-80.2778
-80.2775
-80.2786
-80.2807
-80.2833
-80.2862
-80.2892
-80.2923
-80.2952
-80.2981
-80.3008
-80.3033
-80.3057
-80.3079
-80.3099
-80.3118
-80.3136
-80.3152
-80.3167
-80.318
-80.3193
-80.3205
-80.3215
-80.3225
-80.3234
-80.3243
-80.325
-80.3258
-80.3264
-80.327
-80.4984
-80.5011
-80.5039
-80.5066
-80.5092
-80.5117
-80.514
-80.516
-80.5178
-80.5193
-80.5205
-80.5215
-80.5223
-80.5232
-80.5241
-80.5253
-80.5268
-80.5286
-80.5308
-80.5331
-80.5355
-80.5378
-80.54
-80.5419
-80.5432
-80.5438
-80.5438
-80.5433
-80.5427
-80.542
-80.5411
-80.5391
-80.535
-80.5269
-80.5132
-80.4926
-80.4657
-80.4349
-80.4034
-80.3743
-80.3496
-80.3298
-80.3148
-80.3042
-80.2971
-80.2929
-80.2908
-80.2903
-80.2908
-80.2921
-80.2938
-80.2958
-80.298
-80.3002
-80.3024
-80.3046
-80.3066
-80.3086
-80.3105
-80.3122
-80.3138
-80.3154
-80.3168
-80.3181
-80.3193
-80.3204
-80.3215
-80.3225
-80.3234
-80.3242
-80.325
-80.3257
-80.3263
-80.3269
-80.3275
-80.4973
-80.4998
-80.5022
-80.5046
-80.5069
-80.5091
-80.5112
-80.513
-80.5146
-80.516
-80.5172
-80.5183
-80.5192
-80.5201
-80.5211
-80.5222
-80.5234
-80.5249
-80.5266
-80.5283
-80.53
-80.5317
-80.5331
-80.5342
-80.5348
-80.5349
-80.5344
-80.5335
-80.5321
-80.5302
-80.5276
-80.5236
-80.5174
-80.5081
-80.4946
-80.4767
-80.4547
-80.4303
-80.4053
-80.3817
-80.3609
-80.3434
-80.3295
-80.3189
-80.3113
-80.3061
-80.3028
-80.301
-80.3004
-80.3005
-80.3012
-80.3023
-80.3037
-80.3052
-80.3068
-80.3085
-80.3101
-80.3116
-80.3131
-80.3146
-80.316
-80.3173
-80.3185
-80.3196
-80.3207
-80.3217
-80.3226
-80.3235
-80.3243
-80.325
-80.3257
-80.3264
-80.3269
-80.3275
-80.328
-80.4962
-80.4984
-80.5006
-80.5027
-80.5048
-80.5067
-80.5085
-80.5102
-80.5117
-80.513
-80.5141
-80.5151
-80.5161
-80.517
-80.5179
-80.5188
-80.5199
-80.5211
-80.5223
-80.5235
-80.5247
-80.5257
-80.5265
-80.527
-80.5271
-80.5266
-80.5257
-80.5242
-80.5221
-80.5193
-80.5155
-80.5103
-80.5032
-80.4936
-80.4809
-80.4652
-80.4469
-80.4269
-80.4065
-80.387
-80.3693
-80.3539
-80.3412
-80.331
-80.3232
-80.3175
-80.3134
-80.3107
-80.3091
-80.3084
-80.3083
-80.3086
-80.3093
-80.3102
-80.3112
-80.3124
-80.3135
-80.3147
-80.3159
-80.3171
-80.3182
-80.3193
-80.3203
-80.3212
-80.3221
-80.323
-80.3238
-80.3246
-80.3253
-80.3259
-80.3265
-80.3271
-80.3276
-80.3281
-80.3286
-80.495
-80.497
-80.499
-80.5009
-80.5027
-80.5044
-80.506
-80.5075
-80.5089
-80.5101
-80.5112
-80.5121
-80.513
-80.5138
-80.5146
-80.5154
-80.5163
-80.5171
-80.518
-80.5188
-80.5195
-80.52
-80.5203
-80.5203
-80.5198
-80.5189
-80.5175
-80.5155
-80.5128
-80.5093
-80.5049
-80.4991
-80.4916
-80.4821
-80.4705
-80.4567
-80.4411
-80.4244
-80.4074
-80.3909
-80.3757
-80.3621
-80.3505
-80.3409
-80.3333
-80.3272
-80.3227
-80.3194
-80.3172
-80.3157
-80.3149
-80.3146
-80.3147
-80.315
-80.3156
-80.3163
-80.317
-80.3179
-80.3187
-80.3196
-80.3205
-80.3213
-80.3221
-80.3229
-80.3236
-80.3244
-80.325
-80.3257
-80.3263
-80.3268
-80.3274
-80.3279
-80.3283
-80.3288
-80.3292
-80.4939
-80.4957
-80.4974
-80.4991
-80.5007
-80.5023
-80.5037
-80.505
-80.5063
-80.5074
-80.5083
-80.5092
-80.51
-80.5107
-80.5114
-80.512
-80.5126
-80.5132
-80.5138
-80.5142
-80.5145
-80.5146
-80.5145
-80.514
-80.5131
-80.5118
-80.5099
-80.5075
-80.5044
-80.5005
-80.4956
-80.4895
-80.4821
-80.473
-80.4624
-80.4501
-80.4367
-80.4224
-80.4079
-80.3939
-80.3806
-80.3686
-80.3581
-80.3491
-80.3417
-80.3356
-80.3308
-80.3272
-80.3244
-80.3224
-80.3211
-80.3202
-80.3198
-80.3197
-80.3198
-80.3201
-80.3205
-80.321
-80.3215
-80.3221
-80.3227
-80.3234
-80.324
-80.3246
-80.3252
-80.3258
-80.3263
-80.3268
-80.3273
-80.3278
-80.3282
-80.3287
-80.3291
-80.3294
-80.3298
-80.4927
-80.4943
-80.4959
-80.4974
-80.4989
-80.5002
-80.5015
-80.5027
-80.5038
-80.5047
-80.5056
-80.5064
-80.507
-80.5076
-80.5082
-80.5086
-80.5091
-80.5094
-80.5096
-80.5098
-80.5097
-80.5095
-80.5089
-80.5081
-80.5069
-80.5052
-80.503
-80.5002
-80.4968
-80.4926
-80.4876
-80.4814
-80.4742
-80.4657
-80.4559
-80.445
-80.4332
-80.4209
-80.4084
-80.3962
-80.3846
-80.3739
-80.3643
-80.3559
-80.3488
-80.3428
-80.3379
-80.334
-80.3309
-80.3286
-80.3268
-80.3255
-80.3246
-80.3241
-80.3238
-80.3237
-80.3238
-80.324
-80.3243
-80.3246
-80.325
-80.3255
-80.3259
-80.3263
-80.3268
-80.3272
-80.3276
-80.328
-80.3284
-80.3288
-80.3292
-80.3295
-80.3298
-80.3301
-80.3304
-80.4916
-80.493
-80.4944
-80.4958
-80.4971
-80.4983
-80.4994
-80.5005
-80.5014
-80.5022
-80.503
-80.5036
-80.5042
-80.5047
-80.505
-80.5053
-80.5056
-80.5057
-80.5057
-80.5055
-80.5052
-80.5046
-80.5038
-80.5026
-80.5011
-80.4991
-80.4967
-80.4937
-80.49
-80.4857
-80.4806
-80.4746
-80.4676
-80.4597
-80.4507
-80.441
-80.4305
-80.4197
-80.4087
-80.398
-80.3877
-80.3781
-80.3694
-80.3616
-80.3548
-80.349
-80.3441
-80.3401
-80.3367
-80.3341
-80.332
-80.3304
-80.3292
-80.3283
-80.3277
-80.3273
-80.3271
-80.327
-80.327
-80.3271
-80.3273
-80.3275
-80.3278
-80.3281
-80.3283
-80.3286
-80.3289
-80.3292
-80.3295
-80.3298
-80.3301
-80.3303
-80.3306
-80.3308
-80.3311
-80.4905
-80.4918
-80.493
-80.4942
-80.4954
-80.4964
-80.4974
-80.4983
-80.4991
-80.4999
-80.5005
-80.501
-80.5014
-80.5018
-80.502
-80.5021
-80.5022
-80.5021
-80.5019
-80.5015
-80.5009
-80.5
-80.4989
-80.4975
-80.4957
-80.4936
-80.4909
-80.4877
-80.484
-80.4796
-80.4745
-80.4687
-80.4621
-80.4547
-80.4465
-80.4377
-80.4283
-80.4187
-80.409
-80.3994
-80.3902
-80.3816
-80.3736
-80.3664
-80.36
-80.3544
-80.3495
-80.3454
-80.342
-80.3391
-80.3368
-80.3349
-80.3334
-80.3322
-80.3313
-80.3307
-80.3302
-80.3299
-80.3297
-80.3296
-80.3295
-80.3296
-80.3297
-80.3298
-80.3299
-80.3301
-80.3303
-80.3305
-80.3306
-80.3308
-80.331
-80.3312
-80.3314
-80.3316
-80.3317
-80.4894
-80.4905
-80.4916
-80.4927
-80.4937
-80.4946
-80.4955
-80.4963
-80.497
-80.4976
-80.4981
-80.4985
-80.4988
-80.499
-80.4991
-80.4991
-80.4989
-80.4986
-80.4982
-80.4976
-80.4968
-80.4958
-80.4944
-80.4928
-80.4909
-80.4885
-80.4857
-80.4824
-80.4786
-80.4743
-80.4693
-80.4637
-80.4574
-80.4505
-80.443
-80.4349
-80.4265
-80.4179
-80.4092
-80.4006
-80.3923
-80.3845
-80.3771
-80.3704
-80.3644
-80.359
-80.3542
-80.3501
-80.3466
-80.3436
-80.3411
-80.339
-80.3373
-80.3359
-80.3348
-80.3339
-80.3332
-80.3326
-80.3322
-80.3319
-80.3317
-80.3316
-80.3315
-80.3315
-80.3315
-80.3315
-80.3316
-80.3317
-80.3318
-80.3319
-80.332
-80.3321
-80.3322
-80.3323
-80.3324
-80.4883
-80.4894
-80.4903
-80.4913
-80.4921
-80.4929
-80.4937
-80.4943
-80.4949
-80.4954
-80.4958
-80.4961
-80.4962
-80.4963
-80.4963
-80.4961
-80.4958
-80.4954
-80.4948
-80.494
-80.493
-80.4918
-80.4903
-80.4885
-80.4864
-80.4839
-80.481
-80.4777
-80.4739
-80.4696
-80.4647
-80.4593
-80.4534
-80.4469
-80.44
-80.4327
-80.425
-80.4172
-80.4094
-80.4016
-80.3941
-80.3869
-80.3801
-80.3738
-80.3681
-80.363
-80.3584
-80.3543
-80.3508
-80.3477
-80.3451
-80.3428
-80.3409
-80.3393
-80.338
-80.3369
-80.336
-80.3353
-80.3347
-80.3342
-80.3338
-80.3335
-80.3333
-80.3331
-80.333
-80.3329
-80.3329
-80.3329
-80.3329
-80.3329
-80.3329
-80.3329
-80.333
-80.333
-80.3331
-80.4873
-80.4882
-80.4891
-80.4899
-80.4906
-80.4913
-80.4919
-80.4925
-80.4929
-80.4933
-80.4936
-80.4937
-80.4938
-80.4938
-80.4936
-80.4933
-80.4929
-80.4923
-80.4915
-80.4906
-80.4894
-80.488
-80.4864
-80.4845
-80.4823
-80.4797
-80.4767
-80.4734
-80.4696
-80.4654
-80.4607
-80.4556
-80.45
-80.4439
-80.4375
-80.4308
-80.4238
-80.4167
-80.4095
-80.4024
-80.3955
-80.3889
-80.3826
-80.3768
-80.3714
-80.3664
-80.362
-80.358
-80.3545
-80.3514
-80.3486
-80.3463
-80.3442
-80.3425
-80.341
-80.3397
-80.3387
-80.3377
-80.337
-80.3364
-80.3358
-80.3354
-80.335
-80.3347
-80.3345
-80.3343
-80.3342
-80.3341
-80.334
-80.3339
-80.3338
-80.3338
-80.3338
-80.3338
-80.3338
-80.4863
-80.4871
-80.4878
-80.4886
-80.4892
-80.4898
-80.4903
-80.4907
-80.4911
-80.4913
-80.4915
-80.4915
-80.4915
-80.4913
-80.491
-80.4906
-80.4901
-80.4893
-80.4884
-80.4874
-80.4861
-80.4846
-80.4828
-80.4808
-80.4785
-80.4759
-80.4729
-80.4696
-80.4658
-80.4617
-80.4572
-80.4523
-80.447
-80.4413
-80.4354
-80.4291
-80.4227
-80.4162
-80.4096
-80.4031
-80.3967
-80.3906
-80.3848
-80.3793
-80.3742
-80.3695
-80.3652
-80.3613
-80.3578
-80.3546
-80.3519
-80.3494
-80.3473
-80.3454
-80.3438
-80.3424
-80.3412
-80.3401
-80.3392
-80.3384
-80.3378
-80.3372
-80.3367
-80.3363
-80.336
-80.3357
-80.3354
-80.3352
-80.335
-80.3349
-80.3348
-80.3347
-80.3346
-80.3345
-80.3344
-80.4853
-80.486
-80.4867
-80.4873
-80.4878
-80.4883
-80.4887
-80.489
-80.4893
-80.4894
-80.4895
-80.4895
-80.4893
-80.489
-80.4886
-80.4881
-80.4874
-80.4866
-80.4856
-80.4844
-80.483
-80.4814
-80.4796
-80.4775
-80.4751
-80.4724
-80.4694
-80.4661
-80.4625
-80.4585
-80.4541
-80.4494
-80.4444
-80.4391
-80.4335
-80.4277
-80.4218
-80.4157
-80.4097
-80.4037
-80.3978
-80.3921
-80.3866
-80.3815
-80.3766
-80.3721
-80.368
-80.3641
-80.3607
-80.3576
-80.3548
-80.3523
-80.3501
-80.3481
-80.3464
-80.3448
-80.3435
-80.3423
-80.3413
-80.3404
-80.3396
-80.3389
-80.3383
-80.3378
-80.3374
-80.337
-80.3366
-80.3363
-80.3361
-80.3359
-80.3357
-80.3355
-80.3354
-80.3352
-80.3351
-80.4844
-80.485
-80.4856
-80.4861
-80.4865
-80.4869
-80.4872
-80.4875
-80.4876
-80.4877
-80.4876
-80.4875
-80.4872
-80.4868
-80.4863
-80.4857
-80.4849
-80.484
-80.4829
-80.4816
-80.4801
-80.4785
-80.4765
-80.4744
-80.472
-80.4693
-80.4663
-80.4631
-80.4595
-80.4556
-80.4514
-80.4469
-80.4422
-80.4372
-80.4319
-80.4265
-80.421
-80.4154
-80.4097
-80.4041
-80.3987
-80.3933
-80.3882
-80.3833
-80.3787
-80.3744
-80.3704
-80.3667
-80.3633
-80.3602
-80.3574
-80.3549
-80.3526
-80.3506
-80.3487
-80.3471
-80.3457
-80.3444
-80.3432
-80.3422
-80.3414
-80.3406
-80.3399
-80.3393
-80.3387
-80.3382
-80.3378
-80.3374
-80.3371
-80.3368
-80.3365
-80.3363
-80.3361
-80.3359
-80.3358
-80.4835
-80.484
-80.4845
-80.4849
-80.4853
-80.4856
-80.4858
-80.4859
-80.486
-80.486
-80.4858
-80.4856
-80.4853
-80.4848
-80.4842
-80.4835
-80.4826
-80.4816
-80.4804
-80.4791
-80.4775
-80.4757
-80.4738
-80.4716
-80.4691
-80.4665
-80.4635
-80.4603
-80.4568
-80.4531
-80.449
-80.4447
-80.4402
-80.4355
-80.4305
-80.4255
-80.4203
-80.415
-80.4098
-80.4046
-80.3994
-80.3944
-80.3896
-80.385
-80.3806
-80.3764
-80.3726
-80.369
-80.3656
-80.3626
-80.3598
-80.3572
-80.3549
-80.3528
-80.3509
-80.3492
-80.3477
-80.3463
-80.3451
-80.344
-80.343
-80.3421
-80.3413
-80.3406
-80.34
-80.3394
-80.3389
-80.3385
-80.3381
-80.3377
-80.3374
-80.3371
-80.3368
-80.3366
-80.3364
-80.4827
-80.4831
-80.4835
-80.4838
-80.4841
-80.4843
-80.4845
-80.4845
-80.4845
-80.4844
-80.4842
-80.4839
-80.4834
-80.4829
-80.4822
-80.4814
-80.4805
-80.4794
-80.4781
-80.4767
-80.4751
-80.4733
-80.4713
-80.469
-80.4666
-80.4639
-80.461
-80.4578
-80.4544
-80.4508
-80.4469
-80.4428
-80.4385
-80.434
-80.4293
-80.4245
-80.4197
-80.4147
-80.4098
-80.4049
-80.4001
-80.3954
-80.3908
-80.3864
-80.3822
-80.3782
-80.3745
-80.371
-80.3677
-80.3647
-80.3619
-80.3594
-80.357
-80.3549
-80.3529
-80.3512
-80.3496
-80.3481
-80.3468
-80.3456
-80.3445
-80.3436
-80.3427
-80.3419
-80.3412
-80.3406
-80.34
-80.3395
-80.339
-80.3386
-80.3382
-80.3379
-80.3375
-80.3373
-80.337
-80.4819
-80.4822
-80.4825
-80.4828
-80.483
-80.4831
-80.4832
-80.4832
-80.4831
-80.4829
-80.4826
-80.4822
-80.4817
-80.4811
-80.4803
-80.4795
-80.4785
-80.4773
-80.476
-80.4745
-80.4728
-80.471
-80.4689
-80.4667
-80.4643
-80.4616
-80.4587
-80.4556
-80.4523
-80.4488
-80.445
-80.4411
-80.437
-80.4327
-80.4283
-80.4237
-80.4191
-80.4145
-80.4098
-80.4052
-80.4006
-80.3962
-80.3918
-80.3876
-80.3836
-80.3798
-80.3762
-80.3728
-80.3696
-80.3666
-80.3638
-80.3613
-80.3589
-80.3568
-80.3548
-80.3529
-80.3513
-80.3498
-80.3484
-80.3471
-80.346
-80.3449
-80.344
-80.3431
-80.3424
-80.3417
-80.341
-80.3404
-80.3399
-80.3394
-80.339
-80.3386
-80.3382
-80.3379
-80.3376
-80.4811
-80.4814
-80.4816
-80.4818
-80.482
-80.482
-80.482
-80.4819
-80.4818
-80.4815
-80.4812
-80.4807
-80.4801
-80.4794
-80.4786
-80.4777
-80.4766
-80.4754
-80.474
-80.4725
-80.4708
-80.4689
-80.4668
-80.4646
-80.4622
-80.4595
-80.4567
-80.4537
-80.4504
-80.447
-80.4434
-80.4396
-80.4356
-80.4315
-80.4273
-80.423
-80.4187
-80.4142
-80.4098
-80.4054
-80.4011
-80.3969
-80.3927
-80.3887
-80.3849
-80.3812
-80.3777
-80.3744
-80.3712
-80.3683
-80.3656
-80.363
-80.3606
-80.3585
-80.3564
-80.3546
-80.3529
-80.3513
-80.3498
-80.3485
-80.3473
-80.3462
-80.3452
-80.3443
-80.3434
-80.3427
-80.342
-80.3413
-80.3408
-80.3402
-80.3397
-80.3393
-80.3389
-80.3385
-80.3382
-80.4804
-80.4806
-80.4808
-80.4809
-80.481
-80.481
-80.4809
-80.4808
-80.4805
-80.4802
-80.4798
-80.4793
-80.4786
-80.4779
-80.477
-80.476
-80.4749
-80.4736
-80.4722
-80.4706
-80.4689
-80.467
-80.4649
-80.4627
-80.4603
-80.4577
-80.4549
-80.4519
-80.4487
-80.4454
-80.4419
-80.4382
-80.4344
-80.4305
-80.4265
-80.4224
-80.4182
-80.414
-80.4098
-80.4057
-80.4015
-80.3975
-80.3935
-80.3897
-80.386
-80.3824
-80.379
-80.3758
-80.3727
-80.3698
-80.3671
-80.3646
-80.3622
-80.36
-80.358
-80.3561
-80.3543
-80.3527
-80.3512
-80.3498
-80.3486
-80.3474
-80.3463
-80.3454
-80.3445
-80.3436
-80.3429
-80.3422
-80.3415
-80.341
-80.3404
-80.3399
-80.3395
-80.3391
-80.3387
-80.4797
-80.4799
-80.48
-80.4801
-80.4801
-80.4801
-80.4799
-80.4797
-80.4794
-80.479
-80.4785
-80.478
-80.4773
-80.4765
-80.4755
-80.4745
-80.4733
-80.472
-80.4706
-80.469
-80.4672
-80.4653
-80.4632
-80.461
-80.4586
-80.456
-80.4532
-80.4503
-80.4472
-80.444
-80.4406
-80.4371
-80.4334
-80.4296
-80.4258
-80.4218
-80.4179
-80.4138
-80.4098
-80.4058
-80.4019
-80.398
-80.3942
-80.3905
-80.3869
-80.3835
-80.3802
-80.377
-80.374
-80.3712
-80.3685
-80.366
-80.3636
-80.3614
-80.3593
-80.3574
-80.3556
-80.354
-80.3524
-80.351
-80.3497
-80.3485
-80.3474
-80.3463
-80.3454
-80.3445
-80.3437
-80.343
-80.3423
-80.3417
-80.3411
-80.3405
-80.3401
-80.3396
-80.3392
-80.4791
-80.4792
-80.4793
-80.4793
-80.4793
-80.4792
-80.479
-80.4787
-80.4784
-80.4779
-80.4774
-80.4768
-80.476
-80.4752
-80.4742
-80.4731
-80.4719
-80.4706
-80.4691
-80.4674
-80.4657
-80.4637
-80.4617
-80.4594
-80.457
-80.4545
-80.4518
-80.4489
-80.4459
-80.4427
-80.4394
-80.436
-80.4325
-80.4288
-80.4251
-80.4213
-80.4175
-80.4137
-80.4098
-80.406
-80.4022
-80.3985
-80.3948
-80.3912
-80.3877
-80.3844
-80.3812
-80.3781
-80.3752
-80.3724
-80.3697
-80.3672
-80.3649
-80.3626
-80.3606
-80.3586
-80.3568
-80.3551
-80.3536
-80.3521
-80.3508
-80.3495
-80.3483
-80.3473
-80.3463
-80.3453
-80.3445
-80.3437
-80.343
-80.3423
-80.3417
-80.3411
-80.3406
-80.3401
-80.3397
-80.4785
-80.4786
-80.4786
-80.4786
-80.4785
-80.4784
-80.4781
-80.4778
-80.4774
-80.4769
-80.4763
-80.4757
-80.4749
-80.474
-80.473
-80.4719
-80.4706
-80.4692
-80.4677
-80.4661
-80.4643
-80.4624
-80.4603
-80.458
-80.4557
-80.4531
-80.4505
-80.4477
-80.4447
-80.4416
-80.4384
-80.4351
-80.4317
-80.4281
-80.4246
-80.4209
-80.4172
-80.4135
-80.4098
-80.4061
-80.4025
-80.3988
-80.3953
-80.3918
-80.3885
-80.3852
-80.3821
-80.3791
-80.3762
-80.3734
-80.3708
-80.3683
-80.366
-80.3638
-80.3617
-80.3597
-80.3579
-80.3562
-80.3546
-80.3531
-80.3517
-80.3504
-80.3492
-80.3481
-80.3471
-80.3461
-80.3452
-80.3444
-80.3436
-80.3429
-80.3423
-80.3417
-80.3411
-80.3406
-80.3401
-80.478
-80.478
-80.478
-80.478
-80.4778
-80.4776
-80.4773
-80.477
-80.4765
-80.476
-80.4754
-80.4747
-80.4739
-80.4729
-80.4719
-80.4707
-80.4694
-80.468
-80.4665
-80.4648
-80.463
-80.4611
-80.459
-80.4568
-80.4545
-80.452
-80.4493
-80.4466
-80.4437
-80.4406
-80.4375
-80.4343
-80.4309
-80.4275
-80.4241
-80.4205
-80.417
-80.4134
-80.4098
-80.4062
-80.4027
-80.3992
-80.3958
-80.3924
-80.3891
-80.3859
-80.3829
-80.3799
-80.3771
-80.3743
-80.3718
-80.3693
-80.367
-80.3647
-80.3627
-80.3607
-80.3588
-80.3571
-80.3555
-80.354
-80.3526
-80.3512
-80.35
-80.3488
-80.3478
-80.3468
-80.3459
-80.345
-80.3442
-80.3435
-80.3428
-80.3421
-80.3415
-80.341
-80.3405
-80.4775
-80.4775
-80.4775
-80.4774
-80.4772
-80.477
-80.4766
-80.4763
-80.4758
-80.4752
-80.4745
-80.4738
-80.4729
-80.472
-80.4709
-80.4697
-80.4684
-80.467
-80.4654
-80.4638
-80.4619
-80.46
-80.4579
-80.4557
-80.4534
-80.4509
-80.4483
-80.4456
-80.4427
-80.4398
-80.4367
-80.4336
-80.4303
-80.427
-80.4236
-80.4202
-80.4167
-80.4133
-80.4098
-80.4063
-80.4029
-80.3995
-80.3961
-80.3929
-80.3897
-80.3866
-80.3835
-80.3806
-80.3778
-80.3752
-80.3726
-80.3701
-80.3678
-80.3656
-80.3635
-80.3616
-80.3597
-80.3579
-80.3563
-80.3548
-80.3533
-80.352
-80.3507
-80.3495
-80.3484
-80.3474
-80.3464
-80.3455
-80.3447
-80.344
-80.3432
-80.3426
-80.342
-80.3414
-80.3409
-80.4771
-80.4771
-80.477
-80.4769
-80.4767
-80.4764
-80.476
-80.4756
-80.4751
-80.4745
-80.4738
-80.473
-80.4721
-80.4711
-80.47
-80.4688
-80.4675
-80.4661
-80.4645
-80.4628
-80.461
-80.459
-80.457
-80.4548
-80.4525
-80.45
-80.4474
-80.4448
-80.442
-80.4391
-80.436
-80.433
-80.4298
-80.4265
-80.4233
-80.4199
-80.4165
-80.4132
-80.4098
-80.4064
-80.403
-80.3997
-80.3965
-80.3933
-80.3901
-80.3871
-80.3841
-80.3813
-80.3785
-80.3759
-80.3733
-80.3709
-80.3686
-80.3664
-80.3643
-80.3623
-80.3604
-80.3587
-80.357
-80.3555
-80.354
-80.3526
-80.3513
-80.3501
-80.349
-80.3479
-80.347
-80.346
-80.3452
-80.3444
-80.3437
-80.343
-80.3423
-80.3417
-80.3412
-80.4768
-80.4767
-80.4766
-80.4764
-80.4762
-80.4759
-80.4755
-80.475
-80.4745
-80.4739
-80.4731
-80.4723
-80.4714
-80.4704
-80.4693
-80.4681
-80.4667
-80.4653
-80.4637
-80.462
-80.4602
-80.4582
-80.4562
-80.454
-80.4517
-80.4492
-80.4467
-80.444
-80.4413
-80.4384
-80.4355
-80.4324
-80.4293
-80.4262
-80.4229
-80.4197
-80.4164
-80.4131
-80.4097
-80.4064
-80.4032
-80.3999
-80.3967
-80.3936
-80.3905
-80.3875
-80.3846
-80.3818
-80.3791
-80.3765
-80.3739
-80.3715
-80.3692
-80.367
-80.3649
-80.363
-80.3611
-80.3593
-80.3576
-80.3561
-80.3546
-80.3532
-80.3519
-80.3506
-80.3495
-80.3484
-80.3474
-80.3465
-80.3456
-80.3448
-80.344
-80.3433
-80.3427
-80.342
-80.3415
-80.4764
-80.4764
-80.4762
-80.476
-80.4758
-80.4754
-80.475
-80.4745
-80.474
-80.4733
-80.4726
-80.4717
-80.4708
-80.4698
-80.4686
-80.4674
-80.466
-80.4646
-80.463
-80.4613
-80.4595
-80.4575
-80.4555
-80.4533
-80.451
-80.4486
-80.4461
-80.4434
-80.4407
-80.4379
-80.435
-80.432
-80.4289
-80.4258
-80.4227
-80.4195
-80.4162
-80.413
-80.4097
-80.4065
-80.4033
-80.4001
-80.397
-80.3939
-80.3909
-80.3879
-80.385
-80.3822
-80.3796
-80.377
-80.3745
-80.3721
-80.3698
-80.3676
-80.3655
-80.3635
-80.3616
-80.3598
-80.3582
-80.3566
-80.3551
-80.3537
-80.3523
-80.3511
-80.3499
-80.3488
-80.3478
-80.3468
-80.3459
-80.3451
-80.3443
-80.3436
-80.3429
-80.3423
-80.3417
-80.4762
-80.4761
-80.4759
-80.4757
-80.4754
-80.4751
-80.4746
-80.4741
-80.4735
-80.4729
-80.4721
-80.4713
-80.4703
-80.4693
-80.4681
-80.4668
-80.4655
-80.464
-80.4624
-80.4607
-80.4589
-80.4569
-80.4549
-80.4527
-80.4504
-80.448
-80.4455
-80.4429
-80.4402
-80.4374
-80.4346
-80.4316
-80.4286
-80.4255
-80.4224
-80.4193
-80.4161
-80.4129
-80.4097
-80.4065
-80.4034
-80.4002
-80.3971
-80.3941
-80.3911
-80.3882
-80.3854
-80.3826
-80.3799
-80.3774
-80.3749
-80.3725
-80.3702
-80.368
-80.3659
-80.364
-80.3621
-80.3603
-80.3586
-80.357
-80.3555
-80.354
-80.3527
-80.3514
-80.3503
-80.3492
-80.3481
-80.3471
-80.3462
-80.3454
-80.3446
-80.3439
-80.3432
-80.3425
-80.3419
-80.476
-80.4758
-80.4757
-80.4754
-80.4751
-80.4748
-80.4743
-80.4738
-80.4732
-80.4725
-80.4717
-80.4709
-80.4699
-80.4688
-80.4677
-80.4664
-80.465
-80.4635
-80.4619
-80.4602
-80.4584
-80.4565
-80.4544
-80.4522
-80.45
-80.4476
-80.4451
-80.4425
-80.4399
-80.4371
-80.4343
-80.4313
-80.4284
-80.4253
-80.4222
-80.4191
-80.416
-80.4128
-80.4097
-80.4066
-80.4034
-80.4003
-80.3973
-80.3943
-80.3913
-80.3884
-80.3856
-80.3829
-80.3802
-80.3777
-80.3752
-80.3728
-80.3706
-80.3684
-80.3663
-80.3643
-80.3624
-80.3606
-80.3589
-80.3573
-80.3558
-80.3544
-80.353
-80.3517
-80.3505
-80.3494
-80.3484
-80.3474
-80.3465
-80.3456
-80.3448
-80.3441
-80.3433
-80.3427
-80.3421
-80.4758
-80.4757
-80.4755
-80.4752
-80.4749
-80.4745
-80.4741
-80.4736
-80.473
-80.4723
-80.4715
-80.4706
-80.4696
-80.4685
-80.4674
-80.4661
-80.4647
-80.4632
-80.4616
-80.4599
-80.4581
-80.4561
-80.4541
-80.4519
-80.4496
-80.4473
-80.4448
-80.4422
-80.4396
-80.4368
-80.434
-80.4311
-80.4282
-80.4252
-80.4221
-80.419
-80.4159
-80.4128
-80.4097
-80.4066
-80.4035
-80.4004
-80.3974
-80.3944
-80.3915
-80.3886
-80.3858
-80.3831
-80.3805
-80.3779
-80.3755
-80.3731
-80.3708
-80.3686
-80.3666
-80.3646
-80.3627
-80.3609
-80.3592
-80.3576
-80.356
-80.3546
-80.3532
-80.352
-80.3508
-80.3496
-80.3486
-80.3476
-80.3466
-80.3458
-80.345
-80.3442
-80.3435
-80.3428
-80.3422
-80.4757
-80.4756
-80.4754
-80.4751
-80.4748
-80.4744
-80.4739
-80.4734
-80.4728
-80.4721
-80.4713
-80.4704
-80.4694
-80.4683
-80.4672
-80.4659
-80.4645
-80.463
-80.4614
-80.4597
-80.4578
-80.4559
-80.4538
-80.4517
-80.4494
-80.4471
-80.4446
-80.442
-80.4394
-80.4367
-80.4338
-80.431
-80.428
-80.425
-80.422
-80.4189
-80.4159
-80.4128
-80.4097
-80.4066
-80.4035
-80.4004
-80.3974
-80.3945
-80.3916
-80.3887
-80.3859
-80.3832
-80.3806
-80.3781
-80.3756
-80.3732
-80.371
-80.3688
-80.3667
-80.3647
-80.3628
-80.361
-80.3593
-80.3577
-80.3562
-80.3547
-80.3534
-80.3521
-80.3509
-80.3498
-80.3487
-80.3477
-80.3468
-80.3459
-80.3451
-80.3443
-80.3436
-80.3429
-80.3423
-80.4756
-80.4755
-80.4753
-80.475
-80.4747
-80.4743
-80.4739
-80.4733
-80.4727
-80.472
-80.4712
-80.4703
-80.4693
-80.4682
-80.467
-80.4658
-80.4644
-80.4629
-80.4612
-80.4595
-80.4577
-80.4558
-80.4537
-80.4516
-80.4493
-80.4469
-80.4445
-80.4419
-80.4393
-80.4366
-80.4338
-80.4309
-80.428
-80.425
-80.422
-80.4189
-80.4158
-80.4127
-80.4096
-80.4066
-80.4035
-80.4005
-80.3975
-80.3945
-80.3916
-80.3888
-80.386
-80.3833
-80.3807
-80.3781
-80.3757
-80.3733
-80.3711
-80.3689
-80.3668
-80.3648
-80.3629
-80.3611
-80.3594
-80.3578
-80.3563
-80.3548
-80.3535
-80.3522
-80.351
-80.3498
-80.3487
-80.3477
-80.3468
-80.3459
-80.3451
-80.3443
-80.3436
-80.343
-80.3423
)
;

boundaryField
{
    leftWall
    {
        type            fixedFluxPressure;
        gradient        nonuniform List<scalar> 0();
        value           nonuniform List<scalar> 0();
    }
    rightWall
    {
        type            fixedFluxPressure;
        gradient        nonuniform List<scalar> 0();
        value           nonuniform List<scalar> 0();
    }
    lowerWall
    {
        type            fixedFluxPressure;
        gradient        uniform 0;
        value           nonuniform List<scalar> 
75
(
-38.5498
-38.6315
-38.7674
-39.0276
-39.4421
-40.0184
-40.7367
-41.5436
-42.3609
-43.1115
-43.7684
-44.3864
-45.0491
-45.7113
-46.1381
-46.2531
-46.2722
-46.3022
-46.3323
-46.3523
-46.37
-46.3849
-46.3969
-46.406
-46.4165
-46.4811
-46.5505
-46.7937
-47.3578
-48.592
-49.1926
-48.6615
-46.6478
-48.1738
-67.0944
-80.4187
-80.4136
-79.7601
-79.6123
-79.695
-79.837
-79.9495
-80.0282
-80.085
-80.1273
-80.1597
-80.185
-80.2053
-80.2219
-80.2356
-80.2471
-80.2569
-80.2653
-80.2726
-80.2789
-80.2844
-80.2892
-80.2935
-80.2973
-80.3007
-80.3037
-80.3064
-80.3089
-80.3111
-80.3131
-80.3149
-80.3165
-80.318
-80.3193
-80.3205
-80.3217
-80.3227
-80.3236
-80.3245
-80.3253
)
;
    }
    atmosphere
    {
        type            fixedFluxPressure;
        gradient        uniform 0;
        value           nonuniform List<scalar> 
75
(
-80.4756
-80.4755
-80.4753
-80.475
-80.4747
-80.4743
-80.4739
-80.4733
-80.4727
-80.472
-80.4712
-80.4703
-80.4693
-80.4682
-80.467
-80.4658
-80.4644
-80.4629
-80.4612
-80.4595
-80.4577
-80.4558
-80.4537
-80.4516
-80.4493
-80.4469
-80.4445
-80.4419
-80.4393
-80.4366
-80.4338
-80.4309
-80.428
-80.425
-80.422
-80.4189
-80.4158
-80.4127
-80.4096
-80.4066
-80.4035
-80.4005
-80.3975
-80.3945
-80.3916
-80.3888
-80.386
-80.3833
-80.3807
-80.3781
-80.3757
-80.3733
-80.3711
-80.3689
-80.3668
-80.3648
-80.3629
-80.3611
-80.3594
-80.3578
-80.3563
-80.3548
-80.3535
-80.3522
-80.351
-80.3498
-80.3487
-80.3477
-80.3468
-80.3459
-80.3451
-80.3443
-80.3436
-80.343
-80.3423
)
;
    }
    defaultFaces
    {
        type            empty;
    }
    procBoundary2to1
    {
        type            processor;
        value           nonuniform List<scalar> 
40
(
-38.4837
-67.3201
-80.4973
-80.4964
-80.4974
-80.4974
-80.4969
-80.4964
-80.4957
-80.4949
-80.494
-80.4931
-80.4921
-80.4911
-80.4902
-80.4892
-80.4882
-80.4873
-80.4864
-80.4855
-80.4846
-80.4838
-80.483
-80.4822
-80.4815
-80.4808
-80.4801
-80.4795
-80.4789
-80.4784
-80.4779
-80.4775
-80.4771
-80.4768
-80.4765
-80.4762
-80.476
-80.4759
-80.4758
-80.4757
)
;
    }
    procBoundary2to3
    {
        type            processor;
        value           nonuniform List<scalar> 
40
(
-80.326
-80.326
-80.3261
-80.3263
-80.3266
-80.3269
-80.3272
-80.3276
-80.328
-80.3285
-80.329
-80.3295
-80.3301
-80.3307
-80.3313
-80.3319
-80.3325
-80.3331
-80.3338
-80.3344
-80.335
-80.3356
-80.3362
-80.3368
-80.3373
-80.3378
-80.3383
-80.3388
-80.3392
-80.3397
-80.34
-80.3404
-80.3407
-80.3409
-80.3412
-80.3414
-80.3415
-80.3416
-80.3417
-80.3418
)
;
    }
}


// ************************************************************************* //
