/*--------------------------------*- C++ -*----------------------------------*\
| =========                 |                                                 |
| \\      /  F ield         | OpenFOAM: The Open Source CFD Toolbox           |
|  \\    /   O peration     | Version:  2606                                  |
|   \\  /    A nd           | Website:  www.openfoam.com                      |
|    \\/     M anipulation  |                                                 |
\*---------------------------------------------------------------------------*/
FoamFile
{
    version     2.0;
    format      ascii;
    arch        "LSB;label=32;scalar=64";
    class       volVectorField;
    location    "0.1";
    object      U;
}
// * * * * * * * * * * * * * * * * * * * * * * * * * * * * * * * * * * * * * //

dimensions      [0 1 -1 0 0 0 0];

internalField   nonuniform List<vector> 
3000
(
(1.14611e-07 3.7805e-09 0)
(1.2494e-07 7.5212e-10 0)
(1.02444e-07 1.27288e-09 0)
(9.1515e-08 2.21379e-09 0)
(8.44454e-08 2.98024e-09 0)
(7.44311e-08 3.46602e-09 0)
(6.43374e-08 3.42884e-09 0)
(5.28231e-08 3.00538e-09 0)
(4.12739e-08 2.30956e-09 0)
(3.10436e-08 1.57389e-09 0)
(2.32375e-08 9.1167e-10 0)
(1.836e-08 4.60477e-10 0)
(1.649e-08 1.92519e-10 0)
(1.72497e-08 -4.57339e-11 0)
(1.97781e-08 -1.14781e-10 0)
(2.30143e-08 -6.02323e-11 0)
(2.65159e-08 7.08842e-11 0)
(2.94538e-08 2.0158e-10 0)
(3.12048e-08 3.12601e-10 0)
(3.16643e-08 3.93047e-10 0)
(3.10875e-08 4.02836e-10 0)
(2.98089e-08 4.4602e-10 0)
(2.77546e-08 4.04624e-10 0)
(2.50348e-08 4.29297e-10 0)
(2.18228e-08 4.56964e-10 0)
(1.82357e-08 4.69273e-10 0)
(1.46417e-08 4.18614e-10 0)
(1.14854e-08 3.11114e-10 0)
(9.17698e-09 2.29743e-10 0)
(7.79072e-09 2.43035e-10 0)
(6.85184e-09 3.24014e-10 0)
(5.93938e-09 6.05348e-10 0)
(4.28027e-09 8.562e-10 0)
(1.48413e-09 9.92814e-10 0)
(-2.52081e-09 9.57802e-10 0)
(-7.31148e-09 7.29235e-10 0)
(-1.19236e-08 3.66033e-10 0)
(-1.57204e-08 -2.81529e-12 0)
(-1.80578e-08 -4.02347e-10 0)
(-1.83733e-08 -4.00741e-10 0)
(-1.66759e-08 -3.75421e-10 0)
(-1.37759e-08 -1.62646e-10 0)
(-1.04952e-08 8.62387e-11 0)
(-7.4879e-09 3.21807e-10 0)
(-5.40128e-09 3.86224e-10 0)
(-3.85143e-09 4.82634e-10 0)
(-2.73573e-09 2.52872e-10 0)
(-1.85422e-09 5.64133e-11 0)
(-2.66049e-10 -5.8745e-11 0)
(2.26477e-09 -1.2408e-10 0)
(5.29466e-09 -1.63547e-10 0)
(8.0641e-09 -5.01021e-11 0)
(9.95814e-09 1.73982e-10 0)
(1.04871e-08 3.04097e-10 0)
(9.42935e-09 2.88923e-10 0)
(7.36107e-09 7.27189e-11 0)
(5.34523e-09 -2.51278e-10 0)
(4.446e-09 -4.2077e-10 0)
(5.6696e-09 -5.98793e-10 0)
(9.06308e-09 -4.57452e-10 0)
(1.42406e-08 -2.46217e-10 0)
(2.0077e-08 1.03701e-10 0)
(2.54378e-08 4.52068e-10 0)
(2.93954e-08 6.67253e-10 0)
(3.1399e-08 6.52824e-10 0)
(3.14192e-08 5.74991e-10 0)
(3.00325e-08 4.05368e-10 0)
(2.76927e-08 2.75446e-10 0)
(2.4669e-08 1.93003e-10 0)
(2.13462e-08 1.68757e-10 0)
(1.78112e-08 2.48865e-10 0)
(1.4089e-08 2.94879e-10 0)
(9.96068e-09 2.3333e-10 0)
(5.65845e-09 1.97986e-10 0)
(1.74863e-09 -4.19607e-10 0)
(1.34995e-07 2.05739e-08 0)
(1.29237e-07 1.01432e-08 0)
(1.1677e-07 7.70056e-09 0)
(1.04629e-07 8.60527e-09 0)
(9.61598e-08 8.27493e-09 0)
(8.44264e-08 8.50005e-09 0)
(7.27271e-08 7.74494e-09 0)
(5.9979e-08 6.67468e-09 0)
(4.75172e-08 5.36718e-09 0)
(3.67564e-08 4.17717e-09 0)
(2.86714e-08 3.14784e-09 0)
(2.3612e-08 2.46704e-09 0)
(2.13606e-08 2.02676e-09 0)
(2.17349e-08 1.761e-09 0)
(2.40109e-08 1.70308e-09 0)
(2.68955e-08 1.76489e-09 0)
(3.00337e-08 1.8805e-09 0)
(3.26354e-08 1.83794e-09 0)
(3.40085e-08 1.65458e-09 0)
(3.40743e-08 1.34185e-09 0)
(3.32647e-08 1.06355e-09 0)
(3.17126e-08 9.3517e-10 0)
(2.94754e-08 9.60556e-10 0)
(2.67663e-08 1.11603e-09 0)
(2.34728e-08 1.22737e-09 0)
(1.97373e-08 1.20293e-09 0)
(1.5965e-08 9.59752e-10 0)
(1.26655e-08 6.15565e-10 0)
(1.03417e-08 2.34603e-10 0)
(8.97787e-09 1.02246e-10 0)
(8.06502e-09 5.60893e-11 0)
(7.13781e-09 3.44419e-10 0)
(5.19066e-09 5.29988e-10 0)
(1.95553e-09 5.92338e-10 0)
(-2.51674e-09 2.91387e-10 0)
(-7.79733e-09 -1.92766e-10 0)
(-1.27558e-08 -7.47585e-10 0)
(-1.67663e-08 -1.18849e-09 0)
(-1.88602e-08 -1.46785e-09 0)
(-1.89399e-08 -1.21158e-09 0)
(-1.71541e-08 -7.86694e-10 0)
(-1.40584e-08 -1.87193e-10 0)
(-1.08373e-08 3.69796e-10 0)
(-8.03355e-09 7.61441e-10 0)
(-6.05131e-09 8.22584e-10 0)
(-4.76905e-09 7.9044e-10 0)
(-3.9283e-09 3.91651e-10 0)
(-2.85347e-09 8.22168e-11 0)
(-1.05336e-09 -8.61858e-11 0)
(1.64392e-09 -6.33748e-11 0)
(4.97969e-09 1.34998e-10 0)
(8.12071e-09 4.8278e-10 0)
(1.01997e-08 8.66721e-10 0)
(1.06596e-08 1.0468e-09 0)
(9.35657e-09 9.51465e-10 0)
(7.04735e-09 6.1092e-10 0)
(5.15126e-09 1.09502e-10 0)
(4.45307e-09 -1.79511e-10 0)
(6.06327e-09 -3.73797e-10 0)
(9.78515e-09 -1.02214e-10 0)
(1.50605e-08 1.66461e-10 0)
(2.09607e-08 5.90492e-10 0)
(2.60193e-08 8.35415e-10 0)
(2.94206e-08 9.28703e-10 0)
(3.10446e-08 6.68876e-10 0)
(3.08767e-08 4.26199e-10 0)
(2.94003e-08 8.26989e-11 0)
(2.72314e-08 -9.80201e-11 0)
(2.44576e-08 -2.58457e-10 0)
(2.13737e-08 -3.07058e-10 0)
(1.80088e-08 -2.85134e-10 0)
(1.42407e-08 -3.56674e-10 0)
(9.99963e-09 -6.15573e-10 0)
(5.1139e-09 -8.02465e-10 0)
(1.18787e-09 -1.40585e-09 0)
(1.43187e-07 2.98803e-08 0)
(1.21766e-07 2.21992e-08 0)
(1.14578e-07 1.62825e-08 0)
(1.04054e-07 1.60255e-08 0)
(9.53428e-08 1.34284e-08 0)
(8.38818e-08 1.21843e-08 0)
(7.18004e-08 1.04358e-08 0)
(5.90558e-08 8.98229e-09 0)
(4.67339e-08 7.76532e-09 0)
(3.61634e-08 6.93836e-09 0)
(2.82637e-08 6.20838e-09 0)
(2.33809e-08 5.72566e-09 0)
(2.13363e-08 5.31588e-09 0)
(2.18935e-08 5.1485e-09 0)
(2.4198e-08 5.03773e-09 0)
(2.70596e-08 4.90791e-09 0)
(2.9989e-08 4.67839e-09 0)
(3.22557e-08 4.07683e-09 0)
(3.33796e-08 3.23667e-09 0)
(3.34329e-08 2.31573e-09 0)
(3.28139e-08 1.62544e-09 0)
(3.16043e-08 1.2732e-09 0)
(2.96567e-08 1.34933e-09 0)
(2.69267e-08 1.60026e-09 0)
(2.34358e-08 1.73528e-09 0)
(1.94043e-08 1.63132e-09 0)
(1.54136e-08 1.16961e-09 0)
(1.20077e-08 5.65163e-10 0)
(9.77838e-09 -6.84578e-11 0)
(8.59511e-09 -4.28468e-10 0)
(7.8607e-09 -7.15519e-10 0)
(7.00082e-09 -7.82353e-10 0)
(4.95996e-09 -1.01986e-09 0)
(1.51102e-09 -1.28603e-09 0)
(-3.16707e-09 -1.84592e-09 0)
(-8.38709e-09 -2.30467e-09 0)
(-1.31531e-08 -2.56389e-09 0)
(-1.68518e-08 -2.47366e-09 0)
(-1.86258e-08 -2.06691e-09 0)
(-1.84099e-08 -1.31734e-09 0)
(-1.64886e-08 -4.39628e-10 0)
(-1.34974e-08 4.02561e-10 0)
(-1.04981e-08 9.34544e-10 0)
(-7.9966e-09 1.17739e-09 0)
(-6.29984e-09 1.09427e-09 0)
(-5.17109e-09 7.91228e-10 0)
(-4.29568e-09 4.71343e-10 0)
(-3.09752e-09 2.16483e-10 0)
(-1.08554e-09 1.46186e-10 0)
(1.91222e-09 3.05626e-10 0)
(5.39842e-09 6.34309e-10 0)
(8.46994e-09 1.00126e-09 0)
(1.03593e-08 1.1894e-09 0)
(1.05663e-08 1.24824e-09 0)
(9.09584e-09 1.11239e-09 0)
(6.69848e-09 1.04411e-09 0)
(4.81003e-09 9.43472e-10 0)
(4.26267e-09 1.02324e-09 0)
(6.10836e-09 1.21415e-09 0)
(9.91452e-09 1.50652e-09 0)
(1.51481e-08 1.61581e-09 0)
(2.08799e-08 1.57065e-09 0)
(2.57656e-08 1.14697e-09 0)
(2.90624e-08 6.49838e-10 0)
(3.06511e-08 -4.38716e-11 0)
(3.05634e-08 -5.34812e-10 0)
(2.92118e-08 -9.92404e-10 0)
(2.71224e-08 -1.12595e-09 0)
(2.43462e-08 -1.20894e-09 0)
(2.12791e-08 -1.2314e-09 0)
(1.78035e-08 -1.35974e-09 0)
(1.38761e-08 -1.59748e-09 0)
(9.60274e-09 -2.04812e-09 0)
(4.90703e-09 -2.3377e-09 0)
(1.1544e-09 -2.52787e-09 0)
(1.46145e-07 3.26729e-08 0)
(1.16493e-07 3.00586e-08 0)
(1.1156e-07 2.29338e-08 0)
(1.02302e-07 2.23477e-08 0)
(9.27148e-08 1.88975e-08 0)
(8.18005e-08 1.70087e-08 0)
(6.9876e-08 1.46738e-08 0)
(5.7635e-08 1.28946e-08 0)
(4.57727e-08 1.15304e-08 0)
(3.5472e-08 1.0613e-08 0)
(2.77022e-08 9.80697e-09 0)
(2.29335e-08 9.26132e-09 0)
(2.09673e-08 8.73965e-09 0)
(2.16065e-08 8.42075e-09 0)
(2.38844e-08 8.06546e-09 0)
(2.66132e-08 7.62905e-09 0)
(2.92448e-08 6.90332e-09 0)
(3.12059e-08 5.81441e-09 0)
(3.22311e-08 4.49581e-09 0)
(3.2424e-08 3.26901e-09 0)
(3.21678e-08 2.40715e-09 0)
(3.13651e-08 1.98414e-09 0)
(2.97224e-08 1.97395e-09 0)
(2.70729e-08 2.14525e-09 0)
(2.34248e-08 2.21681e-09 0)
(1.90944e-08 1.95073e-09 0)
(1.48243e-08 1.30467e-09 0)
(1.13522e-08 5.47174e-10 0)
(9.26975e-09 -1.33569e-10 0)
(8.24916e-09 -6.04745e-10 0)
(7.61741e-09 -9.77596e-10 0)
(6.72976e-09 -1.18036e-09 0)
(4.57656e-09 -1.64484e-09 0)
(1.01087e-09 -2.1376e-09 0)
(-3.65878e-09 -2.77406e-09 0)
(-8.65126e-09 -3.10853e-09 0)
(-1.30776e-08 -3.17406e-09 0)
(-1.64351e-08 -2.72482e-09 0)
(-1.78793e-08 -1.94321e-09 0)
(-1.75016e-08 -8.90201e-10 0)
(-1.56303e-08 1.10839e-10 0)
(-1.28775e-08 9.63908e-10 0)
(-1.02553e-08 1.3909e-09 0)
(-8.05744e-09 1.47762e-09 0)
(-6.60452e-09 1.31938e-09 0)
(-5.54437e-09 9.48541e-10 0)
(-4.64146e-09 6.95836e-10 0)
(-3.29938e-09 4.34681e-10 0)
(-1.06775e-09 3.64648e-10 0)
(2.04435e-09 4.56528e-10 0)
(5.60389e-09 5.60466e-10 0)
(8.61899e-09 7.33132e-10 0)
(1.04087e-08 7.78573e-10 0)
(1.05617e-08 9.0575e-10 0)
(9.14329e-09 9.2377e-10 0)
(6.8784e-09 1.21062e-09 0)
(5.13827e-09 1.57992e-09 0)
(4.73564e-09 2.11005e-09 0)
(6.5646e-09 2.65338e-09 0)
(1.01973e-08 2.97378e-09 0)
(1.51205e-08 3.00126e-09 0)
(2.04744e-08 2.62022e-09 0)
(2.50633e-08 1.82207e-09 0)
(2.81783e-08 8.95411e-10 0)
(2.9804e-08 -1.71038e-10 0)
(2.9879e-08 -9.52223e-10 0)
(2.87654e-08 -1.54925e-09 0)
(2.69874e-08 -1.91183e-09 0)
(2.43463e-08 -2.06345e-09 0)
(2.12314e-08 -2.16296e-09 0)
(1.76618e-08 -2.40771e-09 0)
(1.35725e-08 -2.71391e-09 0)
(9.24134e-09 -3.24958e-09 0)
(4.55541e-09 -3.50356e-09 0)
(9.65665e-10 -3.8093e-09 0)
(1.43676e-07 3.54295e-08 0)
(1.12091e-07 3.97149e-08 0)
(1.06925e-07 3.12249e-08 0)
(1.00036e-07 2.81251e-08 0)
(9.0011e-08 2.36824e-08 0)
(7.96657e-08 2.13564e-08 0)
(6.76946e-08 1.87476e-08 0)
(5.592e-08 1.67636e-08 0)
(4.4459e-08 1.51815e-08 0)
(3.44459e-08 1.39458e-08 0)
(2.69166e-08 1.29647e-08 0)
(2.23168e-08 1.22378e-08 0)
(2.04975e-08 1.16369e-08 0)
(2.12192e-08 1.1298e-08 0)
(2.34041e-08 1.08111e-08 0)
(2.58934e-08 1.0101e-08 0)
(2.81682e-08 9.00267e-09 0)
(2.98398e-08 7.52044e-09 0)
(3.08241e-08 5.84478e-09 0)
(3.13328e-08 4.38632e-09 0)
(3.15161e-08 3.41535e-09 0)
(3.11569e-08 2.92696e-09 0)
(2.98032e-08 2.93522e-09 0)
(2.71549e-08 2.90373e-09 0)
(2.32269e-08 2.77525e-09 0)
(1.84782e-08 2.18294e-09 0)
(1.39967e-08 1.35829e-09 0)
(1.05566e-08 5.26353e-10 0)
(8.61369e-09 -3.54258e-10 0)
(7.73838e-09 -8.62532e-10 0)
(7.27201e-09 -1.33154e-09 0)
(6.32026e-09 -1.73356e-09 0)
(3.98912e-09 -2.46613e-09 0)
(3.67848e-10 -3.1388e-09 0)
(-4.15202e-09 -3.80096e-09 0)
(-8.80198e-09 -4.10074e-09 0)
(-1.27854e-08 -3.98694e-09 0)
(-1.56378e-08 -3.29717e-09 0)
(-1.68087e-08 -2.18207e-09 0)
(-1.63742e-08 -9.97266e-10 0)
(-1.46531e-08 1.53353e-10 0)
(-1.22355e-08 9.3163e-10 0)
(-1.00023e-08 1.33381e-09 0)
(-8.08486e-09 1.39466e-09 0)
(-6.84388e-09 1.21422e-09 0)
(-5.80816e-09 9.83152e-10 0)
(-4.8216e-09 8.62293e-10 0)
(-3.43911e-09 6.73177e-10 0)
(-1.07253e-09 6.51316e-10 0)
(2.10064e-09 7.03058e-10 0)
(5.66884e-09 7.53099e-10 0)
(8.68306e-09 8.23918e-10 0)
(1.05282e-08 9.34065e-10 0)
(1.0709e-08 1.15967e-09 0)
(9.39926e-09 1.4437e-09 0)
(7.35419e-09 1.98713e-09 0)
(5.70986e-09 2.6831e-09 0)
(5.33706e-09 3.42259e-09 0)
(6.97349e-09 4.03073e-09 0)
(1.02631e-08 4.23505e-09 0)
(1.47942e-08 4.02634e-09 0)
(1.96994e-08 3.29057e-09 0)
(2.4038e-08 2.18857e-09 0)
(2.70654e-08 9.23653e-10 0)
(2.87994e-08 -2.41065e-10 0)
(2.9182e-08 -1.29034e-09 0)
(2.82495e-08 -1.91744e-09 0)
(2.66072e-08 -2.43457e-09 0)
(2.40959e-08 -2.80005e-09 0)
(2.09367e-08 -3.10799e-09 0)
(1.72548e-08 -3.5485e-09 0)
(1.30315e-08 -4.11417e-09 0)
(8.76427e-09 -4.66304e-09 0)
(4.23923e-09 -5.02005e-09 0)
(8.21236e-10 -5.15655e-09 0)
(1.38975e-07 3.47671e-08 0)
(1.12293e-07 4.46438e-08 0)
(9.99729e-08 3.9519e-08 0)
(9.47603e-08 3.49534e-08 0)
(8.59459e-08 2.92748e-08 0)
(7.68657e-08 2.60413e-08 0)
(6.52833e-08 2.30078e-08 0)
(5.40688e-08 2.07873e-08 0)
(4.29549e-08 1.89979e-08 0)
(3.32553e-08 1.7497e-08 0)
(2.59941e-08 1.63564e-08 0)
(2.16055e-08 1.54444e-08 0)
(2.00274e-08 1.48098e-08 0)
(2.07803e-08 1.43825e-08 0)
(2.26869e-08 1.37303e-08 0)
(2.48044e-08 1.27338e-08 0)
(2.66637e-08 1.12617e-08 0)
(2.80473e-08 9.37682e-09 0)
(2.90963e-08 7.39459e-09 0)
(2.99937e-08 5.74288e-09 0)
(3.07074e-08 4.67842e-09 0)
(3.08839e-08 4.13149e-09 0)
(2.96982e-08 3.95045e-09 0)
(2.69119e-08 3.6638e-09 0)
(2.2703e-08 3.21017e-09 0)
(1.76764e-08 2.28103e-09 0)
(1.31668e-08 1.30363e-09 0)
(9.63874e-09 4.15659e-10 0)
(7.87987e-09 -4.58486e-10 0)
(7.27097e-09 -9.8804e-10 0)
(6.74552e-09 -1.5276e-09 0)
(5.59425e-09 -2.23431e-09 0)
(3.17038e-09 -3.13526e-09 0)
(-3.24941e-10 -3.95883e-09 0)
(-4.62176e-09 -4.65432e-09 0)
(-8.83827e-09 -4.87683e-09 0)
(-1.2275e-08 -4.5743e-09 0)
(-1.46313e-08 -3.68595e-09 0)
(-1.55806e-08 -2.43335e-09 0)
(-1.51672e-08 -1.15329e-09 0)
(-1.37024e-08 -5.34065e-11 0)
(-1.16982e-08 6.80265e-10 0)
(-9.79339e-09 9.70313e-10 0)
(-8.17797e-09 1.1134e-09 0)
(-7.01683e-09 9.05519e-10 0)
(-5.89697e-09 8.85435e-10 0)
(-4.95202e-09 8.13382e-10 0)
(-3.51088e-09 7.44446e-10 0)
(-1.03835e-09 7.47399e-10 0)
(2.14571e-09 7.78822e-10 0)
(5.72446e-09 8.15413e-10 0)
(8.7998e-09 9.02909e-10 0)
(1.07443e-08 1.10975e-09 0)
(1.10711e-08 1.48418e-09 0)
(9.97062e-09 2.05138e-09 0)
(8.11769e-09 2.89225e-09 0)
(6.57359e-09 3.83782e-09 0)
(6.08336e-09 4.71933e-09 0)
(7.37729e-09 5.35817e-09 0)
(1.01929e-08 5.45392e-09 0)
(1.41761e-08 5.05392e-09 0)
(1.86366e-08 4.04239e-09 0)
(2.26962e-08 2.77016e-09 0)
(2.57485e-08 1.21254e-09 0)
(2.75899e-08 -4.04305e-11 0)
(2.82027e-08 -1.30496e-09 0)
(2.7621e-08 -2.09653e-09 0)
(2.61048e-08 -2.83358e-09 0)
(2.36731e-08 -3.42273e-09 0)
(2.04831e-08 -4.00161e-09 0)
(1.66553e-08 -4.64036e-09 0)
(1.24507e-08 -5.41718e-09 0)
(8.26369e-09 -5.9616e-09 0)
(3.86016e-09 -6.38057e-09 0)
(7.16931e-10 -6.42519e-09 0)
(1.22411e-07 3.99875e-08 0)
(1.16844e-07 4.46573e-08 0)
(9.72352e-08 4.42807e-08 0)
(8.97919e-08 4.04651e-08 0)
(8.10989e-08 3.49907e-08 0)
(7.33988e-08 3.11134e-08 0)
(6.24406e-08 2.76434e-08 0)
(5.19101e-08 2.49279e-08 0)
(4.11687e-08 2.2789e-08 0)
(3.18044e-08 2.09437e-08 0)
(2.48641e-08 1.95799e-08 0)
(2.07701e-08 1.84923e-08 0)
(1.94356e-08 1.77924e-08 0)
(2.01396e-08 1.72002e-08 0)
(2.17554e-08 1.63342e-08 0)
(2.34249e-08 1.50847e-08 0)
(2.48113e-08 1.32912e-08 0)
(2.59727e-08 1.1118e-08 0)
(2.71901e-08 8.97789e-09 0)
(2.86165e-08 7.26613e-09 0)
(2.99046e-08 6.18354e-09 0)
(3.04289e-08 5.50809e-09 0)
(2.93354e-08 5.01789e-09 0)
(2.64146e-08 4.42192e-09 0)
(2.18441e-08 3.54674e-09 0)
(1.65716e-08 2.31735e-09 0)
(1.21312e-08 1.1493e-09 0)
(8.79436e-09 1.64363e-10 0)
(7.20984e-09 -4.77672e-10 0)
(6.66913e-09 -1.1512e-09 0)
(6.02563e-09 -1.74761e-09 0)
(4.71256e-09 -2.73365e-09 0)
(2.26472e-09 -3.73803e-09 0)
(-1.15108e-09 -4.73805e-09 0)
(-5.07004e-09 -5.42487e-09 0)
(-8.72209e-09 -5.57821e-09 0)
(-1.15945e-08 -5.09413e-09 0)
(-1.34968e-08 -4.13226e-09 0)
(-1.4276e-08 -2.80549e-09 0)
(-1.39942e-08 -1.5683e-09 0)
(-1.28196e-08 -5.36638e-10 0)
(-1.12118e-08 7.76012e-11 0)
(-9.5692e-09 3.70813e-10 0)
(-8.14967e-09 5.63713e-10 0)
(-7.07186e-09 5.6193e-10 0)
(-5.90032e-09 6.45922e-10 0)
(-4.96261e-09 6.63761e-10 0)
(-3.505e-09 7.37356e-10 0)
(-1.03813e-09 7.44987e-10 0)
(2.16854e-09 8.10826e-10 0)
(5.79292e-09 8.61281e-10 0)
(8.97744e-09 1.04454e-09 0)
(1.11095e-08 1.3797e-09 0)
(1.16506e-08 1.97281e-09 0)
(1.08074e-08 2.76074e-09 0)
(9.1405e-09 3.85162e-09 0)
(7.53665e-09 4.91687e-09 0)
(6.85732e-09 5.83526e-09 0)
(7.70814e-09 6.42119e-09 0)
(9.95897e-09 6.3847e-09 0)
(1.33828e-08 5.80914e-09 0)
(1.74156e-08 4.71043e-09 0)
(2.1208e-08 3.27332e-09 0)
(2.42547e-08 1.74036e-09 0)
(2.62818e-08 2.60628e-10 0)
(2.71258e-08 -1.06513e-09 0)
(2.67209e-08 -2.14356e-09 0)
(2.5281e-08 -3.08219e-09 0)
(2.29278e-08 -4.02314e-09 0)
(1.97191e-08 -4.92699e-09 0)
(1.58388e-08 -5.84108e-09 0)
(1.17013e-08 -6.69544e-09 0)
(7.71315e-09 -7.38728e-09 0)
(3.52972e-09 -7.74381e-09 0)
(6.38848e-10 -7.67686e-09 0)
(1.06655e-07 5.83395e-08 0)
(1.16586e-07 5.01359e-08 0)
(9.57808e-08 4.90346e-08 0)
(8.54703e-08 4.43427e-08 0)
(7.65942e-08 3.99878e-08 0)
(6.95185e-08 3.58445e-08 0)
(5.90978e-08 3.226e-08 0)
(4.92145e-08 2.91216e-08 0)
(3.89707e-08 2.6568e-08 0)
(3.00463e-08 2.43956e-08 0)
(2.35428e-08 2.28023e-08 0)
(1.9818e-08 2.15073e-08 0)
(1.87353e-08 2.07324e-08 0)
(1.9322e-08 1.99721e-08 0)
(2.05714e-08 1.88884e-08 0)
(2.17614e-08 1.73461e-08 0)
(2.2697e-08 1.5281e-08 0)
(2.37342e-08 1.29707e-08 0)
(2.52445e-08 1.08017e-08 0)
(2.71994e-08 9.06621e-09 0)
(2.89494e-08 7.87888e-09 0)
(2.97183e-08 6.9485e-09 0)
(2.86122e-08 6.11507e-09 0)
(2.54408e-08 5.0675e-09 0)
(2.05984e-08 3.69188e-09 0)
(1.52791e-08 2.27015e-09 0)
(1.10139e-08 1.06561e-09 0)
(8.01178e-09 5.96838e-11 0)
(6.56441e-09 -5.01333e-10 0)
(6.00108e-09 -1.20704e-09 0)
(5.16316e-09 -1.95026e-09 0)
(3.60398e-09 -3.12542e-09 0)
(1.16615e-09 -4.27995e-09 0)
(-2.01159e-09 -5.41921e-09 0)
(-5.46182e-09 -6.06532e-09 0)
(-8.50761e-09 -6.15232e-09 0)
(-1.0829e-08 -5.5253e-09 0)
(-1.23425e-08 -4.57557e-09 0)
(-1.30165e-08 -3.28481e-09 0)
(-1.28983e-08 -2.20301e-09 0)
(-1.20566e-08 -1.26014e-09 0)
(-1.07908e-08 -8.03537e-10 0)
(-9.30725e-09 -4.22321e-10 0)
(-7.98694e-09 -2.14534e-10 0)
(-6.93477e-09 2.53779e-11 0)
(-5.79523e-09 2.19805e-10 0)
(-4.86064e-09 3.77556e-10 0)
(-3.42969e-09 5.15361e-10 0)
(-9.64907e-10 6.63806e-10 0)
(2.26198e-09 7.80079e-10 0)
(5.95812e-09 9.59177e-10 0)
(9.31818e-09 1.30182e-09 0)
(1.16725e-08 1.81155e-09 0)
(1.24521e-08 2.61562e-09 0)
(1.18495e-08 3.58189e-09 0)
(1.02739e-08 4.7711e-09 0)
(8.5572e-09 5.86637e-09 0)
(7.58768e-09 6.75912e-09 0)
(7.92674e-09 7.25226e-09 0)
(9.58094e-09 7.11617e-09 0)
(1.25019e-08 6.54366e-09 0)
(1.61008e-08 5.40251e-09 0)
(1.97261e-08 3.95101e-09 0)
(2.27358e-08 2.40455e-09 0)
(2.47845e-08 8.0806e-10 0)
(2.57984e-08 -6.48272e-10 0)
(2.56039e-08 -2.03347e-09 0)
(2.42254e-08 -3.22849e-09 0)
(2.18283e-08 -4.45014e-09 0)
(1.86652e-08 -5.70453e-09 0)
(1.48864e-08 -6.83247e-09 0)
(1.08937e-08 -7.77221e-09 0)
(7.10869e-09 -8.55522e-09 0)
(3.23318e-09 -8.88211e-09 0)
(5.69131e-10 -8.68564e-09 0)
(1.01474e-07 7.28449e-08 0)
(1.07539e-07 5.95902e-08 0)
(9.1442e-08 5.56726e-08 0)
(8.07449e-08 4.95062e-08 0)
(7.26006e-08 4.49465e-08 0)
(6.5671e-08 4.0428e-08 0)
(5.57177e-08 3.67355e-08 0)
(4.62183e-08 3.32366e-08 0)
(3.64427e-08 3.02286e-08 0)
(2.80387e-08 2.77124e-08 0)
(2.19758e-08 2.58228e-08 0)
(1.87e-08 2.43522e-08 0)
(1.79004e-08 2.34244e-08 0)
(1.82957e-08 2.24027e-08 0)
(1.91294e-08 2.11389e-08 0)
(1.98175e-08 1.93139e-08 0)
(2.04359e-08 1.71337e-08 0)
(2.14936e-08 1.48027e-08 0)
(2.32857e-08 1.26407e-08 0)
(2.56936e-08 1.0946e-08 0)
(2.77868e-08 9.57502e-09 0)
(2.8665e-08 8.37373e-09 0)
(2.74547e-08 7.05678e-09 0)
(2.39917e-08 5.60095e-09 0)
(1.90466e-08 3.75561e-09 0)
(1.39452e-08 2.2273e-09 0)
(9.92066e-09 1.02628e-09 0)
(7.22737e-09 6.65781e-11 0)
(5.94319e-09 -5.55593e-10 0)
(5.22021e-09 -1.26214e-09 0)
(4.10729e-09 -2.25885e-09 0)
(2.3829e-09 -3.51972e-09 0)
(-2.91373e-11 -4.84352e-09 0)
(-2.93647e-09 -5.9905e-09 0)
(-5.8032e-09 -6.59798e-09 0)
(-8.18217e-09 -6.62808e-09 0)
(-1.00177e-08 -5.90681e-09 0)
(-1.12563e-08 -4.9753e-09 0)
(-1.19033e-08 -3.90597e-09 0)
(-1.19695e-08 -3.00376e-09 0)
(-1.14203e-08 -2.18719e-09 0)
(-1.0374e-08 -1.81908e-09 0)
(-8.98016e-09 -1.33794e-09 0)
(-7.70202e-09 -1.05108e-09 0)
(-6.63759e-09 -6.46021e-10 0)
(-5.54809e-09 -3.02939e-10 0)
(-4.66691e-09 -4.29439e-11 0)
(-3.21873e-09 2.47696e-10 0)
(-7.73443e-10 5.18076e-10 0)
(2.46384e-09 7.85033e-10 0)
(6.31459e-09 1.13137e-09 0)
(9.82984e-09 1.66931e-09 0)
(1.24233e-08 2.438e-09 0)
(1.34209e-08 3.33578e-09 0)
(1.29628e-08 4.36276e-09 0)
(1.1425e-08 5.47082e-09 0)
(9.52473e-09 6.52702e-09 0)
(8.24327e-09 7.3011e-09 0)
(8.06516e-09 7.73847e-09 0)
(9.25041e-09 7.60462e-09 0)
(1.16692e-08 7.11421e-09 0)
(1.48229e-08 6.0489e-09 0)
(1.82099e-08 4.75342e-09 0)
(2.11118e-08 3.14401e-09 0)
(2.32292e-08 1.58632e-09 0)
(2.42843e-08 -8.49949e-11 0)
(2.41408e-08 -1.67481e-09 0)
(2.28644e-08 -3.272e-09 0)
(2.04518e-08 -4.76213e-09 0)
(1.73367e-08 -6.30936e-09 0)
(1.37703e-08 -7.63071e-09 0)
(9.96597e-09 -8.68419e-09 0)
(6.47866e-09 -9.49347e-09 0)
(2.97849e-09 -9.82656e-09 0)
(5.47942e-10 -9.49096e-09 0)
(9.63096e-08 7.54653e-08 0)
(9.94139e-08 6.569e-08 0)
(8.56967e-08 6.10175e-08 0)
(7.47441e-08 5.50398e-08 0)
(6.7516e-08 5.01527e-08 0)
(6.13075e-08 4.51205e-08 0)
(5.19064e-08 4.11537e-08 0)
(4.27076e-08 3.72386e-08 0)
(3.34465e-08 3.37969e-08 0)
(2.56406e-08 3.08571e-08 0)
(2.01827e-08 2.86159e-08 0)
(1.74196e-08 2.70205e-08 0)
(1.67858e-08 2.57977e-08 0)
(1.70365e-08 2.4565e-08 0)
(1.74825e-08 2.30747e-08 0)
(1.77561e-08 2.11023e-08 0)
(1.81858e-08 1.89019e-08 0)
(1.92412e-08 1.6583e-08 0)
(2.13878e-08 1.45385e-08 0)
(2.41338e-08 1.28181e-08 0)
(2.63771e-08 1.12427e-08 0)
(2.72e-08 9.72852e-09 0)
(2.58395e-08 7.89318e-09 0)
(2.21398e-08 6.08237e-09 0)
(1.72246e-08 3.90877e-09 0)
(1.25495e-08 2.29045e-09 0)
(8.85311e-09 1.0488e-09 0)
(6.42992e-09 1.30571e-10 0)
(5.2357e-09 -5.53343e-10 0)
(4.2977e-09 -1.37472e-09 0)
(2.9054e-09 -2.53929e-09 0)
(1.01924e-09 -3.93618e-09 0)
(-1.30475e-09 -5.39441e-09 0)
(-3.7661e-09 -6.49023e-09 0)
(-6.0995e-09 -6.97867e-09 0)
(-7.8166e-09 -6.917e-09 0)
(-9.17614e-09 -6.25148e-09 0)
(-1.03417e-08 -5.46081e-09 0)
(-1.10449e-08 -4.63071e-09 0)
(-1.11795e-08 -3.92111e-09 0)
(-1.08721e-08 -3.31198e-09 0)
(-9.9415e-09 -2.89117e-09 0)
(-8.53918e-09 -2.39062e-09 0)
(-7.29501e-09 -1.96283e-09 0)
(-6.1866e-09 -1.39109e-09 0)
(-5.19203e-09 -8.76433e-10 0)
(-4.30985e-09 -5.23459e-10 0)
(-2.86861e-09 -3.66409e-11 0)
(-4.27515e-10 3.53852e-10 0)
(2.87512e-09 8.45348e-10 0)
(6.84223e-09 1.41768e-09 0)
(1.06249e-08 2.18567e-09 0)
(1.3339e-08 3.09729e-09 0)
(1.43768e-08 4.02725e-09 0)
(1.39845e-08 5.02489e-09 0)
(1.24381e-08 5.96445e-09 0)
(1.03875e-08 6.84926e-09 0)
(8.79912e-09 7.49231e-09 0)
(8.23022e-09 7.88215e-09 0)
(8.95666e-09 7.82361e-09 0)
(1.09462e-08 7.45449e-09 0)
(1.37399e-08 6.6728e-09 0)
(1.6821e-08 5.51201e-09 0)
(1.95687e-08 4.07575e-09 0)
(2.15556e-08 2.43935e-09 0)
(2.25373e-08 6.23521e-10 0)
(2.24168e-08 -1.19433e-09 0)
(2.1138e-08 -3.09863e-09 0)
(1.87909e-08 -4.95808e-09 0)
(1.57965e-08 -6.69235e-09 0)
(1.25107e-08 -8.20301e-09 0)
(9.01686e-09 -9.36221e-09 0)
(5.82437e-09 -1.01696e-08 0)
(2.72727e-09 -1.05157e-08 0)
(5.48595e-10 -1.00368e-08 0)
(8.79214e-08 8.37797e-08 0)
(9.30911e-08 7.04348e-08 0)
(8.07918e-08 6.49162e-08 0)
(6.988e-08 5.98712e-08 0)
(6.26812e-08 5.51677e-08 0)
(5.66723e-08 4.95324e-08 0)
(4.78359e-08 4.51968e-08 0)
(3.88614e-08 4.087e-08 0)
(3.00614e-08 3.70624e-08 0)
(2.28578e-08 3.3749e-08 0)
(1.8139e-08 3.12223e-08 0)
(1.58818e-08 2.93702e-08 0)
(1.5445e-08 2.78485e-08 0)
(1.55725e-08 2.64063e-08 0)
(1.56666e-08 2.47065e-08 0)
(1.56447e-08 2.27348e-08 0)
(1.59167e-08 2.05201e-08 0)
(1.71302e-08 1.83786e-08 0)
(1.95208e-08 1.6396e-08 0)
(2.23978e-08 1.45817e-08 0)
(2.46973e-08 1.2762e-08 0)
(2.53154e-08 1.08867e-08 0)
(2.38085e-08 8.63735e-09 0)
(2.00073e-08 6.37017e-09 0)
(1.52548e-08 4.08345e-09 0)
(1.10852e-08 2.39492e-09 0)
(7.76078e-09 1.15553e-09 0)
(5.62525e-09 1.74267e-10 0)
(4.43787e-09 -5.34332e-10 0)
(3.23417e-09 -1.61007e-09 0)
(1.54577e-09 -2.96008e-09 0)
(-4.72192e-10 -4.40778e-09 0)
(-2.58317e-09 -5.88518e-09 0)
(-4.52072e-09 -6.83639e-09 0)
(-6.23001e-09 -7.24779e-09 0)
(-7.45511e-09 -7.05627e-09 0)
(-8.56153e-09 -6.59681e-09 0)
(-9.63551e-09 -6.01303e-09 0)
(-1.03637e-08 -5.41077e-09 0)
(-1.06507e-08 -4.88901e-09 0)
(-1.03904e-08 -4.48726e-09 0)
(-9.45263e-09 -3.96647e-09 0)
(-8.05177e-09 -3.42314e-09 0)
(-6.70253e-09 -2.82868e-09 0)
(-5.55124e-09 -2.11262e-09 0)
(-4.6805e-09 -1.47819e-09 0)
(-3.82716e-09 -9.64769e-10 0)
(-2.34144e-09 -3.41556e-10 0)
(1.08655e-10 2.78485e-10 0)
(3.52771e-09 1.03933e-09 0)
(7.65481e-09 1.84626e-09 0)
(1.15095e-08 2.78409e-09 0)
(1.4265e-08 3.68836e-09 0)
(1.53485e-08 4.60401e-09 0)
(1.49e-08 5.4508e-09 0)
(1.32494e-08 6.19486e-09 0)
(1.10526e-08 6.81796e-09 0)
(9.27612e-09 7.35049e-09 0)
(8.3965e-09 7.72817e-09 0)
(8.82282e-09 7.82252e-09 0)
(1.05184e-08 7.72039e-09 0)
(1.28803e-08 7.20256e-09 0)
(1.56129e-08 6.28277e-09 0)
(1.80392e-08 4.98764e-09 0)
(1.9777e-08 3.33766e-09 0)
(2.06506e-08 1.40984e-09 0)
(2.04185e-08 -6.14233e-10 0)
(1.91007e-08 -2.84056e-09 0)
(1.68581e-08 -4.95497e-09 0)
(1.40917e-08 -6.87734e-09 0)
(1.10996e-08 -8.50245e-09 0)
(7.98387e-09 -9.77255e-09 0)
(5.16577e-09 -1.06239e-08 0)
(2.5065e-09 -1.09426e-08 0)
(5.83182e-10 -1.03569e-08 0)
(8.44525e-08 9.68645e-08 0)
(8.05502e-08 7.72609e-08 0)
(7.51329e-08 6.94327e-08 0)
(6.49954e-08 6.43436e-08 0)
(5.71771e-08 5.99777e-08 0)
(5.13366e-08 5.3952e-08 0)
(4.32441e-08 4.90736e-08 0)
(3.45733e-08 4.42054e-08 0)
(2.63255e-08 3.99174e-08 0)
(1.98004e-08 3.63078e-08 0)
(1.58038e-08 3.34713e-08 0)
(1.40458e-08 3.13227e-08 0)
(1.3822e-08 2.95799e-08 0)
(1.38945e-08 2.79235e-08 0)
(1.38111e-08 2.61449e-08 0)
(1.35697e-08 2.41839e-08 0)
(1.38297e-08 2.20998e-08 0)
(1.51172e-08 2.00773e-08 0)
(1.75907e-08 1.81033e-08 0)
(2.04997e-08 1.62247e-08 0)
(2.2682e-08 1.40807e-08 0)
(2.30753e-08 1.1799e-08 0)
(2.13229e-08 9.22268e-09 0)
(1.75858e-08 6.62761e-09 0)
(1.32494e-08 4.33399e-09 0)
(9.62159e-09 2.5991e-09 0)
(6.63248e-09 1.31004e-09 0)
(4.74014e-09 2.44222e-10 0)
(3.45134e-09 -7.06841e-10 0)
(1.87191e-09 -2.09765e-09 0)
(1.07789e-10 -3.5171e-09 0)
(-1.90574e-09 -4.97132e-09 0)
(-3.7333e-09 -6.26656e-09 0)
(-5.12862e-09 -7.0788e-09 0)
(-6.3194e-09 -7.43716e-09 0)
(-7.16567e-09 -7.17696e-09 0)
(-8.13303e-09 -6.94715e-09 0)
(-9.15579e-09 -6.53564e-09 0)
(-9.92091e-09 -6.22044e-09 0)
(-1.02559e-08 -5.88309e-09 0)
(-9.94947e-09 -5.52802e-09 0)
(-8.87728e-09 -5.01172e-09 0)
(-7.40147e-09 -4.32128e-09 0)
(-5.98464e-09 -3.57803e-09 0)
(-4.83601e-09 -2.75417e-09 0)
(-4.04417e-09 -2.03644e-09 0)
(-3.17338e-09 -1.30966e-09 0)
(-1.62544e-09 -5.07073e-10 0)
(9.53317e-10 3.11807e-10 0)
(4.44294e-09 1.37345e-09 0)
(8.58709e-09 2.36547e-09 0)
(1.24671e-08 3.36673e-09 0)
(1.5159e-08 4.25578e-09 0)
(1.61394e-08 4.97946e-09 0)
(1.55754e-08 5.57924e-09 0)
(1.38052e-08 6.0414e-09 0)
(1.1543e-08 6.44299e-09 0)
(9.70931e-09 6.88843e-09 0)
(8.70228e-09 7.29413e-09 0)
(8.94888e-09 7.66106e-09 0)
(1.03262e-08 7.78844e-09 0)
(1.23024e-08 7.55846e-09 0)
(1.46063e-08 6.9448e-09 0)
(1.66236e-08 5.75984e-09 0)
(1.79777e-08 4.21386e-09 0)
(1.85853e-08 2.19231e-09 0)
(1.81665e-08 -3.96781e-11 0)
(1.67975e-08 -2.47127e-09 0)
(1.47541e-08 -4.79329e-09 0)
(1.22489e-08 -6.84105e-09 0)
(9.61449e-09 -8.58451e-09 0)
(6.87859e-09 -9.93192e-09 0)
(4.47776e-09 -1.0769e-08 0)
(2.28495e-09 -1.10851e-08 0)
(5.94337e-10 -1.04135e-08 0)
(8.30164e-08 1.03523e-07 0)
(6.5659e-08 8.66366e-08 0)
(6.78743e-08 7.34084e-08 0)
(6.04249e-08 6.78221e-08 0)
(5.22894e-08 6.3416e-08 0)
(4.57682e-08 5.77173e-08 0)
(3.80893e-08 5.24281e-08 0)
(2.9705e-08 4.71933e-08 0)
(2.21637e-08 4.23823e-08 0)
(1.64117e-08 3.84664e-08 0)
(1.31539e-08 3.52724e-08 0)
(1.19903e-08 3.29284e-08 0)
(1.20457e-08 3.09973e-08 0)
(1.21376e-08 2.92341e-08 0)
(1.19271e-08 2.74404e-08 0)
(1.15996e-08 2.55515e-08 0)
(1.18101e-08 2.36031e-08 0)
(1.31337e-08 2.16388e-08 0)
(1.56682e-08 1.96655e-08 0)
(1.83752e-08 1.75945e-08 0)
(2.02715e-08 1.51544e-08 0)
(2.04573e-08 1.24848e-08 0)
(1.86371e-08 9.63931e-09 0)
(1.51185e-08 6.88986e-09 0)
(1.12261e-08 4.6184e-09 0)
(8.06118e-09 2.83255e-09 0)
(5.40605e-09 1.43032e-09 0)
(3.60844e-09 2.38235e-10 0)
(2.09588e-09 -1.05331e-09 0)
(4.23932e-10 -2.62657e-09 0)
(-1.32781e-09 -4.1059e-09 0)
(-3.22158e-09 -5.55363e-09 0)
(-4.6907e-09 -6.5787e-09 0)
(-5.69132e-09 -7.28317e-09 0)
(-6.32813e-09 -7.4905e-09 0)
(-6.96511e-09 -7.30973e-09 0)
(-7.92029e-09 -7.28598e-09 0)
(-8.90891e-09 -7.10832e-09 0)
(-9.71113e-09 -6.97015e-09 0)
(-9.95823e-09 -6.82463e-09 0)
(-9.51894e-09 -6.42001e-09 0)
(-8.2458e-09 -5.81878e-09 0)
(-6.61806e-09 -5.07715e-09 0)
(-5.13549e-09 -4.22407e-09 0)
(-4.00969e-09 -3.31825e-09 0)
(-3.23588e-09 -2.45342e-09 0)
(-2.29777e-09 -1.53669e-09 0)
(-7.19967e-10 -5.06034e-10 0)
(1.98921e-09 5.55747e-10 0)
(5.58132e-09 1.80763e-09 0)
(9.64816e-09 2.93617e-09 0)
(1.33999e-08 3.93707e-09 0)
(1.58777e-08 4.68609e-09 0)
(1.66719e-08 5.07789e-09 0)
(1.5962e-08 5.41173e-09 0)
(1.41132e-08 5.54472e-09 0)
(1.18996e-08 5.86448e-09 0)
(1.01272e-08 6.21214e-09 0)
(9.16907e-09 6.74985e-09 0)
(9.31708e-09 7.30853e-09 0)
(1.04159e-08 7.69893e-09 0)
(1.20368e-08 7.76215e-09 0)
(1.38144e-08 7.39062e-09 0)
(1.53083e-08 6.36471e-09 0)
(1.62095e-08 4.85972e-09 0)
(1.6397e-08 2.85976e-09 0)
(1.5755e-08 4.68078e-10 0)
(1.43473e-08 -2.0339e-09 0)
(1.24883e-08 -4.50945e-09 0)
(1.03003e-08 -6.68258e-09 0)
(8.00754e-09 -8.54272e-09 0)
(5.78125e-09 -9.8609e-09 0)
(3.82089e-09 -1.06945e-08 0)
(2.06613e-09 -1.10541e-08 0)
(6.44433e-10 -1.02909e-08 0)
(8.39587e-08 9.97384e-08 0)
(5.04356e-08 9.49598e-08 0)
(5.63185e-08 7.94684e-08 0)
(5.50029e-08 7.22593e-08 0)
(4.70722e-08 6.62934e-08 0)
(4.03488e-08 6.05452e-08 0)
(3.272e-08 5.48346e-08 0)
(2.45275e-08 4.9489e-08 0)
(1.75987e-08 4.43291e-08 0)
(1.26905e-08 4.01406e-08 0)
(1.02657e-08 3.67156e-08 0)
(9.77049e-09 3.42468e-08 0)
(1.01275e-08 3.21897e-08 0)
(1.03377e-08 3.04307e-08 0)
(1.01285e-08 2.86513e-08 0)
(9.73232e-09 2.68634e-08 0)
(9.91703e-09 2.49631e-08 0)
(1.11796e-08 2.3099e-08 0)
(1.35464e-08 2.10166e-08 0)
(1.59886e-08 1.86249e-08 0)
(1.75724e-08 1.59359e-08 0)
(1.75603e-08 1.30004e-08 0)
(1.5728e-08 9.95793e-09 0)
(1.2565e-08 7.13733e-09 0)
(9.1921e-09 4.85749e-09 0)
(6.43353e-09 3.0009e-09 0)
(4.03823e-09 1.43731e-09 0)
(2.25651e-09 2.49798e-11 0)
(5.86493e-10 -1.54855e-09 0)
(-1.18049e-09 -3.22637e-09 0)
(-2.81925e-09 -4.81737e-09 0)
(-4.37862e-09 -6.11714e-09 0)
(-5.4629e-09 -6.92647e-09 0)
(-6.04058e-09 -7.41607e-09 0)
(-6.34589e-09 -7.49571e-09 0)
(-6.96103e-09 -7.53999e-09 0)
(-7.93163e-09 -7.61442e-09 0)
(-8.83995e-09 -7.65986e-09 0)
(-9.63714e-09 -7.6657e-09 0)
(-9.70574e-09 -7.59703e-09 0)
(-8.94367e-09 -7.11301e-09 0)
(-7.53436e-09 -6.42402e-09 0)
(-5.80669e-09 -5.57276e-09 0)
(-4.2257e-09 -4.58829e-09 0)
(-3.06551e-09 -3.67311e-09 0)
(-2.2627e-09 -2.64919e-09 0)
(-1.22581e-09 -1.60092e-09 0)
(4.67185e-10 -3.49658e-10 0)
(3.26709e-09 9.89164e-10 0)
(6.82327e-09 2.30472e-09 0)
(1.07164e-08 3.53918e-09 0)
(1.4217e-08 4.41133e-09 0)
(1.62998e-08 4.90081e-09 0)
(1.68649e-08 4.99502e-09 0)
(1.60422e-08 5.00797e-09 0)
(1.4258e-08 4.87908e-09 0)
(1.22105e-08 5.09796e-09 0)
(1.05946e-08 5.44595e-09 0)
(9.79859e-09 6.13629e-09 0)
(9.89789e-09 6.83718e-09 0)
(1.07798e-08 7.47393e-09 0)
(1.1994e-08 7.7584e-09 0)
(1.32088e-08 7.54956e-09 0)
(1.40927e-08 6.70792e-09 0)
(1.44729e-08 5.23607e-09 0)
(1.41938e-08 3.31207e-09 0)
(1.32728e-08 8.70796e-10 0)
(1.18201e-08 -1.67019e-09 0)
(1.01055e-08 -4.21416e-09 0)
(8.21546e-09 -6.45458e-09 0)
(6.43487e-09 -8.3263e-09 0)
(4.70737e-09 -9.63064e-09 0)
(3.07706e-09 -1.04652e-08 0)
(1.79289e-09 -1.08114e-08 0)
(6.5665e-10 -1.00049e-08 0)
(7.72911e-08 8.57266e-08 0)
(4.53891e-08 9.39561e-08 0)
(4.51738e-08 8.42758e-08 0)
(4.72498e-08 7.71073e-08 0)
(4.05752e-08 6.97761e-08 0)
(3.43093e-08 6.31921e-08 0)
(2.70331e-08 5.67978e-08 0)
(1.91996e-08 5.10829e-08 0)
(1.28154e-08 4.56764e-08 0)
(8.79812e-09 4.1317e-08 0)
(7.26006e-09 3.78379e-08 0)
(7.46446e-09 3.53436e-08 0)
(8.22965e-09 3.32825e-08 0)
(8.59909e-09 3.15964e-08 0)
(8.35958e-09 2.98466e-08 0)
(7.91142e-09 2.8139e-08 0)
(8.04584e-09 2.6258e-08 0)
(9.18723e-09 2.42971e-08 0)
(1.11941e-08 2.20269e-08 0)
(1.32947e-08 1.93955e-08 0)
(1.46471e-08 1.6452e-08 0)
(1.44794e-08 1.32938e-08 0)
(1.2774e-08 1.01947e-08 0)
(1.00181e-08 7.39065e-09 0)
(7.08978e-09 5.0978e-09 0)
(4.6409e-09 3.09348e-09 0)
(2.43002e-09 1.30928e-09 0)
(6.22562e-10 -3.96506e-10 0)
(-1.1555e-09 -2.23456e-09 0)
(-2.84491e-09 -4.02187e-09 0)
(-4.21866e-09 -5.5605e-09 0)
(-5.33078e-09 -6.64019e-09 0)
(-5.98959e-09 -7.22866e-09 0)
(-6.26054e-09 -7.49669e-09 0)
(-6.45198e-09 -7.5831e-09 0)
(-7.08375e-09 -7.77691e-09 0)
(-8.04023e-09 -7.89863e-09 0)
(-8.96019e-09 -8.12316e-09 0)
(-9.64819e-09 -8.22639e-09 0)
(-9.4056e-09 -8.0366e-09 0)
(-8.34613e-09 -7.55131e-09 0)
(-6.70558e-09 -6.72343e-09 0)
(-4.7823e-09 -5.78672e-09 0)
(-3.23578e-09 -4.66748e-09 0)
(-2.07056e-09 -3.69078e-09 0)
(-1.16369e-09 -2.61989e-09 0)
(1.7686e-12 -1.41356e-09 0)
(1.87004e-09 -4.19693e-11 0)
(4.6435e-09 1.46669e-09 0)
(8.13123e-09 2.75645e-09 0)
(1.17547e-08 4.01737e-09 0)
(1.47616e-08 4.68819e-09 0)
(1.64614e-08 4.88806e-09 0)
(1.67791e-08 4.74244e-09 0)
(1.58461e-08 4.41451e-09 0)
(1.42032e-08 4.15845e-09 0)
(1.24664e-08 4.20724e-09 0)
(1.11654e-08 4.67209e-09 0)
(1.05603e-08 5.4493e-09 0)
(1.06547e-08 6.29395e-09 0)
(1.13371e-08 7.04734e-09 0)
(1.21125e-08 7.48095e-09 0)
(1.2764e-08 7.38468e-09 0)
(1.29947e-08 6.6947e-09 0)
(1.28136e-08 5.36326e-09 0)
(1.20318e-08 3.44563e-09 0)
(1.07726e-08 1.09644e-09 0)
(9.2624e-09 -1.44294e-09 0)
(7.7039e-09 -3.9257e-09 0)
(6.1881e-09 -6.17677e-09 0)
(4.83034e-09 -8.00774e-09 0)
(3.6219e-09 -9.30572e-09 0)
(2.41641e-09 -1.00929e-08 0)
(1.51897e-09 -1.0345e-08 0)
(6.39582e-10 -9.53198e-09 0)
(5.52113e-08 8.49553e-08 0)
(4.89849e-08 9.02127e-08 0)
(3.94695e-08 8.46465e-08 0)
(4.05029e-08 7.90774e-08 0)
(3.3157e-08 7.2024e-08 0)
(2.73705e-08 6.53104e-08 0)
(2.06108e-08 5.83589e-08 0)
(1.34062e-08 5.21937e-08 0)
(7.83276e-09 4.64924e-08 0)
(4.85204e-09 4.21214e-08 0)
(4.29228e-09 3.8703e-08 0)
(5.2151e-09 3.62792e-08 0)
(6.3804e-09 3.42924e-08 0)
(6.90162e-09 3.26722e-08 0)
(6.67099e-09 3.09749e-08 0)
(6.14376e-09 2.92939e-08 0)
(6.07521e-09 2.73562e-08 0)
(6.94845e-09 2.51954e-08 0)
(8.64479e-09 2.26804e-08 0)
(1.04138e-08 1.9826e-08 0)
(1.14707e-08 1.66789e-08 0)
(1.13031e-08 1.33873e-08 0)
(9.82499e-09 1.03314e-08 0)
(7.46805e-09 7.50351e-09 0)
(4.89491e-09 5.19289e-09 0)
(2.64493e-09 3.02383e-09 0)
(5.48311e-10 9.72859e-10 0)
(-1.28735e-09 -1.02212e-09 0)
(-3.03896e-09 -3.05523e-09 0)
(-4.50654e-09 -4.85137e-09 0)
(-5.43762e-09 -6.24462e-09 0)
(-6.04671e-09 -7.13638e-09 0)
(-6.31936e-09 -7.5114e-09 0)
(-6.39491e-09 -7.63387e-09 0)
(-6.62597e-09 -7.71621e-09 0)
(-7.27656e-09 -7.97002e-09 0)
(-8.27801e-09 -8.16954e-09 0)
(-9.16784e-09 -8.4826e-09 0)
(-9.55067e-09 -8.50387e-09 0)
(-9.0308e-09 -8.17995e-09 0)
(-7.63063e-09 -7.58114e-09 0)
(-5.7698e-09 -6.63942e-09 0)
(-3.75067e-09 -5.62655e-09 0)
(-2.12966e-09 -4.54854e-09 0)
(-1.01785e-09 -3.48166e-09 0)
(1.45878e-11 -2.38977e-09 0)
(1.35202e-09 -1.04587e-09 0)
(3.34733e-09 3.72627e-10 0)
(6.06552e-09 1.94688e-09 0)
(9.37386e-09 3.20004e-09 0)
(1.26481e-08 4.34133e-09 0)
(1.50879e-08 4.75083e-09 0)
(1.63542e-08 4.70485e-09 0)
(1.63914e-08 4.2559e-09 0)
(1.54582e-08 3.7682e-09 0)
(1.40507e-08 3.4275e-09 0)
(1.27241e-08 3.46997e-09 0)
(1.18367e-08 3.92334e-09 0)
(1.14205e-08 4.79233e-09 0)
(1.1496e-08 5.66978e-09 0)
(1.1967e-08 6.44125e-09 0)
(1.23315e-08 6.92222e-09 0)
(1.24227e-08 6.89201e-09 0)
(1.20712e-08 6.32761e-09 0)
(1.12238e-08 5.1265e-09 0)
(9.92682e-09 3.29519e-09 0)
(8.3841e-09 1.10364e-09 0)
(6.79797e-09 -1.33793e-09 0)
(5.37175e-09 -3.72092e-09 0)
(4.13348e-09 -5.92139e-09 0)
(3.30478e-09 -7.70971e-09 0)
(2.60074e-09 -8.86443e-09 0)
(1.7997e-09 -9.61511e-09 0)
(1.25317e-09 -9.79337e-09 0)
(5.73127e-10 -8.92534e-09 0)
(3.74124e-08 1.03077e-07 0)
(4.50803e-08 9.50174e-08 0)
(3.40384e-08 8.73726e-08 0)
(3.46272e-08 8.00776e-08 0)
(2.68083e-08 7.29174e-08 0)
(2.06442e-08 6.62445e-08 0)
(1.39163e-08 5.9032e-08 0)
(7.33317e-09 5.25977e-08 0)
(2.74312e-09 4.69548e-08 0)
(1.00865e-09 4.2669e-08 0)
(1.41773e-09 3.94192e-08 0)
(3.05383e-09 3.70953e-08 0)
(4.62255e-09 3.52454e-08 0)
(5.28152e-09 3.37031e-08 0)
(4.98135e-09 3.20198e-08 0)
(4.29262e-09 3.0221e-08 0)
(3.94731e-09 2.81421e-08 0)
(4.5115e-09 2.57523e-08 0)
(5.82469e-09 2.30354e-08 0)
(7.29329e-09 1.99147e-08 0)
(8.20836e-09 1.66877e-08 0)
(8.13195e-09 1.34146e-08 0)
(6.89028e-09 1.03639e-08 0)
(4.87952e-09 7.53681e-09 0)
(2.61009e-09 5.11052e-09 0)
(4.20971e-10 2.75716e-09 0)
(-1.61577e-09 4.45737e-10 0)
(-3.40547e-09 -1.75791e-09 0)
(-4.98472e-09 -3.95286e-09 0)
(-6.03423e-09 -5.65502e-09 0)
(-6.50358e-09 -6.87232e-09 0)
(-6.59751e-09 -7.57014e-09 0)
(-6.48712e-09 -7.78841e-09 0)
(-6.46536e-09 -7.8215e-09 0)
(-6.7881e-09 -7.90792e-09 0)
(-7.53697e-09 -8.13172e-09 0)
(-8.55275e-09 -8.39637e-09 0)
(-9.29454e-09 -8.55948e-09 0)
(-9.34555e-09 -8.46384e-09 0)
(-8.48286e-09 -7.97048e-09 0)
(-6.80565e-09 -7.18669e-09 0)
(-4.75101e-09 -6.21111e-09 0)
(-2.69133e-09 -5.13478e-09 0)
(-1.09082e-09 -4.13937e-09 0)
(8.8154e-11 -3.08378e-09 0)
(1.27197e-09 -1.94493e-09 0)
(2.76416e-09 -5.59338e-10 0)
(4.86288e-09 8.54412e-10 0)
(7.47103e-09 2.30879e-09 0)
(1.05256e-08 3.57886e-09 0)
(1.33054e-08 4.42207e-09 0)
(1.51253e-08 4.57808e-09 0)
(1.59665e-08 4.28209e-09 0)
(1.58424e-08 3.69279e-09 0)
(1.50175e-08 3.14306e-09 0)
(1.39048e-08 2.83762e-09 0)
(1.29623e-08 2.92341e-09 0)
(1.2488e-08 3.31992e-09 0)
(1.23068e-08 4.15151e-09 0)
(1.23037e-08 4.95862e-09 0)
(1.25896e-08 5.65411e-09 0)
(1.25633e-08 6.10713e-09 0)
(1.21694e-08 6.09377e-09 0)
(1.12292e-08 5.61891e-09 0)
(9.78126e-09 4.51879e-09 0)
(8.0089e-09 2.94318e-09 0)
(6.13941e-09 8.87277e-10 0)
(4.43791e-09 -1.37033e-09 0)
(3.12053e-09 -3.63568e-09 0)
(2.19918e-09 -5.67657e-09 0)
(1.88596e-09 -7.31247e-09 0)
(1.69402e-09 -8.40545e-09 0)
(1.23566e-09 -9.00217e-09 0)
(1.01645e-09 -9.11934e-09 0)
(5.2873e-10 -8.13278e-09 0)
(3.15507e-08 1.10163e-07 0)
(3.32798e-08 1.00687e-07 0)
(2.45297e-08 9.21215e-08 0)
(2.60477e-08 8.25065e-08 0)
(1.93238e-08 7.38412e-08 0)
(1.3485e-08 6.65482e-08 0)
(6.96406e-09 5.90422e-08 0)
(1.32899e-09 5.25319e-08 0)
(-2.09605e-09 4.71402e-08 0)
(-2.68363e-09 4.30078e-08 0)
(-1.28127e-09 3.99866e-08 0)
(1.0413e-09 3.78493e-08 0)
(2.98804e-09 3.61374e-08 0)
(3.67596e-09 3.45956e-08 0)
(3.18887e-09 3.28501e-08 0)
(2.26612e-09 3.08635e-08 0)
(1.6067e-09 2.85876e-08 0)
(1.84198e-09 2.59503e-08 0)
(2.80723e-09 2.30359e-08 0)
(4.06615e-09 1.97789e-08 0)
(4.97057e-09 1.65106e-08 0)
(4.97921e-09 1.33063e-08 0)
(3.94711e-09 1.02894e-08 0)
(2.21454e-09 7.43288e-09 0)
(1.15186e-10 4.88518e-09 0)
(-2.01987e-09 2.30819e-09 0)
(-3.9668e-09 -2.42931e-10 0)
(-5.68589e-09 -2.64755e-09 0)
(-6.93602e-09 -4.86955e-09 0)
(-7.42601e-09 -6.5015e-09 0)
(-7.3527e-09 -7.47597e-09 0)
(-6.96279e-09 -7.93218e-09 0)
(-6.57072e-09 -8.05016e-09 0)
(-6.51445e-09 -8.01273e-09 0)
(-6.93622e-09 -8.07594e-09 0)
(-7.76494e-09 -8.26073e-09 0)
(-8.70569e-09 -8.42459e-09 0)
(-9.23526e-09 -8.36792e-09 0)
(-8.96159e-09 -8.04843e-09 0)
(-7.75353e-09 -7.32788e-09 0)
(-5.87124e-09 -6.42504e-09 0)
(-3.71792e-09 -5.40075e-09 0)
(-1.67888e-09 -4.42152e-09 0)
(-7.85271e-11 -3.46802e-09 0)
(1.17658e-09 -2.50077e-09 0)
(2.53889e-09 -1.35832e-09 0)
(4.15142e-09 -4.29359e-11 0)
(6.21555e-09 1.28142e-09 0)
(8.79e-09 2.60206e-09 0)
(1.14871e-08 3.69427e-09 0)
(1.36473e-08 4.1737e-09 0)
(1.49478e-08 4.13971e-09 0)
(1.54688e-08 3.69412e-09 0)
(1.52523e-08 3.1136e-09 0)
(1.4603e-08 2.58332e-09 0)
(1.38311e-08 2.40333e-09 0)
(1.32066e-08 2.47652e-09 0)
(1.3065e-08 2.92935e-09 0)
(1.30593e-08 3.52971e-09 0)
(1.29987e-08 4.23373e-09 0)
(1.31156e-08 4.74527e-09 0)
(1.27711e-08 5.13242e-09 0)
(1.19344e-08 5.06419e-09 0)
(1.04963e-08 4.64718e-09 0)
(8.54804e-09 3.7368e-09 0)
(6.29524e-09 2.34685e-09 0)
(4.0706e-09 5.45357e-10 0)
(2.27505e-09 -1.52831e-09 0)
(1.06546e-09 -3.57056e-09 0)
(4.56611e-10 -5.42066e-09 0)
(5.74515e-10 -6.84022e-09 0)
(8.87658e-10 -7.84717e-09 0)
(8.21509e-10 -8.28576e-09 0)
(8.47271e-10 -8.25594e-09 0)
(5.02815e-10 -7.17104e-09 0)
(1.99322e-08 1.05125e-07 0)
(2.70381e-08 1.00153e-07 0)
(1.58574e-08 9.34445e-08 0)
(1.63468e-08 8.35069e-08 0)
(1.08499e-08 7.42515e-08 0)
(5.84529e-09 6.64171e-08 0)
(-9.99902e-11 5.87198e-08 0)
(-4.5689e-09 5.2329e-08 0)
(-6.78093e-09 4.71257e-08 0)
(-6.14495e-09 4.32128e-08 0)
(-3.74082e-09 4.05037e-08 0)
(-7.95336e-10 3.85387e-08 0)
(1.3688e-09 3.69148e-08 0)
(1.99411e-09 3.52164e-08 0)
(1.24929e-09 3.33536e-08 0)
(3.01855e-11 3.11002e-08 0)
(-9.65918e-10 2.86481e-08 0)
(-1.04024e-09 2.57874e-08 0)
(-3.46849e-10 2.26832e-08 0)
(7.67926e-10 1.94288e-08 0)
(1.73584e-09 1.61602e-08 0)
(1.91085e-09 1.3061e-08 0)
(1.01705e-09 1.00679e-08 0)
(-5.24762e-10 7.14969e-09 0)
(-2.51473e-09 4.41977e-09 0)
(-4.70714e-09 1.66747e-09 0)
(-6.57148e-09 -1.08974e-09 0)
(-8.03208e-09 -3.55899e-09 0)
(-8.83878e-09 -5.71544e-09 0)
(-8.64075e-09 -7.21592e-09 0)
(-7.93424e-09 -7.96552e-09 0)
(-7.17159e-09 -8.23876e-09 0)
(-6.56765e-09 -8.24686e-09 0)
(-6.49117e-09 -8.15729e-09 0)
(-7.0361e-09 -8.16235e-09 0)
(-7.8857e-09 -8.23228e-09 0)
(-8.66e-09 -8.23839e-09 0)
(-8.9184e-09 -7.87969e-09 0)
(-8.30562e-09 -7.23001e-09 0)
(-6.85953e-09 -6.3567e-09 0)
(-4.87852e-09 -5.35532e-09 0)
(-2.7475e-09 -4.3924e-09 0)
(-7.58633e-10 -3.49654e-09 0)
(8.30043e-10 -2.63836e-09 0)
(2.19805e-09 -1.80659e-09 0)
(3.72989e-09 -7.42416e-10 0)
(5.40393e-09 4.17377e-10 0)
(7.50794e-09 1.66373e-09 0)
(9.88395e-09 2.73071e-09 0)
(1.20973e-08 3.50773e-09 0)
(1.37507e-08 3.68645e-09 0)
(1.46455e-08 3.50979e-09 0)
(1.49404e-08 3.03631e-09 0)
(1.47316e-08 2.53276e-09 0)
(1.43073e-08 2.18383e-09 0)
(1.37981e-08 2.12074e-09 0)
(1.34884e-08 2.23494e-09 0)
(1.35411e-08 2.68461e-09 0)
(1.3611e-08 3.02005e-09 0)
(1.35192e-08 3.52799e-09 0)
(1.34883e-08 3.82645e-09 0)
(1.28821e-08 4.01259e-09 0)
(1.16841e-08 3.92361e-09 0)
(9.90185e-09 3.6054e-09 0)
(7.48099e-09 2.86915e-09 0)
(4.81744e-09 1.65596e-09 0)
(2.26428e-09 1.19143e-10 0)
(3.22081e-10 -1.72833e-09 0)
(-7.71797e-10 -3.53085e-09 0)
(-1.07045e-09 -5.145e-09 0)
(-5.41867e-10 -6.33702e-09 0)
(2.24422e-10 -7.13726e-09 0)
(5.52013e-10 -7.43438e-09 0)
(7.87174e-10 -7.25038e-09 0)
(4.9426e-10 -6.08252e-09 0)
(2.08566e-09 1.11867e-07 0)
(2.15994e-08 9.85531e-08 0)
(7.88401e-09 9.33041e-08 0)
(6.85471e-09 8.27346e-08 0)
(2.23391e-09 7.38999e-08 0)
(-2.04667e-09 6.56659e-08 0)
(-7.12402e-09 5.80084e-08 0)
(-1.02653e-08 5.18219e-08 0)
(-1.12122e-08 4.70137e-08 0)
(-9.30557e-09 4.35116e-08 0)
(-5.9556e-09 4.10726e-08 0)
(-2.54762e-09 3.91025e-08 0)
(-3.34115e-10 3.74393e-08 0)
(1.14747e-10 3.54842e-08 0)
(-9.27212e-10 3.34198e-08 0)
(-2.43935e-09 3.09184e-08 0)
(-3.70621e-09 2.82082e-08 0)
(-4.12288e-09 2.51936e-08 0)
(-3.55133e-09 2.21064e-08 0)
(-2.4569e-09 1.88724e-08 0)
(-1.39723e-09 1.57483e-08 0)
(-1.11302e-09 1.26144e-08 0)
(-1.96412e-09 9.66354e-09 0)
(-3.4336e-09 6.71765e-09 0)
(-5.36708e-09 3.8089e-09 0)
(-7.52938e-09 8.67039e-10 0)
(-9.19321e-09 -1.94716e-09 0)
(-1.03116e-08 -4.43691e-09 0)
(-1.0593e-08 -6.46079e-09 0)
(-9.67605e-09 -7.68549e-09 0)
(-8.3754e-09 -8.39709e-09 0)
(-7.24415e-09 -8.47733e-09 0)
(-6.48939e-09 -8.40963e-09 0)
(-6.42992e-09 -8.25209e-09 0)
(-7.01115e-09 -8.15273e-09 0)
(-7.84109e-09 -7.98639e-09 0)
(-8.35319e-09 -7.71908e-09 0)
(-8.22697e-09 -7.08254e-09 0)
(-7.43867e-09 -6.15087e-09 0)
(-5.87886e-09 -5.12078e-09 0)
(-3.90704e-09 -4.11713e-09 0)
(-1.85913e-09 -3.20969e-09 0)
(7.5182e-11 -2.46414e-09 0)
(1.6114e-09 -1.78361e-09 0)
(3.0726e-09 -1.0938e-09 0)
(4.7629e-09 -1.99417e-10 0)
(6.55753e-09 7.89939e-10 0)
(8.52883e-09 1.87149e-09 0)
(1.0634e-08 2.6084e-09 0)
(1.24429e-08 3.09282e-09 0)
(1.36493e-08 3.01499e-09 0)
(1.42976e-08 2.77783e-09 0)
(1.44918e-08 2.35551e-09 0)
(1.43999e-08 2.04205e-09 0)
(1.4191e-08 1.92429e-09 0)
(1.38822e-08 2.00906e-09 0)
(1.37704e-08 2.18872e-09 0)
(1.385e-08 2.52343e-09 0)
(1.39024e-08 2.62379e-09 0)
(1.3805e-08 2.83216e-09 0)
(1.36002e-08 2.90528e-09 0)
(1.28683e-08 2.92021e-09 0)
(1.15273e-08 2.81911e-09 0)
(9.44192e-09 2.5852e-09 0)
(6.59877e-09 1.99415e-09 0)
(3.5454e-09 1.02651e-09 0)
(6.86322e-10 -2.82455e-10 0)
(-1.37487e-09 -1.91258e-09 0)
(-2.35114e-09 -3.47987e-09 0)
(-2.3496e-09 -4.8144e-09 0)
(-1.41908e-09 -5.77053e-09 0)
(-2.34246e-10 -6.32946e-09 0)
(4.25052e-10 -6.41933e-09 0)
(7.99767e-10 -6.09924e-09 0)
(5.01141e-10 -4.89359e-09 0)
(-8.06505e-09 1.24772e-07 0)
(8.4749e-09 9.8434e-08 0)
(3.92219e-11 9.26145e-08 0)
(-3.0574e-09 8.21674e-08 0)
(-6.21903e-09 7.32775e-08 0)
(-1.00462e-08 6.50009e-08 0)
(-1.3944e-08 5.74423e-08 0)
(-1.55637e-08 5.14586e-08 0)
(-1.50912e-08 4.70281e-08 0)
(-1.20859e-08 4.38671e-08 0)
(-8.14983e-09 4.15102e-08 0)
(-4.42867e-09 3.94772e-08 0)
(-2.24953e-09 3.75153e-08 0)
(-2.02542e-09 3.53129e-08 0)
(-3.31642e-09 3.2875e-08 0)
(-5.18134e-09 3.02445e-08 0)
(-6.69068e-09 2.73159e-08 0)
(-7.14197e-09 2.43411e-08 0)
(-6.66791e-09 2.12699e-08 0)
(-5.59012e-09 1.81033e-08 0)
(-4.52229e-09 1.51374e-08 0)
(-4.17402e-09 1.20352e-08 0)
(-4.87972e-09 9.07294e-09 0)
(-6.37939e-09 6.11916e-09 0)
(-8.36533e-09 3.0427e-09 0)
(-1.04632e-08 3.32682e-11 0)
(-1.18755e-08 -2.83241e-09 0)
(-1.25457e-08 -5.29579e-09 0)
(-1.20873e-08 -7.10564e-09 0)
(-1.05769e-08 -8.07273e-09 0)
(-8.72593e-09 -8.65235e-09 0)
(-7.18411e-09 -8.64459e-09 0)
(-6.34247e-09 -8.44075e-09 0)
(-6.23414e-09 -8.19284e-09 0)
(-6.77026e-09 -7.92365e-09 0)
(-7.45209e-09 -7.48828e-09 0)
(-7.75624e-09 -6.83853e-09 0)
(-7.35039e-09 -5.96507e-09 0)
(-6.34384e-09 -4.87663e-09 0)
(-4.82562e-09 -3.7204e-09 0)
(-2.96745e-09 -2.76627e-09 0)
(-1.09456e-09 -1.96698e-09 0)
(6.67375e-10 -1.45161e-09 0)
(2.20041e-09 -1.02275e-09 0)
(3.78234e-09 -4.60143e-10 0)
(5.61358e-09 2.48541e-10 0)
(7.4748e-09 1.04412e-09 0)
(9.32639e-09 1.803e-09 0)
(1.11053e-08 2.32828e-09 0)
(1.25039e-08 2.49644e-09 0)
(1.34358e-08 2.26572e-09 0)
(1.3986e-08 2.02034e-09 0)
(1.42045e-08 1.77207e-09 0)
(1.43005e-08 1.71889e-09 0)
(1.42745e-08 1.77702e-09 0)
(1.40625e-08 2.05122e-09 0)
(1.40028e-08 2.22556e-09 0)
(1.39762e-08 2.39701e-09 0)
(1.39197e-08 2.30613e-09 0)
(1.38008e-08 2.20737e-09 0)
(1.35764e-08 2.09115e-09 0)
(1.2796e-08 1.99881e-09 0)
(1.13493e-08 1.89724e-09 0)
(9.07695e-09 1.72655e-09 0)
(5.92217e-09 1.26856e-09 0)
(2.54079e-09 4.88589e-10 0)
(-6.74781e-10 -6.16901e-10 0)
(-2.87542e-09 -2.03394e-09 0)
(-3.67373e-09 -3.37534e-09 0)
(-3.36126e-09 -4.4879e-09 0)
(-2.0583e-09 -5.10977e-09 0)
(-4.49199e-10 -5.42779e-09 0)
(4.92712e-10 -5.3212e-09 0)
(8.7404e-10 -4.83522e-09 0)
(4.95352e-10 -3.63072e-09 0)
(-1.33243e-08 1.26496e-07 0)
(-1.05587e-08 1.00775e-07 0)
(-8.3825e-09 9.01568e-08 0)
(-1.24824e-08 8.05195e-08 0)
(-1.49327e-08 7.1692e-08 0)
(-1.78818e-08 6.41367e-08 0)
(-2.06663e-08 5.71964e-08 0)
(-2.06794e-08 5.15148e-08 0)
(-1.88035e-08 4.74031e-08 0)
(-1.48233e-08 4.42596e-08 0)
(-1.03455e-08 4.17373e-08 0)
(-6.54258e-09 3.94396e-08 0)
(-4.49853e-09 3.71441e-08 0)
(-4.52564e-09 3.45365e-08 0)
(-5.99557e-09 3.18017e-08 0)
(-7.99859e-09 2.89911e-08 0)
(-9.60965e-09 2.60249e-08 0)
(-1.01689e-08 2.31746e-08 0)
(-9.78908e-09 2.02003e-08 0)
(-8.5894e-09 1.73019e-08 0)
(-7.46543e-09 1.43509e-08 0)
(-7.17747e-09 1.12924e-08 0)
(-7.88017e-09 8.34616e-09 0)
(-9.46383e-09 5.27958e-09 0)
(-1.14529e-08 2.18778e-09 0)
(-1.34044e-08 -8.8055e-10 0)
(-1.45222e-08 -3.65558e-09 0)
(-1.45849e-08 -5.95702e-09 0)
(-1.33699e-08 -7.49838e-09 0)
(-1.12227e-08 -8.34406e-09 0)
(-8.94735e-09 -8.66483e-09 0)
(-7.03248e-09 -8.62052e-09 0)
(-6.03758e-09 -8.3191e-09 0)
(-5.91277e-09 -7.96811e-09 0)
(-6.30653e-09 -7.44424e-09 0)
(-6.7559e-09 -6.75803e-09 0)
(-6.82993e-09 -5.77568e-09 0)
(-6.26514e-09 -4.65721e-09 0)
(-5.19401e-09 -3.42296e-09 0)
(-3.76842e-09 -2.27626e-09 0)
(-2.15372e-09 -1.43199e-09 0)
(-5.44543e-10 -8.79408e-10 0)
(1.01934e-09 -6.25949e-10 0)
(2.6029e-09 -3.67599e-10 0)
(4.34408e-09 4.85228e-11 0)
(6.26714e-09 5.608e-10 0)
(8.11192e-09 1.15104e-09 0)
(9.81303e-09 1.60936e-09 0)
(1.13276e-08 1.85087e-09 0)
(1.23803e-08 1.81221e-09 0)
(1.31733e-08 1.5113e-09 0)
(1.38041e-08 1.33791e-09 0)
(1.41903e-08 1.28063e-09 0)
(1.44047e-08 1.52252e-09 0)
(1.45234e-08 1.79682e-09 0)
(1.43306e-08 2.17306e-09 0)
(1.41161e-08 2.3456e-09 0)
(1.39305e-08 2.29025e-09 0)
(1.37128e-08 2.04399e-09 0)
(1.35902e-08 1.69003e-09 0)
(1.33916e-08 1.4796e-09 0)
(1.26744e-08 1.29982e-09 0)
(1.12551e-08 1.25025e-09 0)
(8.81319e-09 1.13912e-09 0)
(5.36068e-09 7.60117e-10 0)
(1.65993e-09 5.84282e-11 0)
(-1.83615e-09 -9.30913e-10 0)
(-4.13348e-09 -2.14485e-09 0)
(-4.80516e-09 -3.25721e-09 0)
(-4.08403e-09 -4.13781e-09 0)
(-2.36029e-09 -4.45369e-09 0)
(-4.7059e-10 -4.44695e-09 0)
(7.24721e-10 -4.2035e-09 0)
(1.03006e-09 -3.55513e-09 0)
(4.83927e-10 -2.36947e-09 0)
(-1.58367e-08 1.13894e-07 0)
(-2.78648e-08 1.04028e-07 0)
(-2.02162e-08 8.96932e-08 0)
(-2.15224e-08 7.96812e-08 0)
(-2.26018e-08 7.01863e-08 0)
(-2.45418e-08 6.29606e-08 0)
(-2.65658e-08 5.68503e-08 0)
(-2.5357e-08 5.17998e-08 0)
(-2.23464e-08 4.79017e-08 0)
(-1.77516e-08 4.46847e-08 0)
(-1.29699e-08 4.1822e-08 0)
(-9.02205e-09 3.90145e-08 0)
(-7.15258e-09 3.61388e-08 0)
(-7.36771e-09 3.31678e-08 0)
(-8.86175e-09 3.02236e-08 0)
(-1.09582e-08 2.7294e-08 0)
(-1.25072e-08 2.44277e-08 0)
(-1.29666e-08 2.16175e-08 0)
(-1.25405e-08 1.89533e-08 0)
(-1.14395e-08 1.62986e-08 0)
(-1.0532e-08 1.34496e-08 0)
(-1.01787e-08 1.03964e-08 0)
(-1.08925e-08 7.45001e-09 0)
(-1.25377e-08 4.31409e-09 0)
(-1.45254e-08 1.27106e-09 0)
(-1.63065e-08 -1.78793e-09 0)
(-1.69518e-08 -4.34351e-09 0)
(-1.63885e-08 -6.42251e-09 0)
(-1.44743e-08 -7.67306e-09 0)
(-1.17434e-08 -8.39264e-09 0)
(-9.00252e-09 -8.48117e-09 0)
(-6.83852e-09 -8.38025e-09 0)
(-5.69017e-09 -8.01613e-09 0)
(-5.35932e-09 -7.52494e-09 0)
(-5.56021e-09 -6.75741e-09 0)
(-5.78347e-09 -5.78384e-09 0)
(-5.65522e-09 -4.56514e-09 0)
(-4.99752e-09 -3.26455e-09 0)
(-3.96303e-09 -2.01422e-09 0)
(-2.83473e-09 -1.00973e-09 0)
(-1.57066e-09 -3.77662e-10 0)
(-2.88564e-10 -6.1534e-11 0)
(1.17915e-09 -1.30468e-11 0)
(2.87486e-09 1.42485e-10 0)
(4.71079e-09 3.92922e-10 0)
(6.71601e-09 7.29749e-10 0)
(8.52329e-09 1.10144e-09 0)
(1.00263e-08 1.38151e-09 0)
(1.13082e-08 1.33331e-09 0)
(1.21643e-08 1.16326e-09 0)
(1.29616e-08 8.7367e-10 0)
(1.37556e-08 8.0935e-10 0)
(1.43892e-08 9.42217e-10 0)
(1.48165e-08 1.41767e-09 0)
(1.49249e-08 1.91181e-09 0)
(1.46112e-08 2.30666e-09 0)
(1.41199e-08 2.4846e-09 0)
(1.36745e-08 2.25932e-09 0)
(1.33194e-08 1.84358e-09 0)
(1.32365e-08 1.41223e-09 0)
(1.31862e-08 1.06312e-09 0)
(1.25667e-08 9.20031e-10 0)
(1.11887e-08 8.3525e-10 0)
(8.58679e-09 7.84546e-10 0)
(4.84142e-09 3.68311e-10 0)
(8.49753e-10 -2.82598e-10 0)
(-2.87811e-09 -1.25664e-09 0)
(-5.20191e-09 -2.29483e-09 0)
(-5.66671e-09 -3.20764e-09 0)
(-4.55768e-09 -3.75538e-09 0)
(-2.36878e-09 -3.83975e-09 0)
(-2.23933e-10 -3.51269e-09 0)
(1.09127e-09 -3.07428e-09 0)
(1.24319e-09 -2.33035e-09 0)
(4.56663e-10 -1.15806e-09 0)
(-2.51081e-08 9.47753e-08 0)
(-3.47591e-08 9.81711e-08 0)
(-3.2729e-08 8.8778e-08 0)
(-3.19893e-08 8.00315e-08 0)
(-3.16533e-08 7.05648e-08 0)
(-3.12178e-08 6.28034e-08 0)
(-3.1827e-08 5.69802e-08 0)
(-2.96282e-08 5.22802e-08 0)
(-2.59187e-08 4.83568e-08 0)
(-2.09029e-08 4.49105e-08 0)
(-1.60157e-08 4.15381e-08 0)
(-1.22258e-08 3.81331e-08 0)
(-1.03452e-08 3.45644e-08 0)
(-1.04407e-08 3.1285e-08 0)
(-1.18692e-08 2.81534e-08 0)
(-1.37944e-08 2.52598e-08 0)
(-1.52861e-08 2.26559e-08 0)
(-1.56433e-08 2.00128e-08 0)
(-1.5108e-08 1.75655e-08 0)
(-1.4093e-08 1.49397e-08 0)
(-1.33677e-08 1.22433e-08 0)
(-1.31771e-08 9.34682e-09 0)
(-1.39625e-08 6.36812e-09 0)
(-1.56428e-08 3.27762e-09 0)
(-1.7555e-08 2.33665e-10 0)
(-1.9019e-08 -2.59419e-09 0)
(-1.91567e-08 -4.90726e-09 0)
(-1.79144e-08 -6.67196e-09 0)
(-1.534e-08 -7.65219e-09 0)
(-1.20309e-08 -8.15801e-09 0)
(-8.93504e-09 -8.04995e-09 0)
(-6.56764e-09 -7.86894e-09 0)
(-5.18232e-09 -7.39841e-09 0)
(-4.65388e-09 -6.75602e-09 0)
(-4.56525e-09 -5.85268e-09 0)
(-4.56361e-09 -4.67806e-09 0)
(-4.31067e-09 -3.30889e-09 0)
(-3.71403e-09 -1.96568e-09 0)
(-2.93914e-09 -8.08676e-10 0)
(-2.13196e-09 -2.19642e-11 0)
(-1.20556e-09 3.50832e-10 0)
(-1.79925e-10 4.19991e-10 0)
(1.2233e-09 3.86517e-10 0)
(3.00878e-09 4.4195e-10 0)
(4.93134e-09 6.24192e-10 0)
(6.9756e-09 8.53922e-10 0)
(8.76363e-09 1.04971e-09 0)
(1.0045e-08 1.11974e-09 0)
(1.11093e-08 9.63954e-10 0)
(1.19206e-08 6.80691e-10 0)
(1.28193e-08 4.50088e-10 0)
(1.38728e-08 4.71342e-10 0)
(1.47986e-08 8.2901e-10 0)
(1.53742e-08 1.42969e-09 0)
(1.54123e-08 2.02994e-09 0)
(1.49034e-08 2.43382e-09 0)
(1.40688e-08 2.58599e-09 0)
(1.32896e-08 2.27712e-09 0)
(1.28657e-08 1.76523e-09 0)
(1.28097e-08 1.31616e-09 0)
(1.28995e-08 8.85447e-10 0)
(1.24465e-08 7.57613e-10 0)
(1.11197e-08 6.0681e-10 0)
(8.34636e-09 4.86485e-10 0)
(4.29345e-09 1.74028e-12 0)
(3.48448e-11 -6.81619e-10 0)
(-3.84841e-09 -1.67237e-09 0)
(-6.08445e-09 -2.55193e-09 0)
(-6.26576e-09 -3.24428e-09 0)
(-4.71628e-09 -3.46874e-09 0)
(-2.11896e-09 -3.25689e-09 0)
(2.70254e-10 -2.70524e-09 0)
(1.61639e-09 -2.00002e-09 0)
(1.49296e-09 -1.21482e-09 0)
(4.42844e-10 -3.34506e-11 0)
(-4.74389e-08 9.25351e-08 0)
(-3.38619e-08 9.10202e-08 0)
(-3.83556e-08 8.36652e-08 0)
(-3.97357e-08 7.71392e-08 0)
(-3.983e-08 7.03992e-08 0)
(-3.81263e-08 6.3441e-08 0)
(-3.7089e-08 5.77315e-08 0)
(-3.39804e-08 5.29667e-08 0)
(-2.9716e-08 4.87573e-08 0)
(-2.45704e-08 4.47802e-08 0)
(-1.97474e-08 4.0668e-08 0)
(-1.59956e-08 3.66487e-08 0)
(-1.40005e-08 3.2609e-08 0)
(-1.37787e-08 2.90047e-08 0)
(-1.48869e-08 2.57979e-08 0)
(-1.64558e-08 2.30177e-08 0)
(-1.77541e-08 2.06482e-08 0)
(-1.8057e-08 1.82935e-08 0)
(-1.76138e-08 1.59925e-08 0)
(-1.67615e-08 1.34342e-08 0)
(-1.61247e-08 1.08052e-08 0)
(-1.6054e-08 8.0477e-09 0)
(-1.69618e-08 5.14569e-09 0)
(-1.86722e-08 2.16751e-09 0)
(-2.03972e-08 -7.16296e-10 0)
(-2.14475e-08 -3.27369e-09 0)
(-2.10296e-08 -5.22257e-09 0)
(-1.91335e-08 -6.60486e-09 0)
(-1.59603e-08 -7.26598e-09 0)
(-1.21412e-08 -7.55941e-09 0)
(-8.71357e-09 -7.30866e-09 0)
(-6.18696e-09 -7.02253e-09 0)
(-4.5772e-09 -6.48542e-09 0)
(-3.81361e-09 -5.77614e-09 0)
(-3.48214e-09 -4.78206e-09 0)
(-3.23969e-09 -3.57501e-09 0)
(-2.94317e-09 -2.18787e-09 0)
(-2.49746e-09 -9.25058e-10 0)
(-2.01916e-09 4.60639e-11 0)
(-1.67509e-09 6.1666e-10 0)
(-1.1286e-09 7.50602e-10 0)
(-2.52656e-10 6.40449e-10 0)
(1.20111e-09 5.53255e-10 0)
(3.11242e-09 5.66e-10 0)
(5.12274e-09 7.54798e-10 0)
(7.14153e-09 9.4168e-10 0)
(8.78896e-09 1.0431e-09 0)
(9.94046e-09 9.94381e-10 0)
(1.08692e-08 7.00894e-10 0)
(1.16504e-08 4.07368e-10 0)
(1.27522e-08 2.08851e-10 0)
(1.41345e-08 3.44484e-10 0)
(1.53474e-08 8.54723e-10 0)
(1.60174e-08 1.51599e-09 0)
(1.59291e-08 2.18248e-09 0)
(1.51672e-08 2.61575e-09 0)
(1.39632e-08 2.66416e-09 0)
(1.2854e-08 2.37501e-09 0)
(1.23585e-08 1.85872e-09 0)
(1.23566e-08 1.34701e-09 0)
(1.26279e-08 9.37354e-10 0)
(1.22881e-08 7.12535e-10 0)
(1.09176e-08 4.48018e-10 0)
(7.98189e-09 8.95576e-11 0)
(3.67333e-09 -4.89337e-10 0)
(-8.24286e-10 -1.31036e-09 0)
(-4.7483e-09 -2.28145e-09 0)
(-6.77366e-09 -3.04876e-09 0)
(-6.58354e-09 -3.43163e-09 0)
(-4.57047e-09 -3.31661e-09 0)
(-1.60659e-09 -2.78332e-09 0)
(1.00894e-09 -1.99023e-09 0)
(2.29655e-09 -1.05481e-09 0)
(1.78409e-09 -2.11194e-10 0)
(4.50326e-10 9.72218e-10 0)
(-6.01313e-08 1.09923e-07 0)
(-4.36287e-08 9.40711e-08 0)
(-4.661e-08 8.22921e-08 0)
(-4.52554e-08 7.39324e-08 0)
(-4.53515e-08 6.86202e-08 0)
(-4.38854e-08 6.33129e-08 0)
(-4.23012e-08 5.80825e-08 0)
(-3.86024e-08 5.3449e-08 0)
(-3.41052e-08 4.87871e-08 0)
(-2.89923e-08 4.41324e-08 0)
(-2.41473e-08 3.93095e-08 0)
(-2.02848e-08 3.46333e-08 0)
(-1.79892e-08 3.02553e-08 0)
(-1.72518e-08 2.64796e-08 0)
(-1.78562e-08 2.33277e-08 0)
(-1.89442e-08 2.07317e-08 0)
(-2.00102e-08 1.85252e-08 0)
(-2.02989e-08 1.64282e-08 0)
(-1.99673e-08 1.419e-08 0)
(-1.92802e-08 1.18213e-08 0)
(-1.87541e-08 9.26374e-09 0)
(-1.88366e-08 6.62346e-09 0)
(-1.98426e-08 3.7804e-09 0)
(-2.15048e-08 1.03869e-09 0)
(-2.29963e-08 -1.55903e-09 0)
(-2.35255e-08 -3.70263e-09 0)
(-2.24879e-08 -5.23034e-09 0)
(-1.99579e-08 -6.15378e-09 0)
(-1.62945e-08 -6.48186e-09 0)
(-1.20736e-08 -6.49437e-09 0)
(-8.39818e-09 -6.20304e-09 0)
(-5.74428e-09 -5.86322e-09 0)
(-3.93596e-09 -5.34676e-09 0)
(-2.9507e-09 -4.66392e-09 0)
(-2.36417e-09 -3.73359e-09 0)
(-1.96939e-09 -2.54465e-09 0)
(-1.66091e-09 -1.32042e-09 0)
(-1.48029e-09 -1.99339e-10 0)
(-1.39739e-09 4.48099e-10 0)
(-1.42737e-09 7.67762e-10 0)
(-1.1816e-09 7.72499e-10 0)
(-3.77011e-10 5.96169e-10 0)
(1.1488e-09 5.09131e-10 0)
(3.21026e-09 6.02576e-10 0)
(5.30705e-09 8.20083e-10 0)
(7.26391e-09 1.09113e-09 0)
(8.81625e-09 1.15007e-09 0)
(9.70283e-09 9.9999e-10 0)
(1.05225e-08 6.60108e-10 0)
(1.14286e-08 3.19126e-10 0)
(1.27565e-08 1.82169e-10 0)
(1.45186e-08 4.15882e-10 0)
(1.59701e-08 9.58835e-10 0)
(1.6702e-08 1.65919e-09 0)
(1.65121e-08 2.35488e-09 0)
(1.5385e-08 2.788e-09 0)
(1.3828e-08 2.78421e-09 0)
(1.24842e-08 2.57465e-09 0)
(1.18377e-08 2.07698e-09 0)
(1.18883e-08 1.59064e-09 0)
(1.22651e-08 1.10812e-09 0)
(1.19572e-08 7.1407e-10 0)
(1.04968e-08 2.36582e-10 0)
(7.40902e-09 -4.51364e-10 0)
(2.89356e-09 -1.26909e-09 0)
(-1.75727e-09 -2.26194e-09 0)
(-5.58682e-09 -3.16313e-09 0)
(-7.23458e-09 -3.746e-09 0)
(-6.53358e-09 -3.85745e-09 0)
(-4.06812e-09 -3.34009e-09 0)
(-7.94036e-10 -2.40658e-09 0)
(1.97539e-09 -1.34285e-09 0)
(3.11862e-09 -2.58133e-10 0)
(2.13643e-09 7.03665e-10 0)
(4.76613e-10 1.8688e-09 0)
(-5.68709e-08 1.05236e-07 0)
(-6.14926e-08 9.33888e-08 0)
(-5.84942e-08 8.4748e-08 0)
(-5.34076e-08 7.41528e-08 0)
(-5.04495e-08 6.7701e-08 0)
(-4.8664e-08 6.2917e-08 0)
(-4.69529e-08 5.78297e-08 0)
(-4.32759e-08 5.32905e-08 0)
(-3.90327e-08 4.81355e-08 0)
(-3.4048e-08 4.28375e-08 0)
(-2.92464e-08 3.74306e-08 0)
(-2.50498e-08 3.22626e-08 0)
(-2.21542e-08 2.77098e-08 0)
(-2.07063e-08 2.38584e-08 0)
(-2.06349e-08 2.08604e-08 0)
(-2.12584e-08 1.84273e-08 0)
(-2.20576e-08 1.63416e-08 0)
(-2.23923e-08 1.4365e-08 0)
(-2.22208e-08 1.2251e-08 0)
(-2.16876e-08 1.00167e-08 0)
(-2.13225e-08 7.57351e-09 0)
(-2.15373e-08 5.04358e-09 0)
(-2.25464e-08 2.37598e-09 0)
(-2.40115e-08 -6.02239e-11 0)
(-2.51387e-08 -2.22117e-09 0)
(-2.51189e-08 -3.7984e-09 0)
(-2.34807e-08 -4.83877e-09 0)
(-2.0385e-08 -5.28739e-09 0)
(-1.63009e-08 -5.30573e-09 0)
(-1.18624e-08 -5.04916e-09 0)
(-8.08222e-09 -4.77665e-09 0)
(-5.3305e-09 -4.46216e-09 0)
(-3.37793e-09 -4.09402e-09 0)
(-2.20051e-09 -3.52218e-09 0)
(-1.36293e-09 -2.798e-09 0)
(-8.26441e-10 -1.76208e-09 0)
(-5.9767e-10 -7.92833e-10 0)
(-7.28771e-10 1.15552e-11 0)
(-1.052e-09 4.68783e-10 0)
(-1.3508e-09 5.17235e-10 0)
(-1.30018e-09 4.52109e-10 0)
(-5.15985e-10 2.94903e-10 0)
(1.20735e-09 3.30514e-10 0)
(3.42329e-09 5.86601e-10 0)
(5.61131e-09 9.48036e-10 0)
(7.47152e-09 1.38718e-09 0)
(8.69787e-09 1.40913e-09 0)
(9.45059e-09 1.14547e-09 0)
(1.01885e-08 8.1792e-10 0)
(1.11725e-08 3.99471e-10 0)
(1.2849e-08 3.39134e-10 0)
(1.49111e-08 5.90606e-10 0)
(1.65907e-08 1.13837e-09 0)
(1.74134e-08 1.83905e-09 0)
(1.70579e-08 2.57312e-09 0)
(1.55966e-08 2.95978e-09 0)
(1.37499e-08 3.10588e-09 0)
(1.21468e-08 2.88214e-09 0)
(1.13746e-08 2.48156e-09 0)
(1.13878e-08 1.91639e-09 0)
(1.17511e-08 1.31322e-09 0)
(1.14164e-08 6.0435e-10 0)
(9.75212e-09 -2.01471e-10 0)
(6.47626e-09 -1.30974e-09 0)
(1.86284e-09 -2.43999e-09 0)
(-2.71842e-09 -3.58982e-09 0)
(-6.23241e-09 -4.40145e-09 0)
(-7.46806e-09 -4.62828e-09 0)
(-6.1777e-09 -4.37918e-09 0)
(-3.1196e-09 -3.46622e-09 0)
(3.89383e-10 -2.1322e-09 0)
(3.13506e-09 -7.07754e-10 0)
(4.07748e-09 4.67556e-10 0)
(2.58137e-09 1.54609e-09 0)
(5.12933e-10 2.6706e-09 0)
(-6.83521e-08 8.7048e-08 0)
(-6.41171e-08 8.13932e-08 0)
(-6.58459e-08 8.09704e-08 0)
(-6.23024e-08 7.38073e-08 0)
(-5.65873e-08 6.70415e-08 0)
(-5.37567e-08 6.24074e-08 0)
(-5.19278e-08 5.71379e-08 0)
(-4.82967e-08 5.22627e-08 0)
(-4.45582e-08 4.67119e-08 0)
(-3.96971e-08 4.08598e-08 0)
(-3.47222e-08 3.50679e-08 0)
(-3.00055e-08 2.97274e-08 0)
(-2.63933e-08 2.51707e-08 0)
(-2.41012e-08 2.14086e-08 0)
(-2.32873e-08 1.85808e-08 0)
(-2.34632e-08 1.62379e-08 0)
(-2.40726e-08 1.42404e-08 0)
(-2.43896e-08 1.22285e-08 0)
(-2.43157e-08 1.01458e-08 0)
(-2.39576e-08 8.01465e-09 0)
(-2.37272e-08 5.72544e-09 0)
(-2.40342e-08 3.37553e-09 0)
(-2.49464e-08 1.01479e-09 0)
(-2.61018e-08 -1.02917e-09 0)
(-2.67344e-08 -2.62226e-09 0)
(-2.61429e-08 -3.61301e-09 0)
(-2.39768e-08 -4.06823e-09 0)
(-2.04247e-08 -4.05194e-09 0)
(-1.60561e-08 -3.74055e-09 0)
(-1.15445e-08 -3.35479e-09 0)
(-7.81103e-09 -3.16521e-09 0)
(-5.0615e-09 -2.90057e-09 0)
(-2.99606e-09 -2.81345e-09 0)
(-1.65478e-09 -2.51067e-09 0)
(-6.04204e-10 -1.9856e-09 0)
(3.55995e-11 -1.29182e-09 0)
(1.12865e-10 -6.52207e-10 0)
(-2.18492e-10 -1.9703e-10 0)
(-8.91655e-10 7.50803e-11 0)
(-1.44405e-09 5.03536e-13 0)
(-1.40402e-09 -9.498e-11 0)
(-4.9868e-10 -1.05701e-10 0)
(1.44047e-09 1.78602e-10 0)
(3.82774e-09 6.29935e-10 0)
(6.10765e-09 1.18677e-09 0)
(7.72512e-09 1.71666e-09 0)
(8.5747e-09 1.71946e-09 0)
(9.11176e-09 1.46784e-09 0)
(9.77645e-09 9.80278e-10 0)
(1.09499e-08 5.67866e-10 0)
(1.29478e-08 5.11209e-10 0)
(1.53178e-08 7.26062e-10 0)
(1.72184e-08 1.30361e-09 0)
(1.81366e-08 2.0493e-09 0)
(1.76328e-08 2.84708e-09 0)
(1.59178e-08 3.27868e-09 0)
(1.37503e-08 3.61668e-09 0)
(1.18599e-08 3.40861e-09 0)
(1.0872e-08 3.04811e-09 0)
(1.072e-08 2.27448e-09 0)
(1.0953e-08 1.47226e-09 0)
(1.04424e-08 2.35989e-10 0)
(8.58263e-09 -1.01459e-09 0)
(5.17063e-09 -2.60395e-09 0)
(6.13547e-10 -4.0354e-09 0)
(-3.71877e-09 -5.25385e-09 0)
(-6.62525e-09 -5.92564e-09 0)
(-7.21236e-09 -5.72273e-09 0)
(-5.37164e-09 -4.8963e-09 0)
(-1.82105e-09 -3.54401e-09 0)
(1.96354e-09 -1.84111e-09 0)
(4.55419e-09 -1.12641e-10 0)
(5.12001e-09 1.23728e-09 0)
(3.07357e-09 2.31708e-09 0)
(5.54298e-10 3.44962e-09 0)
(-8.655e-08 9.09441e-08 0)
(-6.75701e-08 7.22321e-08 0)
(-6.60801e-08 7.3072e-08 0)
(-6.73365e-08 7.02631e-08 0)
(-6.18492e-08 6.4893e-08 0)
(-5.85675e-08 6.06508e-08 0)
(-5.70976e-08 5.54729e-08 0)
(-5.37019e-08 5.02199e-08 0)
(-5.04356e-08 4.4456e-08 0)
(-4.56919e-08 3.82839e-08 0)
(-4.03789e-08 3.24652e-08 0)
(-3.49471e-08 2.71435e-08 0)
(-3.0473e-08 2.27775e-08 0)
(-2.72961e-08 1.91732e-08 0)
(-2.58055e-08 1.64659e-08 0)
(-2.55987e-08 1.40903e-08 0)
(-2.6067e-08 1.20541e-08 0)
(-2.64869e-08 1.0026e-08 0)
(-2.64348e-08 7.99105e-09 0)
(-2.61081e-08 5.88741e-09 0)
(-2.59615e-08 3.79741e-09 0)
(-2.6248e-08 1.7108e-09 0)
(-2.69513e-08 -2.11678e-10 0)
(-2.76486e-08 -1.75767e-09 0)
(-2.77225e-08 -2.74095e-09 0)
(-2.65648e-08 -3.1414e-09 0)
(-2.39196e-08 -2.98129e-09 0)
(-2.00573e-08 -2.45451e-09 0)
(-1.56036e-08 -1.90154e-09 0)
(-1.12871e-08 -1.47255e-09 0)
(-7.62807e-09 -1.44262e-09 0)
(-4.97867e-09 -1.40283e-09 0)
(-2.98808e-09 -1.66196e-09 0)
(-1.37266e-09 -1.68096e-09 0)
(-1.44146e-10 -1.44452e-09 0)
(5.06718e-10 -1.14029e-09 0)
(4.96982e-10 -8.45062e-10 0)
(-1.50002e-12 -6.34628e-10 0)
(-8.54472e-10 -6.25903e-10 0)
(-1.52093e-09 -6.86732e-10 0)
(-1.40654e-09 -6.90031e-10 0)
(-2.42443e-10 -4.6115e-10 0)
(1.94301e-09 8.54814e-11 0)
(4.43133e-09 8.25381e-10 0)
(6.69805e-09 1.50839e-09 0)
(8.00437e-09 2.06575e-09 0)
(8.44921e-09 2.03509e-09 0)
(8.71154e-09 1.74761e-09 0)
(9.28838e-09 1.19274e-09 0)
(1.07034e-08 7.51111e-10 0)
(1.30073e-08 6.41746e-10 0)
(1.57036e-08 8.64702e-10 0)
(1.79138e-08 1.50223e-09 0)
(1.89567e-08 2.37593e-09 0)
(1.82873e-08 3.2419e-09 0)
(1.63663e-08 3.82572e-09 0)
(1.38797e-08 4.23048e-09 0)
(1.15782e-08 4.11837e-09 0)
(1.02404e-08 3.65464e-09 0)
(9.8119e-09 2.63564e-09 0)
(9.71265e-09 1.36932e-09 0)
(8.92957e-09 -4.47318e-10 0)
(6.91229e-09 -2.22995e-09 0)
(3.45546e-09 -4.27905e-09 0)
(-7.87142e-10 -5.95964e-09 0)
(-4.60869e-09 -7.09837e-09 0)
(-6.70128e-09 -7.43047e-09 0)
(-6.43869e-09 -6.79805e-09 0)
(-3.99899e-09 -5.35059e-09 0)
(-6.43977e-11 -3.45087e-09 0)
(3.81982e-09 -1.38011e-09 0)
(6.19363e-09 5.02831e-10 0)
(6.26934e-09 1.96814e-09 0)
(3.59969e-09 3.03318e-09 0)
(6.5994e-10 4.21238e-09 0)
(-9.16931e-08 1.0146e-07 0)
(-8.1989e-08 7.3098e-08 0)
(-6.78149e-08 6.78293e-08 0)
(-7.04815e-08 6.58935e-08 0)
(-6.61997e-08 6.16978e-08 0)
(-6.31767e-08 5.77905e-08 0)
(-6.23584e-08 5.27627e-08 0)
(-5.93136e-08 4.72806e-08 0)
(-5.64943e-08 4.13902e-08 0)
(-5.16878e-08 3.52729e-08 0)
(-4.58625e-08 2.97069e-08 0)
(-3.96933e-08 2.46593e-08 0)
(-3.43636e-08 2.05893e-08 0)
(-3.04128e-08 1.71904e-08 0)
(-2.83702e-08 1.44931e-08 0)
(-2.78748e-08 1.20199e-08 0)
(-2.81367e-08 9.84049e-09 0)
(-2.84526e-08 7.73081e-09 0)
(-2.84545e-08 5.76459e-09 0)
(-2.81513e-08 3.73011e-09 0)
(-2.79036e-08 1.87124e-09 0)
(-2.80432e-08 1.73428e-10 0)
(-2.8415e-08 -1.23616e-09 0)
(-2.86311e-08 -2.1929e-09 0)
(-2.81182e-08 -2.53459e-09 0)
(-2.63834e-08 -2.26405e-09 0)
(-2.329e-08 -1.54485e-09 0)
(-1.9345e-08 -5.85004e-10 0)
(-1.50742e-08 6.74298e-11 0)
(-1.10857e-08 4.30603e-10 0)
(-7.74136e-09 2.89106e-10 0)
(-5.28066e-09 -1.66357e-10 0)
(-3.27412e-09 -6.60683e-10 0)
(-1.43739e-09 -1.02224e-09 0)
(-6.34996e-11 -1.24316e-09 0)
(6.35014e-10 -1.29871e-09 0)
(6.18387e-10 -1.27632e-09 0)
(6.0923e-13 -1.2376e-09 0)
(-9.4375e-10 -1.39374e-09 0)
(-1.50816e-09 -1.42427e-09 0)
(-1.17846e-09 -1.19198e-09 0)
(2.76898e-10 -7.04462e-10 0)
(2.72694e-09 1.12603e-10 0)
(5.25046e-09 1.10185e-09 0)
(7.34798e-09 1.8995e-09 0)
(8.2518e-09 2.34642e-09 0)
(8.25654e-09 2.28214e-09 0)
(8.26934e-09 1.86808e-09 0)
(8.77979e-09 1.26185e-09 0)
(1.03988e-08 7.99019e-10 0)
(1.30614e-08 6.62143e-10 0)
(1.61784e-08 1.0306e-09 0)
(1.87297e-08 1.78503e-09 0)
(1.98762e-08 2.76795e-09 0)
(1.90826e-08 3.77766e-09 0)
(1.69065e-08 4.56862e-09 0)
(1.40429e-08 4.97839e-09 0)
(1.1284e-08 4.91005e-09 0)
(9.3892e-09 4.26206e-09 0)
(8.43463e-09 2.86062e-09 0)
(7.86992e-09 9.81525e-10 0)
(6.84312e-09 -1.3928e-09 0)
(4.75111e-09 -3.79124e-09 0)
(1.44102e-09 -6.1942e-09 0)
(-2.20588e-09 -8.00959e-09 0)
(-5.18973e-09 -8.90653e-09 0)
(-6.32497e-09 -8.71281e-09 0)
(-5.13248e-09 -7.54916e-09 0)
(-2.02449e-09 -5.52272e-09 0)
(2.14935e-09 -3.05871e-09 0)
(5.91623e-09 -7.19076e-10 0)
(7.88404e-09 1.28073e-09 0)
(7.42923e-09 2.68276e-09 0)
(4.19931e-09 3.70466e-09 0)
(8.09068e-10 4.91359e-09 0)
(-8.56833e-08 9.31576e-08 0)
(-1.01201e-07 7.47365e-08 0)
(-7.32847e-08 6.3981e-08 0)
(-7.3468e-08 6.12678e-08 0)
(-6.99522e-08 5.71963e-08 0)
(-6.75026e-08 5.37075e-08 0)
(-6.76074e-08 4.89888e-08 0)
(-6.50744e-08 4.3595e-08 0)
(-6.24435e-08 3.78214e-08 0)
(-5.73751e-08 3.20834e-08 0)
(-5.09922e-08 2.69013e-08 0)
(-4.40647e-08 2.23666e-08 0)
(-3.7942e-08 1.8585e-08 0)
(-3.33924e-08 1.54535e-08 0)
(-3.09762e-08 1.26519e-08 0)
(-3.02513e-08 1.01075e-08 0)
(-3.0356e-08 7.74959e-09 0)
(-3.05628e-08 5.56969e-09 0)
(-3.04355e-08 3.49947e-09 0)
(-3.00015e-08 1.7123e-09 0)
(-2.9518e-08 7.60099e-11 0)
(-2.93552e-08 -1.12986e-09 0)
(-2.93175e-08 -1.99845e-09 0)
(-2.8947e-08 -2.32349e-09 0)
(-2.77935e-08 -2.00185e-09 0)
(-2.5575e-08 -1.01919e-09 0)
(-2.22405e-08 1.2742e-10 0)
(-1.8445e-08 1.31371e-09 0)
(-1.45881e-08 2.03102e-09 0)
(-1.10655e-08 2.17648e-09 0)
(-8.22516e-09 1.72746e-09 0)
(-5.92841e-09 9.05248e-10 0)
(-3.84381e-09 3.02859e-11 0)
(-1.95529e-09 -6.66797e-10 0)
(-4.20651e-10 -1.30441e-09 0)
(4.73559e-10 -1.59193e-09 0)
(5.5803e-10 -1.83513e-09 0)
(-1.18947e-10 -1.9595e-09 0)
(-1.04113e-09 -2.10857e-09 0)
(-1.31908e-09 -1.95552e-09 0)
(-6.86658e-10 -1.53349e-09 0)
(1.06228e-09 -7.88624e-10 0)
(3.74929e-09 2.87944e-10 0)
(6.2182e-09 1.41935e-09 0)
(7.9427e-09 2.23268e-09 0)
(8.38702e-09 2.4983e-09 0)
(7.97082e-09 2.37375e-09 0)
(7.69119e-09 1.75125e-09 0)
(8.21929e-09 1.10012e-09 0)
(1.01035e-08 6.20127e-10 0)
(1.32389e-08 5.87762e-10 0)
(1.68266e-08 1.15682e-09 0)
(1.96513e-08 2.15577e-09 0)
(2.09493e-08 3.28199e-09 0)
(2.0088e-08 4.4783e-09 0)
(1.75672e-08 5.46446e-09 0)
(1.42212e-08 5.9011e-09 0)
(1.08617e-08 5.69906e-09 0)
(8.19085e-09 4.75267e-09 0)
(6.53139e-09 2.85737e-09 0)
(5.45928e-09 3.74039e-10 0)
(4.15683e-09 -2.55971e-09 0)
(2.11099e-09 -5.54897e-09 0)
(-7.62845e-10 -8.11271e-09 0)
(-3.4996e-09 -9.89428e-09 0)
(-5.312e-09 -1.04132e-08 0)
(-5.34384e-09 -9.62928e-09 0)
(-3.24852e-09 -7.81234e-09 0)
(4.91477e-10 -5.23631e-09 0)
(4.73919e-09 -2.39328e-09 0)
(8.15837e-09 1.87053e-10 0)
(9.57868e-09 2.14403e-09 0)
(8.49059e-09 3.44871e-09 0)
(4.7974e-09 4.31374e-09 0)
(1.01521e-09 5.45473e-09 0)
(-8.29794e-08 6.73521e-08 0)
(-1.11165e-07 7.06068e-08 0)
(-8.12836e-08 6.05603e-08 0)
(-7.72663e-08 5.69738e-08 0)
(-7.376e-08 5.22534e-08 0)
(-7.13843e-08 4.84669e-08 0)
(-7.24708e-08 4.40294e-08 0)
(-7.04808e-08 3.91254e-08 0)
(-6.8006e-08 3.38956e-08 0)
(-6.26079e-08 2.88343e-08 0)
(-5.55792e-08 2.42526e-08 0)
(-4.80097e-08 2.0296e-08 0)
(-4.12767e-08 1.68034e-08 0)
(-3.63458e-08 1.38019e-08 0)
(-3.37163e-08 1.08566e-08 0)
(-3.27772e-08 8.18595e-09 0)
(-3.26745e-08 5.63406e-09 0)
(-3.27027e-08 3.46837e-09 0)
(-3.23119e-08 1.41897e-09 0)
(-3.15747e-08 -7.73053e-11 0)
(-3.07458e-08 -1.37184e-09 0)
(-3.01176e-08 -2.14679e-09 0)
(-2.96086e-08 -2.44939e-09 0)
(-2.86345e-08 -2.09647e-09 0)
(-2.68138e-08 -1.16947e-09 0)
(-2.42541e-08 3.35134e-10 0)
(-2.09571e-08 1.82167e-09 0)
(-1.74414e-08 3.07659e-09 0)
(-1.42115e-08 3.70737e-09 0)
(-1.13892e-08 3.57602e-09 0)
(-9.01263e-09 2.82347e-09 0)
(-6.97789e-09 1.70385e-09 0)
(-4.84607e-09 4.05946e-10 0)
(-2.77205e-09 -5.75213e-10 0)
(-9.88663e-10 -1.47429e-09 0)
(1.04274e-10 -1.89372e-09 0)
(2.50959e-10 -2.35832e-09 0)
(-2.72693e-10 -2.57204e-09 0)
(-9.39723e-10 -2.60703e-09 0)
(-9.33021e-10 -2.27631e-09 0)
(-1.15658e-11 -1.64306e-09 0)
(2.09837e-09 -6.83858e-10 0)
(4.93493e-09 5.92899e-10 0)
(7.19528e-09 1.67398e-09 0)
(8.42696e-09 2.39562e-09 0)
(8.39287e-09 2.49061e-09 0)
(7.50942e-09 2.23474e-09 0)
(6.99564e-09 1.39221e-09 0)
(7.64872e-09 7.58393e-10 0)
(9.88635e-09 2.77237e-10 0)
(1.3598e-08 5.43378e-10 0)
(1.77465e-08 1.24971e-09 0)
(2.08548e-08 2.53356e-09 0)
(2.21987e-08 3.88442e-09 0)
(2.12651e-08 5.23905e-09 0)
(1.83294e-08 6.33509e-09 0)
(1.42777e-08 6.7716e-09 0)
(1.01356e-08 6.27041e-09 0)
(6.54741e-09 4.96301e-09 0)
(4.05599e-09 2.58854e-09 0)
(2.45293e-09 -4.41213e-10 0)
(9.20087e-10 -3.89591e-09 0)
(-8.0193e-10 -7.26194e-09 0)
(-2.90431e-09 -9.79199e-09 0)
(-4.50626e-09 -1.12874e-08 0)
(-4.92464e-09 -1.13087e-08 0)
(-3.72407e-09 -9.92888e-09 0)
(-7.39468e-10 -7.49781e-09 0)
(3.39454e-09 -4.48057e-09 0)
(7.5727e-09 -1.44552e-09 0)
(1.04528e-08 1.17515e-09 0)
(1.11305e-08 3.02815e-09 0)
(9.41556e-09 4.13973e-09 0)
(5.26415e-09 4.78493e-09 0)
(1.17454e-09 5.71216e-09 0)
(-9.2093e-08 4.46245e-08 0)
(-1.07992e-07 5.7844e-08 0)
(-8.69176e-08 5.34879e-08 0)
(-8.1775e-08 5.21026e-08 0)
(-7.84592e-08 4.76659e-08 0)
(-7.57268e-08 4.33367e-08 0)
(-7.69489e-08 3.87351e-08 0)
(-7.52081e-08 3.42553e-08 0)
(-7.27347e-08 2.97332e-08 0)
(-6.70182e-08 2.55465e-08 0)
(-5.95306e-08 2.17407e-08 0)
(-5.1514e-08 1.83398e-08 0)
(-4.4436e-08 1.51586e-08 0)
(-3.93392e-08 1.21801e-08 0)
(-3.65921e-08 9.17571e-09 0)
(-3.54737e-08 6.34319e-09 0)
(-3.50735e-08 3.72257e-09 0)
(-3.47779e-08 1.56761e-09 0)
(-3.39814e-08 -3.13361e-10 0)
(-3.27924e-08 -1.50303e-09 0)
(-3.15875e-08 -2.4426e-09 0)
(-3.04328e-08 -2.74522e-09 0)
(-2.92673e-08 -2.52131e-09 0)
(-2.76671e-08 -1.5749e-09 0)
(-2.53619e-08 -1.19823e-10 0)
(-2.2584e-08 1.66557e-09 0)
(-1.94992e-08 3.34732e-09 0)
(-1.65593e-08 4.51865e-09 0)
(-1.40886e-08 4.9495e-09 0)
(-1.19494e-08 4.52861e-09 0)
(-1.00973e-08 3.48928e-09 0)
(-8.34597e-09 2.03107e-09 0)
(-6.12286e-09 6.13329e-10 0)
(-3.83543e-09 -6.23473e-10 0)
(-1.73919e-09 -1.61121e-09 0)
(-4.10455e-10 -2.23916e-09 0)
(-1.19997e-10 -2.71841e-09 0)
(-3.67444e-10 -2.91753e-09 0)
(-7.45357e-10 -2.8568e-09 0)
(-3.55128e-10 -2.34753e-09 0)
(9.05734e-10 -1.55971e-09 0)
(3.29826e-09 -4.15704e-10 0)
(6.10714e-09 9.12708e-10 0)
(8.02094e-09 1.84149e-09 0)
(8.75923e-09 2.39109e-09 0)
(8.22598e-09 2.24172e-09 0)
(6.87232e-09 1.75518e-09 0)
(6.21482e-09 8.7755e-10 0)
(7.10434e-09 1.94672e-10 0)
(9.88859e-09 -5.80992e-11 0)
(1.42115e-08 4.16512e-10 0)
(1.88168e-08 1.39338e-09 0)
(2.22861e-08 2.90988e-09 0)
(2.36549e-08 4.50279e-09 0)
(2.25387e-08 6.05597e-09 0)
(1.90997e-08 7.11389e-09 0)
(1.41566e-08 7.3998e-09 0)
(9.05327e-09 6.56555e-09 0)
(4.50896e-09 4.85552e-09 0)
(1.12716e-09 2.05798e-09 0)
(-1.02519e-09 -1.36276e-09 0)
(-2.66391e-09 -5.16498e-09 0)
(-3.78506e-09 -8.509e-09 0)
(-4.78832e-09 -1.09649e-08 0)
(-5.01616e-09 -1.19215e-08 0)
(-3.95341e-09 -1.13639e-08 0)
(-1.53302e-09 -9.47873e-09 0)
(2.19979e-09 -6.53501e-09 0)
(6.54386e-09 -3.32818e-09 0)
(1.03948e-08 -2.93648e-10 0)
(1.26313e-08 2.13746e-09 0)
(1.25298e-08 3.7574e-09 0)
(1.00838e-08 4.57772e-09 0)
(5.51848e-09 5.00559e-09 0)
(1.23678e-09 5.68507e-09 0)
(-1.09652e-07 4.35246e-08 0)
(-1.02302e-07 4.71564e-08 0)
(-8.70249e-08 4.31208e-08 0)
(-8.30882e-08 4.38656e-08 0)
(-8.25258e-08 4.12668e-08 0)
(-8.0315e-08 3.76383e-08 0)
(-8.15522e-08 3.33877e-08 0)
(-7.94828e-08 2.93832e-08 0)
(-7.67149e-08 2.56165e-08 0)
(-7.06006e-08 2.23001e-08 0)
(-6.27859e-08 1.92457e-08 0)
(-5.45918e-08 1.63957e-08 0)
(-4.74364e-08 1.34824e-08 0)
(-4.23286e-08 1.05476e-08 0)
(-3.95532e-08 7.47019e-09 0)
(-3.82303e-08 4.64346e-09 0)
(-3.74501e-08 2.04852e-09 0)
(-3.67387e-08 4.93741e-13 0)
(-3.53826e-08 -1.60679e-09 0)
(-3.37041e-08 -2.52293e-09 0)
(-3.1988e-08 -3.07587e-09 0)
(-3.01963e-08 -2.91475e-09 0)
(-2.84381e-08 -2.22414e-09 0)
(-2.62329e-08 -8.74193e-10 0)
(-2.35733e-08 9.5567e-10 0)
(-2.0787e-08 2.81657e-09 0)
(-1.8104e-08 4.50518e-09 0)
(-1.58391e-08 5.49777e-09 0)
(-1.42016e-08 5.62336e-09 0)
(-1.28495e-08 4.89369e-09 0)
(-1.15102e-08 3.63371e-09 0)
(-9.85392e-09 2.05196e-09 0)
(-7.50057e-09 5.84321e-10 0)
(-4.99647e-09 -7.07647e-10 0)
(-2.60433e-09 -1.59495e-09 0)
(-1.00283e-09 -2.36937e-09 0)
(-4.27295e-10 -2.77575e-09 0)
(-4.11098e-10 -2.96819e-09 0)
(-3.6976e-10 -2.80787e-09 0)
(3.63983e-10 -2.15537e-09 0)
(1.92021e-09 -1.2862e-09 0)
(4.57073e-09 -4.62971e-11 0)
(7.19204e-09 1.12358e-09 0)
(8.6736e-09 1.91746e-09 0)
(8.82719e-09 2.1909e-09 0)
(7.75698e-09 1.74479e-09 0)
(6.14516e-09 1.04027e-09 0)
(5.43506e-09 2.18939e-10 0)
(6.71307e-09 -3.83274e-10 0)
(1.01083e-08 -3.214e-10 0)
(1.50496e-08 3.68054e-10 0)
(2.02399e-08 1.64009e-09 0)
(2.39643e-08 3.32656e-09 0)
(2.53448e-08 5.08168e-09 0)
(2.38762e-08 6.69903e-09 0)
(1.96732e-08 7.48203e-09 0)
(1.37294e-08 7.5496e-09 0)
(7.59138e-09 6.40298e-09 0)
(2.03976e-09 4.24936e-09 0)
(-2.16227e-09 1.20363e-09 0)
(-4.77001e-09 -2.39976e-09 0)
(-6.2262e-09 -6.15337e-09 0)
(-6.60178e-09 -9.20318e-09 0)
(-6.31679e-09 -1.12553e-08 0)
(-4.90537e-09 -1.16735e-08 0)
(-2.48201e-09 -1.0583e-08 0)
(1.10477e-09 -8.29793e-09 0)
(5.41111e-09 -5.12923e-09 0)
(9.63596e-09 -1.96609e-09 0)
(1.30383e-08 8.56368e-10 0)
(1.45032e-08 2.90727e-09 0)
(1.35592e-08 4.09432e-09 0)
(1.05207e-08 4.62609e-09 0)
(5.61569e-09 4.81727e-09 0)
(1.22423e-09 5.32353e-09 0)
(-1.13803e-07 5.1623e-08 0)
(-1.08396e-07 4.76837e-08 0)
(-9.02083e-08 3.80931e-08 0)
(-8.3629e-08 3.63226e-08 0)
(-8.46865e-08 3.37928e-08 0)
(-8.36058e-08 3.11567e-08 0)
(-8.52039e-08 2.78174e-08 0)
(-8.29794e-08 2.45782e-08 0)
(-7.98179e-08 2.16345e-08 0)
(-7.3389e-08 1.91729e-08 0)
(-6.54348e-08 1.67768e-08 0)
(-5.72773e-08 1.44551e-08 0)
(-5.02842e-08 1.17519e-08 0)
(-4.53514e-08 8.97079e-09 0)
(-4.24963e-08 5.88724e-09 0)
(-4.08955e-08 3.25642e-09 0)
(-3.97163e-08 7.79026e-10 0)
(-3.8433e-08 -9.62195e-10 0)
(-3.65047e-08 -2.30343e-09 0)
(-3.42614e-08 -2.91857e-09 0)
(-3.19794e-08 -3.11217e-09 0)
(-2.9581e-08 -2.63868e-09 0)
(-2.72267e-08 -1.60167e-09 0)
(-2.44873e-08 -3.3923e-11 0)
(-2.16711e-08 1.8705e-09 0)
(-1.90345e-08 3.65426e-09 0)
(-1.6818e-08 5.19461e-09 0)
(-1.5441e-08 5.85604e-09 0)
(-1.46927e-08 5.70202e-09 0)
(-1.39391e-08 4.7821e-09 0)
(-1.2939e-08 3.39678e-09 0)
(-1.13954e-08 1.92055e-09 0)
(-8.88243e-09 4.66178e-10 0)
(-6.01467e-09 -7.01496e-10 0)
(-3.40091e-09 -1.522e-09 0)
(-1.59125e-09 -2.23407e-09 0)
(-7.18857e-10 -2.57999e-09 0)
(-3.99671e-10 -2.71486e-09 0)
(6.74003e-11 -2.46831e-09 0)
(1.16658e-09 -1.82221e-09 0)
(3.01482e-09 -8.19917e-10 0)
(5.70801e-09 3.23599e-10 0)
(8.07091e-09 1.25154e-09 0)
(9.08825e-09 1.81461e-09 0)
(8.58667e-09 1.78247e-09 0)
(7.07544e-09 1.10952e-09 0)
(5.34633e-09 2.99197e-10 0)
(4.79113e-09 -4.92063e-10 0)
(6.56401e-09 -7.70922e-10 0)
(1.064e-08 -4.60625e-10 0)
(1.6173e-08 6.14803e-10 0)
(2.17753e-08 2.02664e-09 0)
(2.57276e-08 3.81431e-09 0)
(2.70272e-08 5.56624e-09 0)
(2.49389e-08 6.87691e-09 0)
(1.99501e-08 7.40746e-09 0)
(1.30776e-08 7.10815e-09 0)
(5.75315e-09 5.669e-09 0)
(-6.9043e-10 3.26261e-09 0)
(-5.522e-09 1.37176e-10 0)
(-8.38218e-09 -3.35489e-09 0)
(-9.46731e-09 -6.61138e-09 0)
(-8.88697e-09 -9.21741e-09 0)
(-7.25861e-09 -1.05207e-08 0)
(-4.34395e-09 -1.0516e-08 0)
(-5.779e-10 -8.93318e-09 0)
(3.92082e-09 -6.46462e-09 0)
(8.5316e-09 -3.44154e-09 0)
(1.25294e-08 -5.46158e-10 0)
(1.52681e-08 1.81332e-09 0)
(1.58685e-08 3.33945e-09 0)
(1.42387e-08 4.0664e-09 0)
(1.06848e-08 4.20756e-09 0)
(5.5633e-09 4.17675e-09 0)
(1.1974e-09 4.59362e-09 0)
(-1.07225e-07 3.58719e-08 0)
(-1.15832e-07 4.28534e-08 0)
(-9.83862e-08 3.50876e-08 0)
(-8.73886e-08 3.11939e-08 0)
(-8.76917e-08 2.69069e-08 0)
(-8.62904e-08 2.44844e-08 0)
(-8.81308e-08 2.18254e-08 0)
(-8.56657e-08 1.95116e-08 0)
(-8.212e-08 1.75489e-08 0)
(-7.54581e-08 1.58689e-08 0)
(-6.75036e-08 1.41363e-08 0)
(-5.96167e-08 1.22195e-08 0)
(-5.29206e-08 9.75445e-09 0)
(-4.81933e-08 7.20223e-09 0)
(-4.52676e-08 4.33956e-09 0)
(-4.33385e-08 1.9894e-09 0)
(-4.16685e-08 -1.43597e-10 0)
(-3.9821e-08 -1.55957e-09 0)
(-3.73391e-08 -2.52213e-09 0)
(-3.45128e-08 -2.84842e-09 0)
(-3.17081e-08 -2.73798e-09 0)
(-2.86858e-08 -2.05461e-09 0)
(-2.58335e-08 -8.53472e-10 0)
(-2.27608e-08 7.54237e-10 0)
(-1.9885e-08 2.49413e-09 0)
(-1.74629e-08 4.07065e-09 0)
(-1.59023e-08 5.16777e-09 0)
(-1.53316e-08 5.49714e-09 0)
(-1.52754e-08 5.14018e-09 0)
(-1.51547e-08 4.13735e-09 0)
(-1.43717e-08 2.80355e-09 0)
(-1.27844e-08 1.52881e-09 0)
(-1.01226e-08 4.18768e-10 0)
(-6.98472e-09 -5.32477e-10 0)
(-4.13703e-09 -1.24513e-09 0)
(-2.06092e-09 -1.78322e-09 0)
(-9.08031e-10 -2.08711e-09 0)
(-2.99436e-10 -2.15089e-09 0)
(5.22852e-10 -1.85885e-09 0)
(2.01238e-09 -1.25519e-09 0)
(4.06604e-09 -2.91864e-10 0)
(6.64232e-09 6.39129e-10 0)
(8.68321e-09 1.31132e-09 0)
(9.2047e-09 1.49019e-09 0)
(8.12217e-09 1.21707e-09 0)
(6.2737e-09 4.23996e-10 0)
(4.54364e-09 -4.67478e-10 0)
(4.36497e-09 -1.02341e-09 0)
(6.74452e-09 -9.87832e-10 0)
(1.14941e-08 -3.73911e-10 0)
(1.75369e-08 9.03692e-10 0)
(2.34394e-08 2.51161e-09 0)
(2.75039e-08 4.11665e-09 0)
(2.84073e-08 5.62496e-09 0)
(2.57172e-08 6.45278e-09 0)
(1.99043e-08 6.5999e-09 0)
(1.19909e-08 5.83587e-09 0)
(3.74594e-09 4.21591e-09 0)
(-3.49198e-09 1.84726e-09 0)
(-8.77974e-09 -1.03067e-09 0)
(-1.15185e-08 -4.05888e-09 0)
(-1.20885e-08 -6.53166e-09 0)
(-1.0511e-08 -8.43057e-09 0)
(-7.61547e-09 -9.03156e-09 0)
(-3.31792e-09 -8.55272e-09 0)
(1.5695e-09 -6.67347e-09 0)
(6.5965e-09 -4.38359e-09 0)
(1.13294e-08 -1.7468e-09 0)
(1.48907e-08 6.02999e-10 0)
(1.69239e-08 2.33708e-09 0)
(1.67558e-08 3.31997e-09 0)
(1.44191e-08 3.60415e-09 0)
(1.05303e-08 3.45418e-09 0)
(5.45568e-09 3.20083e-09 0)
(1.18571e-09 3.63325e-09 0)
(-1.17307e-07 1.28456e-08 0)
(-1.09185e-07 2.62869e-08 0)
(-1.01871e-07 2.73355e-08 0)
(-9.18103e-08 2.55931e-08 0)
(-9.13951e-08 2.10521e-08 0)
(-8.86858e-08 1.86517e-08 0)
(-9.01752e-08 1.63817e-08 0)
(-8.72545e-08 1.47297e-08 0)
(-8.3459e-08 1.35999e-08 0)
(-7.68001e-08 1.2585e-08 0)
(-6.90829e-08 1.146e-08 0)
(-6.16577e-08 9.91414e-09 0)
(-5.53001e-08 7.85428e-09 0)
(-5.07651e-08 5.62646e-09 0)
(-4.77081e-08 3.1982e-09 0)
(-4.53776e-08 1.26245e-09 0)
(-4.32644e-08 -4.00655e-10 0)
(-4.08109e-08 -1.48299e-09 0)
(-3.7793e-08 -2.0376e-09 0)
(-3.44768e-08 -2.17941e-09 0)
(-3.11851e-08 -1.86695e-09 0)
(-2.76961e-08 -1.1567e-09 0)
(-2.44173e-08 -1.19272e-11 0)
(-2.11391e-08 1.38798e-09 0)
(-1.83541e-08 2.83228e-09 0)
(-1.63603e-08 3.93541e-09 0)
(-1.5391e-08 4.56549e-09 0)
(-1.54679e-08 4.55015e-09 0)
(-1.60519e-08 4.00708e-09 0)
(-1.62752e-08 3.10001e-09 0)
(-1.55471e-08 2.02937e-09 0)
(-1.37796e-08 1.11548e-09 0)
(-1.09431e-08 4.10793e-10 0)
(-7.67793e-09 -2.33555e-10 0)
(-4.65094e-09 -7.65743e-10 0)
(-2.43241e-09 -1.18159e-09 0)
(-1.08559e-09 -1.47647e-09 0)
(-1.70293e-10 -1.51186e-09 0)
(9.64279e-10 -1.19761e-09 0)
(2.73469e-09 -6.67786e-10 0)
(4.91028e-09 1.29239e-10 0)
(7.31252e-09 8.40917e-10 0)
(8.9234e-09 1.26842e-09 0)
(8.99527e-09 1.14802e-09 0)
(7.52157e-09 5.81652e-10 0)
(5.39205e-09 -2.04356e-10 0)
(3.90014e-09 -9.94191e-10 0)
(4.27196e-09 -1.16901e-09 0)
(7.2146e-09 -8.62637e-10 0)
(1.25325e-08 1.37684e-10 0)
(1.90594e-08 1.46438e-09 0)
(2.49892e-08 3.05036e-09 0)
(2.8842e-08 4.28972e-09 0)
(2.93641e-08 5.24226e-09 0)
(2.59145e-08 5.43649e-09 0)
(1.93337e-08 5.02909e-09 0)
(1.0694e-08 3.86465e-09 0)
(1.76497e-09 2.2438e-09 0)
(-5.9367e-09 1.45822e-10 0)
(-1.14279e-08 -2.07681e-09 0)
(-1.38831e-08 -4.24591e-09 0)
(-1.38388e-08 -5.86534e-09 0)
(-1.13867e-08 -6.78371e-09 0)
(-7.3807e-09 -6.77832e-09 0)
(-1.98582e-09 -5.85343e-09 0)
(3.59132e-09 -4.08706e-09 0)
(8.84756e-09 -2.15805e-09 0)
(1.3518e-08 -1.53741e-10 0)
(1.6613e-08 1.47873e-09 0)
(1.7985e-08 2.43193e-09 0)
(1.71352e-08 2.84774e-09 0)
(1.43664e-08 2.69225e-09 0)
(1.02022e-08 2.3356e-09 0)
(5.31324e-09 1.87816e-09 0)
(1.27565e-09 2.33191e-09 0)
(-1.34085e-07 1.34239e-08 0)
(-1.01411e-07 1.15269e-08 0)
(-9.91261e-08 1.61855e-08 0)
(-9.36726e-08 1.70124e-08 0)
(-9.46053e-08 1.40583e-08 0)
(-9.09276e-08 1.24644e-08 0)
(-9.20171e-08 1.09501e-08 0)
(-8.84128e-08 9.9767e-09 0)
(-8.42309e-08 9.55356e-09 0)
(-7.75655e-08 9.16437e-09 0)
(-7.01434e-08 8.55295e-09 0)
(-6.31928e-08 7.45512e-09 0)
(-5.71809e-08 5.88069e-09 0)
(-5.28242e-08 4.08142e-09 0)
(-4.96092e-08 2.22513e-09 0)
(-4.69178e-08 7.99345e-10 0)
(-4.4397e-08 -3.16197e-10 0)
(-4.14438e-08 -9.59624e-10 0)
(-3.80234e-08 -1.16396e-09 0)
(-3.43314e-08 -1.13044e-09 0)
(-3.06754e-08 -7.02972e-10 0)
(-2.68214e-08 -5.81241e-11 0)
(-2.32792e-08 9.13626e-10 0)
(-1.99063e-08 1.84822e-09 0)
(-1.73268e-08 2.74581e-09 0)
(-1.57186e-08 3.25504e-09 0)
(-1.52766e-08 3.36742e-09 0)
(-1.58795e-08 2.96837e-09 0)
(-1.67161e-08 2.40432e-09 0)
(-1.71236e-08 1.67962e-09 0)
(-1.63471e-08 1.075e-09 0)
(-1.43931e-08 6.27161e-10 0)
(-1.14605e-08 3.30185e-10 0)
(-8.14855e-09 1.20515e-10 0)
(-5.07046e-09 -1.37371e-10 0)
(-2.75499e-09 -4.2782e-10 0)
(-1.21986e-09 -6.50674e-10 0)
(-4.15018e-13 -6.69635e-10 0)
(1.38847e-09 -4.01296e-10 0)
(3.36137e-09 -6.27588e-11 0)
(5.59722e-09 5.52186e-10 0)
(7.80408e-09 9.3873e-10 0)
(9.01267e-09 1.01149e-09 0)
(8.54002e-09 6.59111e-10 0)
(6.79162e-09 -7.25484e-11 0)
(4.71943e-09 -7.12176e-10 0)
(3.60004e-09 -1.11018e-09 0)
(4.51726e-09 -9.03207e-10 0)
(8.07166e-09 -2.12935e-10 0)
(1.38409e-08 9.98402e-10 0)
(2.04688e-08 2.23335e-09 0)
(2.62835e-08 3.39478e-09 0)
(2.97134e-08 4.12923e-09 0)
(2.95701e-08 4.25344e-09 0)
(2.55183e-08 3.67969e-09 0)
(1.83445e-08 2.71547e-09 0)
(9.21549e-09 1.34681e-09 0)
(3.48794e-11 -1.31884e-10 0)
(-7.80634e-09 -1.67114e-09 0)
(-1.31662e-08 -2.98063e-09 0)
(-1.53028e-08 -3.95882e-09 0)
(-1.46224e-08 -4.46526e-09 0)
(-1.14201e-08 -4.42152e-09 0)
(-6.68166e-09 -3.8671e-09 0)
(-6.23764e-10 -2.79842e-09 0)
(5.26694e-09 -1.43413e-09 0)
(1.05307e-08 -2.27064e-11 0)
(1.49657e-08 1.11903e-09 0)
(1.74744e-08 1.9034e-09 0)
(1.82898e-08 2.09994e-09 0)
(1.70123e-08 2.00258e-09 0)
(1.38991e-08 1.62347e-09 0)
(9.65387e-09 1.08915e-09 0)
(5.12227e-09 6.05848e-10 0)
(1.36795e-09 1.04901e-09 0)
(-1.35947e-07 1.95297e-08 0)
(-1.06896e-07 8.5772e-09 0)
(-9.65624e-08 1.23063e-08 0)
(-9.36268e-08 1.06708e-08 0)
(-9.52876e-08 7.93848e-09 0)
(-9.11307e-08 6.45994e-09 0)
(-9.19781e-08 5.6154e-09 0)
(-8.8007e-08 5.38344e-09 0)
(-8.36569e-08 5.48985e-09 0)
(-7.72165e-08 5.71388e-09 0)
(-7.0242e-08 5.55925e-09 0)
(-6.38163e-08 4.90825e-09 0)
(-5.82058e-08 3.88262e-09 0)
(-5.39925e-08 2.63974e-09 0)
(-5.0607e-08 1.4097e-09 0)
(-4.7584e-08 5.01112e-10 0)
(-4.47328e-08 -3.9015e-11 0)
(-4.14116e-08 -2.31706e-10 0)
(-3.77492e-08 -1.12208e-10 0)
(-3.38258e-08 8.51355e-11 0)
(-2.99366e-08 5.02959e-10 0)
(-2.59156e-08 9.64256e-10 0)
(-2.23488e-08 1.5969e-09 0)
(-1.91441e-08 2.09246e-09 0)
(-1.67849e-08 2.41994e-09 0)
(-1.55794e-08 2.49743e-09 0)
(-1.55245e-08 2.20693e-09 0)
(-1.62881e-08 1.71801e-09 0)
(-1.7216e-08 1.31163e-09 0)
(-1.74867e-08 9.95808e-10 0)
(-1.64772e-08 1.00739e-09 0)
(-1.43944e-08 1.07909e-09 0)
(-1.13039e-08 1.23209e-09 0)
(-7.97954e-09 1.31696e-09 0)
(-5.01139e-09 1.09499e-09 0)
(-2.72984e-09 6.87673e-10 0)
(-1.08563e-09 3.12132e-10 0)
(3.40518e-10 9.72068e-11 0)
(1.84974e-09 2.69722e-10 0)
(3.97153e-09 5.39098e-10 0)
(6.19689e-09 9.70817e-10 0)
(8.0553e-09 1.06844e-09 0)
(8.92095e-09 8.51203e-10 0)
(8.18595e-09 1.52143e-10 0)
(6.42e-09 -6.46439e-10 0)
(4.61738e-09 -1.19257e-09 0)
(3.96536e-09 -1.33133e-09 0)
(5.42104e-09 -7.69083e-10 0)
(9.36505e-09 2.2662e-10 0)
(1.52217e-08 1.49905e-09 0)
(2.16915e-08 2.58671e-09 0)
(2.71144e-08 3.31081e-09 0)
(2.99182e-08 3.31489e-09 0)
(2.91171e-08 2.66283e-09 0)
(2.4559e-08 1.50086e-09 0)
(1.71579e-08 1.21239e-10 0)
(7.98098e-09 -1.22657e-09 0)
(-1.14106e-09 -2.30018e-09 0)
(-8.68763e-09 -2.9913e-09 0)
(-1.36285e-08 -3.25398e-09 0)
(-1.52936e-08 -3.04155e-09 0)
(-1.42324e-08 -2.54772e-09 0)
(-1.07247e-08 -1.87883e-09 0)
(-5.69962e-09 -1.06874e-09 0)
(4.95257e-10 -2.61481e-10 0)
(6.40251e-09 5.82102e-10 0)
(1.14207e-08 1.23924e-09 0)
(1.54456e-08 1.60988e-09 0)
(1.75781e-08 1.65009e-09 0)
(1.80532e-08 1.38829e-09 0)
(1.66215e-08 9.50502e-10 0)
(1.34182e-08 5.18997e-10 0)
(9.11681e-09 2.19131e-10 0)
(5.04138e-09 5.43826e-12 0)
(1.55198e-09 3.76254e-10 0)
(-8.87654e-08 3.90165e-09 0)
(-1.07562e-07 -3.92607e-10 0)
(-9.11269e-08 2.77136e-09 0)
(-8.84028e-08 2.79251e-09 0)
(-8.65782e-08 2.06362e-09 0)
(-8.19759e-08 1.46312e-09 0)
(-8.19987e-08 1.3788e-09 0)
(-7.83852e-08 1.39825e-09 0)
(-7.43991e-08 1.58228e-09 0)
(-6.86565e-08 1.83562e-09 0)
(-6.27467e-08 1.86096e-09 0)
(-5.72781e-08 1.61813e-09 0)
(-5.25463e-08 1.23931e-09 0)
(-4.89828e-08 7.81621e-10 0)
(-4.6047e-08 3.01409e-10 0)
(-4.32965e-08 -2.15839e-11 0)
(-4.06235e-08 -1.41469e-10 0)
(-3.75606e-08 -8.3378e-11 0)
(-3.41862e-08 8.89032e-11 0)
(-3.056e-08 2.8876e-10 0)
(-2.68941e-08 4.93279e-10 0)
(-2.30798e-08 6.91584e-10 0)
(-1.96409e-08 9.1631e-10 0)
(-1.6704e-08 1.07828e-09 0)
(-1.46814e-08 1.11704e-09 0)
(-1.38466e-08 1.06136e-09 0)
(-1.414e-08 8.73333e-10 0)
(-1.50427e-08 6.2741e-10 0)
(-1.59542e-08 4.97613e-10 0)
(-1.60891e-08 5.58004e-10 0)
(-1.49926e-08 7.40585e-10 0)
(-1.2931e-08 9.70384e-10 0)
(-9.95504e-09 1.18738e-09 0)
(-6.93767e-09 1.28801e-09 0)
(-4.24287e-09 1.11871e-09 0)
(-1.91873e-09 8.26165e-10 0)
(-3.76913e-11 5.0918e-10 0)
(1.82998e-09 2.78007e-10 0)
(3.79625e-09 2.86415e-10 0)
(6.00531e-09 4.07107e-10 0)
(8.01898e-09 5.38054e-10 0)
(9.49807e-09 5.25594e-10 0)
(9.80169e-09 3.87411e-10 0)
(8.69167e-09 -4.46151e-11 0)
(7.02954e-09 -4.86093e-10 0)
(5.55633e-09 -7.43649e-10 0)
(5.49217e-09 -7.87924e-10 0)
(7.52489e-09 -4.09842e-10 0)
(1.17878e-08 1.19052e-10 0)
(1.76152e-08 7.90196e-10 0)
(2.36637e-08 1.3149e-09 0)
(2.83788e-08 1.58121e-09 0)
(3.03774e-08 1.39426e-09 0)
(2.90013e-08 9.03875e-10 0)
(2.41423e-08 2.0279e-10 0)
(1.66715e-08 -5.17436e-10 0)
(7.77273e-09 -1.18556e-09 0)
(-8.35659e-10 -1.56251e-09 0)
(-7.89397e-09 -1.64852e-09 0)
(-1.23762e-08 -1.53932e-09 0)
(-1.38429e-08 -1.16486e-09 0)
(-1.27278e-08 -7.70957e-10 0)
(-9.26464e-09 -3.39653e-10 0)
(-4.44418e-09 4.14746e-11 0)
(1.54482e-09 3.11099e-10 0)
(7.17075e-09 5.82634e-10 0)
(1.18318e-08 6.83961e-10 0)
(1.54956e-08 7.3037e-10 0)
(1.7249e-08 6.36159e-10 0)
(1.74641e-08 4.3484e-10 0)
(1.59662e-08 2.21484e-10 0)
(1.30234e-08 6.95269e-12 0)
(8.9907e-09 -1.53742e-12 0)
(5.08301e-09 3.43527e-11 0)
(1.68726e-09 1.52272e-10 0)
)
;

boundaryField
{
    leftWall
    {
        type            noSlip;
    }
    rightWall
    {
        type            noSlip;
    }
    lowerWall
    {
        type            noSlip;
    }
    atmosphere
    {
        type            noSlip;
    }
    defaultFaces
    {
        type            empty;
    }
    procBoundary3to2
    {
        type            processor;
        value           nonuniform List<vector> 
40
(
(1.31844e-07 1.64826e-09 0)
(1.62304e-07 1.47208e-09 0)
(1.67642e-07 1.11376e-08 0)
(1.65927e-07 2.95082e-08 0)
(1.61264e-07 4.68796e-08 0)
(1.52404e-07 6.59084e-08 0)
(1.35463e-07 7.69767e-08 0)
(1.23274e-07 7.10723e-08 0)
(1.21299e-07 6.9936e-08 0)
(1.15251e-07 7.92425e-08 0)
(1.06019e-07 8.2292e-08 0)
(1.03682e-07 8.21665e-08 0)
(1.01579e-07 8.71306e-08 0)
(9.86584e-08 1.00685e-07 0)
(8.45207e-08 1.22703e-07 0)
(5.90205e-08 1.30091e-07 0)
(4.4086e-08 1.18678e-07 0)
(3.77307e-08 1.18167e-07 0)
(2.15034e-08 1.29617e-07 0)
(5.58595e-09 1.2655e-07 0)
(-1.56107e-09 1.13844e-07 0)
(-6.9204e-09 1.08546e-07 0)
(-1.3638e-08 1.15811e-07 0)
(-3.00866e-08 1.29773e-07 0)
(-5.54708e-08 1.26043e-07 0)
(-6.50458e-08 1.03503e-07 0)
(-6.38092e-08 1.0161e-07 0)
(-8.24448e-08 1.11073e-07 0)
(-9.90126e-08 9.55735e-08 0)
(-9.94732e-08 7.22314e-08 0)
(-9.50311e-08 6.60226e-08 0)
(-9.96682e-08 7.70164e-08 0)
(-1.1527e-07 8.45171e-08 0)
(-1.32036e-07 6.88663e-08 0)
(-1.32322e-07 4.52569e-08 0)
(-1.29214e-07 4.6375e-08 0)
(-1.44909e-07 5.34591e-08 0)
(-1.58805e-07 3.43107e-08 0)
(-1.5377e-07 9.02108e-09 0)
(-1.10548e-07 3.54435e-09 0)
)
;
    }
}


// ************************************************************************* //
