/*--------------------------------*- C++ -*----------------------------------*\
| =========                 |                                                 |
| \\      /  F ield         | OpenFOAM: The Open Source CFD Toolbox           |
|  \\    /   O peration     | Version:  2606                                  |
|   \\  /    A nd           | Website:  www.openfoam.com                      |
|    \\/     M anipulation  |                                                 |
\*---------------------------------------------------------------------------*/
FoamFile
{
    version     2.0;
    format      ascii;
    arch        "LSB;label=32;scalar=64";
    class       volVectorField;
    location    "0.55";
    object      U;
}
// * * * * * * * * * * * * * * * * * * * * * * * * * * * * * * * * * * * * * //

dimensions      [0 1 -1 0 0 0 0];

internalField   nonuniform List<vector> 
3000
(
(0.859349 -0.000463061 0)
(0.862833 -0.000383436 0)
(0.866332 -0.00037274 0)
(0.869908 -0.000373634 0)
(0.8735 -0.000317427 0)
(0.876969 -0.000197641 0)
(0.880263 -8.61329e-05 0)
(0.883476 -9.60282e-06 0)
(0.886633 0.000115042 0)
(0.889583 0.000325062 0)
(0.892242 0.000519028 0)
(0.894743 0.000624067 0)
(0.897255 0.000656599 0)
(0.899844 0.000661169 0)
(0.902504 0.000658958 0)
(0.905242 0.000636597 0)
(0.908121 0.000559259 0)
(0.911265 0.000416832 0)
(0.91476 0.000263696 0)
(0.918481 0.000201008 0)
(0.922119 0.00021678 0)
(0.925647 7.51026e-05 0)
(0.92962 -0.000370097 0)
(0.934577 -0.000877636 0)
(0.940192 -0.0010478 0)
(0.945352 -0.000783439 0)
(0.94932 -0.000544342 0)
(0.952756 -0.000834166 0)
(0.957048 -0.00155727 0)
(0.962839 -0.00227798 0)
(0.969692 -0.00267944 0)
(0.976625 -0.00265619 0)
(0.982638 -0.00234169 0)
(0.987326 -0.00205547 0)
(0.991167 -0.00200943 0)
(0.994977 -0.00213522 0)
(0.999174 -0.00224874 0)
(1.00362 -0.00222583 0)
(1.00786 -0.00203929 0)
(1.01144 -0.00175164 0)
(1.01419 -0.00146452 0)
(1.01628 -0.00124975 0)
(1.01804 -0.0011227 0)
(1.01981 -0.00105877 0)
(1.02178 -0.00102129 0)
(1.02401 -0.000987942 0)
(1.02652 -0.000955618 0)
(1.02934 -0.000923353 0)
(1.03245 -0.000884889 0)
(1.03583 -0.000833335 0)
(1.03939 -0.000767024 0)
(1.04306 -0.000692111 0)
(1.04676 -0.000621443 0)
(1.05047 -0.000571026 0)
(1.05425 -0.000554656 0)
(1.05829 -0.000575582 0)
(1.06282 -0.000617591 0)
(1.06787 -0.000648349 0)
(1.07304 -0.000648966 0)
(1.07786 -0.000650748 0)
(1.08256 -0.000712926 0)
(1.08781 -0.00086793 0)
(1.09391 -0.00114008 0)
(1.10095 -0.00154764 0)
(1.1098 -0.00204287 0)
(1.12039 -0.00251305 0)
(1.12808 -0.00290259 0)
(1.13019 -0.00319464 0)
(1.13104 -0.00353156 0)
(1.13553 -0.003982 0)
(1.14202 -0.00451299 0)
(1.14812 -0.00503782 0)
(1.15327 -0.00545994 0)
(1.15801 -0.00572694 0)
(1.16274 -0.00584777 0)
(0.879141 -0.00671631 0)
(0.883391 -0.00666808 0)
(0.887724 -0.0067447 0)
(0.892306 -0.00683812 0)
(0.897022 -0.00680938 0)
(0.901494 -0.00664356 0)
(0.905564 -0.00650024 0)
(0.909554 -0.00645431 0)
(0.913652 -0.00633166 0)
(0.917448 -0.00603542 0)
(0.92063 -0.00577091 0)
(0.923441 -0.0056948 0)
(0.926219 -0.00577518 0)
(0.92907 -0.00591697 0)
(0.93195 -0.0060707 0)
(0.934821 -0.00625969 0)
(0.937815 -0.006558 0)
(0.941278 -0.00698482 0)
(0.945518 -0.00740176 0)
(0.950215 -0.00754545 0)
(0.954262 -0.00741462 0)
(0.957158 -0.00758903 0)
(0.960416 -0.00850717 0)
(0.966046 -0.00958506 0)
(0.973755 -0.00971779 0)
(0.980385 -0.00850353 0)
(0.982679 -0.00708347 0)
(0.981362 -0.00711966 0)
(0.980898 -0.00862622 0)
(0.984397 -0.010301 0)
(0.991859 -0.0110352 0)
(1.00107 -0.0103329 0)
(1.00863 -0.00851618 0)
(1.01199 -0.00669565 0)
(1.01161 -0.00589709 0)
(1.01079 -0.006105 0)
(1.01257 -0.00657666 0)
(1.01779 -0.00663268 0)
(1.02551 -0.00596636 0)
(1.03413 -0.0047595 0)
(1.0419 -0.00351731 0)
(1.04759 -0.00268645 0)
(1.05103 -0.00243378 0)
(1.05289 -0.00266395 0)
(1.05438 -0.0031562 0)
(1.05709 -0.00374579 0)
(1.06175 -0.00437345 0)
(1.06842 -0.00501034 0)
(1.07707 -0.00560868 0)
(1.08764 -0.00611246 0)
(1.09998 -0.0064803 0)
(1.11391 -0.00670347 0)
(1.12927 -0.00682197 0)
(1.14604 -0.00694622 0)
(1.16447 -0.00726366 0)
(1.18505 -0.00795613 0)
(1.20833 -0.00895735 0)
(1.2347 -0.00973447 0)
(1.26454 -0.00971646 0)
(1.2991 -0.00943368 0)
(1.34074 -0.0101882 0)
(1.39174 -0.012037 0)
(1.45244 -0.0140921 0)
(1.51464 -0.0163596 0)
(1.57063 -0.0199391 0)
(1.64555 -0.019308 0)
(1.68047 -0.0072749 0)
(1.70787 0.000304866 0)
(1.76409 -0.00656121 0)
(1.83198 -0.0117929 0)
(1.87411 -0.00722307 0)
(1.89599 -0.00149452 0)
(1.88289 0.00125629 0)
(1.84376 0.00115681 0)
(1.79521 -0.000539931 0)
(0.754981 -0.00903868 0)
(0.760821 -0.0088904 0)
(0.766233 -0.00918443 0)
(0.771256 -0.00956103 0)
(0.776045 -0.00942824 0)
(0.780766 -0.00872005 0)
(0.785415 -0.0082396 0)
(0.789884 -0.00832326 0)
(0.794213 -0.00802659 0)
(0.798503 -0.0068533 0)
(0.802721 -0.00580911 0)
(0.806748 -0.00531573 0)
(0.810597 -0.00522705 0)
(0.814398 -0.00525737 0)
(0.818335 -0.00531377 0)
(0.822548 -0.00554823 0)
(0.827025 -0.0063619 0)
(0.831546 -0.00787127 0)
(0.83576 -0.00941722 0)
(0.839416 -0.00948979 0)
(0.842464 -0.00772037 0)
(0.844753 -0.00720258 0)
(0.845478 -0.0103108 0)
(0.843369 -0.0144506 0)
(0.838219 -0.0147236 0)
(0.831221 -0.00842722 0)
(0.823708 -0.00060331 0)
(0.816718 0.00109937 0)
(0.809299 -0.00390614 0)
(0.80009 -0.0110243 0)
(0.789066 -0.0158426 0)
(0.776815 -0.015175 0)
(0.763557 -0.00947295 0)
(0.750277 -0.00273027 0)
(0.738761 -6.26468e-05 0)
(0.728415 -0.0028772 0)
(0.717336 -0.00830186 0)
(0.704748 -0.0128542 0)
(0.690834 -0.0146432 0)
(0.675941 -0.0134828 0)
(0.660835 -0.0101893 0)
(0.647123 -0.00623631 0)
(0.636832 -0.00294752 0)
(0.631496 -0.00121419 0)
(0.631022 -0.00216357 0)
(0.635928 -0.00519846 0)
(0.647646 -0.00906427 0)
(0.666876 -0.0131174 0)
(0.693765 -0.0172343 0)
(0.728271 -0.0213424 0)
(0.770432 -0.0253478 0)
(0.820387 -0.0292299 0)
(0.878284 -0.033067 0)
(0.94416 -0.0371214 0)
(1.01782 -0.0418153 0)
(1.09874 -0.0473883 0)
(1.18602 -0.0536453 0)
(1.27846 -0.0601709 0)
(1.37457 -0.0672298 0)
(1.47217 -0.0764793 0)
(1.56793 -0.0895921 0)
(1.65802 -0.104462 0)
(1.74046 -0.113121 0)
(1.81567 -0.113837 0)
(1.88089 -0.117403 0)
(1.93676 -0.103205 0)
(1.99219 -0.074198 0)
(2.04523 -0.0727221 0)
(2.08302 -0.0959694 0)
(2.10531 -0.0984718 0)
(2.12179 -0.069155 0)
(2.12894 -0.0202318 0)
(2.11333 0.0320525 0)
(2.06928 0.0715237 0)
(1.99858 0.0906608 0)
(0.126392 -0.0183275 0)
(0.129394 -0.0175692 0)
(0.132115 -0.0169679 0)
(0.134555 -0.016415 0)
(0.136841 -0.0158204 0)
(0.139178 -0.0152023 0)
(0.141684 -0.0146574 0)
(0.144364 -0.014149 0)
(0.147296 -0.0135341 0)
(0.15071 -0.0128733 0)
(0.15481 -0.012377 0)
(0.159599 -0.0121391 0)
(0.165001 -0.0121857 0)
(0.17094 -0.0124656 0)
(0.177347 -0.0129016 0)
(0.184133 -0.0133683 0)
(0.191085 -0.0137363 0)
(0.197955 -0.0137798 0)
(0.204604 -0.0131846 0)
(0.211179 -0.0117275 0)
(0.217988 -0.00962847 0)
(0.224943 -0.00742834 0)
(0.231315 -0.00530624 0)
(0.236408 -0.00282289 0)
(0.240552 0.000452829 0)
(0.244948 0.00400526 0)
(0.250207 0.00635229 0)
(0.255186 0.00698131 0)
(0.258053 0.00644717 0)
(0.257773 0.00575119 0)
(0.254558 0.00609622 0)
(0.250025 0.00826847 0)
(0.246428 0.0110575 0)
(0.243548 0.0134703 0)
(0.240321 0.0150335 0)
(0.236473 0.0157467 0)
(0.232538 0.0161936 0)
(0.229288 0.0167554 0)
(0.227519 0.0171546 0)
(0.228249 0.0168868 0)
(0.232893 0.0154249 0)
(0.242559 0.0120223 0)
(0.256844 0.00593799 0)
(0.275135 -0.00314508 0)
(0.297038 -0.0148132 0)
(0.322118 -0.0277667 0)
(0.349887 -0.0413036 0)
(0.380551 -0.0550317 0)
(0.414595 -0.0687594 0)
(0.452582 -0.0824188 0)
(0.495066 -0.0960115 0)
(0.542576 -0.109586 0)
(0.59559 -0.123187 0)
(0.654476 -0.136794 0)
(0.719385 -0.150247 0)
(0.790169 -0.163186 0)
(0.866382 -0.175036 0)
(0.947295 -0.185069 0)
(1.0318 -0.192572 0)
(1.11809 -0.196967 0)
(1.2033 -0.197602 0)
(1.2839 -0.193659 0)
(1.35747 -0.184563 0)
(1.42331 -0.171197 0)
(1.48016 -0.155845 0)
(1.52849 -0.137975 0)
(1.57407 -0.120661 0)
(1.61943 -0.109797 0)
(1.65822 -0.100707 0)
(1.68677 -0.0812959 0)
(1.71038 -0.0452942 0)
(1.73513 0.00507241 0)
(1.75695 0.062441 0)
(1.76284 0.115793 0)
(1.74369 0.154537 0)
(-0.0114241 -0.016996 0)
(-0.0106543 -0.016379 0)
(-0.00976319 -0.0159873 0)
(-0.00870239 -0.015768 0)
(-0.00739312 -0.0156631 0)
(-0.00574642 -0.0156551 0)
(-0.00373778 -0.0158159 0)
(-0.00139123 -0.0161501 0)
(0.00129767 -0.0165682 0)
(0.00435749 -0.0170362 0)
(0.00778926 -0.0176501 0)
(0.0114846 -0.0184701 0)
(0.0153008 -0.0194663 0)
(0.0190946 -0.0205988 0)
(0.0227903 -0.0217835 0)
(0.0263196 -0.022921 0)
(0.0295991 -0.0239874 0)
(0.032559 -0.0248524 0)
(0.0352109 -0.0252629 0)
(0.0376998 -0.0250009 0)
(0.0402004 -0.0241826 0)
(0.0426858 -0.0231285 0)
(0.0448761 -0.0219625 0)
(0.0466024 -0.0203262 0)
(0.0480973 -0.0175769 0)
(0.0498234 -0.0138033 0)
(0.0520635 -0.0100303 0)
(0.0545251 -0.00746752 0)
(0.0564964 -0.00600381 0)
(0.0577001 -0.00460665 0)
(0.0582791 -0.00249308 0)
(0.0582346 0.000661621 0)
(0.0583675 0.00459441 0)
(0.0602575 0.00703931 0)
(0.0642902 0.00691342 0)
(0.0697361 0.00451873 0)
(0.0762588 0.000701801 0)
(0.0837436 -0.00376643 0)
(0.0922958 -0.00804429 0)
(0.102514 -0.0119936 0)
(0.114316 -0.015798 0)
(0.12732 -0.0202474 0)
(0.141461 -0.0261448 0)
(0.156816 -0.0336471 0)
(0.173471 -0.042764 0)
(0.191485 -0.0536705 0)
(0.210806 -0.0660189 0)
(0.231623 -0.0794541 0)
(0.254375 -0.0937507 0)
(0.279614 -0.108825 0)
(0.307935 -0.124662 0)
(0.339944 -0.141263 0)
(0.376226 -0.158598 0)
(0.417302 -0.176536 0)
(0.463585 -0.194761 0)
(0.515339 -0.212691 0)
(0.572623 -0.229454 0)
(0.63522 -0.243949 0)
(0.702471 -0.255023 0)
(0.773112 -0.261714 0)
(0.845174 -0.263218 0)
(0.916269 -0.258774 0)
(0.984221 -0.247917 0)
(1.04733 -0.231594 0)
(1.10414 -0.211921 0)
(1.15431 -0.189794 0)
(1.19877 -0.167581 0)
(1.2369 -0.151123 0)
(1.26568 -0.140981 0)
(1.28525 -0.12786 0)
(1.30089 -0.100718 0)
(1.3182 -0.0522803 0)
(1.33747 0.0167417 0)
(1.35367 0.0920977 0)
(1.36079 0.156178 0)
(-0.0360481 -0.0174052 0)
(-0.0359153 -0.0168453 0)
(-0.0356101 -0.016508 0)
(-0.0351382 -0.0163546 0)
(-0.034502 -0.0163223 0)
(-0.0337157 -0.0163252 0)
(-0.0328034 -0.0163686 0)
(-0.0317755 -0.0164628 0)
(-0.0306337 -0.0165929 0)
(-0.0293905 -0.0166981 0)
(-0.0280746 -0.0167982 0)
(-0.0267495 -0.0169566 0)
(-0.0254747 -0.017198 0)
(-0.0243186 -0.0175062 0)
(-0.0233569 -0.0177801 0)
(-0.0225993 -0.0179849 0)
(-0.022054 -0.0180924 0)
(-0.0217278 -0.0180025 0)
(-0.0215462 -0.0175765 0)
(-0.021383 -0.0167311 0)
(-0.0211185 -0.0155047 0)
(-0.0207157 -0.0139976 0)
(-0.0202049 -0.01226 0)
(-0.0195694 -0.0101853 0)
(-0.0186278 -0.0076674 0)
(-0.0170995 -0.00483502 0)
(-0.0149146 -0.00211218 0)
(-0.0122527 9.92458e-07 0)
(-0.00951409 0.00138351 0)
(-0.00699133 0.00215936 0)
(-0.00426788 0.00258357 0)
(-0.000384934 0.00289962 0)
(0.00478547 0.00344902 0)
(0.0108299 0.00395567 0)
(0.0175618 0.00371757 0)
(0.0246481 0.00242796 0)
(0.0316602 0.000132073 0)
(0.0387406 -0.00317602 0)
(0.0463042 -0.00727703 0)
(0.054527 -0.0122741 0)
(0.0635836 -0.0185438 0)
(0.073393 -0.0261086 0)
(0.083722 -0.0348849 0)
(0.0944224 -0.0449475 0)
(0.105439 -0.0563286 0)
(0.116759 -0.0691476 0)
(0.128382 -0.0833658 0)
(0.140419 -0.0988691 0)
(0.15313 -0.115583 0)
(0.166868 -0.133505 0)
(0.18205 -0.152673 0)
(0.199128 -0.173109 0)
(0.218574 -0.194772 0)
(0.240872 -0.217492 0)
(0.266538 -0.240885 0)
(0.2961 -0.26426 0)
(0.330075 -0.286588 0)
(0.368929 -0.306472 0)
(0.412937 -0.322269 0)
(0.461998 -0.332273 0)
(0.515535 -0.334936 0)
(0.572489 -0.329129 0)
(0.631377 -0.314578 0)
(0.690308 -0.292395 0)
(0.746984 -0.264922 0)
(0.799196 -0.23486 0)
(0.845196 -0.205177 0)
(0.882895 -0.178375 0)
(0.909645 -0.153307 0)
(0.924687 -0.124932 0)
(0.931051 -0.0878672 0)
(0.93443 -0.0387793 0)
(0.942738 0.0225801 0)
(0.960043 0.0904197 0)
(0.983175 0.151572 0)
(-0.0235948 -0.0186004 0)
(-0.0235794 -0.0183446 0)
(-0.0234146 -0.0182731 0)
(-0.0231468 -0.0183595 0)
(-0.0228058 -0.018559 0)
(-0.0224088 -0.0188328 0)
(-0.0219568 -0.0191787 0)
(-0.0214459 -0.0196017 0)
(-0.0208971 -0.0200859 0)
(-0.0203294 -0.0205675 0)
(-0.019749 -0.0210299 0)
(-0.0191904 -0.021485 0)
(-0.0186932 -0.0219329 0)
(-0.0183221 -0.0223711 0)
(-0.0181165 -0.0227473 0)
(-0.0180549 -0.0230441 0)
(-0.0181545 -0.0232428 0)
(-0.0184013 -0.0232576 0)
(-0.0187239 -0.0230151 0)
(-0.0190333 -0.0224535 0)
(-0.0192354 -0.0215713 0)
(-0.0192675 -0.0204005 0)
(-0.019088 -0.0189624 0)
(-0.0186175 -0.01725 0)
(-0.0177161 -0.015269 0)
(-0.0162036 -0.0131475 0)
(-0.0140209 -0.0111274 0)
(-0.0112426 -0.0093879 0)
(-0.00803574 -0.00800476 0)
(-0.00457673 -0.00679767 0)
(-0.000838529 -0.00554567 0)
(0.00339529 -0.00441484 0)
(0.0083534 -0.00396511 0)
(0.0140439 -0.00434783 0)
(0.0202567 -0.00563721 0)
(0.0267324 -0.00783832 0)
(0.0332355 -0.010825 0)
(0.0397211 -0.0143191 0)
(0.0463147 -0.0183727 0)
(0.0531233 -0.0230794 0)
(0.0602078 -0.0286449 0)
(0.0674917 -0.0353391 0)
(0.0748211 -0.0433384 0)
(0.0820575 -0.0527398 0)
(0.0890568 -0.0635836 0)
(0.0957192 -0.0758944 0)
(0.101947 -0.0896629 0)
(0.107705 -0.104874 0)
(0.113057 -0.121541 0)
(0.118105 -0.139726 0)
(0.122989 -0.159501 0)
(0.127874 -0.180922 0)
(0.132955 -0.203983 0)
(0.138475 -0.228581 0)
(0.144789 -0.254411 0)
(0.152351 -0.28086 0)
(0.161794 -0.307016 0)
(0.173932 -0.331472 0)
(0.189668 -0.352527 0)
(0.210015 -0.36829 0)
(0.235904 -0.376903 0)
(0.268031 -0.376834 0)
(0.306662 -0.367259 0)
(0.351328 -0.348443 0)
(0.400533 -0.321762 0)
(0.451889 -0.289381 0)
(0.502172 -0.253933 0)
(0.547563 -0.217762 0)
(0.584397 -0.181397 0)
(0.610744 -0.143062 0)
(0.628187 -0.100114 0)
(0.641883 -0.0505904 0)
(0.658211 0.0058369 0)
(0.682187 0.0642114 0)
(0.716104 0.116337 0)
(-0.00521155 -0.0171979 0)
(-0.00502539 -0.0169942 0)
(-0.0047306 -0.0169243 0)
(-0.00436887 -0.0169818 0)
(-0.00397372 -0.0171279 0)
(-0.00355758 -0.0173487 0)
(-0.00312286 -0.0176314 0)
(-0.00268362 -0.0179707 0)
(-0.00225789 -0.0183495 0)
(-0.00186174 -0.0187323 0)
(-0.0014936 -0.0190965 0)
(-0.00116111 -0.0194286 0)
(-0.000886761 -0.0197159 0)
(-0.000682289 -0.0199707 0)
(-0.000564643 -0.0201577 0)
(-0.000535182 -0.0202765 0)
(-0.00058565 -0.0203127 0)
(-0.000705634 -0.0202235 0)
(-0.000849634 -0.0199599 0)
(-0.000950093 -0.0194841 0)
(-0.000944128 -0.0187819 0)
(-0.000760655 -0.0178662 0)
(-0.000330223 -0.0167508 0)
(0.000427849 -0.0154496 0)
(0.00161055 -0.0140032 0)
(0.00330271 -0.0125018 0)
(0.00553034 -0.0111111 0)
(0.00824933 -0.00995504 0)
(0.0113793 -0.00912907 0)
(0.0148642 -0.00861118 0)
(0.0187404 -0.00832623 0)
(0.0230682 -0.00824748 0)
(0.027873 -0.00848475 0)
(0.0331066 -0.00923636 0)
(0.0386579 -0.0106606 0)
(0.0443943 -0.0128199 0)
(0.050191 -0.0157055 0)
(0.0560145 -0.0192395 0)
(0.0618918 -0.0234196 0)
(0.0678393 -0.0283198 0)
(0.073854 -0.0340681 0)
(0.0798526 -0.0408327 0)
(0.0857058 -0.0487308 0)
(0.0912543 -0.0578516 0)
(0.0963181 -0.0682449 0)
(0.100755 -0.0799391 0)
(0.104397 -0.0929726 0)
(0.107112 -0.107372 0)
(0.108813 -0.123199 0)
(0.109387 -0.140526 0)
(0.108721 -0.159448 0)
(0.106699 -0.180032 0)
(0.103197 -0.202317 0)
(0.0981242 -0.226271 0)
(0.0914895 -0.251711 0)
(0.0833328 -0.278198 0)
(0.0739793 -0.305024 0)
(0.0640492 -0.331015 0)
(0.0544176 -0.354721 0)
(0.0464724 -0.374469 0)
(0.0418659 -0.388453 0)
(0.0424347 -0.395051 0)
(0.049992 -0.3931 0)
(0.0658983 -0.382191 0)
(0.090644 -0.362787 0)
(0.123823 -0.336021 0)
(0.163686 -0.303369 0)
(0.207569 -0.266366 0)
(0.252409 -0.225763 0)
(0.295243 -0.181469 0)
(0.334884 -0.133434 0)
(0.371142 -0.0821518 0)
(0.405916 -0.0297847 0)
(0.441379 0.0199497 0)
(0.479565 0.0633424 0)
(0.00538831 -0.0182138 0)
(0.00568735 -0.0181654 0)
(0.00606767 -0.0182046 0)
(0.00649637 -0.0183223 0)
(0.00694809 -0.0185062 0)
(0.00740693 -0.018746 0)
(0.00786095 -0.0190372 0)
(0.00829811 -0.0193685 0)
(0.00870553 -0.0197183 0)
(0.00906929 -0.0200618 0)
(0.00938995 -0.0203781 0)
(0.00967396 -0.0206567 0)
(0.00992227 -0.0208883 0)
(0.0101425 -0.021067 0)
(0.0103422 -0.0211848 0)
(0.0105282 -0.0212338 0)
(0.0107073 -0.0211968 0)
(0.0108901 -0.0210504 0)
(0.0111062 -0.0207583 0)
(0.0114007 -0.0203056 0)
(0.0118231 -0.0196901 0)
(0.01243 -0.018924 0)
(0.0132795 -0.0180289 0)
(0.0144308 -0.0170302 0)
(0.0159431 -0.0159702 0)
(0.0178611 -0.0149166 0)
(0.0202006 -0.0139583 0)
(0.0229419 -0.0131736 0)
(0.0260493 -0.0126152 0)
(0.0294994 -0.0122976 0)
(0.033297 -0.0122308 0)
(0.037458 -0.0124698 0)
(0.0419876 -0.0130942 0)
(0.0468439 -0.0142076 0)
(0.0519643 -0.0158886 0)
(0.0572684 -0.0181856 0)
(0.0626764 -0.0211134 0)
(0.0681581 -0.0246603 0)
(0.0736912 -0.0288557 0)
(0.0792553 -0.0337567 0)
(0.0848146 -0.039449 0)
(0.0902839 -0.04604 0)
(0.0955488 -0.0536093 0)
(0.100462 -0.0622331 0)
(0.10487 -0.0719509 0)
(0.108621 -0.0827996 0)
(0.111538 -0.0948258 0)
(0.113466 -0.10805 0)
(0.114239 -0.122536 0)
(0.113651 -0.13833 0)
(0.111457 -0.155512 0)
(0.107394 -0.174123 0)
(0.101141 -0.194206 0)
(0.0923718 -0.215738 0)
(0.0807749 -0.238608 0)
(0.0659832 -0.262556 0)
(0.0478849 -0.286999 0)
(0.0265855 -0.311211 0)
(0.00243047 -0.334085 0)
(-0.0236009 -0.354375 0)
(-0.0501062 -0.370614 0)
(-0.0753282 -0.381367 0)
(-0.0972187 -0.385421 0)
(-0.113752 -0.382022 0)
(-0.123234 -0.370961 0)
(-0.124573 -0.352469 0)
(-0.11755 -0.327067 0)
(-0.102616 -0.295419 0)
(-0.0808334 -0.258043 0)
(-0.0536977 -0.215207 0)
(-0.022046 -0.16748 0)
(0.0125147 -0.116242 0)
(0.0479823 -0.0637757 0)
(0.0830014 -0.0133595 0)
(0.115823 0.0317961 0)
(0.00902883 -0.0182153 0)
(0.00928904 -0.0182441 0)
(0.00961799 -0.0183366 0)
(0.00999358 -0.0184878 0)
(0.0103972 -0.0186908 0)
(0.0108134 -0.0189404 0)
(0.0112289 -0.0192287 0)
(0.0116318 -0.0195446 0)
(0.0120144 -0.0198735 0)
(0.0123695 -0.0201991 0)
(0.0126998 -0.0205033 0)
(0.013014 -0.0207791 0)
(0.0133184 -0.0210189 0)
(0.0136222 -0.0212155 0)
(0.0139352 -0.0213603 0)
(0.0142641 -0.0214418 0)
(0.0146184 -0.0214475 0)
(0.0150124 -0.0213599 0)
(0.0154715 -0.0211608 0)
(0.0160317 -0.0208418 0)
(0.016731 -0.0204041 0)
(0.0176115 -0.01986 0)
(0.0187153 -0.0192311 0)
(0.0200823 -0.0185457 0)
(0.02175 -0.0178431 0)
(0.0237471 -0.0171755 0)
(0.0260876 -0.0166038 0)
(0.028767 -0.0161861 0)
(0.0317717 -0.0159674 0)
(0.0350917 -0.0159798 0)
(0.0387229 -0.016255 0)
(0.042667 -0.0168378 0)
(0.0469163 -0.0177899 0)
(0.0514389 -0.0191868 0)
(0.0561948 -0.0210825 0)
(0.0611193 -0.0235261 0)
(0.0661627 -0.0265435 0)
(0.0712902 -0.030151 0)
(0.0764574 -0.0343864 0)
(0.0816331 -0.0392912 0)
(0.0867659 -0.0449282 0)
(0.0917803 -0.051367 0)
(0.0965798 -0.0586626 0)
(0.101049 -0.0668711 0)
(0.105065 -0.0760233 0)
(0.108487 -0.0861563 0)
(0.111174 -0.0972998 0)
(0.112973 -0.109463 0)
(0.113716 -0.122688 0)
(0.113197 -0.136981 0)
(0.111159 -0.152384 0)
(0.107337 -0.168892 0)
(0.101382 -0.186509 0)
(0.0929245 -0.205167 0)
(0.0815257 -0.224752 0)
(0.0667478 -0.245071 0)
(0.0482048 -0.265664 0)
(0.0256395 -0.286084 0)
(-0.00102208 -0.305575 0)
(-0.0314704 -0.323299 0)
(-0.0649808 -0.338256 0)
(-0.100544 -0.349376 0)
(-0.136753 -0.355664 0)
(-0.171982 -0.356338 0)
(-0.204607 -0.35088 0)
(-0.233167 -0.339008 0)
(-0.256497 -0.320621 0)
(-0.273888 -0.295722 0)
(-0.284939 -0.264336 0)
(-0.289398 -0.226648 0)
(-0.287313 -0.183381 0)
(-0.278907 -0.135745 0)
(-0.264998 -0.0855449 0)
(-0.247257 -0.0345295 0)
(-0.227725 0.0144456 0)
(0.0099503 -0.0184487 0)
(0.0101436 -0.0185559 0)
(0.0103996 -0.018705 0)
(0.0107027 -0.0188944 0)
(0.0110385 -0.0191211 0)
(0.0113951 -0.0193808 0)
(0.0117614 -0.019667 0)
(0.0121283 -0.0199714 0)
(0.0124912 -0.0202839 0)
(0.0128458 -0.0205934 0)
(0.0131938 -0.0208859 0)
(0.0135422 -0.0211549 0)
(0.0138966 -0.0213935 0)
(0.0142621 -0.0215946 0)
(0.0146462 -0.0217511 0)
(0.015056 -0.0218538 0)
(0.0155034 -0.0218934 0)
(0.0160044 -0.0218602 0)
(0.0165812 -0.0217447 0)
(0.017263 -0.0215446 0)
(0.0180807 -0.0212632 0)
(0.0190674 -0.020912 0)
(0.0202565 -0.0205117 0)
(0.021678 -0.0200895 0)
(0.0233582 -0.0196798 0)
(0.0253175 -0.0193247 0)
(0.0275678 -0.0190706 0)
(0.0301104 -0.0189633 0)
(0.0329395 -0.0190447 0)
(0.0360489 -0.019351 0)
(0.0394322 -0.0199211 0)
(0.0430825 -0.0207959 0)
(0.0469835 -0.0220246 0)
(0.0511141 -0.0236626 0)
(0.0554381 -0.025755 0)
(0.0598986 -0.0283457 0)
(0.0644666 -0.0314586 0)
(0.0690972 -0.0351286 0)
(0.0737429 -0.0393858 0)
(0.0783674 -0.0442689 0)
(0.0829126 -0.0498245 0)
(0.0873128 -0.0560997 0)
(0.0914855 -0.0631367 0)
(0.0953394 -0.0709773 0)
(0.0987712 -0.0796448 0)
(0.101656 -0.0891634 0)
(0.103884 -0.0995501 0)
(0.105312 -0.110809 0)
(0.105801 -0.122949 0)
(0.105168 -0.135959 0)
(0.103198 -0.149832 0)
(0.0996812 -0.164529 0)
(0.0943284 -0.179999 0)
(0.0868451 -0.196138 0)
(0.0768596 -0.21278 0)
(0.0640262 -0.229726 0)
(0.0479882 -0.246623 0)
(0.0284399 -0.263064 0)
(0.00517343 -0.278545 0)
(-0.0218357 -0.292454 0)
(-0.0523581 -0.304128 0)
(-0.0860073 -0.312848 0)
(-0.122106 -0.317926 0)
(-0.159758 -0.31878 0)
(-0.197916 -0.314962 0)
(-0.235467 -0.306117 0)
(-0.271303 -0.291954 0)
(-0.304365 -0.272228 0)
(-0.333623 -0.246761 0)
(-0.358031 -0.215566 0)
(-0.376637 -0.178998 0)
(-0.388681 -0.137885 0)
(-0.393635 -0.0936696 0)
(-0.391369 -0.0479731 0)
(-0.383316 -0.00271041 0)
(0.0104137 -0.0185647 0)
(0.0105601 -0.0187402 0)
(0.0107634 -0.0189429 0)
(0.0110125 -0.0191732 0)
(0.0112966 -0.0194303 0)
(0.0116064 -0.0197104 0)
(0.0119328 -0.0200089 0)
(0.0122691 -0.0203196 0)
(0.0126121 -0.020635 0)
(0.012958 -0.0209469 0)
(0.0133074 -0.0212451 0)
(0.0136666 -0.0215222 0)
(0.01404 -0.0217735 0)
(0.0144315 -0.0219931 0)
(0.0148498 -0.0221746 0)
(0.0153039 -0.0223124 0)
(0.0158067 -0.0223999 0)
(0.0163726 -0.022433 0)
(0.0170193 -0.0224075 0)
(0.017771 -0.0223247 0)
(0.0186526 -0.0221899 0)
(0.0196902 -0.0220148 0)
(0.0209096 -0.0218181 0)
(0.0223339 -0.0216244 0)
(0.023982 -0.0214641 0)
(0.0258686 -0.0213727 0)
(0.0280037 -0.021388 0)
(0.030389 -0.0215482 0)
(0.0330213 -0.0218915 0)
(0.0358952 -0.0224524 0)
(0.039001 -0.0232694 0)
(0.0423277 -0.0243817 0)
(0.045857 -0.0258275 0)
(0.0495705 -0.0276526 0)
(0.0534309 -0.0298989 0)
(0.0573943 -0.0325992 0)
(0.0614359 -0.0357781 0)
(0.0655059 -0.0394774 0)
(0.0695607 -0.0437192 0)
(0.073558 -0.0485429 0)
(0.0774416 -0.0539799 0)
(0.0811482 -0.0600642 0)
(0.0846007 -0.0668306 0)
(0.0877243 -0.0743079 0)
(0.0904283 -0.0825142 0)
(0.0925947 -0.0914604 0)
(0.0941305 -0.101151 0)
(0.094906 -0.111586 0)
(0.0948075 -0.122753 0)
(0.0936724 -0.134629 0)
(0.0913276 -0.147175 0)
(0.0876149 -0.160331 0)
(0.0823082 -0.174008 0)
(0.0752108 -0.188085 0)
(0.0660336 -0.202365 0)
(0.05456 -0.216649 0)
(0.0405831 -0.230617 0)
(0.0238766 -0.243896 0)
(0.0042925 -0.256089 0)
(-0.0182037 -0.266688 0)
(-0.0435089 -0.275194 0)
(-0.0714632 -0.281086 0)
(-0.101727 -0.283885 0)
(-0.133823 -0.283188 0)
(-0.167166 -0.278674 0)
(-0.201078 -0.270083 0)
(-0.234789 -0.257197 0)
(-0.26743 -0.239827 0)
(-0.29804 -0.217845 0)
(-0.325549 -0.191277 0)
(-0.348827 -0.160416 0)
(-0.36681 -0.12588 0)
(-0.378573 -0.0886753 0)
(-0.383517 -0.0502088 0)
(-0.381419 -0.0122509 0)
(0.0108432 -0.0186558 0)
(0.0109634 -0.0188927 0)
(0.0111348 -0.0191453 0)
(0.01135 -0.019415 0)
(0.0116005 -0.0197024 0)
(0.011878 -0.0200055 0)
(0.0121753 -0.0203212 0)
(0.0124888 -0.020644 0)
(0.0128159 -0.0209691 0)
(0.0131535 -0.0212904 0)
(0.0135035 -0.0216001 0)
(0.013871 -0.0218925 0)
(0.0142597 -0.0221646 0)
(0.0146745 -0.0224111 0)
(0.0151236 -0.022627 0)
(0.0156156 -0.0228088 0)
(0.0161625 -0.0229529 0)
(0.0167766 -0.0230586 0)
(0.0174734 -0.0231244 0)
(0.0182725 -0.0231541 0)
(0.0191935 -0.0231544 0)
(0.0202568 -0.0231375 0)
(0.021483 -0.0231212 0)
(0.0228898 -0.0231268 0)
(0.0244907 -0.0231802 0)
(0.0262967 -0.0233131 0)
(0.028316 -0.023556 0)
(0.0305473 -0.0239433 0)
(0.0329896 -0.0245081 0)
(0.0356361 -0.0252831 0)
(0.0384742 -0.0263032 0)
(0.0414936 -0.0276036 0)
(0.0446728 -0.0292184 0)
(0.047992 -0.0311857 0)
(0.051419 -0.0335407 0)
(0.0549179 -0.0363097 0)
(0.0584588 -0.039524 0)
(0.0619952 -0.0432147 0)
(0.0654843 -0.0474053 0)
(0.068884 -0.052128 0)
(0.0721402 -0.0574044 0)
(0.0751848 -0.0632648 0)
(0.0779498 -0.0697333 0)
(0.0803712 -0.0768244 0)
(0.0823575 -0.084558 0)
(0.0838025 -0.0929324 0)
(0.0846262 -0.101943 0)
(0.0847045 -0.111578 0)
(0.0839412 -0.121813 0)
(0.0821897 -0.13262 0)
(0.079306 -0.143943 0)
(0.0751699 -0.155706 0)
(0.0695949 -0.167807 0)
(0.0624535 -0.180116 0)
(0.0535156 -0.192456 0)
(0.0426552 -0.204575 0)
(0.0297796 -0.216236 0)
(0.0147379 -0.227092 0)
(-0.00252403 -0.236812 0)
(-0.0219589 -0.244948 0)
(-0.0434487 -0.251113 0)
(-0.0668401 -0.254897 0)
(-0.091862 -0.25593 0)
(-0.118161 -0.253907 0)
(-0.14532 -0.248586 0)
(-0.172865 -0.239788 0)
(-0.200254 -0.227373 0)
(-0.226858 -0.211258 0)
(-0.251947 -0.191444 0)
(-0.2747 -0.168044 0)
(-0.29425 -0.141358 0)
(-0.309779 -0.11191 0)
(-0.320509 -0.0804478 0)
(-0.325824 -0.0480605 0)
(-0.325616 -0.0160544 0)
(0.011157 -0.0187355 0)
(0.0112646 -0.0190268 0)
(0.0114191 -0.0193248 0)
(0.0116152 -0.0196322 0)
(0.0118447 -0.0199509 0)
(0.0121012 -0.0202796 0)
(0.0123803 -0.020616 0)
(0.0126802 -0.020956 0)
(0.0129979 -0.0212972 0)
(0.0133324 -0.0216346 0)
(0.0136859 -0.0219623 0)
(0.0140618 -0.0222767 0)
(0.0144645 -0.0225751 0)
(0.0148993 -0.0228533 0)
(0.0153731 -0.0231095 0)
(0.015894 -0.0233406 0)
(0.0164727 -0.0235454 0)
(0.0171209 -0.0237255 0)
(0.0178518 -0.0238812 0)
(0.0186807 -0.0240186 0)
(0.0196233 -0.0241447 0)
(0.0206945 -0.0242708 0)
(0.0219115 -0.0244148 0)
(0.0232885 -0.0245946 0)
(0.0248327 -0.024833 0)
(0.026555 -0.0251583 0)
(0.0284602 -0.0255956 0)
(0.0305432 -0.0261757 0)
(0.0328053 -0.0269276 0)
(0.0352383 -0.0278814 0)
(0.0378285 -0.0290685 0)
(0.0405656 -0.0305194 0)
(0.0434251 -0.0322652 0)
(0.0463903 -0.034336 0)
(0.0494321 -0.0367627 0)
(0.0525124 -0.0395698 0)
(0.0556039 -0.0427892 0)
(0.0586649 -0.0464408 0)
(0.0616502 -0.0505506 0)
(0.0645241 -0.0551395 0)
(0.0672261 -0.0602259 0)
(0.0696894 -0.0658367 0)
(0.0718622 -0.071983 0)
(0.0736749 -0.0786729 0)
(0.0750414 -0.0859253 0)
(0.0758709 -0.0937228 0)
(0.0760875 -0.102061 0)
(0.0755787 -0.110918 0)
(0.0742558 -0.120255 0)
(0.0719843 -0.130051 0)
(0.0686508 -0.140221 0)
(0.0641547 -0.150697 0)
(0.0583365 -0.161369 0)
(0.0510943 -0.172106 0)
(0.0422843 -0.18276 0)
(0.0318071 -0.19304 0)
(0.0195942 -0.202797 0)
(0.00558425 -0.211708 0)
(-0.0102178 -0.219475 0)
(-0.0277189 -0.225731 0)
(-0.0468008 -0.230162 0)
(-0.0672755 -0.232439 0)
(-0.0888807 -0.232266 0)
(-0.111295 -0.229395 0)
(-0.134147 -0.223636 0)
(-0.157029 -0.214857 0)
(-0.17949 -0.202975 0)
(-0.201033 -0.187969 0)
(-0.221101 -0.169906 0)
(-0.239096 -0.148961 0)
(-0.254401 -0.125454 0)
(-0.266424 -0.0998674 0)
(-0.274703 -0.0728157 0)
(-0.278983 -0.0451342 0)
(-0.279152 -0.0178494 0)
(0.0113021 -0.0188137 0)
(0.0114063 -0.0191523 0)
(0.0115538 -0.019491 0)
(0.0117385 -0.0198342 0)
(0.0119541 -0.0201839 0)
(0.0121973 -0.0205389 0)
(0.0124654 -0.020898 0)
(0.0127562 -0.0212591 0)
(0.013068 -0.0216206 0)
(0.0134018 -0.0219785 0)
(0.0137588 -0.0223294 0)
(0.0141419 -0.0226706 0)
(0.0145565 -0.0230002 0)
(0.0150065 -0.0233154 0)
(0.0154986 -0.0236162 0)
(0.0160409 -0.0239 0)
(0.0166411 -0.0241673 0)
(0.0173109 -0.0244213 0)
(0.018061 -0.0246637 0)
(0.0189034 -0.0249018 0)
(0.0198513 -0.0251434 0)
(0.0209144 -0.0253988 0)
(0.022108 -0.025684 0)
(0.0234426 -0.0260159 0)
(0.0249204 -0.0264144 0)
(0.0265535 -0.0269036 0)
(0.0283431 -0.0275076 0)
(0.0302808 -0.028251 0)
(0.0323698 -0.0291602 0)
(0.0345999 -0.0302613 0)
(0.036957 -0.0315833 0)
(0.039432 -0.0331525 0)
(0.0419998 -0.0349966 0)
(0.0446455 -0.0371398 0)
(0.0473379 -0.039612 0)
(0.0500399 -0.0424329 0)
(0.0527314 -0.0456273 0)
(0.0553697 -0.0492164 0)
(0.0579119 -0.0532195 0)
(0.0603252 -0.0576536 0)
(0.0625415 -0.0625339 0)
(0.0645055 -0.0678763 0)
(0.0661753 -0.0736881 0)
(0.0674729 -0.079973 0)
(0.0683272 -0.0867401 0)
(0.0686565 -0.093968 0)
(0.0683861 -0.101646 0)
(0.0674231 -0.109752 0)
(0.065674 -0.118238 0)
(0.0630309 -0.127074 0)
(0.0594056 -0.136168 0)
(0.054696 -0.145459 0)
(0.04878 -0.154832 0)
(0.0415709 -0.164161 0)
(0.0329989 -0.17329 0)
(0.0229487 -0.182016 0)
(0.0113699 -0.190136 0)
(-0.00171822 -0.197423 0)
(-0.0163049 -0.203584 0)
(-0.0322845 -0.208349 0)
(-0.0495411 -0.211447 0)
(-0.0678869 -0.212613 0)
(-0.0870776 -0.211611 0)
(-0.10682 -0.208239 0)
(-0.126782 -0.202346 0)
(-0.146598 -0.193831 0)
(-0.165869 -0.182648 0)
(-0.184168 -0.168816 0)
(-0.201046 -0.152429 0)
(-0.216039 -0.133675 0)
(-0.2287 -0.112853 0)
(-0.238628 -0.0903831 0)
(-0.24551 -0.0668273 0)
(-0.249188 -0.0428145 0)
(-0.249672 -0.0190108 0)
(0.011298 -0.0188964 0)
(0.0114055 -0.0192756 0)
(0.011551 -0.0196514 0)
(0.0117289 -0.0200285 0)
(0.0119366 -0.0204076 0)
(0.0121721 -0.020789 0)
(0.0124328 -0.0211725 0)
(0.0127176 -0.0215573 0)
(0.0130262 -0.0219421 0)
(0.01336 -0.0223238 0)
(0.0137195 -0.0227017 0)
(0.0141078 -0.0230726 0)
(0.0145303 -0.0234364 0)
(0.0149901 -0.0237913 0)
(0.015494 -0.0241377 0)
(0.0160493 -0.0244751 0)
(0.0166607 -0.0248051 0)
(0.0173403 -0.0251309 0)
(0.0180965 -0.0254559 0)
(0.0189379 -0.0257874 0)
(0.0198763 -0.0261339 0)
(0.0209184 -0.0265054 0)
(0.0220767 -0.0269152 0)
(0.0233586 -0.0273807 0)
(0.024763 -0.0279174 0)
(0.0263009 -0.0285457 0)
(0.0279721 -0.0292915 0)
(0.0297675 -0.0301723 0)
(0.0316894 -0.0312122 0)
(0.0337252 -0.0324347 0)
(0.035862 -0.0338638 0)
(0.0380925 -0.0355235 0)
(0.0403906 -0.0374394 0)
(0.0427401 -0.0396293 0)
(0.0451108 -0.0421237 0)
(0.0474721 -0.0449346 0)
(0.0498023 -0.0480823 0)
(0.0520595 -0.0515897 0)
(0.0542057 -0.0554665 0)
(0.0562075 -0.0597328 0)
(0.0579986 -0.0643957 0)
(0.0595299 -0.0694593 0)
(0.0607651 -0.0749348 0)
(0.0616263 -0.0808166 0)
(0.0620531 -0.0871063 0)
(0.0619743 -0.0937831 0)
(0.0613148 -0.100827 0)
(0.059996 -0.108218 0)
(0.0579371 -0.115904 0)
(0.0550485 -0.123835 0)
(0.0512479 -0.131941 0)
(0.046453 -0.140146 0)
(0.0405696 -0.148344 0)
(0.0335348 -0.156415 0)
(0.0252798 -0.1642 0)
(0.0157434 -0.171566 0)
(0.00488518 -0.17828 0)
(-0.00727192 -0.184181 0)
(-0.0206709 -0.189005 0)
(-0.0352354 -0.192539 0)
(-0.0508453 -0.194561 0)
(-0.0673292 -0.194857 0)
(-0.0844701 -0.193236 0)
(-0.102011 -0.18954 0)
(-0.119661 -0.18365 0)
(-0.137098 -0.175492 0)
(-0.153978 -0.165043 0)
(-0.169938 -0.152341 0)
(-0.184606 -0.137492 0)
(-0.197609 -0.120682 0)
(-0.208602 -0.102181 0)
(-0.217287 -0.0823468 0)
(-0.223449 -0.0616231 0)
(-0.226986 -0.0405201 0)
(-0.227917 -0.0195633 0)
(0.01118 -0.0189863 0)
(0.0112942 -0.0194007 0)
(0.0114405 -0.0198101 0)
(0.0116161 -0.0202178 0)
(0.0118203 -0.0206247 0)
(0.0120509 -0.0210324 0)
(0.0123069 -0.0214415 0)
(0.0125878 -0.0218512 0)
(0.0128945 -0.0222609 0)
(0.0132274 -0.0226694 0)
(0.0135877 -0.0230764 0)
(0.013979 -0.0234793 0)
(0.0144054 -0.0238789 0)
(0.0148702 -0.0242746 0)
(0.0153796 -0.0246672 0)
(0.0159397 -0.025058 0)
(0.0165537 -0.025449 0)
(0.0172338 -0.0258428 0)
(0.0179851 -0.0262458 0)
(0.0188148 -0.0266636 0)
(0.0197327 -0.0271043 0)
(0.0207433 -0.0275785 0)
(0.0218566 -0.0280978 0)
(0.0230783 -0.0286793 0)
(0.0244058 -0.0293356 0)
(0.0258448 -0.0300828 0)
(0.0273971 -0.0309465 0)
(0.0290541 -0.031941 0)
(0.0308147 -0.0330877 0)
(0.0326663 -0.0344082 0)
(0.0345966 -0.0359203 0)
(0.0365966 -0.037648 0)
(0.0386444 -0.0396132 0)
(0.040721 -0.0418285 0)
(0.0427975 -0.0443221 0)
(0.0448506 -0.0471032 0)
(0.0468526 -0.0501891 0)
(0.0487679 -0.0535979 0)
(0.0505583 -0.0573368 0)
(0.0521919 -0.0614211 0)
(0.0536111 -0.0658588 0)
(0.0547657 -0.0706427 0)
(0.0556254 -0.0757824 0)
(0.0561155 -0.0812707 0)
(0.0561845 -0.0870963 0)
(0.0557691 -0.0932469 0)
(0.0547963 -0.0996901 0)
(0.0532033 -0.106405 0)
(0.0509249 -0.113338 0)
(0.0478733 -0.120438 0)
(0.0439855 -0.127638 0)
(0.0391955 -0.134854 0)
(0.0334213 -0.142 0)
(0.026634 -0.14896 0)
(0.0187701 -0.155578 0)
(0.00978512 -0.161729 0)
(-0.000343039 -0.16727 0)
(-0.0115686 -0.171985 0)
(-0.0238261 -0.175695 0)
(-0.0370549 -0.178215 0)
(-0.0511383 -0.179364 0)
(-0.0659218 -0.178969 0)
(-0.0812149 -0.176879 0)
(-0.0967943 -0.172969 0)
(-0.112408 -0.167149 0)
(-0.12778 -0.159368 0)
(-0.142617 -0.149623 0)
(-0.156613 -0.13796 0)
(-0.169462 -0.124484 0)
(-0.180864 -0.109365 0)
(-0.190548 -0.0928417 0)
(-0.198287 -0.0752167 0)
(-0.203922 -0.0568527 0)
(-0.207379 -0.0381511 0)
(-0.208675 -0.019523 0)
(0.0109736 -0.0190862 0)
(0.0110956 -0.0195314 0)
(0.0112452 -0.0199703 0)
(0.0114217 -0.0204055 0)
(0.0116246 -0.020839 0)
(0.0118523 -0.0212726 0)
(0.0121052 -0.0217072 0)
(0.0123837 -0.0221424 0)
(0.0126882 -0.0225779 0)
(0.013019 -0.0230146 0)
(0.013379 -0.0234512 0)
(0.0137706 -0.0238873 0)
(0.0141974 -0.0243234 0)
(0.0146625 -0.0247601 0)
(0.0151715 -0.0251983 0)
(0.0157296 -0.0256409 0)
(0.0163398 -0.0260898 0)
(0.0170116 -0.0265479 0)
(0.0177491 -0.0270233 0)
(0.0185595 -0.0275192 0)
(0.0194488 -0.0280454 0)
(0.0204204 -0.0286107 0)
(0.0214817 -0.0292264 0)
(0.0226376 -0.0299066 0)
(0.0238852 -0.0306656 0)
(0.0252256 -0.0315149 0)
(0.0266611 -0.0324758 0)
(0.0281838 -0.0335644 0)
(0.0297901 -0.0347964 0)
(0.0314682 -0.0361938 0)
(0.0332053 -0.0377691 0)
(0.0349906 -0.0395456 0)
(0.0368089 -0.0415372 0)
(0.0386355 -0.0437615 0)
(0.0404444 -0.0462355 0)
(0.0422179 -0.0489714 0)
(0.043925 -0.0519812 0)
(0.0455334 -0.0552791 0)
(0.0470085 -0.0588721 0)
(0.0483171 -0.0627656 0)
(0.0494092 -0.0669724 0)
(0.0502405 -0.0714777 0)
(0.0507769 -0.0762853 0)
(0.0509557 -0.0813927 0)
(0.0507282 -0.0867722 0)
(0.0500383 -0.0924236 0)
(0.0488226 -0.0982984 0)
(0.0470228 -0.104381 0)
(0.0445914 -0.110611 0)
(0.0414447 -0.116956 0)
(0.0375403 -0.12332 0)
(0.0328132 -0.129657 0)
(0.0271998 -0.135855 0)
(0.0207084 -0.141823 0)
(0.0132758 -0.14743 0)
(0.00482888 -0.152559 0)
(-0.00458511 -0.157073 0)
(-0.0149033 -0.160788 0)
(-0.0261009 -0.163567 0)
(-0.0381024 -0.165253 0)
(-0.0507994 -0.165697 0)
(-0.0640532 -0.164758 0)
(-0.0776964 -0.162316 0)
(-0.0915349 -0.158275 0)
(-0.105352 -0.152567 0)
(-0.118912 -0.145162 0)
(-0.131968 -0.136065 0)
(-0.144264 -0.12533 0)
(-0.155547 -0.113057 0)
(-0.165578 -0.099398 0)
(-0.17414 -0.0845582 0)
(-0.181059 -0.0687909 0)
(-0.186216 -0.0523912 0)
(-0.189553 -0.0356793 0)
(-0.191087 -0.0189833 0)
(0.0106964 -0.0191967 0)
(0.0108267 -0.0196681 0)
(0.0109811 -0.0201332 0)
(0.0111597 -0.0205936 0)
(0.0113624 -0.0210523 0)
(0.0115883 -0.0215108 0)
(0.0118391 -0.0219702 0)
(0.0121155 -0.022431 0)
(0.012417 -0.022893 0)
(0.0127448 -0.0233579 0)
(0.0131026 -0.0238241 0)
(0.0134914 -0.0242937 0)
(0.0139154 -0.024766 0)
(0.0143769 -0.0252433 0)
(0.0148806 -0.0257259 0)
(0.0154311 -0.026218 0)
(0.0160314 -0.0267214 0)
(0.0166882 -0.0272398 0)
(0.0174059 -0.0277805 0)
(0.0181901 -0.0283471 0)
(0.0190442 -0.02895 0)
(0.0199714 -0.0295961 0)
(0.0209774 -0.0302959 0)
(0.0220642 -0.0310609 0)
(0.0232295 -0.0319059 0)
(0.0244735 -0.0328413 0)
(0.0257951 -0.0338833 0)
(0.0271889 -0.0350481 0)
(0.0286488 -0.0363483 0)
(0.0301636 -0.0378039 0)
(0.0317206 -0.0394252 0)
(0.0333103 -0.041232 0)
(0.0349168 -0.0432331 0)
(0.036514 -0.045451 0)
(0.0380829 -0.0478928 0)
(0.0396047 -0.0505694 0)
(0.0410477 -0.0534921 0)
(0.0423826 -0.0566703 0)
(0.0435803 -0.0601096 0)
(0.0446039 -0.0638118 0)
(0.0454128 -0.0677846 0)
(0.045969 -0.0720141 0)
(0.0462304 -0.076501 0)
(0.0461514 -0.0812358 0)
(0.0456812 -0.0861956 0)
(0.0447745 -0.0913678 0)
(0.0433758 -0.0967157 0)
(0.0414338 -0.10221 0)
(0.0389 -0.107793 0)
(0.0357193 -0.113441 0)
(0.0318488 -0.119055 0)
(0.0272317 -0.124598 0)
(0.0218385 -0.129954 0)
(0.0156508 -0.135043 0)
(0.00863357 -0.139772 0)
(0.000750593 -0.144025 0)
(-0.0079572 -0.147645 0)
(-0.0174393 -0.150522 0)
(-0.0276589 -0.152526 0)
(-0.0385438 -0.153528 0)
(-0.0499939 -0.153404 0)
(-0.0618852 -0.152041 0)
(-0.0740702 -0.149343 0)
(-0.0863805 -0.145236 0)
(-0.0986302 -0.13967 0)
(-0.110618 -0.13263 0)
(-0.122135 -0.124129 0)
(-0.132968 -0.11422 0)
(-0.142911 -0.102996 0)
(-0.151768 -0.0905935 0)
(-0.159369 -0.0771861 0)
(-0.165575 -0.0629859 0)
(-0.170294 -0.0482334 0)
(-0.173483 -0.033187 0)
(-0.175161 -0.018109 0)
(0.0103622 -0.0193177 0)
(0.0105004 -0.0198116 0)
(0.0106595 -0.0202995 0)
(0.0108404 -0.0207832 0)
(0.0110432 -0.0212653 0)
(0.0112681 -0.0217476 0)
(0.011517 -0.0222308 0)
(0.0117905 -0.0227164 0)
(0.012088 -0.0232051 0)
(0.0124121 -0.0236975 0)
(0.0127654 -0.0241936 0)
(0.013149 -0.0246955 0)
(0.0135669 -0.0252032 0)
(0.014021 -0.0257197 0)
(0.0145155 -0.0262449 0)
(0.0150536 -0.0267838 0)
(0.0156389 -0.0273382 0)
(0.0162757 -0.0279124 0)
(0.0169687 -0.028512 0)
(0.0177212 -0.0291431 0)
(0.0185354 -0.0298134 0)
(0.0194146 -0.03053 0)
(0.0203628 -0.0313022 0)
(0.0213796 -0.0321413 0)
(0.0224624 -0.0330583 0)
(0.0236115 -0.0340648 0)
(0.0248239 -0.0351743 0)
(0.026095 -0.0363989 0)
(0.0274163 -0.0377529 0)
(0.0287785 -0.0392502 0)
(0.0301695 -0.0409022 0)
(0.0315804 -0.042723 0)
(0.0329917 -0.0447233 0)
(0.0343802 -0.0469186 0)
(0.0357342 -0.0493171 0)
(0.0370309 -0.0519241 0)
(0.0382383 -0.0547538 0)
(0.0393324 -0.0578057 0)
(0.0402856 -0.0610878 0)
(0.0410632 -0.0645988 0)
(0.0416305 -0.06834 0)
(0.0419504 -0.0723012 0)
(0.0419846 -0.076479 0)
(0.0416939 -0.0808564 0)
(0.0410322 -0.0854178 0)
(0.0399585 -0.0901385 0)
(0.0384237 -0.0949927 0)
(0.0363928 -0.0999444 0)
(0.033812 -0.10494 0)
(0.0306394 -0.109947 0)
(0.0268451 -0.114889 0)
(0.0223804 -0.119712 0)
(0.0172281 -0.124327 0)
(0.0113697 -0.128655 0)
(0.00477727 -0.132597 0)
(-0.00255965 -0.13608 0)
(-0.0105956 -0.138954 0)
(-0.0192935 -0.141124 0)
(-0.0286119 -0.142483 0)
(-0.0384809 -0.142923 0)
(-0.0488089 -0.142342 0)
(-0.0594857 -0.140649 0)
(-0.0703821 -0.137769 0)
(-0.0813512 -0.133644 0)
(-0.0922335 -0.128239 0)
(-0.102858 -0.121546 0)
(-0.113047 -0.113587 0)
(-0.122624 -0.104414 0)
(-0.131419 -0.0941094 0)
(-0.139273 -0.0827903 0)
(-0.146047 -0.0706065 0)
(-0.151632 -0.0577356 0)
(-0.155956 -0.0443749 0)
(-0.158982 -0.0307363 0)
(-0.160724 -0.0170343 0)
(0.00998097 -0.0194486 0)
(0.0101264 -0.0199617 0)
(0.0102898 -0.0204695 0)
(0.0104725 -0.0209742 0)
(0.0106751 -0.0214778 0)
(0.010899 -0.0219822 0)
(0.0111457 -0.0224882 0)
(0.0114149 -0.0229982 0)
(0.0117075 -0.0235127 0)
(0.0120268 -0.0240317 0)
(0.0123736 -0.0245572 0)
(0.0127496 -0.0250904 0)
(0.0131583 -0.0256324 0)
(0.0136019 -0.0261856 0)
(0.0140835 -0.0267514 0)
(0.0146055 -0.0273338 0)
(0.0151718 -0.0279353 0)
(0.0157851 -0.0285604 0)
(0.0164487 -0.0292138 0)
(0.0171654 -0.0299025 0)
(0.0179374 -0.0306321 0)
(0.0187665 -0.0314102 0)
(0.0196546 -0.0322446 0)
(0.0206009 -0.0331468 0)
(0.0216032 -0.0341248 0)
(0.0226598 -0.0351895 0)
(0.0237684 -0.0363529 0)
(0.0249228 -0.0376243 0)
(0.0261139 -0.0390183 0)
(0.027335 -0.0405443 0)
(0.0285731 -0.0422131 0)
(0.029819 -0.0440368 0)
(0.031053 -0.0460261 0)
(0.0322546 -0.048187 0)
(0.0334157 -0.0505313 0)
(0.0345099 -0.0530633 0)
(0.0355093 -0.0557932 0)
(0.0363938 -0.0587167 0)
(0.037134 -0.0618405 0)
(0.0377003 -0.0651614 0)
(0.0380616 -0.0686781 0)
(0.0381836 -0.07238 0)
(0.0380311 -0.0762597 0)
(0.0375716 -0.0802999 0)
(0.0367607 -0.0844841 0)
(0.0355652 -0.0887862 0)
(0.0339386 -0.0931788 0)
(0.0318591 -0.0976266 0)
(0.0292735 -0.102091 0)
(0.0261496 -0.106514 0)
(0.022466 -0.110851 0)
(0.0181804 -0.115033 0)
(0.0132872 -0.118984 0)
(0.0077758 -0.12264 0)
(0.00160526 -0.125918 0)
(-0.00520885 -0.128728 0)
(-0.0126027 -0.130961 0)
(-0.0205686 -0.132534 0)
(-0.0290568 -0.133353 0)
(-0.0380003 -0.133331 0)
(-0.0473167 -0.132382 0)
(-0.0569086 -0.130435 0)
(-0.0666619 -0.12743 0)
(-0.0764491 -0.123321 0)
(-0.0861328 -0.118086 0)
(-0.0955691 -0.111721 0)
(-0.104609 -0.104251 0)
(-0.113102 -0.0957284 0)
(-0.120905 -0.0862275 0)
(-0.127891 -0.0758456 0)
(-0.133948 -0.0647117 0)
(-0.138987 -0.0529749 0)
(-0.14295 -0.0407988 0)
(-0.145809 -0.0283583 0)
(-0.147569 -0.0158319 0)
(0.00956111 -0.0195877 0)
(0.00971234 -0.0201171 0)
(0.00987913 -0.0206425 0)
(0.0100631 -0.021166 0)
(0.0102651 -0.0216894 0)
(0.0104873 -0.0222141 0)
(0.0107303 -0.0227424 0)
(0.0109943 -0.0232756 0)
(0.0112816 -0.023814 0)
(0.0115941 -0.024359 0)
(0.0119322 -0.0249131 0)
(0.0122986 -0.0254762 0)
(0.012696 -0.0260505 0)
(0.0131262 -0.0266384 0)
(0.0135917 -0.0272422 0)
(0.0140947 -0.0278643 0)
(0.0146384 -0.0285092 0)
(0.0152248 -0.0291805 0)
(0.0158562 -0.0298829 0)
(0.016535 -0.030622 0)
(0.0172626 -0.0314036 0)
(0.0180399 -0.0322352 0)
(0.0188674 -0.0331235 0)
(0.0197439 -0.0340778 0)
(0.0206678 -0.0351067 0)
(0.0216357 -0.0362187 0)
(0.0226459 -0.0374237 0)
(0.02369 -0.038732 0)
(0.0247598 -0.0401536 0)
(0.0258509 -0.0416975 0)
(0.026948 -0.043373 0)
(0.028042 -0.0451899 0)
(0.0291173 -0.0471573 0)
(0.0301528 -0.0492779 0)
(0.0311399 -0.0515605 0)
(0.0320537 -0.0540135 0)
(0.0328713 -0.056636 0)
(0.0335733 -0.0594316 0)
(0.0341307 -0.0623981 0)
(0.0345168 -0.065533 0)
(0.034705 -0.0688323 0)
(0.0346635 -0.0722848 0)
(0.0343615 -0.0758808 0)
(0.0337685 -0.0796029 0)
(0.032847 -0.0834361 0)
(0.0315684 -0.0873483 0)
(0.0298908 -0.0913189 0)
(0.0277924 -0.0953021 0)
(0.0252386 -0.0992766 0)
(0.0221962 -0.103174 0)
(0.0186461 -0.106968 0)
(0.0145708 -0.110574 0)
(0.00994618 -0.113946 0)
(0.00476304 -0.117009 0)
(-0.000980646 -0.119714 0)
(-0.00727221 -0.121938 0)
(-0.0140708 -0.123624 0)
(-0.0213547 -0.124691 0)
(-0.0290774 -0.125062 0)
(-0.0371774 -0.124659 0)
(-0.0455817 -0.123415 0)
(-0.054202 -0.121273 0)
(-0.0629375 -0.118184 0)
(-0.0716795 -0.114115 0)
(-0.0803095 -0.109051 0)
(-0.0887035 -0.102994 0)
(-0.0967382 -0.0959663 0)
(-0.104289 -0.0880128 0)
(-0.111231 -0.0792049 0)
(-0.117459 -0.0696342 0)
(-0.122886 -0.059407 0)
(-0.127439 -0.0486463 0)
(-0.13107 -0.0374884 0)
(-0.133756 -0.0260695 0)
(-0.135494 -0.0145373 0)
(0.0091095 -0.0197335 0)
(0.00926482 -0.0202765 0)
(0.0094337 -0.0208173 0)
(0.00961804 -0.0213578 0)
(0.00981897 -0.0218991 0)
(0.0100378 -0.0224431 0)
(0.0102758 -0.0229923 0)
(0.0105345 -0.0235468 0)
(0.0108148 -0.0241081 0)
(0.011118 -0.0246787 0)
(0.0114462 -0.0252588 0)
(0.0118014 -0.0258501 0)
(0.012185 -0.026455 0)
(0.0125992 -0.0270755 0)
(0.0130466 -0.027714 0)
(0.0135281 -0.0283732 0)
(0.0140463 -0.0290579 0)
(0.0146034 -0.0297701 0)
(0.0152006 -0.0305161 0)
(0.0158399 -0.0312996 0)
(0.0165215 -0.0321271 0)
(0.0172463 -0.0330047 0)
(0.0180142 -0.0339387 0)
(0.0188226 -0.0349366 0)
(0.0196702 -0.0360066 0)
(0.0205539 -0.0371567 0)
(0.0214702 -0.0383938 0)
(0.0224108 -0.0397301 0)
(0.0233692 -0.0411692 0)
(0.0243396 -0.0427218 0)
(0.0253073 -0.0443961 0)
(0.0262641 -0.0461962 0)
(0.0271959 -0.0481336 0)
(0.0280837 -0.0502099 0)
(0.028916 -0.0524272 0)
(0.0296725 -0.054796 0)
(0.0303316 -0.0573108 0)
(0.0308737 -0.0599772 0)
(0.0312762 -0.0627907 0)
(0.0315111 -0.0657436 0)
(0.0315558 -0.068835 0)
(0.0313823 -0.0720489 0)
(0.0309622 -0.0753772 0)
(0.0302676 -0.0788027 0)
(0.0292687 -0.0823063 0)
(0.0279385 -0.0858598 0)
(0.0262428 -0.0894404 0)
(0.0241621 -0.0930055 0)
(0.0216641 -0.0965271 0)
(0.0187242 -0.0999582 0)
(0.0153351 -0.103255 0)
(0.0114731 -0.10636 0)
(0.00712397 -0.10922 0)
(0.00228189 -0.111766 0)
(-0.00304817 -0.113951 0)
(-0.00884313 -0.115682 0)
(-0.0150802 -0.1169 0)
(-0.0217298 -0.11754 0)
(-0.0287474 -0.117534 0)
(-0.0360775 -0.11682 0)
(-0.0436556 -0.115342 0)
(-0.0514023 -0.11305 0)
(-0.0592306 -0.109909 0)
(-0.0670451 -0.105897 0)
(-0.0747426 -0.101 0)
(-0.0822195 -0.0952255 0)
(-0.0893686 -0.088598 0)
(-0.0960856 -0.081156 0)
(-0.102276 -0.0729595 0)
(-0.107849 -0.0640914 0)
(-0.112723 -0.0546427 0)
(-0.11684 -0.0447169 0)
(-0.120153 -0.034429 0)
(-0.122648 -0.0238976 0)
(-0.124335 -0.0132349 0)
(0.00863169 -0.019884 0)
(0.00878962 -0.0204385 0)
(0.00895878 -0.020993 0)
(0.00914238 -0.0215482 0)
(0.00934084 -0.0221059 0)
(0.0095548 -0.0226683 0)
(0.00978753 -0.023236 0)
(0.0100394 -0.0238106 0)
(0.0103102 -0.0243946 0)
(0.0106036 -0.024988 0)
(0.0109208 -0.0255924 0)
(0.011262 -0.0262105 0)
(0.01163 -0.0268438 0)
(0.0120268 -0.027494 0)
(0.0124536 -0.0281648 0)
(0.012911 -0.0288583 0)
(0.0134025 -0.029578 0)
(0.0139287 -0.0303278 0)
(0.0144902 -0.0311122 0)
(0.0150888 -0.0319347 0)
(0.0157237 -0.0328019 0)
(0.0163965 -0.0337185 0)
(0.0171056 -0.034691 0)
(0.0178481 -0.0357256 0)
(0.0186224 -0.0368287 0)
(0.0194261 -0.0380087 0)
(0.0202532 -0.0392708 0)
(0.0210977 -0.0406253 0)
(0.0219537 -0.0420743 0)
(0.0228119 -0.0436281 0)
(0.0236632 -0.045293 0)
(0.0244966 -0.0470708 0)
(0.0252973 -0.0489723 0)
(0.0260543 -0.0509976 0)
(0.0267516 -0.0531489 0)
(0.0273698 -0.0554312 0)
(0.0278914 -0.057841 0)
(0.0282963 -0.0603795 0)
(0.0285687 -0.0630427 0)
(0.0286781 -0.0658229 0)
(0.0286062 -0.068715 0)
(0.0283289 -0.0717056 0)
(0.0278172 -0.0747805 0)
(0.027051 -0.0779304 0)
(0.0260035 -0.081124 0)
(0.02465 -0.0843474 0)
(0.0229624 -0.0875702 0)
(0.0209245 -0.0907534 0)
(0.0185063 -0.0938753 0)
(0.0156916 -0.0968827 0)
(0.01247 -0.099737 0)
(0.00883303 -0.102395 0)
(0.00476828 -0.104798 0)
(0.000261031 -0.106896 0)
(-0.00466565 -0.108629 0)
(-0.00999077 -0.109934 0)
(-0.0156988 -0.110754 0)
(-0.0217576 -0.111032 0)
(-0.0281258 -0.11071 0)
(-0.0347537 -0.10974 0)
(-0.0415813 -0.108074 0)
(-0.0485398 -0.105672 0)
(-0.055556 -0.102505 0)
(-0.0625437 -0.0985535 0)
(-0.0694136 -0.0938157 0)
(-0.0760803 -0.0883024 0)
(-0.082452 -0.0820322 0)
(-0.0884393 -0.075045 0)
(-0.093961 -0.0673933 0)
(-0.0989417 -0.0591403 0)
(-0.103317 -0.0503665 0)
(-0.107036 -0.0411615 0)
(-0.110068 -0.0316227 0)
(-0.112389 -0.0218587 0)
(-0.114 -0.0119628 0)
(0.00813231 -0.0200364 0)
(0.00829081 -0.0206015 0)
(0.00845894 -0.0211679 0)
(0.00864032 -0.0217359 0)
(0.0088341 -0.0223089 0)
(0.00904286 -0.0228878 0)
(0.00926913 -0.0234723 0)
(0.00951142 -0.0240664 0)
(0.00977258 -0.0246711 0)
(0.0100555 -0.025285 0)
(0.0103588 -0.0259128 0)
(0.0106845 -0.0265561 0)
(0.0110363 -0.0272148 0)
(0.0114131 -0.0278928 0)
(0.0118174 -0.0285936 0)
(0.0122504 -0.0293171 0)
(0.0127131 -0.0300681 0)
(0.0132065 -0.0308522 0)
(0.0137322 -0.0316695 0)
(0.0142896 -0.0325269 0)
(0.0148783 -0.0334282 0)
(0.0154993 -0.0343777 0)
(0.0161506 -0.0353826 0)
(0.01683 -0.036447 0)
(0.0175341 -0.0375767 0)
(0.0182615 -0.0387791 0)
(0.0190055 -0.0400599 0)
(0.0197614 -0.0414245 0)
(0.0205225 -0.0428775 0)
(0.0212785 -0.0444267 0)
(0.0220239 -0.0460756 0)
(0.022746 -0.0478283 0)
(0.0234317 -0.0496895 0)
(0.0240716 -0.0516591 0)
(0.0246487 -0.0537442 0)
(0.0251484 -0.0559389 0)
(0.0255522 -0.058245 0)
(0.0258421 -0.0606594 0)
(0.0260045 -0.0631763 0)
(0.0260115 -0.065794 0)
(0.0258472 -0.0684956 0)
(0.0254914 -0.0712792 0)
(0.0249137 -0.0741171 0)
(0.0241021 -0.0770097 0)
(0.0230315 -0.0799193 0)
(0.0216733 -0.0828391 0)
(0.0200199 -0.0857354 0)
(0.0180419 -0.0885722 0)
(0.0157208 -0.0913315 0)
(0.0130508 -0.0939587 0)
(0.0100124 -0.0964263 0)
(0.00660337 -0.0986796 0)
(0.00281622 -0.100683 0)
(-0.0013561 -0.102388 0)
(-0.00589315 -0.103731 0)
(-0.0107745 -0.104669 0)
(-0.0159843 -0.105148 0)
(-0.0214923 -0.10512 0)
(-0.0272617 -0.104537 0)
(-0.0332477 -0.103354 0)
(-0.0393943 -0.101534 0)
(-0.0456406 -0.09905 0)
(-0.0519215 -0.0958771 0)
(-0.0581668 -0.0919975 0)
(-0.0643041 -0.0874124 0)
(-0.0702513 -0.0821324 0)
(-0.0759293 -0.076179 0)
(-0.0812684 -0.069588 0)
(-0.0861979 -0.062405 0)
(-0.0906535 -0.0546885 0)
(-0.0945808 -0.0465085 0)
(-0.0979382 -0.0379349 0)
(-0.100699 -0.0290535 0)
(-0.102843 -0.0199486 0)
(-0.104368 -0.0107094 0)
(0.00761495 -0.0201891 0)
(0.00777145 -0.0207632 0)
(0.00793782 -0.0213398 0)
(0.00811503 -0.0219199 0)
(0.00830252 -0.0225067 0)
(0.00850534 -0.0230998 0)
(0.00872311 -0.0237009 0)
(0.00895469 -0.0243127 0)
(0.0092059 -0.0249353 0)
(0.00947621 -0.0255693 0)
(0.00976347 -0.026219 0)
(0.0100738 -0.0268848 0)
(0.0104074 -0.027567 0)
(0.010762 -0.028271 0)
(0.0111438 -0.0289979 0)
(0.0115513 -0.0297485 0)
(0.0119829 -0.0305286 0)
(0.0124439 -0.0313417 0)
(0.0129331 -0.0321878 0)
(0.0134484 -0.0330759 0)
(0.0139921 -0.0340058 0)
(0.0145622 -0.0349838 0)
(0.0151576 -0.0360151 0)
(0.0157766 -0.0371036 0)
(0.0164142 -0.0382548 0)
(0.017069 -0.0394729 0)
(0.0177357 -0.0407661 0)
(0.0184101 -0.0421353 0)
(0.019083 -0.0435875 0)
(0.0197466 -0.0451273 0)
(0.0203962 -0.0467559 0)
(0.0210186 -0.0484797 0)
(0.0216035 -0.0502978 0)
(0.0221379 -0.0522132 0)
(0.022612 -0.0542281 0)
(0.0230109 -0.0563372 0)
(0.0233134 -0.0585425 0)
(0.0235085 -0.0608373 0)
(0.023579 -0.0632175 0)
(0.0235046 -0.0656769 0)
(0.0232682 -0.0682032 0)
(0.0228549 -0.070787 0)
(0.022235 -0.0734115 0)
(0.0213988 -0.0760609 0)
(0.0203254 -0.0787175 0)
(0.0189861 -0.0813585 0)
(0.017384 -0.0839541 0)
(0.0154849 -0.0864851 0)
(0.0132773 -0.08891 0)
(0.010756 -0.0911976 0)
(0.00790941 -0.093319 0)
(0.00473772 -0.0952214 0)
(0.00122315 -0.0968694 0)
(-0.00262346 -0.0982284 0)
(-0.00678355 -0.0992373 0)
(-0.0112446 -0.0998576 0)
(-0.0159866 -0.100045 0)
(-0.0209829 -0.0997583 0)
(-0.0261972 -0.0989564 0)
(-0.0315888 -0.0976018 0)
(-0.0371146 -0.0956622 0)
(-0.0427202 -0.0931138 0)
(-0.0483422 -0.0899412 0)
(-0.05392 -0.0861384 0)
(-0.0593917 -0.0817011 0)
(-0.0646918 -0.0766345 0)
(-0.0697546 -0.0709652 0)
(-0.0745152 -0.0647238 0)
(-0.0789144 -0.0579511 0)
(-0.0829019 -0.050698 0)
(-0.0864238 -0.0430228 0)
(-0.089447 -0.0350002 0)
(-0.0919538 -0.0266953 0)
(-0.0939235 -0.018168 0)
(-0.0953502 -0.00950554 0)
(0.00708237 -0.0203408 0)
(0.00723521 -0.020922 0)
(0.00739781 -0.0215072 0)
(0.00756894 -0.0220989 0)
(0.00774973 -0.0226977 0)
(0.00794476 -0.0233036 0)
(0.00815232 -0.0239203 0)
(0.00837315 -0.0245478 0)
(0.00861263 -0.0251866 0)
(0.00886835 -0.0258401 0)
(0.00913934 -0.0265092 0)
(0.00943305 -0.0271948 0)
(0.00974656 -0.0278995 0)
(0.0100785 -0.0286267 0)
(0.010437 -0.029376 0)
(0.0108169 -0.0301523 0)
(0.0112176 -0.0309581 0)
(0.0116463 -0.0317956 0)
(0.0120978 -0.0326687 0)
(0.0125719 -0.0335819 0)
(0.0130715 -0.034536 0)
(0.0135917 -0.035538 0)
(0.0141336 -0.0365901 0)
(0.0146941 -0.0376983 0)
(0.0152695 -0.0388663 0)
(0.0158564 -0.040096 0)
(0.0164508 -0.0413955 0)
(0.0170498 -0.0427657 0)
(0.0176415 -0.0442131 0)
(0.0182226 -0.0457383 0)
(0.0187853 -0.0473446 0)
(0.0193187 -0.0490359 0)
(0.0198139 -0.0508095 0)
(0.0202577 -0.0526716 0)
(0.0206429 -0.0546143 0)
(0.0209535 -0.0566432 0)
(0.0211725 -0.058751 0)
(0.0212885 -0.0609327 0)
(0.0212871 -0.0631843 0)
(0.0211492 -0.0654943 0)
(0.0208614 -0.0678574 0)
(0.020408 -0.0702548 0)
(0.0197647 -0.0726815 0)
(0.0189228 -0.0751083 0)
(0.0178615 -0.0775313 0)
(0.0165654 -0.079919 0)
(0.0150239 -0.0822442 0)
(0.0132179 -0.0844959 0)
(0.0111411 -0.0866259 0)
(0.00877545 -0.0886145 0)
(0.0061238 -0.0904206 0)
(0.00318946 -0.0920139 0)
(-5.34636e-05 -0.0933578 0)
(-0.00358653 -0.0944095 0)
(-0.00738459 -0.0951293 0)
(-0.0114447 -0.095477 0)
(-0.0157469 -0.0954161 0)
(-0.0202647 -0.0949088 0)
(-0.0249664 -0.0939202 0)
(-0.0298155 -0.0924242 0)
(-0.0347701 -0.0903946 0)
(-0.039784 -0.0878055 0)
(-0.0448102 -0.0846443 0)
(-0.0497915 -0.0809082 0)
(-0.0546663 -0.0766 0)
(-0.0593839 -0.0717324 0)
(-0.0638898 -0.0663193 0)
(-0.0681279 -0.0603891 0)
(-0.0720486 -0.0539807 0)
(-0.0756045 -0.0471375 0)
(-0.0787649 -0.0399068 0)
(-0.0814969 -0.0323549 0)
(-0.0837581 -0.0245375 0)
(-0.0855504 -0.016524 0)
(-0.0868777 -0.00836953 0)
(0.00653663 -0.020489 0)
(0.00668486 -0.0210764 0)
(0.00684134 -0.0216694 0)
(0.00700481 -0.0222708 0)
(0.00717824 -0.0228803 0)
(0.00736365 -0.0234984 0)
(0.00755977 -0.0241285 0)
(0.0077694 -0.0247703 0)
(0.00799515 -0.0254246 0)
(0.00823497 -0.0260954 0)
(0.00848988 -0.026782 0)
(0.00876509 -0.0274858 0)
(0.00905696 -0.0282111 0)
(0.00936701 -0.0289584 0)
(0.0097005 -0.0297283 0)
(0.0100515 -0.0305275 0)
(0.0104223 -0.0313554 0)
(0.0108173 -0.0322145 0)
(0.0112311 -0.0331112 0)
(0.0116661 -0.0340453 0)
(0.0121218 -0.0350206 0)
(0.0125941 -0.0360423 0)
(0.0130843 -0.0371111 0)
(0.0135882 -0.0382345 0)
(0.0141052 -0.0394137 0)
(0.0146293 -0.0406523 0)
(0.0151569 -0.041954 0)
(0.0156851 -0.0433221 0)
(0.016204 -0.0447612 0)
(0.0167101 -0.0462688 0)
(0.0171944 -0.0478518 0)
(0.0176504 -0.0495085 0)
(0.0180654 -0.0512386 0)
(0.0184312 -0.0530457 0)
(0.0187402 -0.0549212 0)
(0.0189749 -0.056871 0)
(0.0191255 -0.0588851 0)
(0.0191779 -0.0609602 0)
(0.0191207 -0.0630891 0)
(0.0189355 -0.0652628 0)
(0.0186127 -0.0674718 0)
(0.0181362 -0.0697024 0)
(0.0174869 -0.0719447 0)
(0.016656 -0.0741723 0)
(0.0156227 -0.0763806 0)
(0.0143821 -0.0785381 0)
(0.0129174 -0.0806235 0)
(0.0112147 -0.0826166 0)
(0.00927137 -0.0844866 0)
(0.00707431 -0.0862102 0)
(0.00462375 -0.08774 0)
(0.00191471 -0.0890604 0)
(-0.00105747 -0.0901389 0)
(-0.00427928 -0.0909239 0)
(-0.00773466 -0.0913906 0)
(-0.0114149 -0.0915041 0)
(-0.015302 -0.0912309 0)
(-0.0193704 -0.0905385 0)
(-0.0235959 -0.0893979 0)
(-0.0279466 -0.0877843 0)
(-0.0323798 -0.0856767 0)
(-0.0368554 -0.0830593 0)
(-0.0413316 -0.0799226 0)
(-0.0457625 -0.0762573 0)
(-0.0501029 -0.0720692 0)
(-0.0542996 -0.0673732 0)
(-0.0583018 -0.0621842 0)
(-0.0620693 -0.0565288 0)
(-0.065558 -0.0504389 0)
(-0.0687263 -0.0439548 0)
(-0.0715432 -0.037128 0)
(-0.0739821 -0.0299901 0)
(-0.0760306 -0.0225988 0)
(-0.0776683 -0.015028 0)
(-0.0788827 -0.00731723 0)
(0.00597966 -0.0206315 0)
(0.00612187 -0.0212244 0)
(0.00627088 -0.0218248 0)
(0.00642542 -0.0224343 0)
(0.00658979 -0.0230534 0)
(0.00676443 -0.0236829 0)
(0.0069484 -0.0243247 0)
(0.0071453 -0.0249793 0)
(0.00735615 -0.0256484 0)
(0.00757949 -0.0263339 0)
(0.00781732 -0.0270363 0)
(0.0080727 -0.0277573 0)
(0.00834258 -0.0285003 0)
(0.00863038 -0.0292654 0)
(0.00893743 -0.0300548 0)
(0.0092592 -0.0308734 0)
(0.00960066 -0.0317206 0)
(0.00996156 -0.032599 0)
(0.0103382 -0.0335147 0)
(0.0107346 -0.0344667 0)
(0.0111468 -0.0354603 0)
(0.0115736 -0.036498 0)
(0.0120146 -0.037581 0)
(0.0124655 -0.0387157 0)
(0.0129267 -0.0399023 0)
(0.0133918 -0.041146 0)
(0.0138578 -0.0424477 0)
(0.0143207 -0.0438105 0)
(0.0147737 -0.0452379 0)
(0.0152119 -0.0467279 0)
(0.0156263 -0.048285 0)
(0.0160134 -0.0499072 0)
(0.0163587 -0.0515962 0)
(0.0166579 -0.0533481 0)
(0.0169016 -0.0551612 0)
(0.0170745 -0.0570348 0)
(0.017169 -0.0589596 0)
(0.0171711 -0.0609348 0)
(0.017072 -0.0629496 0)
(0.0168543 -0.0649964 0)
(0.0165106 -0.0670638 0)
(0.0160241 -0.0691412 0)
(0.0153841 -0.0712136 0)
(0.0145772 -0.0732639 0)
(0.013587 -0.0752772 0)
(0.0124145 -0.0772267 0)
(0.011038 -0.0791016 0)
(0.00944882 -0.0808655 0)
(0.00764315 -0.0825004 0)
(0.00561839 -0.0839876 0)
(0.00337003 -0.0852763 0)
(0.000887003 -0.086357 0)
(-0.00181993 -0.0871962 0)
(-0.00474047 -0.087755 0)
(-0.00786637 -0.0880048 0)
(-0.0111863 -0.0879173 0)
(-0.0146826 -0.0874607 0)
(-0.0183329 -0.0866102 0)
(-0.0221138 -0.0853447 0)
(-0.0259961 -0.0836378 0)
(-0.0299464 -0.0814705 0)
(-0.0339318 -0.0788326 0)
(-0.0379112 -0.0757165 0)
(-0.0418426 -0.07212 0)
(-0.0456878 -0.068048 0)
(-0.0494049 -0.0635072 0)
(-0.0529525 -0.0585179 0)
(-0.0562916 -0.0531017 0)
(-0.0593852 -0.0472888 0)
(-0.062206 -0.0411133 0)
(-0.0647154 -0.034616 0)
(-0.0668862 -0.0278478 0)
(-0.0687183 -0.0208563 0)
(-0.070195 -0.0136645 0)
(-0.0713025 -0.00634442 0)
(0.00541388 -0.0207671 0)
(0.00554802 -0.0213644 0)
(0.00568811 -0.0219716 0)
(0.0058329 -0.0225884 0)
(0.00598659 -0.0232159 0)
(0.00614938 -0.0238557 0)
(0.00632057 -0.024508 0)
(0.00650316 -0.0251743 0)
(0.00669829 -0.0258565 0)
(0.00690483 -0.0265551 0)
(0.00712422 -0.0272718 0)
(0.00735906 -0.0280084 0)
(0.00760686 -0.0287664 0)
(0.00787088 -0.0295475 0)
(0.00815117 -0.0303549 0)
(0.00844435 -0.0311898 0)
(0.00875594 -0.0320538 0)
(0.00908311 -0.0329493 0)
(0.00942348 -0.0338806 0)
(0.00978135 -0.0348483 0)
(0.0101516 -0.0358564 0)
(0.0105345 -0.0369065 0)
(0.010928 -0.0380015 0)
(0.0113293 -0.0391445 0)
(0.0117381 -0.0403365 0)
(0.0121479 -0.0415826 0)
(0.0125572 -0.0428819 0)
(0.0129606 -0.0442371 0)
(0.0133531 -0.0456511 0)
(0.0137304 -0.0471224 0)
(0.0140831 -0.0486526 0)
(0.0144081 -0.0502412 0)
(0.0146938 -0.0518889 0)
(0.0149362 -0.0535886 0)
(0.015124 -0.0553427 0)
(0.0152477 -0.0571452 0)
(0.0152972 -0.0589888 0)
(0.0152602 -0.0608712 0)
(0.0151326 -0.0627804 0)
(0.0148952 -0.0647105 0)
(0.0145425 -0.0666499 0)
(0.0140615 -0.0685858 0)
(0.0134398 -0.0705044 0)
(0.0126687 -0.0723927 0)
(0.0117373 -0.0742288 0)
(0.0106358 -0.0759959 0)
(0.00935708 -0.0776782 0)
(0.00789513 -0.079245 0)
(0.00622981 -0.0806713 0)
(0.00438025 -0.0819452 0)
(0.00233686 -0.0830294 0)
(7.71411e-05 -0.0838979 0)
(-0.00237331 -0.0845301 0)
(-0.005005 -0.0848907 0)
(-0.0078138 -0.0849537 0)
(-0.0107873 -0.0846941 0)
(-0.0139115 -0.084085 0)
(-0.0171708 -0.0831028 0)
(-0.0205395 -0.0817274 0)
(-0.0239886 -0.0799404 0)
(-0.0274911 -0.0777287 0)
(-0.0310187 -0.0750833 0)
(-0.0345365 -0.0719923 0)
(-0.0380122 -0.0684576 0)
(-0.0414092 -0.0644853 0)
(-0.0446897 -0.0600836 0)
(-0.0478177 -0.0552708 0)
(-0.050763 -0.05007 0)
(-0.0534945 -0.0445054 0)
(-0.0559802 -0.038606 0)
(-0.0582053 -0.0324003 0)
(-0.0601523 -0.0259424 0)
(-0.0617809 -0.019271 0)
(-0.0630933 -0.0124288 0)
(-0.0640958 -0.0054533 0)
(0.00484065 -0.020894 0)
(0.00496497 -0.0214955 0)
(0.00509468 -0.0221082 0)
(0.00522889 -0.0227318 0)
(0.00537066 -0.0233667 0)
(0.00552057 -0.0240155 0)
(0.00567811 -0.0246772 0)
(0.00584539 -0.0253543 0)
(0.00602424 -0.0260477 0)
(0.00621311 -0.0267582 0)
(0.00641301 -0.0274877 0)
(0.00662725 -0.0282379 0)
(0.00685265 -0.0290096 0)
(0.00709139 -0.0298048 0)
(0.00734495 -0.030627 0)
(0.00761021 -0.0314764 0)
(0.00789152 -0.0323548 0)
(0.00818543 -0.0332654 0)
(0.00849011 -0.0342101 0)
(0.00881021 -0.0351909 0)
(0.00914041 -0.0362104 0)
(0.00948053 -0.0372707 0)
(0.00982879 -0.0383746 0)
(0.0101834 -0.0395232 0)
(0.0105422 -0.0407189 0)
(0.0109007 -0.0419645 0)
(0.0112583 -0.0432599 0)
(0.011607 -0.0446067 0)
(0.0119444 -0.0460065 0)
(0.0122671 -0.0474589 0)
(0.0125648 -0.0489632 0)
(0.0128352 -0.0505192 0)
(0.0130699 -0.0521262 0)
(0.0132633 -0.0537782 0)
(0.0134045 -0.0554759 0)
(0.0134887 -0.0572119 0)
(0.0135034 -0.0589826 0)
(0.0134401 -0.060779 0)
(0.0132944 -0.0625925 0)
(0.0130469 -0.0644183 0)
(0.0126979 -0.0662401 0)
(0.0122324 -0.0680484 0)
(0.0116404 -0.069831 0)
(0.0109168 -0.0715706 0)
(0.0100487 -0.0732509 0)
(0.0090309 -0.0748561 0)
(0.00785559 -0.0763629 0)
(0.00652265 -0.0777557 0)
(0.00501034 -0.0790038 0)
(0.00332888 -0.0800861 0)
(0.0014866 -0.0809911 0)
(-0.000544376 -0.0816831 0)
(-0.00274345 -0.0821347 0)
(-0.00509396 -0.082323 0)
(-0.00759941 -0.0822246 0)
(-0.0102468 -0.081816 0)
(-0.013021 -0.0810787 0)
(-0.0159057 -0.0799883 0)
(-0.0188813 -0.0785247 0)
(-0.0219267 -0.0766739 0)
(-0.0250184 -0.0744245 0)
(-0.0281249 -0.0717692 0)
(-0.0312154 -0.068704 0)
(-0.0342666 -0.0652324 0)
(-0.0372455 -0.0613524 0)
(-0.0401228 -0.0570746 0)
(-0.0428719 -0.0524161 0)
(-0.0454606 -0.0473976 0)
(-0.0478569 -0.042042 0)
(-0.0500384 -0.0363813 0)
(-0.0519919 -0.0304522 0)
(-0.0536987 -0.0242735 0)
(-0.0551483 -0.0178796 0)
(-0.0563236 -0.0113338 0)
(-0.0572134 -0.00465667 0)
(0.00425917 -0.0210109 0)
(0.00437259 -0.0216164 0)
(0.00449101 -0.0222335 0)
(0.00461353 -0.022863 0)
(0.00474226 -0.0235047 0)
(0.0048784 -0.0241612 0)
(0.00502139 -0.0248315 0)
(0.00517261 -0.0255179 0)
(0.00533462 -0.0262212 0)
(0.00550509 -0.0269426 0)
(0.00568482 -0.0276832 0)
(0.00587794 -0.028445 0)
(0.00608061 -0.0292291 0)
(0.00629429 -0.0300369 0)
(0.00652096 -0.0308711 0)
(0.006758 -0.0317332 0)
(0.00700882 -0.0326241 0)
(0.00727002 -0.0335473 0)
(0.00754034 -0.0345034 0)
(0.00782382 -0.0354948 0)
(0.00811492 -0.036524 0)
(0.00841378 -0.0375925 0)
(0.00871938 -0.0387024 0)
(0.00902954 -0.0398549 0)
(0.00934177 -0.0410523 0)
(0.00965253 -0.0422954 0)
(0.00996145 -0.0435859 0)
(0.0102607 -0.0449243 0)
(0.0105483 -0.0463094 0)
(0.0108215 -0.0477435 0)
(0.011071 -0.0492237 0)
(0.0112938 -0.0507484 0)
(0.0114842 -0.052317 0)
(0.0116366 -0.0539249 0)
(0.0117407 -0.0555698 0)
(0.0117922 -0.0572452 0)
(0.0117815 -0.0589477 0)
(0.0117021 -0.060666 0)
(0.0115456 -0.0623961 0)
(0.0113001 -0.0641268 0)
(0.0109653 -0.0658431 0)
(0.0105235 -0.0675404 0)
(0.00997062 -0.0691994 0)
(0.00930219 -0.0708102 0)
(0.00850591 -0.0723534 0)
(0.00757886 -0.0738126 0)
(0.00651327 -0.0751687 0)
(0.00531036 -0.0764047 0)
(0.00395566 -0.077499 0)
(0.00244959 -0.0784222 0)
(0.000797342 -0.0791647 0)
(-0.00100802 -0.0797006 0)
(-0.00295465 -0.0799968 0)
(-0.00503633 -0.0800387 0)
(-0.00724828 -0.0798065 0)
(-0.0095825 -0.0792746 0)
(-0.0120246 -0.0784244 0)
(-0.0145573 -0.0772388 0)
(-0.0171659 -0.0757035 0)
(-0.0198298 -0.0738041 0)
(-0.0225279 -0.0715295 0)
(-0.0252388 -0.0688715 0)
(-0.0279403 -0.0658293 0)
(-0.0306018 -0.0624057 0)
(-0.0331931 -0.0586056 0)
(-0.0356965 -0.0544433 0)
(-0.0380852 -0.0499259 0)
(-0.040334 -0.0450674 0)
(-0.0424237 -0.0398949 0)
(-0.0443368 -0.0344367 0)
(-0.0460459 -0.0287249 0)
(-0.0475303 -0.0227856 0)
(-0.0487941 -0.016658 0)
(-0.0498253 -0.0103621 0)
(-0.0506101 -0.00394703 0)
(0.00366616 -0.0211174 0)
(0.00376769 -0.0217261 0)
(0.00387376 -0.0223472 0)
(0.00398345 -0.022982 0)
(0.0040983 -0.02363 0)
(0.0042198 -0.0242928 0)
(0.00434747 -0.024971 0)
(0.00448206 -0.0256655 0)
(0.00462622 -0.0263773 0)
(0.00477774 -0.0271084 0)
(0.00493746 -0.0278587 0)
(0.00510858 -0.0286302 0)
(0.00528788 -0.0294254 0)
(0.0054769 -0.0302442 0)
(0.00567671 -0.031089 0)
(0.00588564 -0.0319619 0)
(0.00610634 -0.0328633 0)
(0.00633524 -0.0337965 0)
(0.00657211 -0.0347623 0)
(0.00681975 -0.0357624 0)
(0.00707316 -0.0368 0)
(0.00733311 -0.0378743 0)
(0.00759787 -0.0389885 0)
(0.0078658 -0.0401434 0)
(0.00813468 -0.041341 0)
(0.00840088 -0.0425817 0)
(0.00866429 -0.0438659 0)
(0.00891887 -0.0451953 0)
(0.00916146 -0.0465667 0)
(0.00938981 -0.0479826 0)
(0.00959754 -0.0494406 0)
(0.00977999 -0.0509362 0)
(0.00993236 -0.05247 0)
(0.0100503 -0.0540371 0)
(0.0101246 -0.0556348 0)
(0.010152 -0.0572556 0)
(0.0101245 -0.0588951 0)
(0.0100344 -0.0605445 0)
(0.00987687 -0.0621981 0)
(0.00964369 -0.063843 0)
(0.00932846 -0.0654697 0)
(0.00892042 -0.0670686 0)
(0.00841509 -0.0686191 0)
(0.00780761 -0.0701158 0)
(0.00709197 -0.0715393 0)
(0.00626189 -0.0728724 0)
(0.00531014 -0.0740986 0)
(0.00423962 -0.0751993 0)
(0.00304021 -0.0761549 0)
(0.00171062 -0.0769447 0)
(0.000256322 -0.0775509 0)
(-0.00132791 -0.0779485 0)
(-0.00303297 -0.0781153 0)
(-0.00485482 -0.0780331 0)
(-0.00678643 -0.0776836 0)
(-0.00881564 -0.0770482 0)
(-0.0109356 -0.0761061 0)
(-0.0131351 -0.0748435 0)
(-0.0153966 -0.0732462 0)
(-0.0177024 -0.0713029 0)
(-0.0200359 -0.0690082 0)
(-0.0223757 -0.0663553 0)
(-0.0247011 -0.0633403 0)
(-0.0269937 -0.059963 0)
(-0.0292339 -0.0562327 0)
(-0.0313947 -0.0521595 0)
(-0.0334485 -0.0477571 0)
(-0.0353834 -0.0430477 0)
(-0.0371818 -0.0380425 0)
(-0.0388248 -0.0327632 0)
(-0.0402974 -0.027237 0)
(-0.0415895 -0.0214983 0)
(-0.0426848 -0.015583 0)
(-0.0435745 -0.00950905 0)
(-0.0442566 -0.00331783 0)
(0.00306037 -0.0212115 0)
(0.00314925 -0.0218229 0)
(0.00324151 -0.0224478 0)
(0.00333721 -0.0230871 0)
(0.00343778 -0.0237405 0)
(0.00354371 -0.024409 0)
(0.00365492 -0.0250939 0)
(0.00377248 -0.0257956 0)
(0.003898 -0.0265148 0)
(0.0040298 -0.0272541 0)
(0.00416926 -0.028013 0)
(0.00431763 -0.0287932 0)
(0.00447305 -0.0295977 0)
(0.00463748 -0.0304257 0)
(0.00481035 -0.0312798 0)
(0.00499115 -0.0321616 0)
(0.005182 -0.0330719 0)
(0.00537903 -0.034014 0)
(0.00558296 -0.0349876 0)
(0.00579511 -0.035995 0)
(0.00601227 -0.0370386 0)
(0.00623506 -0.0381175 0)
(0.00646059 -0.0392352 0)
(0.006688 -0.0403916 0)
(0.00691539 -0.041589 0)
(0.00714056 -0.0428268 0)
(0.00736194 -0.0441041 0)
(0.00757492 -0.0454242 0)
(0.00777705 -0.0467834 0)
(0.00796477 -0.048182 0)
(0.0081354 -0.0496184 0)
(0.00828331 -0.0510888 0)
(0.00840349 -0.0525922 0)
(0.0084932 -0.054123 0)
(0.00854469 -0.0556788 0)
(0.00855555 -0.0572512 0)
(0.00851773 -0.0588365 0)
(0.00842563 -0.0604252 0)
(0.00827494 -0.0620095 0)
(0.00805769 -0.0635803 0)
(0.00777025 -0.0651276 0)
(0.00740571 -0.066639 0)
(0.00695575 -0.0681003 0)
(0.00641564 -0.0694962 0)
(0.0057843 -0.0708158 0)
(0.00505561 -0.0720403 0)
(0.0042234 -0.0731554 0)
(0.0032921 -0.0741411 0)
(0.00224905 -0.0749808 0)
(0.0010933 -0.0756513 0)
(-0.000166185 -0.0761392 0)
(-0.00153182 -0.0764232 0)
(-0.00299861 -0.0764808 0)
(-0.00456398 -0.0762954 0)
(-0.00622177 -0.0758467 0)
(-0.00796262 -0.0751194 0)
(-0.00977759 -0.0741028 0)
(-0.0116558 -0.0727791 0)
(-0.0135835 -0.0711334 0)
(-0.0155499 -0.0691581 0)
(-0.0175382 -0.0668458 0)
(-0.0195287 -0.0641922 0)
(-0.0215065 -0.0612007 0)
(-0.023454 -0.0578721 0)
(-0.0253501 -0.0542081 0)
(-0.0271807 -0.0502135 0)
(-0.0289331 -0.0459072 0)
(-0.03058 -0.0413085 0)
(-0.0321006 -0.0364366 0)
(-0.033494 -0.0313162 0)
(-0.0347451 -0.0259635 0)
(-0.0358417 -0.0204024 0)
(-0.0367716 -0.0146638 0)
(-0.0375283 -0.00878114 0)
(-0.0381138 -0.00278195 0)
(0.00246349 -0.0212906 0)
(0.00253886 -0.0219046 0)
(0.0026168 -0.0225328 0)
(0.00269772 -0.0231754 0)
(0.00278309 -0.0238335 0)
(0.00287271 -0.0245072 0)
(0.00296676 -0.0251976 0)
(0.0030667 -0.0259051 0)
(0.00317284 -0.0266309 0)
(0.00328406 -0.0273769 0)
(0.00340234 -0.0281432 0)
(0.0035275 -0.0289312 0)
(0.0036587 -0.0297426 0)
(0.00379781 -0.030578 0)
(0.00394339 -0.0314401 0)
(0.00409561 -0.0323292 0)
(0.00425564 -0.0332473 0)
(0.00442079 -0.0341962 0)
(0.00459195 -0.0351758 0)
(0.00476909 -0.0361888 0)
(0.00495022 -0.0372364 0)
(0.00513532 -0.0383196 0)
(0.00532206 -0.0394401 0)
(0.00551006 -0.0405972 0)
(0.00569732 -0.0417928 0)
(0.00588327 -0.0430265 0)
(0.0060641 -0.0442986 0)
(0.00623661 -0.04561 0)
(0.00640071 -0.0469576 0)
(0.0065518 -0.0483407 0)
(0.00668762 -0.0497576 0)
(0.00680279 -0.0512066 0)
(0.00689499 -0.0526828 0)
(0.00696122 -0.0541822 0)
(0.0069941 -0.0557015 0)
(0.00699236 -0.0572329 0)
(0.00694969 -0.0587716 0)
(0.0068615 -0.0603086 0)
(0.00672302 -0.0618362 0)
(0.00652859 -0.0633436 0)
(0.00627436 -0.0648205 0)
(0.00595393 -0.0662573 0)
(0.0055659 -0.067642 0)
(0.0051024 -0.068956 0)
(0.00456035 -0.0701874 0)
(0.00393732 -0.071321 0)
(0.00322701 -0.0723407 0)
(0.00243419 -0.0732293 0)
(0.00155193 -0.0739743 0)
(0.000576237 -0.0745474 0)
(-0.000489578 -0.0749362 0)
(-0.00164124 -0.0751211 0)
(-0.0028752 -0.0750874 0)
(-0.00418985 -0.0748159 0)
(-0.00557869 -0.0742904 0)
(-0.00703907 -0.0734916 0)
(-0.00856144 -0.0724099 0)
(-0.0101311 -0.0710311 0)
(-0.0117406 -0.0693466 0)
(-0.0133801 -0.0673492 0)
(-0.0150354 -0.0650258 0)
(-0.0166957 -0.062376 0)
(-0.0183461 -0.0594023 0)
(-0.0199664 -0.0561053 0)
(-0.0215411 -0.0524925 0)
(-0.023061 -0.0485775 0)
(-0.0245116 -0.0443622 0)
(-0.0258803 -0.0398583 0)
(-0.0271572 -0.0350957 0)
(-0.0283204 -0.0300949 0)
(-0.0293531 -0.0248754 0)
(-0.0302607 -0.0194673 0)
(-0.0310359 -0.0138838 0)
(-0.0316665 -0.00816645 0)
(-0.0321511 -0.0023336 0)
(0.00193699 -0.02136 0)
(0.00199887 -0.0219762 0)
(0.00206301 -0.0226069 0)
(0.00212904 -0.0232525 0)
(0.0021987 -0.0239146 0)
(0.002272 -0.0245928 0)
(0.00234909 -0.0252873 0)
(0.00243094 -0.0259996 0)
(0.00251736 -0.0267311 0)
(0.00260783 -0.0274828 0)
(0.00270426 -0.0282548 0)
(0.00280636 -0.0290488 0)
(0.00291319 -0.0298656 0)
(0.00302575 -0.0307072 0)
(0.00314348 -0.0315753 0)
(0.00326657 -0.0324704 0)
(0.00339545 -0.0333944 0)
(0.00352881 -0.0343477 0)
(0.00366653 -0.0353317 0)
(0.00380814 -0.036349 0)
(0.00395241 -0.0373998 0)
(0.00409937 -0.0384858 0)
(0.00424769 -0.0396071 0)
(0.00439678 -0.0407634 0)
(0.0045442 -0.0419565 0)
(0.00468943 -0.0431861 0)
(0.00482944 -0.0444538 0)
(0.00496297 -0.0457565 0)
(0.00508959 -0.0470926 0)
(0.00520387 -0.0484623 0)
(0.00530419 -0.0498628 0)
(0.0053882 -0.0512925 0)
(0.00545364 -0.0527445 0)
(0.00549594 -0.0542167 0)
(0.00551081 -0.0557051 0)
(0.00549778 -0.0572017 0)
(0.00545036 -0.0587 0)
(0.00536559 -0.0601939 0)
(0.00524098 -0.0616734 0)
(0.00507128 -0.0631288 0)
(0.00485132 -0.0645497 0)
(0.00457658 -0.0659246 0)
(0.00424818 -0.0672414 0)
(0.00386035 -0.0684875 0)
(0.00340858 -0.0696476 0)
(0.00289161 -0.0707078 0)
(0.00230527 -0.0716502 0)
(0.00165022 -0.072459 0)
(0.000924578 -0.0731218 0)
(0.000127033 -0.0736173 0)
(-0.000742499 -0.073929 0)
(-0.0016826 -0.0740372 0)
(-0.00268963 -0.073929 0)
(-0.00375986 -0.0735873 0)
(-0.00488731 -0.0729972 0)
(-0.00606968 -0.0721445 0)
(-0.00730141 -0.0710125 0)
(-0.00857353 -0.069592 0)
(-0.00988015 -0.0678762 0)
(-0.0112055 -0.0658568 0)
(-0.0125403 -0.0635264 0)
(-0.0138798 -0.0608843 0)
(-0.0152094 -0.0579276 0)
(-0.0165165 -0.0546599 0)
(-0.0177943 -0.0510912 0)
(-0.0190229 -0.047233 0)
(-0.0201875 -0.0430894 0)
(-0.0212883 -0.0386749 0)
(-0.0223123 -0.0340079 0)
(-0.0232482 -0.0291043 0)
(-0.0240925 -0.0239931 0)
(-0.0248265 -0.0187034 0)
(-0.0254485 -0.0132477 0)
(-0.025957 -0.00766143 0)
(-0.0263409 -0.00196319 0)
(0.00153725 -0.0214197 0)
(0.00158682 -0.0220375 0)
(0.00163786 -0.0226707 0)
(0.00169001 -0.0233194 0)
(0.00174512 -0.0239844 0)
(0.00180309 -0.024666 0)
(0.00186382 -0.0253643 0)
(0.00192784 -0.0260808 0)
(0.0019954 -0.0268168 0)
(0.00206632 -0.0275729 0)
(0.00214135 -0.0283496 0)
(0.00222063 -0.0291484 0)
(0.00230339 -0.0299704 0)
(0.00239027 -0.0308171 0)
(0.00248124 -0.0316898 0)
(0.00257601 -0.0325896 0)
(0.00267473 -0.0335177 0)
(0.0027768 -0.034475 0)
(0.00288139 -0.0354628 0)
(0.00298895 -0.0364834 0)
(0.00309822 -0.0375365 0)
(0.00320914 -0.0386239 0)
(0.00332062 -0.0397453 0)
(0.003432 -0.040901 0)
(0.00354123 -0.0420923 0)
(0.00364766 -0.0433189 0)
(0.00375001 -0.0445812 0)
(0.0038472 -0.0458764 0)
(0.00393725 -0.0472035 0)
(0.00401658 -0.0485624 0)
(0.00408475 -0.0499489 0)
(0.00413987 -0.0513613 0)
(0.00417962 -0.0527942 0)
(0.00419949 -0.0542446 0)
(0.00419757 -0.0557071 0)
(0.004174 -0.057175 0)
(0.00412191 -0.0586416 0)
(0.00404055 -0.0600993 0)
(0.0039276 -0.0615394 0)
(0.00377886 -0.062952 0)
(0.00359163 -0.064328 0)
(0.00336155 -0.0656548 0)
(0.00308898 -0.0669183 0)
(0.00276927 -0.0681087 0)
(0.0024007 -0.0692111 0)
(0.00198357 -0.070211 0)
(0.00151271 -0.0710927 0)
(0.000989026 -0.0718395 0)
(0.000411004 -0.0724364 0)
(-0.00022139 -0.0728669 0)
(-0.000907345 -0.0731171 0)
(-0.00164518 -0.0731672 0)
(-0.00243336 -0.073001 0)
(-0.00326873 -0.072604 0)
(-0.00414728 -0.071961 0)
(-0.00506637 -0.0710643 0)
(-0.00602075 -0.0698958 0)
(-0.00700527 -0.0684467 0)
(-0.00801334 -0.0667068 0)
(-0.00903402 -0.0646679 0)
(-0.0100629 -0.0623333 0)
(-0.0110942 -0.0596977 0)
(-0.012116 -0.0567583 0)
(-0.0131213 -0.0535196 0)
(-0.0141026 -0.0499871 0)
(-0.0150439 -0.0461643 0)
(-0.0159358 -0.0420745 0)
(-0.0167803 -0.0377305 0)
(-0.0175675 -0.0331404 0)
(-0.0182861 -0.0283255 0)
(-0.0189326 -0.0233058 0)
(-0.0194954 -0.0180992 0)
(-0.019975 -0.0127447 0)
(-0.0203639 -0.0072506 0)
(-0.0206517 -0.00166089 0)
(0.00121762 -0.0214458 0)
(0.00125487 -0.0220647 0)
(0.00129314 -0.0226994 0)
(0.0013325 -0.0233496 0)
(0.00137389 -0.0240162 0)
(0.00141669 -0.0247 0)
(0.00146138 -0.0254011 0)
(0.0015085 -0.0261204 0)
(0.00155812 -0.0268591 0)
(0.00161017 -0.027618 0)
(0.00166446 -0.0283981 0)
(0.00172178 -0.0292005 0)
(0.00178178 -0.030026 0)
(0.00184469 -0.0308761 0)
(0.00191039 -0.0317519 0)
(0.00197877 -0.0326551 0)
(0.00204928 -0.0335862 0)
(0.00212224 -0.034547 0)
(0.00219712 -0.0355377 0)
(0.00227412 -0.0365602 0)
(0.00235221 -0.037615 0)
(0.00243129 -0.0387032 0)
(0.00251017 -0.0398254 0)
(0.00258885 -0.0409815 0)
(0.00266588 -0.0421719 0)
(0.00274072 -0.0433965 0)
(0.00281269 -0.0446546 0)
(0.00287975 -0.0459453 0)
(0.00294093 -0.0472673 0)
(0.00299478 -0.0486182 0)
(0.00304015 -0.0499952 0)
(0.00307536 -0.051396 0)
(0.00309797 -0.0528162 0)
(0.00310589 -0.0542518 0)
(0.00309804 -0.0556964 0)
(0.00307244 -0.0571446 0)
(0.00302613 -0.0585899 0)
(0.00295826 -0.0600229 0)
(0.00286551 -0.0614366 0)
(0.00274623 -0.0628194 0)
(0.00259782 -0.0641636 0)
(0.00241827 -0.0654571 0)
(0.00220621 -0.0666855 0)
(0.00195917 -0.0678382 0)
(0.00167615 -0.0688993 0)
(0.00135748 -0.0698571 0)
(0.000998619 -0.0706966 0)
(0.000602108 -0.0714008 0)
(0.000165653 -0.0719541 0)
(-0.000311987 -0.0723392 0)
(-0.000827299 -0.0725437 0)
(-0.00137809 -0.0725502 0)
(-0.00196458 -0.0723429 0)
(-0.00258367 -0.0719072 0)
(-0.00323547 -0.0712287 0)
(-0.0039143 -0.0702968 0)
(-0.0046137 -0.0690992 0)
(-0.00533317 -0.0676259 0)
(-0.00606613 -0.0658675 0)
(-0.00681004 -0.0638179 0)
(-0.00755924 -0.0614771 0)
(-0.00830272 -0.0588415 0)
(-0.00903586 -0.0559114 0)
(-0.00975413 -0.0526899 0)
(-0.0104501 -0.0491813 0)
(-0.0111212 -0.045393 0)
(-0.0117637 -0.0413423 0)
(-0.0123627 -0.0370444 0)
(-0.0129133 -0.0325086 0)
(-0.0134164 -0.0277541 0)
(-0.0138659 -0.0228003 0)
(-0.014262 -0.0176674 0)
(-0.0145945 -0.0123851 0)
(-0.0148664 -0.00696904 0)
(-0.0150786 -0.00145577 0)
(0.000831431 -0.0214512 0)
(0.000855035 -0.0220702 0)
(0.000879278 -0.0227047 0)
(0.000904257 -0.0233551 0)
(0.000930316 -0.0240221 0)
(0.000956897 -0.0247065 0)
(0.000984606 -0.0254084 0)
(0.00101391 -0.0261287 0)
(0.0010446 -0.0268683 0)
(0.0010768 -0.0276283 0)
(0.00111009 -0.0284097 0)
(0.00114518 -0.0292133 0)
(0.00118215 -0.0300403 0)
(0.00122082 -0.0308916 0)
(0.00126117 -0.0317688 0)
(0.00130332 -0.0326729 0)
(0.00134656 -0.0336054 0)
(0.00139147 -0.0345672 0)
(0.00143797 -0.035559 0)
(0.00148569 -0.0365818 0)
(0.00153428 -0.0376369 0)
(0.00158378 -0.0387248 0)
(0.00163292 -0.0398466 0)
(0.00168227 -0.0410018 0)
(0.00173121 -0.0421907 0)
(0.0017788 -0.0434127 0)
(0.00182507 -0.0446675 0)
(0.00186804 -0.0459545 0)
(0.00190775 -0.0472716 0)
(0.00194374 -0.0486163 0)
(0.00197453 -0.0499864 0)
(0.00199923 -0.0513788 0)
(0.00201581 -0.0527902 0)
(0.00202405 -0.0542145 0)
(0.00202317 -0.0556468 0)
(0.00201028 -0.0570818 0)
(0.00198493 -0.0585118 0)
(0.00194719 -0.0599288 0)
(0.00189288 -0.0613254 0)
(0.00182161 -0.0626899 0)
(0.00173318 -0.0640132 0)
(0.00162529 -0.0652847 0)
(0.00149592 -0.0664912 0)
(0.00134527 -0.06762 0)
(0.00117051 -0.0686572 0)
(0.000972721 -0.0695897 0)
(0.00074876 -0.0704043 0)
(0.000501019 -0.0710832 0)
(0.00022775 -0.0716126 0)
(-7.30523e-05 -0.0719748 0)
(-0.000398993 -0.072154 0)
(-0.000748701 -0.0721373 0)
(-0.00112208 -0.0719085 0)
(-0.00151762 -0.0714538 0)
(-0.00193438 -0.0707595 0)
(-0.00236873 -0.0698105 0)
(-0.0028185 -0.0685991 0)
(-0.00328244 -0.067115 0)
(-0.00375554 -0.0653499 0)
(-0.0042361 -0.063299 0)
(-0.00471997 -0.0609549 0)
(-0.00520119 -0.0583183 0)
(-0.00567731 -0.0553923 0)
(-0.00614368 -0.0521791 0)
(-0.00659563 -0.0486838 0)
(-0.0070311 -0.0449172 0)
(-0.0074461 -0.0408853 0)
(-0.00783427 -0.0366029 0)
(-0.00819226 -0.032091 0)
(-0.00851777 -0.0273661 0)
(-0.00880797 -0.0224473 0)
(-0.00906149 -0.0173578 0)
(-0.00927348 -0.012117 0)
(-0.00944386 -0.00675668 0)
(-0.00957446 -0.00129268 0)
(0.000302077 -0.0215062 0)
(0.000310155 -0.0221267 0)
(0.000318366 -0.0227626 0)
(0.000326786 -0.0234147 0)
(0.000335539 -0.0240835 0)
(0.000344505 -0.0247698 0)
(0.0003538 -0.0254738 0)
(0.000363562 -0.0261963 0)
(0.000373788 -0.0269382 0)
(0.000384525 -0.0277006 0)
(0.000395693 -0.0284845 0)
(0.000407399 -0.0292906 0)
(0.000419701 -0.0301201 0)
(0.000432603 -0.0309742 0)
(0.000446145 -0.031854 0)
(0.00046033 -0.0327606 0)
(0.000474976 -0.0336956 0)
(0.000490155 -0.0346596 0)
(0.000505906 -0.0356537 0)
(0.000522168 -0.0366787 0)
(0.000538866 -0.0377356 0)
(0.000555951 -0.038825 0)
(0.000573118 -0.0399479 0)
(0.000590379 -0.0411036 0)
(0.000607649 -0.0422927 0)
(0.000624694 -0.0435143 0)
(0.000641453 -0.0447678 0)
(0.00065736 -0.0460529 0)
(0.000672306 -0.0473669 0)
(0.000686203 -0.0487078 0)
(0.000698651 -0.0500731 0)
(0.000709347 -0.0514595 0)
(0.000717698 -0.0528634 0)
(0.000723514 -0.0542789 0)
(0.000726529 -0.055701 0)
(0.000725823 -0.0571244 0)
(0.000721326 -0.0585408 0)
(0.000712952 -0.0599428 0)
(0.000699259 -0.0613228 0)
(0.000680394 -0.062669 0)
(0.000656207 -0.0639717 0)
(0.000625652 -0.0652209 0)
(0.000588113 -0.0664038 0)
(0.000543832 -0.0675073 0)
(0.00049165 -0.0685188 0)
(0.000431592 -0.0694231 0)
(0.000363201 -0.070208 0)
(0.000286857 -0.0708566 0)
(0.000201627 -0.0713552 0)
(0.000107078 -0.0716879 0)
(3.81612e-06 -0.071837 0)
(-0.00010803 -0.0717903 0)
(-0.000228254 -0.071533 0)
(-0.000356671 -0.0710515 0)
(-0.000493214 -0.0703326 0)
(-0.000635924 -0.0693628 0)
(-0.000784682 -0.068133 0)
(-0.000939671 -0.0666335 0)
(-0.0010983 -0.0648576 0)
(-0.0012607 -0.0628006 0)
(-0.00142482 -0.0604563 0)
(-0.00158763 -0.0578245 0)
(-0.00175054 -0.054908 0)
(-0.00191136 -0.0517103 0)
(-0.0020661 -0.048235 0)
(-0.00221663 -0.0444945 0)
(-0.00235878 -0.0404933 0)
(-0.00248927 -0.0362465 0)
(-0.00261088 -0.0317723 0)
(-0.00272109 -0.0270882 0)
(-0.00281631 -0.0222113 0)
(-0.00289972 -0.0171658 0)
(-0.00296331 -0.0119716 0)
(-0.00301134 -0.00665603 0)
(-0.00304438 -0.00124313 0)
)
;

boundaryField
{
    leftWall
    {
        type            noSlip;
    }
    rightWall
    {
        type            noSlip;
    }
    lowerWall
    {
        type            noSlip;
    }
    atmosphere
    {
        type            pressureInletOutletVelocity;
        value           nonuniform List<vector> 
75
(
(0 -0.0215062 0)
(0 -0.0221267 0)
(0 -0.0227626 0)
(0 -0.0234147 0)
(0 -0.0240835 0)
(0 -0.0247698 0)
(0 -0.0254738 0)
(0 -0.0261963 0)
(0 -0.0269382 0)
(0 -0.0277006 0)
(0 -0.0284845 0)
(0 -0.0292906 0)
(0 -0.0301201 0)
(0 -0.0309742 0)
(0 -0.031854 0)
(0 -0.0327606 0)
(0 -0.0336956 0)
(0 -0.0346596 0)
(0 -0.0356537 0)
(0 -0.0366787 0)
(0 -0.0377356 0)
(0 -0.038825 0)
(0 -0.0399479 0)
(0 -0.0411036 0)
(0 -0.0422927 0)
(0 -0.0435143 0)
(0 -0.0447678 0)
(0 -0.0460529 0)
(0 -0.0473669 0)
(0 -0.0487078 0)
(0 -0.0500731 0)
(0 -0.0514595 0)
(0 -0.0528634 0)
(0 -0.0542789 0)
(0 -0.055701 0)
(0 -0.0571244 0)
(0 -0.0585408 0)
(0 -0.0599428 0)
(0 -0.0613228 0)
(0 -0.062669 0)
(0 -0.0639717 0)
(0 -0.0652209 0)
(0 -0.0664038 0)
(0 -0.0675073 0)
(0 -0.0685188 0)
(0 -0.0694231 0)
(0 -0.070208 0)
(0 -0.0708566 0)
(0 -0.0713552 0)
(0 -0.0716879 0)
(0 -0.071837 0)
(0 -0.0717903 0)
(0 -0.071533 0)
(0 -0.0710515 0)
(0 -0.0703326 0)
(0 -0.0693628 0)
(0 -0.068133 0)
(0 -0.0666335 0)
(0 -0.0648576 0)
(0 -0.0628006 0)
(0 -0.0604563 0)
(0 -0.0578245 0)
(0 -0.054908 0)
(0 -0.0517103 0)
(0 -0.048235 0)
(0 -0.0444945 0)
(0 -0.0404933 0)
(0 -0.0362465 0)
(0 -0.0317723 0)
(0 -0.0270882 0)
(0 -0.0222113 0)
(0 -0.0171658 0)
(0 -0.0119716 0)
(0 -0.00665603 0)
(0 -0.00124313 0)
)
;
    }
    defaultFaces
    {
        type            empty;
    }
    procBoundary2to1
    {
        type            processor;
        value           nonuniform List<vector> 
40
(
(0.855756 -0.000629804 0)
(0.874749 -0.00691835 0)
(0.74874 -0.00962836 0)
(0.123163 -0.0192925 0)
(-0.0120633 -0.0178423 0)
(-0.0359867 -0.0181767 0)
(-0.0234196 -0.0190297 0)
(-0.00524219 -0.0175365 0)
(0.00520692 -0.0183486 0)
(0.00886293 -0.0182486 0)
(0.00983865 -0.0183813 0)
(0.0103391 -0.0184133 0)
(0.0107845 -0.0184312 0)
(0.011101 -0.0184476 0)
(0.0112423 -0.0184717 0)
(0.0112299 -0.0185088 0)
(0.0111002 -0.0185612 0)
(0.0108807 -0.0186299 0)
(0.0105908 -0.0187144 0)
(0.0102443 -0.018814 0)
(0.00985234 -0.0189273 0)
(0.00942365 -0.0190522 0)
(0.00896547 -0.0191859 0)
(0.00848322 -0.0193263 0)
(0.00798151 -0.0194713 0)
(0.00746422 -0.0196182 0)
(0.00693395 -0.0197641 0)
(0.00639261 -0.019907 0)
(0.00584199 -0.0200456 0)
(0.00528389 -0.0201781 0)
(0.00471947 -0.0203023 0)
(0.00414831 -0.0204167 0)
(0.00356702 -0.0205209 0)
(0.00297398 -0.0206127 0)
(0.00239081 -0.02069 0)
(0.00187771 -0.0207579 0)
(0.00148961 -0.0208163 0)
(0.00118103 -0.0208422 0)
(0.000807879 -0.0208479 0)
(0.000294048 -0.0209017 0)
)
;
    }
    procBoundary2to3
    {
        type            processor;
        value           nonuniform List<vector> 
40
(
(1.16759 -0.00585506 0)
(1.74402 -0.00200566 0)
(1.91051 0.0943532 0)
(1.70026 0.174142 0)
(1.35562 0.197228 0)
(1.00785 0.194527 0)
(0.758708 0.153626 0)
(0.519594 0.0964995 0)
(0.144671 0.069506 0)
(-0.208372 0.0582452 0)
(-0.371009 0.0403636 0)
(-0.373398 0.0240231 0)
(-0.320295 0.0140874 0)
(-0.275346 0.00812925 0)
(-0.247108 0.00386247 0)
(-0.226385 0.000734908 0)
(-0.207933 -0.00136824 0)
(-0.190911 -0.00262648 0)
(-0.175389 -0.00325726 0)
(-0.161242 -0.00346529 0)
(-0.148272 -0.00337685 0)
(-0.136311 -0.00303739 0)
(-0.12524 -0.00256955 0)
(-0.114926 -0.00202876 0)
(-0.105287 -0.00141393 0)
(-0.0962446 -0.000775699 0)
(-0.0877318 -0.000139301 0)
(-0.0796848 0.000476695 0)
(-0.0720463 0.00106236 0)
(-0.0647749 0.00160921 0)
(-0.0578249 0.00210864 0)
(-0.0511529 0.00255822 0)
(-0.044728 0.0029566 0)
(-0.0385187 0.00329913 0)
(-0.0324861 0.00358624 0)
(-0.026607 0.00382044 0)
(-0.020851 0.00400444 0)
(-0.0152138 0.00412607 0)
(-0.00965783 0.00424071 0)
(-0.0030358 0.0042473 0)
)
;
    }
}


// ************************************************************************* //
