/*--------------------------------*- C++ -*----------------------------------*\
| =========                 |                                                 |
| \\      /  F ield         | OpenFOAM: The Open Source CFD Toolbox           |
|  \\    /   O peration     | Version:  2606                                  |
|   \\  /    A nd           | Website:  www.openfoam.com                      |
|    \\/     M anipulation  |                                                 |
\*---------------------------------------------------------------------------*/
FoamFile
{
    version     2.0;
    format      ascii;
    arch        "LSB;label=32;scalar=64";
    class       volScalarField;
    location    "0.6504";
    object      p;
}
// * * * * * * * * * * * * * * * * * * * * * * * * * * * * * * * * * * * * * //

dimensions      [1 -1 -2 0 0 0 0];

internalField   nonuniform List<scalar> 
3000
(
0
-0.0256682
-0.0602448
-0.103581
-0.135076
-0.144606
-0.129213
-0.0949971
-0.049923
-0.00291773
0.0370273
0.0669346
0.0867896
0.0975457
0.102696
0.105463
0.10577
0.101223
0.0877296
0.0590759
0.0158356
-0.0391909
-0.10275
-0.167347
-0.225029
-0.270917
-0.303107
-0.321806
-0.328297
-0.325127
-0.314861
-0.297158
-0.271221
-0.237773
-0.199181
-0.159598
-0.123258
-0.0925499
-0.067917
-0.0483437
-0.0320528
-0.0181756
-0.00769892
-0.00253472
-0.0040248
-0.0147426
-0.0340713
-0.0593157
-0.088554
-0.119929
-0.150654
-0.177096
-0.198815
-0.215641
-0.226857
-0.232795
-0.234968
-0.23416
-0.232552
-0.235512
-0.240614
-0.247196
-0.259405
-0.279984
-0.309589
-0.347344
-0.392056
-0.442201
-0.493193
-0.540943
-0.582938
-0.617487
-0.640976
-0.65592
-0.670132
-27.4139
-27.4437
-27.4761
-27.5144
-27.5524
-27.5764
-27.5743
-27.5478
-27.5056
-27.4562
-27.4103
-27.373
-27.3451
-27.3265
-27.3114
-27.2959
-27.2819
-27.2728
-27.2726
-27.293
-27.3313
-27.3846
-27.4493
-27.515
-27.5716
-27.614
-27.641
-27.6537
-27.6535
-27.6438
-27.6289
-27.6081
-27.5783
-27.5387
-27.4922
-27.4452
-27.4037
-27.3697
-27.3439
-27.3243
-27.3081
-27.2929
-27.2796
-27.2711
-27.2676
-27.2765
-27.295
-27.3194
-27.3484
-27.3801
-27.411
-27.4343
-27.4528
-27.4661
-27.4728
-27.4741
-27.473
-27.4691
-27.4631
-27.4672
-27.4714
-27.4742
-27.482
-27.4973
-27.5213
-27.5527
-27.5918
-27.6395
-27.6874
-27.731
-27.7685
-27.7995
-27.8144
-27.8194
-27.8271
-38.8462
-38.8241
-38.8083
-38.7825
-38.7513
-38.7156
-38.6778
-38.642
-38.6144
-38.5958
-38.5854
-38.5843
-38.5903
-38.6031
-38.6202
-38.6387
-38.6567
-38.6736
-38.6886
-38.702
-38.7173
-38.7336
-38.749
-38.7628
-38.7741
-38.7823
-38.7873
-38.7893
-38.7887
-38.7859
-38.7817
-38.7768
-38.7702
-38.7612
-38.7502
-38.7396
-38.7318
-38.7267
-38.7237
-38.7225
-38.7219
-38.7207
-38.7193
-38.7194
-38.7216
-38.7266
-38.7348
-38.7451
-38.7568
-38.7695
-38.7822
-38.7947
-38.8067
-38.8182
-38.8292
-38.8398
-38.8503
-38.8605
-38.8676
-38.8717
-38.872
-38.868
-38.8594
-38.8476
-38.835
-38.8238
-38.8159
-38.8129
-38.8122
-38.8137
-38.8172
-38.8215
-38.8271
-38.834
-38.8422
-39.1703
-39.1702
-39.1706
-39.1709
-39.1712
-39.1716
-39.1719
-39.1722
-39.1725
-39.1726
-39.1725
-39.1723
-39.172
-39.1718
-39.1717
-39.1718
-39.1719
-39.172
-39.172
-39.172
-39.172
-39.172
-39.1719
-39.1719
-39.1718
-39.1718
-39.1718
-39.1719
-39.172
-39.1722
-39.1724
-39.1726
-39.1729
-39.1727
-39.1721
-39.1713
-39.1712
-39.1715
-39.1718
-39.1722
-39.1729
-39.1729
-39.1725
-39.1721
-39.1717
-39.1715
-39.1714
-39.1712
-39.1709
-39.171
-39.1714
-39.1725
-39.1745
-39.1776
-39.1821
-39.1879
-39.1947
-39.2019
-39.2085
-39.2132
-39.2151
-39.2138
-39.2096
-39.2036
-39.1973
-39.192
-39.1882
-39.1858
-39.1845
-39.1841
-39.1843
-39.1848
-39.1856
-39.1868
-39.1888
-39.1981
-39.1984
-39.1987
-39.199
-39.1993
-39.1996
-39.1999
-39.2002
-39.2004
-39.2006
-39.2006
-39.2005
-39.2004
-39.2002
-39.2001
-39.2001
-39.2002
-39.2002
-39.2002
-39.2002
-39.2002
-39.2002
-39.2002
-39.2002
-39.2001
-39.2002
-39.2002
-39.2003
-39.2004
-39.2005
-39.2007
-39.2011
-39.2013
-39.2009
-39.2003
-39.2002
-39.2005
-39.2009
-39.2011
-39.2013
-39.2019
-39.2016
-39.2013
-39.2008
-39.2007
-39.2005
-39.2002
-39.1999
-39.1997
-39.1998
-39.2002
-39.2013
-39.2033
-39.2064
-39.2109
-39.2168
-39.2239
-39.2315
-39.2386
-39.2441
-39.2468
-39.2459
-39.2414
-39.2342
-39.2267
-39.2206
-39.2164
-39.2138
-39.2122
-39.2113
-39.2112
-39.2118
-39.2128
-39.2144
-39.2167
-39.2268
-39.2269
-39.2271
-39.2273
-39.2275
-39.2278
-39.228
-39.2283
-39.2286
-39.2287
-39.2288
-39.2288
-39.2287
-39.2286
-39.2285
-39.2284
-39.2285
-39.2285
-39.2285
-39.2285
-39.2285
-39.2285
-39.2285
-39.2286
-39.2286
-39.2286
-39.2286
-39.2287
-39.2289
-39.229
-39.2292
-39.2295
-39.2298
-39.2297
-39.2293
-39.2291
-39.2295
-39.2299
-39.2302
-39.2305
-39.2309
-39.2308
-39.2306
-39.2303
-39.23
-39.2298
-39.2295
-39.2292
-39.2291
-39.2293
-39.2299
-39.2311
-39.2332
-39.2363
-39.2407
-39.2464
-39.2534
-39.2609
-39.268
-39.2735
-39.2763
-39.2753
-39.2704
-39.2629
-39.255
-39.2485
-39.2441
-39.2417
-39.2408
-39.2407
-39.2409
-39.2412
-39.242
-39.2433
-39.2454
-39.2551
-39.2553
-39.2554
-39.2556
-39.2557
-39.256
-39.2562
-39.2565
-39.2567
-39.2569
-39.257
-39.2571
-39.257
-39.2569
-39.2568
-39.2568
-39.2567
-39.2567
-39.2568
-39.2568
-39.2568
-39.2569
-39.2569
-39.2569
-39.2569
-39.257
-39.2571
-39.2572
-39.2573
-39.2575
-39.2577
-39.258
-39.2582
-39.2582
-39.2583
-39.2587
-39.259
-39.2593
-39.2595
-39.2596
-39.2595
-39.2594
-39.2592
-39.2591
-39.2589
-39.2588
-39.2587
-39.2586
-39.2588
-39.2591
-39.2598
-39.2611
-39.263
-39.2659
-39.2698
-39.2749
-39.281
-39.2876
-39.294
-39.299
-39.3015
-39.3012
-39.2967
-39.2901
-39.2834
-39.278
-39.2742
-39.2718
-39.2705
-39.2699
-39.2698
-39.2703
-39.2713
-39.2726
-39.2744
-39.2835
-39.2836
-39.2837
-39.2839
-39.284
-39.2842
-39.2844
-39.2847
-39.2849
-39.2851
-39.2852
-39.2852
-39.2852
-39.2851
-39.285
-39.285
-39.285
-39.285
-39.285
-39.2851
-39.2851
-39.2851
-39.2852
-39.2852
-39.2853
-39.2853
-39.2854
-39.2855
-39.2857
-39.2859
-39.2861
-39.2863
-39.2865
-39.2867
-39.2869
-39.2872
-39.2874
-39.2876
-39.2877
-39.2878
-39.2878
-39.2878
-39.2878
-39.2878
-39.2877
-39.2878
-39.2878
-39.288
-39.2883
-39.2888
-39.2896
-39.2909
-39.2927
-39.2951
-39.2984
-39.3025
-39.3072
-39.3124
-39.3173
-39.3211
-39.323
-39.3226
-39.3198
-39.3154
-39.3107
-39.3067
-39.3038
-39.3018
-39.3007
-39.3002
-39.3003
-39.3004
-39.301
-39.302
-39.3033
-39.3119
-39.312
-39.312
-39.3121
-39.3123
-39.3124
-39.3126
-39.3129
-39.3131
-39.3133
-39.3134
-39.3134
-39.3133
-39.3133
-39.3132
-39.3132
-39.3132
-39.3132
-39.3132
-39.3133
-39.3133
-39.3134
-39.3134
-39.3135
-39.3136
-39.3136
-39.3138
-39.3139
-39.314
-39.3142
-39.3144
-39.3146
-39.3148
-39.315
-39.3152
-39.3154
-39.3156
-39.3158
-39.316
-39.3161
-39.3162
-39.3162
-39.3163
-39.3164
-39.3165
-39.3166
-39.3168
-39.3171
-39.3175
-39.3182
-39.3191
-39.3203
-39.3219
-39.324
-39.3266
-39.3297
-39.3333
-39.3369
-39.3403
-39.3429
-39.3441
-39.3436
-39.3422
-39.3398
-39.3371
-39.3346
-39.3326
-39.3311
-39.3302
-39.3297
-39.3295
-39.3298
-39.3303
-39.3311
-39.3321
-39.3402
-39.3403
-39.3403
-39.3404
-39.3405
-39.3407
-39.3408
-39.341
-39.3412
-39.3414
-39.3415
-39.3415
-39.3415
-39.3414
-39.3414
-39.3414
-39.3414
-39.3414
-39.3414
-39.3415
-39.3416
-39.3416
-39.3417
-39.3418
-39.3418
-39.3419
-39.3421
-39.3422
-39.3423
-39.3425
-39.3427
-39.3429
-39.3431
-39.3433
-39.3435
-39.3437
-39.3439
-39.3441
-39.3442
-39.3444
-39.3445
-39.3447
-39.3448
-39.3449
-39.3451
-39.3453
-39.3456
-39.346
-39.3465
-39.3472
-39.3481
-39.3493
-39.3508
-39.3526
-39.3547
-39.3572
-39.3598
-39.3625
-39.3648
-39.3666
-39.3675
-39.3675
-39.3666
-39.3653
-39.3637
-39.3622
-39.3608
-39.3598
-39.3591
-39.3587
-39.3586
-39.3588
-39.3592
-39.3598
-39.3607
-39.3685
-39.3686
-39.3686
-39.3687
-39.3688
-39.3689
-39.369
-39.3692
-39.3693
-39.3694
-39.3695
-39.3696
-39.3696
-39.3695
-39.3695
-39.3696
-39.3696
-39.3696
-39.3697
-39.3697
-39.3698
-39.3699
-39.3699
-39.37
-39.3701
-39.3702
-39.3703
-39.3705
-39.3706
-39.3708
-39.371
-39.3712
-39.3714
-39.3716
-39.3718
-39.372
-39.3722
-39.3724
-39.3725
-39.3727
-39.3729
-39.3731
-39.3733
-39.3735
-39.3737
-39.374
-39.3743
-39.3748
-39.3754
-39.3761
-39.377
-39.3781
-39.3794
-39.381
-39.3828
-39.3847
-39.3868
-39.3888
-39.3906
-39.3919
-39.3927
-39.3929
-39.3926
-39.3917
-39.3908
-39.3898
-39.3889
-39.3882
-39.3877
-39.3874
-39.3874
-39.3875
-39.3879
-39.3884
-39.3891
-39.3968
-39.3968
-39.3969
-39.3969
-39.397
-39.3971
-39.3972
-39.3973
-39.3974
-39.3975
-39.3976
-39.3976
-39.3977
-39.3977
-39.3977
-39.3977
-39.3978
-39.3978
-39.3979
-39.3979
-39.398
-39.3981
-39.3982
-39.3983
-39.3984
-39.3985
-39.3986
-39.3988
-39.3989
-39.3991
-39.3993
-39.3994
-39.3996
-39.3998
-39.4
-39.4002
-39.4005
-39.4007
-39.4009
-39.4011
-39.4013
-39.4015
-39.4017
-39.4019
-39.4022
-39.4026
-39.403
-39.4035
-39.404
-39.4048
-39.4056
-39.4066
-39.4078
-39.4092
-39.4107
-39.4124
-39.414
-39.4156
-39.417
-39.4181
-39.4188
-39.4191
-39.419
-39.4186
-39.418
-39.4174
-39.4169
-39.4164
-39.4161
-39.4159
-39.4159
-39.416
-39.4164
-39.4168
-39.4174
-39.425
-39.4251
-39.4251
-39.4251
-39.4252
-39.4253
-39.4254
-39.4255
-39.4256
-39.4256
-39.4257
-39.4258
-39.4258
-39.4258
-39.4259
-39.4259
-39.426
-39.426
-39.4261
-39.4261
-39.4262
-39.4263
-39.4264
-39.4265
-39.4266
-39.4267
-39.4269
-39.427
-39.4272
-39.4273
-39.4275
-39.4277
-39.4279
-39.4281
-39.4283
-39.4285
-39.4287
-39.4289
-39.4292
-39.4294
-39.4296
-39.4299
-39.4301
-39.4304
-39.4307
-39.4311
-39.4315
-39.432
-39.4326
-39.4333
-39.4341
-39.4351
-39.4362
-39.4374
-39.4387
-39.44
-39.4414
-39.4427
-39.4439
-39.4448
-39.4454
-39.4458
-39.4459
-39.4457
-39.4454
-39.4451
-39.4448
-39.4445
-39.4443
-39.4442
-39.4443
-39.4444
-39.4447
-39.4451
-39.4456
-39.4533
-39.4533
-39.4533
-39.4534
-39.4534
-39.4535
-39.4535
-39.4536
-39.4537
-39.4538
-39.4538
-39.4539
-39.4539
-39.454
-39.454
-39.4541
-39.4541
-39.4542
-39.4543
-39.4544
-39.4544
-39.4545
-39.4546
-39.4547
-39.4549
-39.455
-39.4551
-39.4553
-39.4554
-39.4556
-39.4558
-39.456
-39.4562
-39.4564
-39.4566
-39.4568
-39.457
-39.4572
-39.4575
-39.4577
-39.458
-39.4582
-39.4585
-39.4588
-39.4592
-39.4596
-39.46
-39.4605
-39.4611
-39.4618
-39.4626
-39.4634
-39.4644
-39.4655
-39.4666
-39.4678
-39.4689
-39.47
-39.471
-39.4718
-39.4724
-39.4728
-39.473
-39.473
-39.4729
-39.4728
-39.4726
-39.4725
-39.4724
-39.4724
-39.4725
-39.4727
-39.473
-39.4733
-39.4738
-39.4815
-39.4815
-39.4815
-39.4816
-39.4816
-39.4817
-39.4817
-39.4818
-39.4818
-39.4819
-39.482
-39.482
-39.4821
-39.4821
-39.4822
-39.4823
-39.4823
-39.4824
-39.4825
-39.4826
-39.4826
-39.4827
-39.4829
-39.483
-39.4831
-39.4832
-39.4834
-39.4835
-39.4837
-39.4838
-39.484
-39.4842
-39.4844
-39.4846
-39.4848
-39.4851
-39.4853
-39.4855
-39.4858
-39.486
-39.4863
-39.4866
-39.4869
-39.4872
-39.4876
-39.488
-39.4884
-39.489
-39.4895
-39.4902
-39.4909
-39.4917
-39.4926
-39.4936
-39.4946
-39.4956
-39.4966
-39.4975
-39.4984
-39.4991
-39.4996
-39.5001
-39.5003
-39.5005
-39.5005
-39.5005
-39.5005
-39.5005
-39.5005
-39.5006
-39.5007
-39.5009
-39.5012
-39.5015
-39.5019
-39.5097
-39.5097
-39.5097
-39.5098
-39.5098
-39.5098
-39.5099
-39.5099
-39.51
-39.5101
-39.5101
-39.5102
-39.5102
-39.5103
-39.5104
-39.5104
-39.5105
-39.5106
-39.5107
-39.5107
-39.5108
-39.511
-39.5111
-39.5112
-39.5113
-39.5114
-39.5116
-39.5117
-39.5119
-39.5121
-39.5123
-39.5125
-39.5127
-39.5129
-39.5131
-39.5133
-39.5135
-39.5138
-39.514
-39.5143
-39.5146
-39.5149
-39.5152
-39.5156
-39.5159
-39.5164
-39.5168
-39.5173
-39.5179
-39.5185
-39.5192
-39.52
-39.5208
-39.5216
-39.5225
-39.5234
-39.5243
-39.5251
-39.5259
-39.5265
-39.5271
-39.5275
-39.5278
-39.528
-39.5282
-39.5283
-39.5284
-39.5284
-39.5285
-39.5287
-39.5288
-39.5291
-39.5293
-39.5296
-39.53
-39.5379
-39.5379
-39.5379
-39.5379
-39.538
-39.538
-39.5381
-39.5381
-39.5382
-39.5382
-39.5383
-39.5383
-39.5384
-39.5385
-39.5385
-39.5386
-39.5387
-39.5388
-39.5388
-39.5389
-39.539
-39.5391
-39.5393
-39.5394
-39.5395
-39.5397
-39.5398
-39.54
-39.5401
-39.5403
-39.5405
-39.5407
-39.5409
-39.5411
-39.5413
-39.5416
-39.5418
-39.5421
-39.5423
-39.5426
-39.5429
-39.5432
-39.5435
-39.5439
-39.5443
-39.5447
-39.5452
-39.5457
-39.5462
-39.5468
-39.5475
-39.5482
-39.5489
-39.5497
-39.5505
-39.5513
-39.552
-39.5528
-39.5535
-39.5541
-39.5546
-39.5551
-39.5554
-39.5557
-39.5559
-39.5561
-39.5562
-39.5564
-39.5565
-39.5567
-39.5569
-39.5571
-39.5574
-39.5577
-39.5581
-39.5661
-39.5661
-39.5661
-39.5661
-39.5661
-39.5662
-39.5662
-39.5663
-39.5663
-39.5664
-39.5664
-39.5665
-39.5665
-39.5666
-39.5667
-39.5668
-39.5668
-39.5669
-39.567
-39.5671
-39.5672
-39.5673
-39.5675
-39.5676
-39.5677
-39.5679
-39.568
-39.5682
-39.5684
-39.5685
-39.5687
-39.5689
-39.5691
-39.5693
-39.5696
-39.5698
-39.5701
-39.5703
-39.5706
-39.5709
-39.5712
-39.5715
-39.5718
-39.5722
-39.5726
-39.573
-39.5735
-39.574
-39.5745
-39.5751
-39.5757
-39.5763
-39.577
-39.5777
-39.5784
-39.5792
-39.5799
-39.5806
-39.5812
-39.5818
-39.5823
-39.5827
-39.5831
-39.5834
-39.5837
-39.5839
-39.5841
-39.5843
-39.5845
-39.5847
-39.5849
-39.5852
-39.5855
-39.5858
-39.5861
-39.5942
-39.5942
-39.5943
-39.5943
-39.5943
-39.5943
-39.5944
-39.5944
-39.5945
-39.5945
-39.5946
-39.5946
-39.5947
-39.5948
-39.5948
-39.5949
-39.595
-39.5951
-39.5952
-39.5953
-39.5954
-39.5955
-39.5956
-39.5958
-39.5959
-39.5961
-39.5962
-39.5964
-39.5966
-39.5967
-39.5969
-39.5971
-39.5973
-39.5976
-39.5978
-39.598
-39.5983
-39.5986
-39.5988
-39.5991
-39.5994
-39.5998
-39.6001
-39.6005
-39.6009
-39.6013
-39.6017
-39.6022
-39.6027
-39.6033
-39.6039
-39.6045
-39.6051
-39.6058
-39.6064
-39.6071
-39.6077
-39.6084
-39.609
-39.6095
-39.61
-39.6104
-39.6108
-39.6112
-39.6115
-39.6117
-39.612
-39.6122
-39.6125
-39.6127
-39.613
-39.6132
-39.6135
-39.6138
-39.6141
-39.6224
-39.6224
-39.6224
-39.6224
-39.6225
-39.6225
-39.6225
-39.6226
-39.6226
-39.6227
-39.6227
-39.6228
-39.6229
-39.6229
-39.623
-39.6231
-39.6232
-39.6233
-39.6234
-39.6235
-39.6236
-39.6237
-39.6238
-39.624
-39.6241
-39.6243
-39.6244
-39.6246
-39.6248
-39.6249
-39.6251
-39.6253
-39.6256
-39.6258
-39.626
-39.6263
-39.6265
-39.6268
-39.6271
-39.6274
-39.6277
-39.628
-39.6284
-39.6287
-39.6291
-39.6295
-39.63
-39.6304
-39.6309
-39.6315
-39.632
-39.6326
-39.6332
-39.6338
-39.6344
-39.635
-39.6356
-39.6362
-39.6368
-39.6373
-39.6378
-39.6382
-39.6386
-39.639
-39.6393
-39.6396
-39.6399
-39.6402
-39.6404
-39.6407
-39.641
-39.6413
-39.6416
-39.6419
-39.6422
-39.6506
-39.6506
-39.6506
-39.6506
-39.6506
-39.6506
-39.6507
-39.6507
-39.6508
-39.6508
-39.6509
-39.6509
-39.651
-39.6511
-39.6512
-39.6512
-39.6513
-39.6514
-39.6515
-39.6516
-39.6518
-39.6519
-39.652
-39.6521
-39.6523
-39.6524
-39.6526
-39.6528
-39.653
-39.6531
-39.6533
-39.6535
-39.6538
-39.654
-39.6542
-39.6545
-39.6547
-39.655
-39.6553
-39.6556
-39.6559
-39.6562
-39.6566
-39.657
-39.6573
-39.6578
-39.6582
-39.6586
-39.6591
-39.6596
-39.6602
-39.6607
-39.6613
-39.6619
-39.6624
-39.663
-39.6636
-39.6641
-39.6647
-39.6652
-39.6656
-39.6661
-39.6665
-39.6668
-39.6672
-39.6675
-39.6678
-39.6681
-39.6684
-39.6687
-39.669
-39.6693
-39.6696
-39.6699
-39.6702
-39.6787
-39.6787
-39.6787
-39.6787
-39.6787
-39.6788
-39.6788
-39.6789
-39.6789
-39.679
-39.679
-39.6791
-39.6791
-39.6792
-39.6793
-39.6794
-39.6795
-39.6796
-39.6797
-39.6798
-39.6799
-39.68
-39.6802
-39.6803
-39.6805
-39.6806
-39.6808
-39.681
-39.6811
-39.6813
-39.6815
-39.6817
-39.682
-39.6822
-39.6824
-39.6827
-39.6829
-39.6832
-39.6835
-39.6838
-39.6841
-39.6845
-39.6848
-39.6852
-39.6856
-39.686
-39.6864
-39.6868
-39.6873
-39.6878
-39.6883
-39.6888
-39.6893
-39.6899
-39.6904
-39.691
-39.6915
-39.692
-39.6926
-39.693
-39.6935
-39.6939
-39.6943
-39.6947
-39.6951
-39.6954
-39.6957
-39.696
-39.6964
-39.6967
-39.697
-39.6973
-39.6976
-39.6979
-39.6982
-39.7068
-39.7068
-39.7068
-39.7069
-39.7069
-39.7069
-39.7069
-39.707
-39.707
-39.7071
-39.7071
-39.7072
-39.7073
-39.7074
-39.7074
-39.7075
-39.7076
-39.7077
-39.7078
-39.7079
-39.7081
-39.7082
-39.7083
-39.7085
-39.7086
-39.7088
-39.709
-39.7091
-39.7093
-39.7095
-39.7097
-39.7099
-39.7101
-39.7104
-39.7106
-39.7109
-39.7111
-39.7114
-39.7117
-39.712
-39.7123
-39.7127
-39.713
-39.7134
-39.7137
-39.7141
-39.7146
-39.715
-39.7155
-39.7159
-39.7164
-39.7169
-39.7174
-39.7179
-39.7185
-39.719
-39.7195
-39.72
-39.7205
-39.7209
-39.7214
-39.7218
-39.7222
-39.7226
-39.723
-39.7233
-39.7237
-39.724
-39.7243
-39.7246
-39.725
-39.7253
-39.7256
-39.7259
-39.7262
-39.735
-39.735
-39.735
-39.735
-39.735
-39.735
-39.7351
-39.7351
-39.7352
-39.7352
-39.7353
-39.7353
-39.7354
-39.7355
-39.7356
-39.7357
-39.7358
-39.7359
-39.736
-39.7361
-39.7362
-39.7364
-39.7365
-39.7366
-39.7368
-39.737
-39.7371
-39.7373
-39.7375
-39.7377
-39.7379
-39.7381
-39.7383
-39.7386
-39.7388
-39.7391
-39.7393
-39.7396
-39.7399
-39.7402
-39.7405
-39.7408
-39.7412
-39.7415
-39.7419
-39.7423
-39.7427
-39.7432
-39.7436
-39.744
-39.7445
-39.745
-39.7455
-39.746
-39.7465
-39.747
-39.7475
-39.7479
-39.7484
-39.7489
-39.7493
-39.7497
-39.7501
-39.7505
-39.7509
-39.7513
-39.7516
-39.752
-39.7523
-39.7526
-39.7529
-39.7533
-39.7536
-39.7539
-39.7543
-39.7631
-39.7631
-39.7631
-39.7631
-39.7631
-39.7632
-39.7632
-39.7632
-39.7633
-39.7633
-39.7634
-39.7635
-39.7635
-39.7636
-39.7637
-39.7638
-39.7639
-39.764
-39.7641
-39.7642
-39.7644
-39.7645
-39.7646
-39.7648
-39.7649
-39.7651
-39.7653
-39.7655
-39.7656
-39.7658
-39.7661
-39.7663
-39.7665
-39.7667
-39.767
-39.7672
-39.7675
-39.7678
-39.7681
-39.7684
-39.7687
-39.769
-39.7694
-39.7697
-39.7701
-39.7705
-39.7709
-39.7713
-39.7717
-39.7722
-39.7726
-39.7731
-39.7736
-39.774
-39.7745
-39.775
-39.7755
-39.7759
-39.7764
-39.7768
-39.7773
-39.7777
-39.7781
-39.7785
-39.7789
-39.7792
-39.7796
-39.7799
-39.7803
-39.7806
-39.7809
-39.7813
-39.7816
-39.7819
-39.7823
-39.7912
-39.7912
-39.7912
-39.7912
-39.7913
-39.7913
-39.7913
-39.7914
-39.7914
-39.7915
-39.7915
-39.7916
-39.7917
-39.7917
-39.7918
-39.7919
-39.792
-39.7921
-39.7923
-39.7924
-39.7925
-39.7926
-39.7928
-39.7929
-39.7931
-39.7933
-39.7934
-39.7936
-39.7938
-39.794
-39.7942
-39.7944
-39.7947
-39.7949
-39.7951
-39.7954
-39.7957
-39.7959
-39.7962
-39.7965
-39.7968
-39.7972
-39.7975
-39.7979
-39.7982
-39.7986
-39.799
-39.7994
-39.7998
-39.8003
-39.8007
-39.8012
-39.8016
-39.8021
-39.8025
-39.803
-39.8035
-39.8039
-39.8044
-39.8048
-39.8052
-39.8056
-39.806
-39.8064
-39.8068
-39.8072
-39.8075
-39.8079
-39.8082
-39.8086
-39.8089
-39.8093
-39.8096
-39.8099
-39.8103
-39.8193
-39.8193
-39.8193
-39.8193
-39.8194
-39.8194
-39.8194
-39.8195
-39.8195
-39.8196
-39.8196
-39.8197
-39.8198
-39.8199
-39.82
-39.8201
-39.8202
-39.8203
-39.8204
-39.8205
-39.8206
-39.8208
-39.8209
-39.8211
-39.8212
-39.8214
-39.8216
-39.8218
-39.8219
-39.8221
-39.8224
-39.8226
-39.8228
-39.823
-39.8233
-39.8235
-39.8238
-39.8241
-39.8244
-39.8247
-39.825
-39.8253
-39.8257
-39.826
-39.8264
-39.8268
-39.8271
-39.8275
-39.8279
-39.8284
-39.8288
-39.8292
-39.8297
-39.8301
-39.8306
-39.831
-39.8315
-39.8319
-39.8323
-39.8328
-39.8332
-39.8336
-39.834
-39.8344
-39.8348
-39.8352
-39.8355
-39.8359
-39.8362
-39.8366
-39.8369
-39.8373
-39.8376
-39.838
-39.8383
-39.8474
-39.8474
-39.8474
-39.8474
-39.8475
-39.8475
-39.8475
-39.8476
-39.8476
-39.8477
-39.8477
-39.8478
-39.8479
-39.848
-39.8481
-39.8482
-39.8483
-39.8484
-39.8485
-39.8486
-39.8488
-39.8489
-39.849
-39.8492
-39.8494
-39.8495
-39.8497
-39.8499
-39.8501
-39.8503
-39.8505
-39.8507
-39.8509
-39.8512
-39.8514
-39.8517
-39.852
-39.8522
-39.8525
-39.8528
-39.8531
-39.8535
-39.8538
-39.8541
-39.8545
-39.8549
-39.8553
-39.8556
-39.856
-39.8565
-39.8569
-39.8573
-39.8577
-39.8582
-39.8586
-39.859
-39.8595
-39.8599
-39.8603
-39.8608
-39.8612
-39.8616
-39.862
-39.8624
-39.8628
-39.8631
-39.8635
-39.8639
-39.8642
-39.8646
-39.8649
-39.8653
-39.8656
-39.866
-39.8663
-39.8755
-39.8755
-39.8755
-39.8755
-39.8756
-39.8756
-39.8756
-39.8757
-39.8757
-39.8758
-39.8759
-39.8759
-39.876
-39.8761
-39.8762
-39.8763
-39.8764
-39.8765
-39.8766
-39.8767
-39.8769
-39.877
-39.8772
-39.8773
-39.8775
-39.8777
-39.8778
-39.878
-39.8782
-39.8784
-39.8786
-39.8788
-39.8791
-39.8793
-39.8796
-39.8798
-39.8801
-39.8804
-39.8807
-39.881
-39.8813
-39.8816
-39.8819
-39.8823
-39.8826
-39.883
-39.8834
-39.8837
-39.8841
-39.8845
-39.885
-39.8854
-39.8858
-39.8862
-39.8866
-39.8871
-39.8875
-39.8879
-39.8883
-39.8888
-39.8892
-39.8896
-39.89
-39.8904
-39.8907
-39.8911
-39.8915
-39.8919
-39.8922
-39.8926
-39.8929
-39.8933
-39.8936
-39.894
-39.8943
-39.9036
-39.9036
-39.9036
-39.9036
-39.9037
-39.9037
-39.9037
-39.9038
-39.9038
-39.9039
-39.9039
-39.904
-39.9041
-39.9042
-39.9043
-39.9044
-39.9045
-39.9046
-39.9047
-39.9049
-39.905
-39.9051
-39.9053
-39.9054
-39.9056
-39.9058
-39.9059
-39.9061
-39.9063
-39.9065
-39.9067
-39.907
-39.9072
-39.9074
-39.9077
-39.9079
-39.9082
-39.9085
-39.9088
-39.9091
-39.9094
-39.9097
-39.91
-39.9104
-39.9107
-39.9111
-39.9115
-39.9118
-39.9122
-39.9126
-39.913
-39.9134
-39.9138
-39.9143
-39.9147
-39.9151
-39.9155
-39.9159
-39.9163
-39.9168
-39.9172
-39.9176
-39.918
-39.9183
-39.9187
-39.9191
-39.9195
-39.9199
-39.9202
-39.9206
-39.9209
-39.9213
-39.9217
-39.922
-39.9224
-39.9317
-39.9317
-39.9317
-39.9317
-39.9317
-39.9318
-39.9318
-39.9319
-39.9319
-39.932
-39.932
-39.9321
-39.9322
-39.9323
-39.9324
-39.9325
-39.9326
-39.9327
-39.9328
-39.933
-39.9331
-39.9332
-39.9334
-39.9335
-39.9337
-39.9339
-39.9341
-39.9342
-39.9344
-39.9347
-39.9349
-39.9351
-39.9353
-39.9356
-39.9358
-39.9361
-39.9363
-39.9366
-39.9369
-39.9372
-39.9375
-39.9378
-39.9382
-39.9385
-39.9388
-39.9392
-39.9396
-39.9399
-39.9403
-39.9407
-39.9411
-39.9415
-39.9419
-39.9423
-39.9427
-39.9431
-39.9435
-39.944
-39.9444
-39.9448
-39.9452
-39.9456
-39.946
-39.9463
-39.9467
-39.9471
-39.9475
-39.9479
-39.9482
-39.9486
-39.949
-39.9493
-39.9497
-39.95
-39.9504
-39.9598
-39.9598
-39.9598
-39.9598
-39.9598
-39.9599
-39.9599
-39.9599
-39.96
-39.9601
-39.9601
-39.9602
-39.9603
-39.9604
-39.9605
-39.9606
-39.9607
-39.9608
-39.9609
-39.9611
-39.9612
-39.9613
-39.9615
-39.9616
-39.9618
-39.962
-39.9622
-39.9624
-39.9626
-39.9628
-39.963
-39.9632
-39.9634
-39.9637
-39.9639
-39.9642
-39.9644
-39.9647
-39.965
-39.9653
-39.9656
-39.9659
-39.9663
-39.9666
-39.9669
-39.9673
-39.9676
-39.968
-39.9684
-39.9688
-39.9692
-39.9696
-39.97
-39.9704
-39.9708
-39.9712
-39.9716
-39.972
-39.9724
-39.9728
-39.9732
-39.9736
-39.974
-39.9744
-39.9747
-39.9751
-39.9755
-39.9759
-39.9762
-39.9766
-39.977
-39.9773
-39.9777
-39.978
-39.9784
-39.9878
-39.9878
-39.9879
-39.9879
-39.9879
-39.9879
-39.988
-39.988
-39.9881
-39.9881
-39.9882
-39.9883
-39.9884
-39.9885
-39.9885
-39.9887
-39.9888
-39.9889
-39.989
-39.9891
-39.9893
-39.9894
-39.9896
-39.9897
-39.9899
-39.9901
-39.9903
-39.9905
-39.9907
-39.9909
-39.9911
-39.9913
-39.9915
-39.9918
-39.992
-39.9923
-39.9925
-39.9928
-39.9931
-39.9934
-39.9937
-39.994
-39.9943
-39.9947
-39.995
-39.9954
-39.9957
-39.9961
-39.9965
-39.9968
-39.9972
-39.9976
-39.998
-39.9984
-39.9988
-39.9992
-39.9996
-40
-40.0004
-40.0008
-40.0012
-40.0016
-40.002
-40.0024
-40.0027
-40.0031
-40.0035
-40.0039
-40.0042
-40.0046
-40.005
-40.0053
-40.0057
-40.0061
-40.0064
-40.0159
-40.0159
-40.0159
-40.0159
-40.016
-40.016
-40.016
-40.0161
-40.0161
-40.0162
-40.0163
-40.0163
-40.0164
-40.0165
-40.0166
-40.0167
-40.0168
-40.017
-40.0171
-40.0172
-40.0174
-40.0175
-40.0177
-40.0178
-40.018
-40.0182
-40.0184
-40.0185
-40.0187
-40.019
-40.0192
-40.0194
-40.0196
-40.0199
-40.0201
-40.0204
-40.0206
-40.0209
-40.0212
-40.0215
-40.0218
-40.0221
-40.0224
-40.0228
-40.0231
-40.0234
-40.0238
-40.0242
-40.0245
-40.0249
-40.0253
-40.0257
-40.0261
-40.0264
-40.0268
-40.0272
-40.0276
-40.028
-40.0284
-40.0288
-40.0292
-40.0296
-40.03
-40.0304
-40.0308
-40.0311
-40.0315
-40.0319
-40.0323
-40.0326
-40.033
-40.0334
-40.0337
-40.0341
-40.0344
-40.044
-40.044
-40.044
-40.044
-40.044
-40.0441
-40.0441
-40.0441
-40.0442
-40.0443
-40.0443
-40.0444
-40.0445
-40.0446
-40.0447
-40.0448
-40.0449
-40.045
-40.0452
-40.0453
-40.0455
-40.0456
-40.0458
-40.0459
-40.0461
-40.0463
-40.0464
-40.0466
-40.0468
-40.047
-40.0473
-40.0475
-40.0477
-40.0479
-40.0482
-40.0485
-40.0487
-40.049
-40.0493
-40.0496
-40.0499
-40.0502
-40.0505
-40.0508
-40.0512
-40.0515
-40.0519
-40.0522
-40.0526
-40.053
-40.0533
-40.0537
-40.0541
-40.0545
-40.0549
-40.0553
-40.0557
-40.0561
-40.0564
-40.0568
-40.0572
-40.0576
-40.058
-40.0584
-40.0588
-40.0592
-40.0595
-40.0599
-40.0603
-40.0606
-40.061
-40.0614
-40.0617
-40.0621
-40.0625
-40.072
-40.072
-40.072
-40.072
-40.0721
-40.0721
-40.0721
-40.0722
-40.0722
-40.0723
-40.0724
-40.0725
-40.0726
-40.0727
-40.0728
-40.0729
-40.073
-40.0731
-40.0733
-40.0734
-40.0735
-40.0737
-40.0738
-40.074
-40.0742
-40.0743
-40.0745
-40.0747
-40.0749
-40.0751
-40.0753
-40.0756
-40.0758
-40.076
-40.0763
-40.0765
-40.0768
-40.0771
-40.0774
-40.0776
-40.0779
-40.0783
-40.0786
-40.0789
-40.0792
-40.0796
-40.0799
-40.0803
-40.0806
-40.081
-40.0814
-40.0818
-40.0821
-40.0825
-40.0829
-40.0833
-40.0837
-40.0841
-40.0845
-40.0849
-40.0853
-40.0856
-40.086
-40.0864
-40.0868
-40.0872
-40.0876
-40.0879
-40.0883
-40.0887
-40.089
-40.0894
-40.0898
-40.0901
-40.0905
-40.1001
-40.1001
-40.1001
-40.1001
-40.1001
-40.1001
-40.1002
-40.1002
-40.1003
-40.1004
-40.1004
-40.1005
-40.1006
-40.1007
-40.1008
-40.1009
-40.1011
-40.1012
-40.1013
-40.1015
-40.1016
-40.1017
-40.1019
-40.1021
-40.1022
-40.1024
-40.1026
-40.1028
-40.103
-40.1032
-40.1034
-40.1036
-40.1039
-40.1041
-40.1043
-40.1046
-40.1049
-40.1051
-40.1054
-40.1057
-40.106
-40.1063
-40.1066
-40.107
-40.1073
-40.1076
-40.108
-40.1083
-40.1087
-40.1091
-40.1094
-40.1098
-40.1102
-40.1106
-40.111
-40.1113
-40.1117
-40.1121
-40.1125
-40.1129
-40.1133
-40.1137
-40.1141
-40.1144
-40.1148
-40.1152
-40.1156
-40.1159
-40.1163
-40.1167
-40.1171
-40.1174
-40.1178
-40.1182
-40.1185
-40.1281
-40.1281
-40.1281
-40.1281
-40.1282
-40.1282
-40.1282
-40.1283
-40.1283
-40.1284
-40.1285
-40.1286
-40.1287
-40.1288
-40.1289
-40.129
-40.1291
-40.1292
-40.1294
-40.1295
-40.1297
-40.1298
-40.13
-40.1301
-40.1303
-40.1305
-40.1307
-40.1308
-40.131
-40.1312
-40.1315
-40.1317
-40.1319
-40.1322
-40.1324
-40.1327
-40.1329
-40.1332
-40.1335
-40.1338
-40.1341
-40.1344
-40.1347
-40.135
-40.1353
-40.1357
-40.136
-40.1364
-40.1367
-40.1371
-40.1375
-40.1378
-40.1382
-40.1386
-40.139
-40.1394
-40.1398
-40.1401
-40.1405
-40.1409
-40.1413
-40.1417
-40.1421
-40.1425
-40.1428
-40.1432
-40.1436
-40.144
-40.1443
-40.1447
-40.1451
-40.1455
-40.1458
-40.1462
-40.1465
-40.1561
-40.1561
-40.1561
-40.1562
-40.1562
-40.1562
-40.1563
-40.1563
-40.1564
-40.1564
-40.1565
-40.1566
-40.1567
-40.1568
-40.1569
-40.157
-40.1571
-40.1573
-40.1574
-40.1576
-40.1577
-40.1579
-40.158
-40.1582
-40.1583
-40.1585
-40.1587
-40.1589
-40.1591
-40.1593
-40.1595
-40.1597
-40.16
-40.1602
-40.1605
-40.1607
-40.161
-40.1612
-40.1615
-40.1618
-40.1621
-40.1624
-40.1627
-40.1631
-40.1634
-40.1637
-40.1641
-40.1644
-40.1648
-40.1652
-40.1655
-40.1659
-40.1663
-40.1666
-40.167
-40.1674
-40.1678
-40.1682
-40.1686
-40.169
-40.1693
-40.1697
-40.1701
-40.1705
-40.1709
-40.1712
-40.1716
-40.172
-40.1724
-40.1727
-40.1731
-40.1735
-40.1738
-40.1742
-40.1746
-40.1842
-40.1842
-40.1842
-40.1842
-40.1842
-40.1842
-40.1843
-40.1843
-40.1844
-40.1845
-40.1845
-40.1846
-40.1847
-40.1848
-40.1849
-40.1851
-40.1852
-40.1853
-40.1854
-40.1856
-40.1857
-40.1859
-40.186
-40.1862
-40.1864
-40.1866
-40.1867
-40.1869
-40.1871
-40.1873
-40.1876
-40.1878
-40.188
-40.1882
-40.1885
-40.1888
-40.189
-40.1893
-40.1896
-40.1899
-40.1902
-40.1905
-40.1908
-40.1911
-40.1914
-40.1918
-40.1921
-40.1925
-40.1928
-40.1932
-40.1936
-40.1939
-40.1943
-40.1947
-40.1951
-40.1955
-40.1958
-40.1962
-40.1966
-40.197
-40.1974
-40.1978
-40.1981
-40.1985
-40.1989
-40.1993
-40.1997
-40.2
-40.2004
-40.2008
-40.2011
-40.2015
-40.2019
-40.2022
-40.2026
)
;

boundaryField
{
    leftWall
    {
        type            calculated;
        value           nonuniform List<scalar> 
40
(
-1.77636e-15
-27.4139
-38.8462
-39.1703
-39.1981
-39.2268
-39.2551
-39.2835
-39.3119
-39.3402
-39.3685
-39.3968
-39.425
-39.4533
-39.4815
-39.5097
-39.5379
-39.5661
-39.5942
-39.6224
-39.6506
-39.6787
-39.7068
-39.735
-39.7631
-39.7912
-39.8193
-39.8474
-39.8755
-39.9036
-39.9317
-39.9598
-39.9878
-40.0159
-40.044
-40.072
-40.1001
-40.1281
-40.1561
-40.1842
)
;
    }
    rightWall
    {
        type            calculated;
        value           nonuniform List<scalar> 0();
    }
    lowerWall
    {
        type            calculated;
        value           nonuniform List<scalar> 
75
(
13.8842
13.8585
13.8237
13.7798
13.7471
13.7355
13.7481
13.7788
13.8197
13.8622
13.8974
13.9226
13.938
13.9446
13.9458
13.9451
13.9422
13.9348
13.9187
13.8876
13.8421
13.7849
13.7193
13.6526
13.5929
13.5448
13.5104
13.4894
13.4806
13.4815
13.4896
13.5052
13.5291
13.5606
13.5973
13.6352
13.6698
13.6988
13.7217
13.7396
13.7543
13.7666
13.7755
13.7791
13.776
13.7637
13.7429
13.7161
13.6853
13.6524
13.6202
13.5923
13.5691
13.5509
13.5384
13.5313
13.5279
13.5276
13.5282
13.5242
13.518
13.5104
13.4971
13.4754
13.4445
13.4054
13.3593
13.3076
13.255
13.2056
13.1619
13.1256
13.1004
13.0838
13.068
)
;
    }
    atmosphere
    {
        type            calculated;
        value           nonuniform List<scalar> 
75
(
-40.1982
-40.1982
-40.1982
-40.1982
-40.1982
-40.1983
-40.1983
-40.1983
-40.1984
-40.1985
-40.1985
-40.1986
-40.1987
-40.1988
-40.1989
-40.1991
-40.1992
-40.1993
-40.1995
-40.1996
-40.1997
-40.1999
-40.2001
-40.2002
-40.2004
-40.2006
-40.2008
-40.2009
-40.2011
-40.2014
-40.2016
-40.2018
-40.202
-40.2023
-40.2025
-40.2028
-40.203
-40.2033
-40.2036
-40.2039
-40.2042
-40.2045
-40.2048
-40.2051
-40.2055
-40.2058
-40.2061
-40.2065
-40.2069
-40.2072
-40.2076
-40.208
-40.2083
-40.2087
-40.2091
-40.2095
-40.2099
-40.2102
-40.2106
-40.211
-40.2114
-40.2118
-40.2122
-40.2125
-40.2129
-40.2133
-40.2137
-40.2141
-40.2144
-40.2148
-40.2152
-40.2155
-40.2159
-40.2163
-40.2166
)
;
    }
    defaultFaces
    {
        type            empty;
    }
    procBoundary0to1
    {
        type            processor;
        value           nonuniform List<scalar> 
40
(
-0.685388
-27.8368
-38.8516
-39.1915
-39.2197
-39.2482
-39.2766
-39.305
-39.3334
-39.3616
-39.3898
-39.418
-39.4461
-39.4742
-39.5023
-39.5303
-39.5584
-39.5864
-39.6145
-39.6425
-39.6705
-39.6985
-39.7266
-39.7546
-39.7826
-39.8106
-39.8386
-39.8667
-39.8947
-39.9227
-39.9507
-39.9787
-40.0068
-40.0348
-40.0628
-40.0909
-40.1189
-40.1469
-40.1749
-40.203
)
;
    }
}


// ************************************************************************* //
