/*--------------------------------*- C++ -*----------------------------------*\
| =========                 |                                                 |
| \\      /  F ield         | OpenFOAM: The Open Source CFD Toolbox           |
|  \\    /   O peration     | Version:  2606                                  |
|   \\  /    A nd           | Website:  www.openfoam.com                      |
|    \\/     M anipulation  |                                                 |
\*---------------------------------------------------------------------------*/
FoamFile
{
    version     2.0;
    format      ascii;
    arch        "LSB;label=32;scalar=64";
    class       volScalarField;
    location    "0.425";
    object      p_rgh;
}
// * * * * * * * * * * * * * * * * * * * * * * * * * * * * * * * * * * * * * //

dimensions      [1 -1 -2 0 0 0 0];

internalField   nonuniform List<scalar> 
4800
(
17.463479
17.334247
17.307868
17.287769
17.254392
17.199068
17.126611
17.046879
16.962616
16.872972
16.778845
16.679623
16.573717
16.460952
16.342254
16.217404
16.086861
15.952108
15.814622
15.67561
15.535747
15.394729
15.251293
15.103245
14.947797
14.782033
14.603536
14.410886
14.203751
13.982573
13.748177
13.501576
13.243961
12.97673
12.701386
12.419264
12.131346
11.838341
11.540813
11.239027
10.932493
10.619501
10.297106
9.9619451
9.6116141
9.2457134
8.8657622
8.4741478
8.0729133
7.663747
7.2479576
6.8266705
6.4009273
5.9719197
5.54122
5.1106087
4.6814215
4.2540395
3.8281697
3.4032916
2.9786746
2.552786
2.1224934
1.6844662
1.2340274
0.76605694
0.27677731
-0.23528399
-0.76853839
-1.3211236
-1.8887026
-2.4648
-3.0435327
-3.6207214
-4.1936414
-4.7607439
-5.3214554
-5.8759702
-6.425048
-6.9698675
-7.5119445
-8.0530793
-8.5952784
-9.1406136
-9.6910197
-10.248074
-10.812815
-11.38563
-11.96625
-12.553815
-13.147018
-13.744275
-14.343919
-14.944368
-15.544256
-16.142511
-16.738382
-17.331425
-17.921475
-18.508602
-19.093037
-19.675089
-20.255108
-20.833449
-21.410432
-21.986304
-22.561225
-23.135257
-23.708375
-24.280482
-24.851425
-25.42103
-25.989136
-26.555627
-27.120473
-27.683766
-28.24575
-28.806855
-29.367708
-29.929216
-30.492305
-31.058036
-31.628126
-32.20427
-32.78813
-33.381446
-33.986079
-34.603928
-35.236837
-35.88654
-36.55461
-37.242384
-37.950896
-38.680887
-39.432856
-40.206993
-41.00323
-41.821559
-42.66147
-43.521868
-44.401329
-45.297652
-46.208568
-47.134647
-48.073499
-49.008006
-49.925767
-50.823482
-51.679456
-52.482478
-53.252094
-54.033764
-54.861323
-55.83892
-56.873145
-57.974997
-59.127386
-60.29897
-61.443351
-62.526038
-63.52939
-64.439079
-65.214578
-65.840971
-66.469744
-67.086241
-67.624677
-68.035682
-68.311028
-68.499525
-68.646135
-68.76647
-68.865437
-68.954455
-69.038409
-69.115666
-69.185109
-69.24662
-69.300475
-69.347221
-69.387547
-69.422194
-69.451878
-69.47726
-69.498937
-69.517437
-69.53322
-69.546684
-69.558169
-69.567966
-69.576324
-69.583457
-69.589544
-69.594739
-69.599174
-69.60296
-69.606192
-69.608951
-69.611308
-69.61332
-69.615039
-69.616507
-69.617761
-69.618832
-69.619747
-69.620529
-69.621196
-69.621766
-69.622253
-69.622669
-69.623025
-69.623328
-69.623587
-69.623809
-69.623999
-69.624161
-69.624299
-69.624417
-69.624519
-69.624605
-69.624679
-69.624742
-69.624796
-69.624842
-69.624881
-69.624915
-69.624944
-69.624968
-69.624989
-69.625006
-69.625021
-69.625033
-69.625044
-69.625052
-69.625059
-69.625065
-69.625069
-69.625072
-69.625074
-69.625075
14.192444
13.237065
12.855595
12.545788
12.238026
11.978592
11.802349
11.705447
11.641438
11.585819
11.538907
11.485268
11.41129
11.31342
11.200573
11.06944
10.922483
10.764614
10.600661
10.435152
10.27146
10.110838
9.9518027
9.7905048
9.6214955
9.4389196
9.2379151
9.0156442
8.7712368
8.5050156
8.2178475
7.9109208
7.5858071
7.2445461
6.8893292
6.5218133
6.1429948
5.7537168
5.3549298
4.9473499
4.5305885
4.1021472
3.6573292
3.1908046
2.6991733
2.1825067
1.6435727
1.0857525
0.51189624
-0.076166503
-0.67714356
-1.2902092
-1.9147315
-2.5494992
-3.1921086
-3.8398781
-4.4916211
-5.1479055
-5.8095409
-6.4770077
-7.151112
-7.8340284
-8.529832
-9.2441564
-9.9843354
-10.758181
-11.57167
-12.427036
-13.321614
-14.244334
-15.183348
-16.12989
-17.077102
-18.020004
-18.955647
-19.882793
-20.801453
-21.712462
-22.617172
-23.517289
-24.414832
-25.312116
-26.211688
-27.116116
-28.027685
-28.948038
-29.87792
-30.817048
-31.764158
-32.717169
-33.673442
-34.630066
-35.584149
-36.533046
-37.474523
-38.406813
-39.328605
-40.238989
-41.137386
-42.023506
-42.897208
-43.758387
-44.606946
-45.442766
-46.265646
-47.075262
-47.871147
-48.652697
-49.419185
-50.16979
-50.903626
-51.619784
-52.317373
-52.995564
-53.653634
-54.290996
-54.907228
-55.502094
-56.075553
-56.627778
-57.159138
-57.670175
-58.161623
-58.634355
-59.08938
-59.527796
-59.950755
-60.359428
-60.75497
-61.138477
-61.51094
-61.873171
-62.225754
-62.56909
-62.903493
-63.229081
-63.545927
-63.854774
-64.156039
-64.449515
-64.734674
-65.01025
-65.275728
-65.534874
-65.785791
-65.988875
-66.129224
-66.246484
-66.326707
-66.359867
-66.338966
-66.264134
-66.130745
-65.942596
-65.741674
-65.556281
-65.409087
-65.297908
-65.197348
-65.12031
-65.081067
-65.079582
-65.123143
-65.253826
-65.576153
-66.204902
-66.933346
-67.620219
-68.141981
-68.478336
-68.666366
-68.77798
-68.869175
-68.958644
-69.044904
-69.123426
-69.193302
-69.254676
-69.308007
-69.354023
-69.393553
-69.427416
-69.456371
-69.4811
-69.502206
-69.520214
-69.535578
-69.548684
-69.559866
-69.569406
-69.577547
-69.584496
-69.590427
-69.595491
-69.599813
-69.603504
-69.606655
-69.609346
-69.611644
-69.613607
-69.615283
-69.616716
-69.617939
-69.618984
-69.619877
-69.62064
-69.621291
-69.621847
-69.622322
-69.622728
-69.623075
-69.623371
-69.623624
-69.62384
-69.624025
-69.624183
-69.624319
-69.624434
-69.624533
-69.624617
-69.624689
-69.624751
-69.624804
-69.624849
-69.624887
-69.62492
-69.624948
-69.624972
-69.624992
-69.625009
-69.625023
-69.625035
-69.625045
-69.625054
-69.625061
-69.625066
-69.62507
-69.625073
-69.625075
-69.625076
-20.138859
-20.230953
-19.613415
-19.290547
-19.13013
-19.112473
-19.180011
-19.344299
-19.563287
-19.808103
-20.07656
-20.362758
-20.652356
-20.937212
-21.217519
-21.494542
-21.765783
-22.027078
-22.275802
-22.511344
-22.735436
-22.952249
-23.167946
-23.390074
-23.626943
-23.886438
-24.1739
-24.490901
-24.836413
-25.208675
-25.606016
-26.02687
-26.46931
-26.93044
-27.406924
-27.896698
-28.398645
-28.911157
-29.431882
-29.958268
-30.489095
-31.026607
-31.576948
-32.147615
-32.743095
-33.362541
-34.002021
-34.657843
-35.327563
-36.00926
-36.701159
-37.401989
-38.111015
-38.826576
-39.543965
-40.256729
-40.960817
-41.655596
-42.340782
-43.015421
-43.679053
-44.332795
-44.980021
-45.627133
-46.283529
-46.960227
-47.666981
-48.4088
-49.183744
-49.98342
-50.795598
-51.607569
-52.408601
-53.190865
-53.94931
-54.681099
-55.385005
-56.060891
-56.709363
-57.331614
-57.929425
-58.505233
-59.062097
-59.603487
-60.132901
-60.653392
-61.16717
-61.675348
-62.177877
-62.673645
-63.160692
-63.636513
-64.098387
-64.543687
-64.970118
-65.375862
-65.759628
-66.120631
-66.458569
-66.773601
-67.066212
-67.337086
-67.587088
-67.817233
-68.028619
-68.222381
-68.399655
-68.56156
-68.70919
-68.843604
-68.96582
-69.076809
-69.177492
-69.268733
-69.351343
-69.426074
-69.493623
-69.554623
-69.609652
-69.659232
-69.70383
-69.743866
-69.779694
-69.811587
-69.839779
-69.864453
-69.885745
-69.903774
-69.918671
-69.930619
-69.939898
-69.946944
-69.9524
-69.957099
-69.961908
-69.96745
-69.974677
-69.986721
-70.00663
-70.03663
-70.079195
-70.137389
-70.213694
-70.309223
-70.4224
-70.548121
-70.678244
-70.801092
-70.90328
-70.97258
-70.999721
-70.986819
-70.934738
-70.84701
-70.727287
-70.580796
-70.409219
-70.219274
-70.016228
-69.799424
-69.564949
-69.307932
-69.024222
-68.722503
-68.416551
-68.20703
-68.121439
-68.160736
-68.353665
-68.581263
-68.753267
-68.859985
-68.934226
-69.010558
-69.089094
-69.160997
-69.224929
-69.2811
-69.329959
-69.372206
-69.408602
-69.439877
-69.466704
-69.489687
-69.50936
-69.526189
-69.54058
-69.552882
-69.563397
-69.572381
-69.580059
-69.58662
-69.592226
-69.597016
-69.601108
-69.604604
-69.60759
-69.610142
-69.612321
-69.614184
-69.615775
-69.617135
-69.618297
-69.619289
-69.620137
-69.620862
-69.621481
-69.622009
-69.62246
-69.622846
-69.623176
-69.623457
-69.623698
-69.623903
-69.624079
-69.624229
-69.624358
-69.624468
-69.624561
-69.624642
-69.62471
-69.624769
-69.624819
-69.624862
-69.624898
-69.624929
-69.624956
-69.624979
-69.624998
-69.625014
-69.625028
-69.625039
-69.625049
-69.625057
-69.625063
-69.625069
-69.625072
-69.625075
-69.625077
-69.625078
-56.681911
-56.168768
-56.026365
-56.012056
-56.023757
-56.047497
-56.053624
-56.037364
-56.005131
-55.969806
-55.941601
-55.92405
-55.917713
-55.925796
-55.955923
-56.012011
-56.091248
-56.193185
-56.318409
-56.466363
-56.635124
-56.821268
-57.020342
-57.228152
-57.442551
-57.664147
-57.894085
-58.131875
-58.37631
-58.626756
-58.883009
-59.144978
-59.411974
-59.681193
-59.948182
-60.210653
-60.467972
-60.71892
-60.961484
-61.192803
-61.411143
-61.619992
-61.829902
-62.055374
-62.307376
-62.587837
-62.891582
-63.211
-63.538616
-63.867642
-64.192409
-64.50921
-64.816326
-65.111714
-65.390221
-65.646135
-65.87772
-66.087662
-66.279034
-66.453766
-66.613641
-66.761364
-66.901797
-67.043161
-67.196969
-67.375952
-67.589937
-67.84093
-68.120412
-68.411424
-68.694576
-68.954148
-69.181174
-69.373129
-69.53189
-69.66159
-69.767083
-69.853011
-69.92329
-69.980922
-70.028046
-70.066182
-70.096564
-70.120392
-70.138906
-70.153324
-70.164715
-70.173936
-70.181609
-70.188152
-70.193809
-70.198698
-70.202862
-70.206329
-70.209162
-70.211471
-70.213389
-70.215006
-70.216327
-70.217488
-70.218601
-70.219591
-70.220404
-70.221023
-70.22147
-70.221774
-70.221952
-70.222008
-70.22194
-70.22174
-70.221399
-70.220902
-70.220232
-70.219366
-70.218277
-70.216935
-70.215301
-70.213325
-70.210949
-70.20811
-70.204736
-70.20076
-70.196114
-70.190723
-70.184532
-70.177512
-70.169667
-70.161037
-70.151705
-70.141808
-70.131536
-70.121158
-70.111047
-70.101704
-70.093818
-70.08832
-70.086413
-70.089568
-70.099665
-70.119033
-70.15037
-70.196562
-70.260311
-70.343407
-70.445343
-70.562337
-70.688069
-70.813213
-70.926547
-71.018056
-71.079938
-71.091686
-71.066932
-71.010815
-70.93247
-70.836037
-70.725022
-70.593098
-70.43499
-70.249238
-70.038489
-69.80958
-69.578393
-69.358375
-69.160103
-69.021805
-68.955007
-68.854188
-68.850976
-68.997648
-69.090055
-69.094644
-69.090113
-69.124398
-69.175944
-69.228448
-69.278243
-69.323723
-69.364311
-69.40008
-69.431352
-69.458543
-69.482092
-69.502426
-69.519948
-69.53502
-69.547969
-69.55908
-69.568609
-69.576774
-69.583769
-69.589757
-69.594883
-69.599269
-69.603021
-69.606229
-69.608972
-69.611317
-69.613322
-69.615037
-69.616502
-69.617755
-69.618825
-69.61974
-69.620522
-69.62119
-69.621761
-69.622248
-69.622665
-69.62302
-69.623324
-69.623584
-69.623806
-69.623996
-69.624158
-69.624297
-69.624416
-69.624517
-69.624604
-69.624678
-69.624741
-69.624795
-69.624842
-69.624881
-69.624915
-69.624944
-69.624968
-69.624989
-69.625007
-69.625022
-69.625034
-69.625045
-69.625054
-69.625061
-69.625067
-69.625072
-69.625076
-69.625078
-69.62508
-69.625081
-67.28592
-67.492114
-67.65533
-67.774749
-67.880346
-67.922412
-67.90232
-67.841291
-67.763006
-67.686595
-67.614454
-67.548447
-67.491186
-67.44638
-67.420152
-67.419943
-67.440614
-67.491707
-67.572147
-67.673563
-67.78631
-67.900578
-68.008261
-68.105218
-68.193125
-68.279083
-68.370296
-68.468479
-68.571227
-68.67532
-68.777757
-68.876394
-68.969691
-69.054956
-69.128475
-69.190295
-69.243463
-69.289018
-69.326808
-69.355469
-69.374756
-69.392238
-69.423877
-69.485968
-69.582213
-69.698165
-69.81306
-69.912793
-69.992596
-70.053279
-70.09776
-70.129692
-70.153732
-70.17493
-70.195113
-70.209373
-70.214788
-70.216499
-70.217952
-70.219264
-70.220477
-70.221611
-70.222675
-70.223666
-70.224614
-70.225572
-70.226611
-70.227802
-70.229189
-70.230761
-70.232461
-70.2342
-70.235917
-70.237579
-70.239174
-70.240699
-70.242147
-70.243494
-70.244704
-70.245746
-70.246605
-70.247295
-70.247856
-70.248338
-70.248786
-70.249228
-70.249674
-70.250123
-70.250571
-70.251016
-70.251461
-70.251915
-70.252391
-70.252901
-70.253453
-70.254048
-70.25468
-70.255336
-70.256003
-70.256668
-70.257314
-70.257932
-70.258519
-70.25907
-70.25958
-70.260041
-70.260449
-70.2608
-70.261094
-70.261325
-70.261484
-70.261558
-70.261527
-70.26137
-70.261063
-70.260578
-70.259872
-70.258899
-70.257605
-70.255931
-70.253814
-70.251184
-70.247976
-70.244129
-70.239588
-70.234323
-70.228355
-70.221724
-70.214509
-70.206834
-70.198884
-70.190922
-70.1833
-70.176484
-70.1711
-70.167972
-70.168164
-70.17296
-70.183936
-70.202964
-70.23213
-70.273565
-70.329127
-70.400073
-70.487019
-70.590236
-70.703771
-70.812218
-70.900037
-70.960585
-70.994142
-71.008521
-70.98634
-70.929481
-70.847297
-70.746567
-70.626742
-70.484955
-70.317688
-70.127382
-69.927354
-69.733156
-69.56929
-69.448852
-69.405398
-69.408738
-69.398851
-69.404559
-69.462672
-69.527264
-69.497143
-69.385478
-69.299518
-69.280382
-69.292422
-69.31738
-69.347608
-69.378643
-69.408322
-69.435691
-69.460393
-69.482379
-69.501761
-69.518733
-69.533521
-69.546358
-69.557467
-69.56706
-69.575327
-69.582442
-69.588559
-69.593812
-69.59832
-69.602185
-69.605497
-69.608334
-69.610763
-69.612842
-69.614621
-69.616143
-69.617445
-69.618559
-69.619511
-69.620325
-69.621021
-69.621616
-69.622124
-69.622559
-69.62293
-69.623247
-69.623518
-69.623749
-69.623947
-69.624117
-69.624261
-69.624385
-69.624491
-69.624581
-69.624659
-69.624725
-69.624781
-69.62483
-69.624871
-69.624906
-69.624936
-69.624962
-69.624984
-69.625003
-69.625018
-69.625032
-69.625043
-69.625053
-69.625061
-69.625067
-69.625073
-69.625077
-69.62508
-69.625083
-69.625084
-69.625085
-69.661376
-69.710301
-69.705451
-69.699332
-69.69461
-69.680596
-69.658129
-69.644305
-69.648527
-69.664166
-69.68252
-69.698866
-69.71203
-69.724543
-69.741425
-69.766964
-69.801821
-69.842933
-69.88544
-69.924241
-69.955594
-69.978161
-69.992897
-70.00295
-70.013636
-70.031269
-70.057998
-70.088283
-70.115501
-70.136822
-70.15235
-70.163672
-70.172994
-70.181601
-70.187998
-70.191254
-70.193352
-70.195137
-70.196942
-70.198674
-70.200264
-70.201915
-70.203543
-70.205278
-70.207165
-70.208945
-70.210828
-70.212684
-70.21453
-70.216407
-70.218393
-70.220539
-70.222734
-70.224677
-70.226192
-70.227419
-70.22873
-70.230146
-70.231631
-70.233126
-70.234582
-70.235962
-70.237241
-70.238419
-70.239541
-70.240682
-70.241939
-70.243368
-70.245029
-70.246918
-70.248993
-70.251187
-70.253439
-70.2557
-70.257936
-70.260118
-70.262216
-70.264196
-70.266017
-70.267648
-70.269076
-70.270311
-70.271387
-70.272342
-70.273216
-70.274034
-70.274812
-70.275556
-70.276273
-70.276969
-70.277659
-70.27836
-70.279089
-70.27986
-70.280683
-70.281557
-70.282481
-70.283447
-70.28445
-70.285481
-70.286531
-70.287594
-70.288665
-70.289739
-70.290808
-70.29187
-70.292923
-70.293967
-70.294996
-70.296002
-70.296972
-70.297893
-70.29875
-70.299525
-70.300202
-70.300757
-70.30116
-70.301365
-70.301324
-70.300988
-70.300303
-70.299213
-70.297666
-70.295618
-70.293032
-70.289867
-70.286205
-70.282057
-70.277515
-70.272726
-70.267906
-70.263341
-70.259404
-70.256587
-70.255532
-70.257019
-70.262135
-70.272065
-70.288234
-70.312249
-70.34578
-70.390372
-70.447094
-70.515853
-70.594536
-70.678311
-70.759955
-70.834062
-70.895391
-70.930762
-70.925917
-70.886951
-70.822195
-70.73522
-70.627728
-70.505253
-70.366198
-70.206696
-70.030761
-69.851709
-69.692372
-69.582677
-69.545649
-69.583301
-69.635769
-69.7219
-69.846437
-69.982974
-70.072593
-70.037973
-69.874144
-69.660797
-69.516019
-69.446965
-69.420288
-69.417196
-69.42648
-69.441647
-69.45915
-69.47704
-69.494268
-69.510294
-69.524879
-69.537961
-69.549572
-69.559798
-69.568753
-69.576558
-69.583338
-69.589211
-69.594287
-69.598666
-69.602438
-69.605682
-69.608469
-69.610862
-69.612914
-69.614674
-69.616182
-69.617473
-69.61858
-69.619526
-69.620337
-69.62103
-69.621623
-69.622129
-69.622563
-69.622933
-69.623249
-69.62352
-69.623751
-69.623948
-69.624117
-69.624262
-69.624385
-69.624491
-69.624581
-69.624659
-69.624725
-69.624781
-69.62483
-69.624871
-69.624906
-69.624937
-69.624962
-69.624984
-69.625003
-69.625019
-69.625033
-69.625044
-69.625054
-69.625062
-69.625069
-69.625074
-69.625079
-69.625083
-69.625085
-69.625087
-69.625089
-69.625089
-70.062153
-70.053834
-70.022607
-69.994737
-69.975373
-69.970042
-69.982704
-70.012236
-70.048214
-70.078321
-70.100178
-70.115178
-70.125174
-70.132563
-70.13949
-70.146993
-70.154433
-70.16063
-70.165247
-70.168625
-70.171149
-70.173017
-70.174436
-70.175694
-70.176982
-70.178328
-70.179659
-70.181013
-70.182449
-70.183929
-70.185577
-70.187409
-70.189341
-70.191211
-70.193015
-70.194874
-70.196809
-70.198757
-70.200665
-70.202484
-70.204212
-70.205916
-70.207677
-70.209528
-70.211519
-70.21358
-70.215745
-70.217982
-70.220307
-70.222732
-70.225257
-70.227822
-70.230283
-70.23246
-70.234294
-70.235906
-70.237442
-70.238961
-70.240463
-70.241931
-70.243347
-70.244698
-70.245985
-70.247222
-70.248444
-70.249706
-70.251069
-70.252589
-70.254302
-70.256213
-70.258297
-70.260509
-70.262803
-70.265135
-70.267467
-70.269764
-70.271993
-70.274122
-70.276119
-70.277962
-70.279641
-70.28116
-70.282536
-70.283791
-70.284947
-70.286023
-70.287037
-70.288001
-70.288928
-70.289831
-70.290723
-70.29162
-70.292538
-70.293491
-70.294492
-70.295549
-70.296664
-70.297836
-70.299058
-70.300325
-70.301629
-70.302969
-70.304342
-70.305748
-70.307182
-70.308636
-70.3101
-70.311564
-70.313026
-70.314485
-70.315943
-70.317401
-70.318851
-70.32028
-70.32167
-70.322998
-70.324234
-70.325347
-70.326303
-70.327069
-70.327609
-70.327884
-70.327864
-70.327525
-70.326855
-70.325865
-70.324613
-70.323171
-70.321665
-70.320275
-70.319241
-70.318889
-70.319643
-70.322048
-70.326803
-70.3346
-70.346818
-70.364516
-70.389121
-70.422144
-70.464985
-70.518691
-70.583791
-70.659508
-70.743028
-70.828678
-70.907046
-70.965595
-70.991984
-70.978287
-70.924845
-70.832897
-70.706534
-70.55357
-70.385895
-70.220771
-70.060723
-69.916486
-69.797136
-69.718547
-69.7019
-69.732642
-69.794607
-69.910998
-70.079056
-70.273292
-70.465859
-70.597511
-70.585673
-70.411165
-70.138807
-69.877295
-69.702709
-69.600445
-69.545085
-69.518349
-69.508486
-69.508385
-69.513736
-69.521916
-69.531337
-69.541048
-69.550493
-69.559366
-69.567513
-69.574874
-69.581449
-69.587272
-69.592394
-69.596878
-69.600786
-69.60418
-69.607121
-69.609663
-69.611856
-69.613744
-69.615369
-69.616766
-69.617965
-69.618994
-69.619877
-69.620633
-69.621281
-69.621836
-69.622311
-69.622717
-69.623064
-69.623361
-69.623615
-69.623832
-69.624018
-69.624176
-69.624312
-69.624428
-69.624528
-69.624613
-69.624685
-69.624748
-69.624801
-69.624846
-69.624885
-69.624919
-69.624947
-69.624971
-69.624992
-69.62501
-69.625025
-69.625038
-69.625049
-69.625058
-69.625066
-69.625072
-69.625078
-69.625082
-69.625086
-69.625089
-69.625091
-69.625093
-69.625094
-69.625095
-70.112121
-70.10437
-70.08499
-70.073573
-70.074972
-70.099343
-70.128783
-70.14564
-70.154028
-70.158486
-70.161284
-70.163367
-70.165113
-70.166649
-70.167985
-70.169121
-70.170094
-70.170971
-70.171802
-70.172623
-70.173489
-70.17444
-70.17551
-70.176709
-70.178009
-70.179359
-70.180709
-70.182088
-70.183559
-70.185141
-70.186856
-70.188703
-70.190627
-70.19256
-70.194499
-70.19645
-70.198398
-70.200335
-70.202244
-70.204098
-70.205886
-70.207639
-70.209417
-70.211275
-70.213237
-70.21532
-70.21751
-70.219795
-70.222167
-70.224619
-70.227134
-70.229654
-70.232074
-70.234289
-70.236261
-70.23804
-70.239709
-70.241325
-70.242906
-70.244451
-70.245953
-70.24741
-70.248824
-70.250211
-70.251601
-70.253029
-70.25454
-70.256168
-70.257937
-70.25985
-70.261895
-70.264043
-70.266263
-70.268522
-70.270788
-70.273034
-70.275232
-70.277355
-70.279379
-70.281284
-70.28306
-70.284706
-70.286232
-70.287652
-70.288984
-70.290243
-70.291446
-70.292602
-70.293725
-70.294824
-70.295913
-70.297005
-70.298115
-70.299257
-70.300443
-70.301678
-70.302966
-70.304307
-70.3057
-70.307143
-70.308638
-70.310185
-70.311784
-70.313429
-70.315109
-70.316814
-70.318538
-70.320287
-70.322071
-70.3239
-70.325773
-70.327683
-70.32962
-70.331572
-70.333528
-70.335474
-70.337394
-70.339272
-70.34109
-70.342831
-70.344474
-70.346006
-70.347417
-70.348708
-70.349899
-70.351034
-70.352191
-70.35348
-70.355056
-70.357129
-70.359972
-70.363949
-70.369525
-70.377293
-70.388004
-70.402584
-70.422249
-70.448305
-70.482281
-70.525809
-70.58044
-70.647446
-70.727257
-70.819005
-70.919719
-71.023503
-71.120678
-71.197887
-71.240257
-71.233498
-71.168698
-71.046733
-70.878387
-70.683043
-70.481334
-70.326435
-70.193227
-70.104573
-70.071828
-70.074702
-70.126908
-70.242977
-70.406016
-70.599162
-70.80275
-70.98467
-71.09664
-71.080457
-70.88077
-70.601051
-70.287035
-70.026574
-69.849148
-69.73187
-69.658451
-69.614106
-69.588537
-69.575054
-69.569233
-69.56817
-69.569962
-69.573374
-69.577616
-69.58217
-69.586722
-69.591084
-69.59515
-69.598869
-69.602223
-69.605216
-69.607867
-69.610199
-69.61224
-69.61402
-69.615566
-69.616905
-69.618063
-69.619063
-69.619924
-69.620666
-69.621303
-69.621851
-69.62232
-69.622723
-69.623068
-69.623364
-69.623616
-69.623833
-69.624018
-69.624176
-69.624312
-69.624428
-69.624527
-69.624612
-69.624684
-69.624746
-69.6248
-69.624845
-69.624884
-69.624918
-69.624946
-69.624971
-69.624992
-69.62501
-69.625025
-69.625038
-69.625049
-69.625059
-69.625067
-69.625073
-69.625079
-69.625084
-69.625088
-69.625091
-69.625094
-69.625096
-69.625098
-69.625099
-69.6251
-69.6251
-70.123908
-70.122862
-70.120009
-70.13382
-70.151206
-70.158615
-70.161058
-70.162277
-70.163112
-70.163925
-70.164753
-70.165611
-70.166513
-70.167451
-70.168397
-70.169318
-70.170202
-70.171067
-70.171941
-70.172851
-70.173821
-70.174868
-70.175997
-70.177203
-70.178472
-70.179787
-70.181143
-70.18256
-70.184065
-70.185675
-70.187398
-70.189223
-70.191108
-70.193008
-70.19491
-70.196818
-70.198732
-70.200644
-70.202542
-70.204419
-70.206274
-70.208123
-70.209991
-70.211906
-70.213889
-70.215949
-70.218088
-70.220305
-70.22259
-70.224932
-70.227309
-70.229678
-70.231979
-70.234159
-70.236195
-70.238098
-70.239897
-70.241623
-70.243293
-70.244916
-70.2465
-70.248047
-70.249565
-70.25107
-70.252583
-70.254131
-70.255742
-70.257437
-70.259233
-70.261132
-70.263128
-70.265204
-70.267338
-70.269507
-70.271685
-70.273849
-70.275976
-70.278043
-70.280033
-70.28193
-70.283727
-70.285423
-70.287022
-70.288534
-70.289971
-70.291344
-70.292665
-70.293944
-70.295194
-70.296424
-70.297646
-70.298874
-70.300119
-70.301391
-70.302701
-70.304055
-70.305457
-70.30691
-70.308415
-70.309972
-70.311585
-70.313254
-70.314979
-70.316759
-70.318586
-70.320458
-70.322374
-70.324342
-70.32637
-70.328462
-70.330619
-70.332835
-70.335108
-70.337434
-70.339809
-70.342229
-70.344688
-70.347181
-70.349705
-70.352256
-70.354834
-70.357444
-70.360101
-70.362831
-70.365682
-70.368725
-70.37206
-70.375823
-70.380194
-70.385404
-70.391753
-70.399628
-70.409514
-70.422025
-70.437929
-70.458183
-70.483965
-70.516652
-70.557846
-70.609314
-70.672894
-70.750306
-70.842644
-70.949913
-71.07036
-71.199707
-71.330263
-71.451257
-71.547937
-71.605204
-71.610362
-71.557723
-71.45155
-71.308535
-71.158444
-71.020235
-70.924946
-70.882645
-70.877586
-70.929974
-71.028905
-71.156888
-71.29718
-71.425916
-71.514533
-71.529459
-71.444735
-71.252176
-70.968996
-70.654601
-70.361939
-70.129826
-69.960322
-69.840093
-69.756796
-69.700765
-69.663288
-69.638825
-69.623341
-69.613958
-69.608669
-69.606093
-69.605307
-69.605613
-69.606582
-69.607924
-69.609441
-69.611007
-69.612539
-69.613991
-69.615335
-69.616558
-69.617657
-69.618636
-69.619501
-69.620262
-69.620927
-69.621506
-69.622009
-69.622445
-69.622822
-69.623148
-69.623428
-69.623669
-69.623876
-69.624053
-69.624206
-69.624336
-69.624448
-69.624543
-69.624625
-69.624696
-69.624756
-69.624807
-69.624852
-69.624889
-69.624922
-69.62495
-69.624974
-69.624994
-69.625012
-69.625027
-69.62504
-69.625051
-69.62506
-69.625068
-69.625075
-69.625081
-69.625086
-69.62509
-69.625093
-69.625096
-69.625099
-69.625101
-69.625103
-69.625104
-69.625105
-69.625106
-69.625106
-69.625107
-70.130486
-70.141444
-70.150928
-70.157192
-70.160086
-70.162035
-70.163489
-70.164719
-70.165561
-70.166184
-70.166628
-70.167019
-70.16747
-70.16803
-70.1687
-70.16945
-70.170257
-70.171108
-70.172006
-70.172959
-70.173973
-70.175055
-70.176209
-70.177434
-70.178722
-70.18006
-70.181447
-70.182889
-70.184403
-70.185999
-70.187685
-70.189452
-70.19128
-70.193145
-70.195034
-70.196933
-70.198837
-70.200739
-70.202634
-70.204518
-70.206393
-70.208273
-70.210177
-70.21212
-70.214117
-70.216173
-70.218289
-70.220462
-70.222685
-70.224945
-70.227219
-70.229476
-70.231677
-70.233793
-70.235811
-70.237738
-70.239587
-70.24137
-70.2431
-70.244783
-70.246431
-70.248048
-70.249644
-70.251233
-70.252831
-70.254457
-70.256132
-70.257869
-70.259678
-70.261563
-70.263519
-70.265535
-70.267595
-70.269683
-70.271779
-70.273863
-70.275917
-70.277925
-70.279871
-70.281744
-70.283539
-70.285254
-70.286891
-70.288456
-70.289956
-70.291402
-70.292803
-70.294168
-70.295508
-70.296832
-70.29815
-70.299475
-70.300815
-70.30218
-70.303579
-70.305019
-70.306503
-70.308036
-70.309621
-70.311259
-70.312953
-70.314705
-70.316518
-70.318393
-70.320328
-70.322325
-70.324384
-70.326512
-70.328714
-70.330996
-70.333359
-70.335807
-70.338339
-70.34096
-70.34367
-70.346474
-70.349373
-70.352374
-70.355483
-70.358714
-70.362081
-70.365608
-70.369328
-70.37329
-70.377563
-70.382238
-70.387435
-70.393309
-70.400058
-70.407932
-70.417243
-70.428384
-70.441839
-70.458206
-70.478224
-70.502793
-70.533006
-70.570154
-70.615745
-70.671485
-70.739227
-70.820819
-70.917793
-71.030994
-71.160073
-71.302868
-71.454819
-71.608808
-71.754828
-71.881492
-71.977759
-72.035458
-72.051744
-72.031582
-71.987652
-71.93294
-71.891905
-71.866386
-71.865032
-71.882421
-71.909206
-71.932485
-71.936753
-71.905388
-71.823484
-71.680836
-71.476346
-71.219861
-70.933668
-70.652401
-70.404374
-70.202836
-70.046448
-69.928261
-69.840651
-69.776842
-69.730797
-69.697825
-69.674383
-69.657836
-69.646239
-69.63816
-69.632735
-69.628995
-69.62651
-69.624907
-69.623917
-69.623347
-69.623062
-69.622965
-69.622989
-69.623088
-69.62323
-69.623392
-69.623561
-69.623727
-69.623885
-69.624033
-69.624167
-69.624288
-69.624396
-69.624492
-69.624576
-69.62465
-69.624714
-69.624769
-69.624817
-69.624858
-69.624894
-69.624925
-69.624951
-69.624974
-69.624994
-69.625011
-69.625025
-69.625038
-69.625049
-69.625058
-69.625066
-69.625073
-69.625079
-69.625085
-69.625089
-69.625093
-69.625096
-69.625099
-69.625102
-69.625104
-69.625105
-69.625107
-69.625108
-69.625109
-69.62511
-69.625111
-69.625112
-69.625112
-69.625112
-69.625113
-69.625113
-69.625113
-70.134543
-70.150566
-70.155544
-70.158474
-70.161028
-70.163493
-70.165678
-70.167317
-70.16845
-70.168821
-70.168702
-70.168462
-70.168373
-70.168539
-70.16895
-70.169553
-70.170291
-70.171125
-70.172035
-70.173014
-70.17406
-70.175173
-70.176352
-70.177593
-70.17889
-70.18024
-70.181643
-70.183105
-70.184635
-70.186239
-70.187915
-70.189656
-70.191447
-70.193272
-70.195124
-70.196996
-70.198881
-70.200773
-70.202667
-70.20456
-70.206454
-70.208356
-70.210278
-70.212232
-70.214225
-70.216264
-70.218349
-70.220477
-70.222642
-70.224833
-70.227031
-70.229213
-70.231352
-70.233431
-70.235438
-70.237375
-70.239248
-70.241066
-70.242835
-70.244564
-70.24626
-70.247931
-70.249586
-70.251235
-70.252893
-70.254574
-70.25629
-70.258054
-70.259871
-70.261743
-70.263667
-70.265636
-70.267639
-70.269662
-70.27169
-70.273708
-70.275702
-70.277658
-70.279564
-70.281413
-70.283199
-70.28492
-70.286577
-70.288175
-70.289719
-70.291216
-70.292675
-70.294104
-70.295511
-70.296905
-70.298297
-70.299694
-70.301107
-70.302544
-70.304012
-70.305518
-70.307068
-70.308665
-70.310314
-70.312017
-70.313778
-70.3156
-70.317486
-70.319439
-70.321463
-70.323559
-70.325732
-70.327988
-70.330331
-70.332769
-70.335307
-70.33795
-70.340705
-70.343579
-70.34658
-70.349716
-70.352998
-70.35644
-70.360062
-70.363886
-70.367941
-70.372264
-70.376904
-70.381927
-70.387416
-70.393478
-70.400247
-70.407894
-70.416627
-70.426704
-70.438441
-70.452226
-70.468525
-70.487906
-70.511051
-70.538772
-70.572033
-70.611954
-70.659822
-70.717081
-70.785294
-70.866044
-70.960758
-71.070451
-71.195375
-71.334582
-71.48551
-71.643659
-71.802587
-71.954611
-72.091794
-72.207134
-72.295686
-72.355621
-72.388017
-72.397199
-72.390104
-72.369071
-72.338764
-72.297243
-72.242391
-72.169558
-72.072961
-71.947022
-71.787779
-71.59437
-71.370799
-71.126787
-70.877715
-70.642026
-70.432891
-70.256544
-70.113091
-69.999281
-69.910618
-69.842474
-69.79053
-69.751132
-69.721331
-69.698808
-69.681778
-69.66888
-69.659117
-69.651669
-69.645966
-69.641582
-69.638196
-69.635568
-69.633516
-69.631905
-69.630634
-69.629623
-69.628816
-69.628166
-69.627641
-69.627214
-69.626866
-69.626579
-69.626343
-69.626148
-69.625985
-69.62585
-69.625736
-69.625641
-69.625561
-69.625493
-69.625435
-69.625387
-69.625346
-69.625311
-69.625281
-69.625256
-69.625235
-69.625217
-69.625201
-69.625188
-69.625177
-69.625168
-69.62516
-69.625154
-69.625148
-69.625143
-69.625139
-69.625136
-69.625133
-69.625131
-69.625129
-69.625127
-69.625125
-69.625124
-69.625123
-69.625122
-69.625122
-69.625121
-69.62512
-69.62512
-69.62512
-69.62512
-69.625119
-69.625119
-70.135471
-70.153036
-70.156561
-70.159214
-70.162263
-70.16565
-70.16892
-70.171411
-70.17266
-70.172538
-70.171431
-70.170152
-70.169275
-70.168937
-70.169076
-70.16955
-70.170244
-70.171081
-70.172015
-70.173024
-70.174099
-70.175237
-70.176435
-70.177692
-70.179006
-70.180373
-70.181794
-70.18327
-70.184806
-70.186406
-70.18807
-70.189792
-70.191562
-70.19337
-70.195205
-70.197061
-70.198933
-70.200816
-70.202706
-70.204602
-70.206506
-70.208421
-70.210356
-70.212315
-70.214306
-70.216331
-70.218391
-70.220482
-70.2226
-70.224733
-70.226869
-70.228991
-70.231081
-70.233127
-70.23512
-70.23706
-70.238947
-70.240789
-70.242588
-70.244352
-70.246087
-70.247802
-70.249502
-70.251198
-70.252901
-70.254621
-70.256368
-70.25815
-70.259971
-70.261833
-70.263733
-70.265667
-70.267625
-70.269597
-70.271572
-70.273539
-70.275485
-70.2774
-70.279275
-70.281104
-70.282881
-70.284605
-70.286277
-70.287899
-70.289476
-70.291014
-70.292519
-70.293999
-70.295461
-70.296913
-70.298365
-70.299823
-70.301297
-70.302794
-70.30432
-70.305884
-70.30749
-70.309143
-70.310848
-70.312609
-70.314431
-70.316316
-70.318269
-70.320295
-70.322399
-70.324584
-70.326858
-70.329226
-70.331695
-70.334273
-70.336969
-70.339792
-70.34275
-70.345856
-70.349122
-70.352562
-70.356194
-70.360039
-70.364125
-70.368487
-70.37316
-70.378193
-70.383648
-70.389603
-70.396151
-70.40341
-70.411525
-70.420673
-70.431067
-70.442967
-70.456685
-70.472592
-70.491134
-70.512836
-70.538316
-70.568298
-70.60361
-70.645194
-70.694096
-70.751452
-70.818443
-70.896222
-70.98579
-71.087832
-71.202493
-71.329097
-71.465858
-71.609615
-71.755794
-71.898705
-72.032151
-72.150202
-72.247937
-72.322026
-72.370823
-72.394853
-72.395676
-72.374339
-72.331632
-72.268964
-72.186801
-72.084658
-71.961471
-71.816269
-71.648956
-71.461236
-71.257485
-71.045115
-70.83384
-70.634015
-70.4535
-70.296782
-70.164843
-70.056264
-69.968391
-69.898108
-69.842326
-69.798264
-69.763535
-69.736168
-69.714575
-69.697498
-69.683953
-69.673158
-69.664515
-69.657561
-69.65194
-69.647374
-69.643648
-69.640595
-69.638081
-69.636002
-69.634277
-69.632841
-69.631642
-69.630637
-69.629793
-69.629083
-69.628484
-69.627978
-69.62755
-69.627188
-69.62688
-69.626618
-69.626396
-69.626207
-69.626045
-69.625908
-69.625791
-69.625691
-69.625606
-69.625534
-69.625472
-69.62542
-69.625375
-69.625337
-69.625304
-69.625277
-69.625253
-69.625233
-69.625216
-69.625201
-69.625189
-69.625178
-69.625169
-69.625162
-69.625155
-69.62515
-69.625145
-69.625141
-69.625138
-69.625135
-69.625133
-69.625131
-69.625129
-69.625128
-69.625127
-69.625126
-69.625126
-69.625126
-70.135311
-70.154482
-70.157473
-70.160378
-70.164289
-70.169096
-70.174064
-70.177896
-70.179432
-70.178375
-70.175416
-70.172281
-70.170172
-70.16915
-70.168997
-70.169392
-70.170094
-70.170968
-70.171941
-70.172986
-70.17409
-70.175252
-70.17647
-70.177745
-70.179074
-70.180457
-70.181893
-70.183384
-70.184931
-70.186535
-70.188195
-70.189904
-70.191658
-70.193448
-70.195268
-70.197112
-70.198974
-70.20085
-70.202738
-70.204636
-70.206544
-70.208466
-70.210405
-70.212367
-70.214353
-70.216366
-70.218406
-70.220469
-70.22255
-70.224642
-70.226733
-70.228811
-70.230865
-70.232885
-70.234865
-70.236803
-70.238699
-70.240557
-70.242379
-70.244169
-70.245935
-70.247684
-70.249421
-70.251154
-70.252891
-70.25464
-70.256409
-70.258204
-70.260028
-70.261881
-70.263763
-70.265669
-70.267593
-70.269527
-70.271461
-70.273387
-70.275296
-70.277179
-70.279029
-70.280841
-70.28261
-70.284336
-70.286019
-70.28766
-70.289264
-70.290835
-70.292378
-70.2939
-70.295409
-70.29691
-70.298412
-70.299922
-70.301448
-70.302997
-70.304576
-70.30619
-70.307847
-70.309551
-70.311308
-70.313123
-70.314999
-70.316943
-70.31896
-70.321055
-70.323233
-70.325502
-70.327868
-70.330339
-70.332925
-70.335635
-70.338479
-70.341469
-70.344618
-70.347941
-70.351455
-70.35518
-70.359139
-70.363358
-70.367873
-70.372728
-70.377965
-70.383643
-70.389834
-70.396622
-70.40411
-70.412423
-70.42171
-70.432151
-70.443961
-70.457393
-70.472749
-70.490383
-70.510709
-70.53421
-70.561439
-70.593031
-70.629697
-70.67222
-70.721444
-70.778244
-70.843487
-70.917955
-71.00225
-71.096662
-71.201015
-71.314486
-71.435442
-71.561299
-71.688522
-71.812778
-71.929279
-72.033267
-72.120527
-72.187788
-72.232817
-72.254667
-72.253773
-72.231394
-72.187601
-72.123441
-72.039758
-71.93712
-71.815931
-71.676795
-71.520958
-71.350815
-71.170328
-70.985118
-70.801994
-70.627933
-70.468526
-70.327199
-70.205133
-70.101802
-70.015652
-69.944613
-69.886479
-69.839138
-69.800688
-69.769485
-69.74415
-69.723548
-69.706756
-69.693027
-69.681766
-69.672496
-69.664841
-69.658498
-69.653226
-69.64883
-69.645154
-69.642073
-69.639484
-69.637305
-69.635466
-69.633912
-69.632597
-69.631483
-69.630537
-69.629735
-69.629053
-69.628472
-69.627978
-69.627557
-69.627199
-69.626893
-69.626632
-69.626409
-69.62622
-69.626058
-69.625919
-69.625802
-69.625701
-69.625615
-69.625542
-69.62548
-69.625426
-69.625381
-69.625342
-69.625309
-69.625281
-69.625257
-69.625237
-69.625219
-69.625204
-69.625192
-69.625181
-69.625172
-69.625164
-69.625158
-69.625152
-69.625148
-69.625144
-69.62514
-69.625138
-69.625136
-69.625134
-69.625133
-69.625132
-69.625132
-70.13449
-70.15554
-70.158539
-70.162032
-70.167247
-70.174066
-70.181422
-70.187178
-70.189197
-70.186791
-70.18068
-70.174412
-70.170542
-70.168797
-70.168485
-70.168972
-70.169803
-70.170782
-70.171826
-70.172914
-70.174046
-70.175227
-70.176461
-70.177751
-70.179095
-70.180494
-70.181945
-70.18345
-70.185007
-70.186617
-70.188277
-70.189983
-70.19173
-70.193511
-70.195322
-70.197157
-70.199012
-70.200883
-70.202769
-70.204668
-70.206579
-70.208504
-70.210445
-70.212406
-70.214386
-70.216388
-70.21841
-70.22045
-70.222502
-70.224561
-70.226618
-70.228664
-70.23069
-70.23269
-70.234659
-70.236593
-70.238494
-70.240363
-70.242202
-70.244014
-70.245805
-70.247581
-70.249346
-70.251107
-70.25287
-70.254642
-70.256428
-70.258232
-70.260058
-70.261905
-70.263773
-70.265659
-70.267556
-70.26946
-70.271363
-70.273258
-70.275138
-70.276995
-70.278826
-70.280624
-70.282388
-70.284115
-70.285806
-70.287462
-70.289087
-70.290685
-70.29226
-70.293818
-70.295364
-70.296907
-70.298452
-70.300006
-70.301577
-70.30317
-70.304794
-70.306454
-70.308156
-70.309906
-70.311709
-70.313572
-70.3155
-70.317498
-70.319572
-70.32173
-70.323978
-70.326323
-70.328774
-70.331341
-70.334034
-70.336864
-70.339845
-70.34299
-70.346316
-70.349841
-70.353585
-70.357573
-70.361832
-70.366395
-70.371304
-70.376606
-70.382355
-70.388616
-70.395467
-70.402998
-70.411319
-70.420558
-70.430868
-70.442428
-70.45545
-70.47018
-70.486906
-70.50596
-70.527725
-70.552638
-70.581193
-70.61394
-70.651484
-70.694473
-70.743581
-70.799481
-70.8628
-70.934059
-71.013584
-71.101409
-71.197152
-71.299888
-71.408044
-71.519333
-71.630787
-71.73889
-71.839822
-71.929775
-72.005285
-72.063477
-72.102163
-72.120049
-72.117065
-72.093979
-72.051136
-71.98913
-71.908746
-71.810803
-71.696222
-71.566202
-71.422497
-71.267711
-71.10549
-70.940476
-70.777903
-70.622859
-70.479428
-70.350239
-70.23644
-70.137969
-70.053939
-69.982977
-69.923506
-69.873924
-69.832724
-69.798544
-69.770203
-69.746695
-69.727173
-69.710934
-69.697399
-69.686096
-69.676637
-69.668704
-69.662038
-69.656427
-69.651694
-69.647697
-69.644315
-69.641451
-69.639022
-69.636961
-69.635209
-69.63372
-69.632453
-69.631374
-69.630456
-69.629672
-69.629005
-69.628435
-69.627949
-69.627535
-69.627181
-69.626879
-69.626621
-69.6264
-69.626212
-69.626052
-69.625915
-69.625798
-69.625698
-69.625613
-69.625541
-69.625479
-69.625426
-69.625381
-69.625342
-69.625309
-69.625281
-69.625258
-69.625237
-69.62522
-69.625205
-69.625193
-69.625182
-69.625173
-69.625165
-69.625159
-69.625154
-69.625149
-69.625146
-69.625143
-69.625141
-69.625139
-69.625138
-69.625138
-70.131891
-70.15645
-70.159645
-70.163928
-70.170675
-70.179769
-70.189896
-70.198138
-70.201133
-70.1972
-70.186707
-70.175543
-70.169211
-70.167342
-70.16735
-70.168237
-70.169378
-70.170545
-70.171686
-70.172818
-70.173971
-70.175166
-70.176412
-70.177715
-70.179075
-70.180489
-70.181957
-70.183476
-70.185046
-70.186663
-70.188327
-70.190032
-70.191776
-70.193553
-70.195359
-70.197189
-70.19904
-70.200909
-70.202793
-70.204692
-70.206605
-70.208531
-70.210474
-70.212432
-70.214408
-70.2164
-70.218408
-70.220429
-70.222459
-70.224492
-70.226523
-70.228544
-70.23055
-70.232534
-70.234493
-70.236424
-70.238328
-70.240205
-70.242056
-70.243884
-70.245694
-70.247491
-70.249278
-70.25106
-70.252843
-70.254632
-70.256431
-70.258243
-70.26007
-70.261913
-70.26377
-70.26564
-70.267517
-70.269398
-70.271277
-70.273148
-70.275006
-70.276844
-70.278659
-70.280447
-70.282206
-70.283934
-70.285631
-70.2873
-70.288942
-70.290561
-70.292161
-70.293748
-70.295327
-70.296903
-70.298484
-70.300075
-70.301683
-70.303315
-70.304977
-70.306676
-70.308417
-70.310208
-70.312053
-70.313958
-70.315931
-70.317977
-70.320103
-70.322317
-70.324627
-70.327041
-70.329568
-70.33222
-70.335009
-70.337947
-70.341051
-70.344337
-70.347822
-70.351529
-70.355481
-70.359706
-70.364235
-70.369105
-70.374363
-70.380063
-70.386265
-70.39304
-70.40047
-70.408651
-70.417696
-70.427736
-70.438923
-70.451437
-70.465483
-70.4813
-70.49916
-70.519375
-70.542296
-70.568319
-70.597882
-70.631462
-70.669573
-70.712745
-70.761515
-70.816393
-70.877822
-70.946127
-71.021443
-71.103636
-71.192214
-71.286232
-71.384219
-71.484148
-71.583476
-71.679246
-71.768273
-71.84737
-71.913583
-71.964379
-71.99778
-72.012524
-72.00812
-71.984685
-71.942673
-71.882621
-71.80529
-71.711647
-71.602902
-71.480604
-71.346794
-71.204154
-71.056044
-70.906374
-70.759255
-70.618527
-70.487288
-70.367629
-70.260614
-70.166416
-70.084555
-70.014122
-69.953981
-69.902914
-69.85972
-69.823275
-69.792571
-69.766719
-69.744954
-69.726619
-69.711163
-69.698121
-69.687105
-69.677791
-69.669906
-69.663225
-69.657559
-69.652748
-69.648661
-69.645185
-69.642229
-69.639712
-69.637568
-69.635742
-69.634185
-69.632858
-69.631725
-69.630759
-69.629934
-69.62923
-69.628629
-69.628116
-69.627678
-69.627304
-69.626984
-69.626711
-69.626478
-69.626279
-69.626109
-69.625964
-69.62584
-69.625735
-69.625644
-69.625567
-69.625502
-69.625445
-69.625398
-69.625357
-69.625322
-69.625292
-69.625267
-69.625245
-69.625227
-69.625211
-69.625198
-69.625187
-69.625178
-69.62517
-69.625163
-69.625157
-69.625153
-69.625149
-69.625147
-69.625145
-69.625143
-69.625143
-70.124253
-70.15644
-70.16041
-70.16521
-70.173016
-70.183741
-70.195896
-70.205941
-70.209765
-70.20492
-70.19078
-70.175713
-70.166814
-70.165079
-70.166118
-70.167523
-70.169037
-70.17038
-70.171575
-70.172715
-70.173865
-70.175061
-70.176315
-70.177631
-70.179007
-70.18044
-70.181926
-70.183462
-70.185046
-70.186675
-70.188346
-70.190056
-70.191801
-70.193577
-70.195381
-70.197209
-70.199059
-70.200927
-70.202811
-70.20471
-70.206624
-70.208552
-70.210494
-70.21245
-70.214421
-70.216405
-70.218402
-70.220408
-70.22242
-70.224435
-70.226446
-70.228448
-70.230437
-70.232409
-70.23436
-70.236288
-70.238193
-70.240075
-70.241935
-70.243776
-70.245601
-70.247414
-70.249217
-70.251016
-70.252814
-70.254616
-70.256424
-70.258242
-70.26007
-70.26191
-70.263759
-70.265617
-70.26748
-70.269343
-70.271204
-70.273057
-70.274897
-70.276721
-70.278524
-70.280304
-70.282058
-70.283786
-70.285489
-70.287167
-70.288822
-70.290458
-70.292079
-70.293689
-70.295294
-70.296898
-70.298508
-70.300129
-70.301768
-70.303432
-70.305126
-70.306858
-70.308633
-70.310458
-70.312338
-70.314281
-70.316293
-70.318381
-70.320552
-70.322815
-70.325179
-70.327652
-70.330246
-70.332971
-70.335843
-70.338877
-70.342088
-70.345496
-70.349122
-70.352989
-70.357124
-70.361555
-70.36632
-70.37146
-70.37702
-70.383062
-70.389654
-70.396872
-70.4048
-70.413537
-70.423198
-70.433914
-70.445839
-70.459148
-70.474042
-70.490748
-70.509526
-70.530666
-70.554494
-70.581367
-70.611677
-70.645839
-70.684291
-70.727472
-70.77581
-70.829689
-70.889414
-70.955167
-71.026947
-71.10451
-71.187294
-71.274363
-71.364347
-71.45543
-71.545384
-71.631656
-71.711512
-71.782206
-71.841154
-71.886087
-71.915184
-71.927193
-71.921457
-71.89783
-71.856555
-71.798172
-71.723483
-71.633574
-71.529847
-71.414059
-71.288386
-71.155464
-71.018349
-70.88037
-70.744867
-70.614886
-70.492893
-70.380617
-70.279029
-70.188423
-70.108565
-70.038852
-69.978455
-69.926436
-69.881828
-69.843697
-69.811177
-69.783486
-69.759927
-69.739894
-69.722863
-69.708382
-69.696067
-69.685592
-69.676677
-69.669088
-69.662625
-69.657118
-69.652425
-69.648424
-69.645012
-69.642102
-69.63962
-69.637501
-69.635693
-69.634149
-69.632831
-69.631706
-69.630744
-69.629924
-69.629222
-69.628623
-69.628112
-69.627675
-69.627301
-69.626982
-69.62671
-69.626477
-69.626279
-69.626109
-69.625964
-69.62584
-69.625735
-69.625645
-69.625568
-69.625502
-69.625446
-69.625398
-69.625357
-69.625323
-69.625293
-69.625268
-69.625246
-69.625228
-69.625212
-69.625199
-69.625188
-69.625179
-69.625171
-69.625165
-69.625159
-69.625155
-69.625152
-69.62515
-69.625148
-69.625147
-70.117123
-70.154141
-70.160174
-70.164923
-70.172857
-70.183862
-70.196112
-70.206062
-70.209665
-70.204381
-70.19048
-70.175456
-70.166609
-70.164328
-70.165869
-70.1677
-70.16929
-70.170536
-70.171595
-70.172633
-70.173724
-70.174896
-70.176153
-70.177485
-70.178883
-70.180339
-70.181849
-70.183407
-70.185009
-70.186653
-70.188335
-70.190053
-70.191803
-70.193582
-70.195387
-70.197216
-70.199066
-70.200935
-70.20282
-70.204721
-70.206636
-70.208565
-70.210508
-70.212463
-70.21443
-70.216408
-70.218395
-70.22039
-70.222388
-70.224387
-70.226383
-70.228371
-70.230347
-70.232309
-70.234253
-70.236178
-70.238083
-70.239969
-70.241836
-70.243687
-70.245523
-70.247347
-70.249164
-70.250976
-70.252786
-70.254598
-70.256414
-70.258236
-70.260065
-70.261902
-70.263746
-70.265595
-70.267447
-70.269298
-70.271145
-70.272984
-70.274811
-70.276623
-70.278416
-70.280189
-70.28194
-70.283669
-70.285375
-70.28706
-70.288725
-70.290375
-70.292012
-70.293641
-70.295266
-70.296892
-70.298526
-70.300171
-70.301836
-70.303525
-70.305245
-70.307005
-70.308808
-70.310662
-70.312572
-70.314546
-70.316591
-70.318714
-70.320924
-70.323228
-70.325637
-70.328161
-70.330811
-70.333599
-70.33654
-70.339654
-70.342958
-70.346472
-70.350219
-70.354225
-70.358518
-70.36313
-70.3681
-70.373471
-70.37929
-70.385621
-70.392546
-70.400143
-70.408497
-70.417708
-70.427892
-70.439179
-70.451721
-70.46569
-70.481278
-70.498706
-70.518216
-70.54008
-70.564599
-70.592098
-70.622927
-70.657456
-70.696062
-70.739117
-70.786967
-70.839904
-70.898139
-70.961751
-71.03065
-71.104519
-71.182762
-71.264458
-71.348326
-71.432711
-71.515618
-71.59478
-71.667777
-71.732166
-71.785629
-71.82609
-71.851824
-71.861555
-71.854563
-71.830627
-71.789912
-71.732921
-71.660474
-71.573728
-71.474183
-71.363695
-71.24447
-71.119051
-70.990236
-70.860939
-70.733991
-70.611925
-70.496799
-70.390094
-70.292699
-70.204967
-70.126814
-70.057836
-69.997414
-69.944807
-69.899224
-69.859874
-69.826004
-69.796918
-69.771979
-69.750624
-69.732354
-69.716732
-69.70338
-69.691972
-69.682226
-69.673901
-69.66679
-69.660716
-69.655528
-69.651096
-69.647311
-69.644077
-69.641315
-69.638956
-69.63694
-69.635218
-69.633747
-69.63249
-69.631416
-69.630498
-69.629714
-69.629044
-69.628471
-69.627982
-69.627564
-69.627207
-69.626902
-69.626642
-69.626419
-69.626229
-69.626067
-69.625928
-69.62581
-69.625709
-69.625623
-69.625549
-69.625486
-69.625432
-69.625387
-69.625348
-69.625314
-69.625286
-69.625262
-69.625241
-69.625224
-69.625209
-69.625197
-69.625186
-69.625178
-69.62517
-69.625165
-69.62516
-69.625156
-69.625154
-69.625152
-69.625151
-70.115491
-70.14827
-70.158193
-70.162489
-70.169599
-70.179625
-70.190454
-70.198919
-70.201395
-70.196066
-70.184556
-70.174714
-70.169556
-70.167247
-70.16741
-70.168886
-70.170199
-70.171079
-70.171826
-70.172639
-70.173597
-70.174711
-70.175955
-70.177296
-70.178714
-70.180196
-70.181732
-70.183314
-70.184938
-70.186599
-70.188295
-70.190023
-70.191781
-70.193566
-70.195375
-70.197208
-70.19906
-70.200932
-70.202821
-70.204725
-70.206643
-70.208574
-70.210518
-70.212473
-70.214437
-70.216411
-70.218391
-70.220376
-70.222364
-70.224351
-70.226334
-70.22831
-70.230276
-70.232229
-70.234167
-70.236089
-70.237995
-70.239883
-70.241755
-70.243614
-70.245458
-70.247293
-70.24912
-70.250942
-70.252761
-70.254581
-70.256403
-70.258228
-70.260059
-70.261895
-70.263734
-70.265577
-70.26742
-70.269261
-70.271097
-70.272924
-70.274741
-70.276543
-70.278329
-70.280096
-70.281843
-70.283571
-70.285278
-70.286968
-70.288641
-70.2903
-70.291948
-70.293591
-70.295231
-70.296875
-70.298526
-70.300191
-70.301873
-70.303583
-70.305323
-70.307106
-70.308933
-70.310811
-70.312747
-70.314747
-70.31682
-70.318972
-70.321214
-70.323553
-70.326001
-70.328567
-70.331264
-70.334104
-70.337101
-70.340284
-70.343668
-70.347272
-70.351123
-70.35525
-70.359687
-70.364454
-70.369603
-70.375178
-70.381222
-70.387789
-70.394999
-70.402925
-70.411649
-70.421269
-70.431901
-70.443673
-70.456736
-70.471253
-70.487413
-70.505421
-70.525507
-70.547924
-70.572947
-70.600873
-70.632019
-70.666716
-70.705297
-70.748086
-70.795375
-70.847401
-70.904316
-70.966145
-71.032749
-71.103776
-71.178621
-71.256387
-71.335852
-71.415465
-71.493386
-71.567537
-71.635705
-71.695647
-71.745222
-71.78249
-71.805793
-71.813854
-71.805882
-71.781594
-71.741293
-71.685397
-71.614706
-71.530408
-71.434058
-71.327548
-71.21308
-71.093102
-70.970223
-70.847073
-70.72615
-70.609663
-70.499407
-70.396697
-70.30236
-70.216775
-70.139949
-70.071602
-70.011255
-69.958303
-69.912075
-69.871886
-69.837065
-69.806979
-69.78104
-69.758717
-69.739533
-69.723063
-69.708937
-69.69683
-69.686458
-69.677576
-69.669974
-69.663469
-69.657904
-69.653144
-69.649074
-69.645593
-69.642617
-69.640073
-69.637899
-69.63604
-69.634451
-69.633093
-69.631932
-69.63094
-69.630092
-69.629367
-69.628748
-69.628219
-69.627767
-69.62738
-69.62705
-69.626768
-69.626527
-69.626322
-69.626146
-69.625996
-69.625868
-69.625758
-69.625665
-69.625585
-69.625517
-69.625459
-69.625409
-69.625367
-69.625331
-69.6253
-69.625274
-69.625252
-69.625233
-69.625217
-69.625204
-69.625192
-69.625183
-69.625175
-69.625169
-69.625163
-69.62516
-69.625157
-69.625155
-69.625154
-70.137923
-70.142755
-70.151841
-70.157412
-70.163937
-70.172624
-70.181893
-70.188601
-70.188978
-70.182742
-70.176329
-70.174048
-70.173666
-70.171753
-70.169702
-70.169966
-70.171099
-70.171806
-70.172191
-70.172762
-70.173596
-70.174649
-70.175865
-70.177187
-70.1786
-70.180086
-70.181632
-70.183228
-70.184866
-70.18654
-70.188247
-70.189984
-70.191749
-70.193539
-70.195353
-70.19719
-70.199047
-70.200922
-70.202815
-70.204724
-70.206646
-70.208581
-70.210526
-70.212482
-70.214445
-70.216415
-70.218389
-70.220367
-70.222345
-70.224322
-70.226294
-70.22826
-70.230217
-70.232164
-70.234097
-70.236017
-70.237922
-70.239813
-70.24169
-70.243554
-70.245406
-70.247248
-70.249083
-70.250913
-70.25274
-70.254566
-70.256393
-70.258222
-70.260054
-70.261889
-70.263727
-70.265565
-70.267402
-70.269237
-70.271065
-70.272886
-70.274695
-70.27649
-70.27827
-70.280032
-70.281777
-70.283503
-70.285212
-70.286905
-70.288582
-70.290249
-70.291906
-70.293559
-70.295212
-70.296869
-70.298536
-70.30022
-70.301926
-70.303656
-70.30542
-70.307218
-70.30906
-70.310955
-70.312909
-70.314929
-70.317023
-70.319199
-70.321466
-70.323833
-70.326311
-70.328912
-70.331649
-70.334531
-70.337564
-70.340805
-70.344258
-70.347941
-70.351875
-70.356097
-70.360661
-70.365544
-70.370835
-70.376581
-70.382814
-70.389511
-70.396944
-70.405132
-70.414145
-70.424082
-70.435056
-70.447199
-70.460656
-70.475589
-70.492177
-70.51062
-70.531133
-70.553952
-70.579333
-70.607548
-70.638885
-70.673638
-70.712104
-70.754568
-70.801285
-70.852458
-70.908209
-70.968547
-71.033327
-71.10221
-71.17462
-71.249709
-71.326313
-71.402961
-71.477887
-71.549093
-71.614435
-71.67174
-71.718918
-71.754083
-71.775658
-71.78248
-71.773778
-71.749071
-71.709178
-71.65413
-71.584694
-71.502092
-71.407913
-71.304071
-71.192748
-71.076325
-70.957285
-70.838082
-70.721015
-70.608096
-70.500966
-70.400839
-70.308499
-70.22434
-70.148417
-70.080526
-70.020272
-69.967132
-69.920516
-69.879803
-69.844379
-69.813651
-69.787065
-69.76411
-69.744326
-69.727298
-69.712659
-69.700087
-69.689298
-69.680046
-69.672116
-69.665322
-69.659504
-69.654524
-69.650262
-69.646615
-69.643495
-69.640827
-69.638546
-69.636594
-69.634926
-69.6335
-69.632281
-69.631238
-69.630347
-69.629586
-69.628935
-69.628379
-69.627904
-69.627497
-69.62715
-69.626854
-69.626601
-69.626384
-69.626199
-69.626042
-69.625907
-69.625792
-69.625693
-69.625609
-69.625538
-69.625477
-69.625425
-69.62538
-69.625342
-69.62531
-69.625282
-69.625259
-69.625239
-69.625222
-69.625208
-69.625196
-69.625186
-69.625178
-69.625171
-69.625166
-69.625162
-69.625159
-69.625157
-69.625156
-70.151944
-70.145225
-70.146291
-70.150199
-70.156577
-70.164901
-70.172846
-70.176934
-70.176807
-70.174079
-70.172619
-70.173637
-70.174291
-70.17197
-70.169721
-70.169451
-70.170415
-70.171313
-70.17206
-70.172828
-70.173768
-70.174845
-70.17604
-70.177341
-70.178733
-70.1802
-70.181729
-70.18331
-70.184936
-70.186601
-70.188301
-70.190033
-70.191793
-70.193579
-70.19539
-70.197223
-70.199077
-70.20095
-70.202841
-70.204748
-70.206669
-70.208602
-70.210547
-70.212501
-70.214463
-70.216431
-70.218404
-70.220379
-70.222354
-70.224327
-70.226296
-70.228258
-70.230211
-70.232155
-70.234086
-70.236003
-70.237907
-70.239798
-70.241675
-70.24354
-70.245394
-70.247238
-70.249076
-70.250908
-70.252738
-70.254566
-70.256395
-70.258226
-70.260058
-70.261892
-70.263728
-70.265564
-70.267398
-70.269229
-70.271054
-70.27287
-70.274675
-70.276466
-70.278243
-70.280003
-70.281745
-70.283471
-70.285179
-70.286872
-70.288552
-70.29022
-70.291881
-70.293538
-70.295195
-70.296857
-70.29853
-70.300219
-70.30193
-70.303667
-70.305436
-70.307243
-70.309094
-70.310998
-70.312961
-70.31499
-70.317094
-70.319281
-70.32156
-70.323941
-70.326435
-70.329055
-70.331815
-70.334726
-70.33773
-70.34101
-70.3445
-70.348217
-70.352185
-70.356436
-70.360993
-70.365969
-70.371355
-70.377213
-70.383615
-70.390157
-70.397748
-70.406085
-70.41525
-70.425349
-70.436503
-70.448844
-70.462519
-70.477692
-70.494541
-70.513264
-70.534072
-70.557197
-70.582886
-70.611399
-70.643008
-70.677986
-70.716603
-70.75911
-70.805724
-70.856606
-70.911838
-70.971389
-71.035083
-71.102563
-71.173243
-71.246283
-71.320567
-71.394701
-71.467031
-71.535688
-71.598671
-71.653947
-71.699565
-71.733772
-71.755119
-71.76245
-71.754934
-71.73216
-71.693074
-71.638642
-71.569912
-71.4882
-71.395132
-71.292631
-71.18287
-71.068196
-70.951029
-70.833742
-70.718539
-70.607345
-70.501727
-70.402853
-70.311488
-70.228029
-70.152555
-70.084895
-70.024695
-69.971473
-69.924673
-69.883711
-69.847995
-69.816955
-69.790052
-69.766788
-69.746709
-69.729405
-69.714513
-69.701711
-69.690715
-69.681279
-69.673185
-69.666248
-69.660304
-69.655214
-69.650856
-69.647126
-69.643935
-69.641205
-69.638869
-69.636872
-69.635164
-69.633704
-69.632455
-69.631388
-69.630475
-69.629695
-69.629029
-69.628459
-69.627972
-69.627556
-69.627201
-69.626897
-69.626637
-69.626416
-69.626226
-69.626064
-69.625926
-69.625808
-69.625708
-69.625622
-69.625548
-69.625486
-69.625432
-69.625387
-69.625348
-69.625315
-69.625286
-69.625262
-69.625242
-69.625225
-69.62521
-69.625198
-69.625188
-69.62518
-69.625173
-69.625167
-69.625163
-69.62516
-69.625158
-69.625157
)
;

boundaryField
{
    leftWall
    {
        type            fixedFluxPressure;
        gradient        uniform 0;
        value           nonuniform List<scalar> 
20
(
17.463479
14.192444
-20.138859
-56.681911
-67.28592
-69.661376
-70.062153
-70.112121
-70.123908
-70.130486
-70.134543
-70.135471
-70.135311
-70.13449
-70.131891
-70.124253
-70.117123
-70.115491
-70.137923
-70.151944
)
;
    }
    rightWall
    {
        type            fixedFluxPressure;
        gradient        uniform 0;
        value           nonuniform List<scalar> 
20
(
-69.625075
-69.625076
-69.625078
-69.625081
-69.625085
-69.625089
-69.625095
-69.6251
-69.625107
-69.625113
-69.625119
-69.625126
-69.625132
-69.625138
-69.625143
-69.625147
-69.625151
-69.625154
-69.625156
-69.625157
)
;
    }
    lowerWall
    {
        type            fixedFluxPressure;
        gradient        uniform 0;
        value           nonuniform List<scalar> 
240
(
17.463479
17.334247
17.307868
17.287769
17.254392
17.199068
17.126611
17.046879
16.962616
16.872972
16.778845
16.679623
16.573717
16.460952
16.342254
16.217404
16.086861
15.952108
15.814622
15.67561
15.535747
15.394729
15.251293
15.103245
14.947797
14.782033
14.603536
14.410886
14.203751
13.982573
13.748177
13.501576
13.243961
12.97673
12.701386
12.419264
12.131346
11.838341
11.540813
11.239027
10.932493
10.619501
10.297106
9.9619451
9.6116141
9.2457134
8.8657622
8.4741478
8.0729133
7.663747
7.2479576
6.8266705
6.4009273
5.9719197
5.54122
5.1106087
4.6814215
4.2540395
3.8281697
3.4032916
2.9786746
2.552786
2.1224934
1.6844662
1.2340274
0.76605694
0.27677731
-0.23528399
-0.76853839
-1.3211236
-1.8887026
-2.4648
-3.0435327
-3.6207214
-4.1936414
-4.7607439
-5.3214554
-5.8759702
-6.425048
-6.9698675
-7.5119445
-8.0530793
-8.5952784
-9.1406136
-9.6910197
-10.248074
-10.812815
-11.38563
-11.96625
-12.553815
-13.147018
-13.744275
-14.343919
-14.944368
-15.544256
-16.142511
-16.738382
-17.331425
-17.921475
-18.508602
-19.093037
-19.675089
-20.255108
-20.833449
-21.410432
-21.986304
-22.561225
-23.135257
-23.708375
-24.280482
-24.851425
-25.42103
-25.989136
-26.555627
-27.120473
-27.683766
-28.24575
-28.806855
-29.367708
-29.929216
-30.492305
-31.058036
-31.628126
-32.20427
-32.78813
-33.381446
-33.986079
-34.603928
-35.236837
-35.88654
-36.55461
-37.242384
-37.950896
-38.680887
-39.432856
-40.206993
-41.00323
-41.821559
-42.66147
-43.521868
-44.401329
-45.297652
-46.208568
-47.134647
-48.073499
-49.008006
-49.925767
-50.823482
-51.679456
-52.482478
-53.252094
-54.033764
-54.861323
-55.83892
-56.873145
-57.974997
-59.127386
-60.29897
-61.443351
-62.526038
-63.52939
-64.439079
-65.214578
-65.840971
-66.469744
-67.086241
-67.624677
-68.035682
-68.311028
-68.499525
-68.646135
-68.76647
-68.865437
-68.954455
-69.038409
-69.115666
-69.185109
-69.24662
-69.300475
-69.347221
-69.387547
-69.422194
-69.451878
-69.47726
-69.498937
-69.517437
-69.53322
-69.546684
-69.558169
-69.567966
-69.576324
-69.583457
-69.589544
-69.594739
-69.599174
-69.60296
-69.606192
-69.608951
-69.611308
-69.61332
-69.615039
-69.616507
-69.617761
-69.618832
-69.619747
-69.620529
-69.621196
-69.621766
-69.622253
-69.622669
-69.623025
-69.623328
-69.623587
-69.623809
-69.623999
-69.624161
-69.624299
-69.624417
-69.624519
-69.624605
-69.624679
-69.624742
-69.624796
-69.624842
-69.624881
-69.624915
-69.624944
-69.624968
-69.624989
-69.625006
-69.625021
-69.625033
-69.625044
-69.625052
-69.625059
-69.625065
-69.625069
-69.625072
-69.625074
-69.625075
)
;
    }
    atmosphere
    {
        type            fixedFluxPressure;
        gradient        uniform 0;
        value           nonuniform List<scalar> 
240
(
-70.151944
-70.145225
-70.146291
-70.150199
-70.156577
-70.164901
-70.172846
-70.176934
-70.176807
-70.174079
-70.172619
-70.173637
-70.174291
-70.17197
-70.169721
-70.169451
-70.170415
-70.171313
-70.17206
-70.172828
-70.173768
-70.174845
-70.17604
-70.177341
-70.178733
-70.1802
-70.181729
-70.18331
-70.184936
-70.186601
-70.188301
-70.190033
-70.191793
-70.193579
-70.19539
-70.197223
-70.199077
-70.20095
-70.202841
-70.204748
-70.206669
-70.208602
-70.210547
-70.212501
-70.214463
-70.216431
-70.218404
-70.220379
-70.222354
-70.224327
-70.226296
-70.228258
-70.230211
-70.232155
-70.234086
-70.236003
-70.237907
-70.239798
-70.241675
-70.24354
-70.245394
-70.247238
-70.249076
-70.250908
-70.252738
-70.254566
-70.256395
-70.258226
-70.260058
-70.261892
-70.263728
-70.265564
-70.267398
-70.269229
-70.271054
-70.27287
-70.274675
-70.276466
-70.278243
-70.280003
-70.281745
-70.283471
-70.285179
-70.286872
-70.288552
-70.29022
-70.291881
-70.293538
-70.295195
-70.296857
-70.29853
-70.300219
-70.30193
-70.303667
-70.305436
-70.307243
-70.309094
-70.310998
-70.312961
-70.31499
-70.317094
-70.319281
-70.32156
-70.323941
-70.326435
-70.329055
-70.331815
-70.334726
-70.33773
-70.34101
-70.3445
-70.348217
-70.352185
-70.356436
-70.360993
-70.365969
-70.371355
-70.377213
-70.383615
-70.390157
-70.397748
-70.406085
-70.41525
-70.425349
-70.436503
-70.448844
-70.462519
-70.477692
-70.494541
-70.513264
-70.534072
-70.557197
-70.582886
-70.611399
-70.643008
-70.677986
-70.716603
-70.75911
-70.805724
-70.856606
-70.911838
-70.971389
-71.035083
-71.102563
-71.173243
-71.246283
-71.320567
-71.394701
-71.467031
-71.535688
-71.598671
-71.653947
-71.699565
-71.733772
-71.755119
-71.76245
-71.754934
-71.73216
-71.693074
-71.638642
-71.569912
-71.4882
-71.395132
-71.292631
-71.18287
-71.068196
-70.951029
-70.833742
-70.718539
-70.607345
-70.501727
-70.402853
-70.311488
-70.228029
-70.152555
-70.084895
-70.024695
-69.971473
-69.924673
-69.883711
-69.847995
-69.816955
-69.790052
-69.766788
-69.746709
-69.729405
-69.714513
-69.701711
-69.690715
-69.681279
-69.673185
-69.666248
-69.660304
-69.655214
-69.650856
-69.647126
-69.643935
-69.641205
-69.638869
-69.636872
-69.635164
-69.633704
-69.632455
-69.631388
-69.630475
-69.629695
-69.629029
-69.628459
-69.627972
-69.627556
-69.627201
-69.626897
-69.626637
-69.626416
-69.626226
-69.626064
-69.625926
-69.625808
-69.625708
-69.625622
-69.625548
-69.625486
-69.625432
-69.625387
-69.625348
-69.625315
-69.625286
-69.625262
-69.625242
-69.625225
-69.62521
-69.625198
-69.625188
-69.62518
-69.625173
-69.625167
-69.625163
-69.62516
-69.625158
-69.625157
)
;
    }
    defaultFaces
    {
        type            empty;
    }
}


// ************************************************************************* //
