/*--------------------------------*- C++ -*----------------------------------*\
| =========                 |                                                 |
| \\      /  F ield         | OpenFOAM: The Open Source CFD Toolbox           |
|  \\    /   O peration     | Version:  2606                                  |
|   \\  /    A nd           | Website:  www.openfoam.com                      |
|    \\/     M anipulation  |                                                 |
\*---------------------------------------------------------------------------*/
FoamFile
{
    version     2.0;
    format      ascii;
    arch        "LSB;label=32;scalar=64";
    class       volScalarField;
    location    "0.45";
    object      p_rgh;
}
// * * * * * * * * * * * * * * * * * * * * * * * * * * * * * * * * * * * * * //

dimensions      [1 -1 -2 0 0 0 0];

internalField   nonuniform List<scalar> 
3000
(
0.172093
0.162724
0.154102
0.14614
0.138767
0.131919
0.125542
0.119589
0.114019
0.108797
0.103892
0.0992751
0.0949232
0.0908148
0.0869313
0.0832556
0.0797726
0.0764686
0.0733313
0.07035
0.0675146
0.0648161
0.0622461
0.059797
0.0574619
0.0552346
0.0531094
0.0510807
0.0491434
0.047293
0.0455253
0.0438363
0.0422223
0.04068
0.0392059
0.037797
0.0364505
0.0351639
0.0339348
0.0327608
0.0316397
0.0305693
0.0295478
0.0285734
0.0276443
0.0267591
0.0259162
0.0251141
0.0243513
0.0236266
0.0229388
0.0222867
0.0216694
0.021086
0.0205355
0.0200168
0.0195291
0.0190716
0.0186436
0.0182444
0.0178735
0.0175302
0.017214
0.0169244
0.0166609
0.0164229
0.0162101
0.0160222
0.0158588
0.0157199
0.0156051
0.0155142
0.0154472
0.0154039
0.0153838
0.171303
0.16203
0.153488
0.145596
0.138282
0.131485
0.125152
0.119238
0.113701
0.108508
0.103628
0.099034
0.0947019
0.0906113
0.0867435
0.083082
0.0796115
0.0763188
0.0731917
0.0702197
0.0673927
0.0647018
0.0621387
0.0596958
0.0573666
0.0551447
0.0530243
0.0510001
0.0490669
0.0472203
0.0454561
0.0437704
0.0421596
0.0406202
0.0391487
0.0377423
0.0363982
0.0351138
0.0338868
0.0327147
0.0315954
0.0305268
0.0295068
0.0285339
0.0276063
0.0267224
0.0258808
0.0250799
0.0243182
0.0235945
0.0229076
0.0222565
0.0216401
0.0210576
0.0205078
0.0199899
0.0195029
0.019046
0.0186186
0.0182199
0.0178495
0.0175067
0.017191
0.0169018
0.0166386
0.016401
0.0161885
0.0160008
0.0158376
0.0156988
0.0155842
0.0154936
0.0154267
0.0153836
0.0153635
0.1695
0.160453
0.152102
0.144371
0.137194
0.130514
0.124282
0.118454
0.112994
0.107867
0.103044
0.0985001
0.0942127
0.0901618
0.0863293
0.0826992
0.0792568
0.0759892
0.072885
0.0699336
0.0671253
0.0644512
0.0619034
0.0594745
0.0571581
0.054948
0.0528384
0.050824
0.0488999
0.0470618
0.0453055
0.0436271
0.0420231
0.04049
0.0390244
0.0376235
0.0362846
0.0350051
0.0337827
0.0326149
0.0314996
0.0304346
0.0294182
0.0284486
0.0275241
0.0266432
0.0258043
0.025006
0.0242467
0.0235253
0.0228406
0.0221916
0.0215772
0.0209965
0.0204484
0.0199321
0.0194465
0.018991
0.0185649
0.0181674
0.0177981
0.0174564
0.0171417
0.0168533
0.0165909
0.0163539
0.016142
0.0159549
0.0157922
0.0156539
0.0155396
0.0154492
0.0153826
0.0153396
0.0153194
0.166768
0.158062
0.149997
0.142509
0.135538
0.129035
0.122955
0.117259
0.111912
0.106885
0.102149
0.0976823
0.0934629
0.0894723
0.0856935
0.0821111
0.0787115
0.0754825
0.0724131
0.0694932
0.0667133
0.064065
0.0615407
0.0591333
0.0568366
0.0546445
0.0525514
0.0505522
0.0486421
0.046817
0.0450728
0.0434057
0.0418122
0.0402887
0.0388323
0.0374399
0.036109
0.0348371
0.0336217
0.0324605
0.0313514
0.0302922
0.0292812
0.0283166
0.027397
0.0265207
0.0256861
0.0248917
0.0241362
0.0234183
0.022737
0.0220912
0.0214798
0.020902
0.0203566
0.0198427
0.0193594
0.018906
0.0184819
0.0180863
0.0177187
0.0173786
0.0170653
0.0167783
0.0165171
0.0162812
0.0160702
0.0158839
0.015722
0.0155843
0.0154706
0.0153807
0.0153144
0.0152715
0.0152514
0.163192
0.154923
0.147228
0.140054
0.133351
0.127078
0.121196
0.115672
0.110475
0.105579
0.100958
0.0965923
0.0924625
0.0885515
0.0848435
0.0813244
0.0779816
0.0748038
0.0717806
0.0689024
0.0661603
0.0635464
0.0610534
0.0586747
0.0564042
0.0542362
0.0521651
0.0501863
0.048295
0.0464874
0.0447594
0.0431075
0.0415279
0.0400176
0.0385733
0.0371924
0.0358723
0.0346105
0.0334046
0.0322522
0.0311513
0.0300999
0.0290962
0.0281386
0.0272255
0.0263553
0.0255264
0.0247374
0.023987
0.0232739
0.0225972
0.0219557
0.0213484
0.0207743
0.0202325
0.0197219
0.0192417
0.0187913
0.0183698
0.0179767
0.0176115
0.0172736
0.0169623
0.0166771
0.0164174
0.016183
0.0159733
0.0157882
0.0156273
0.0154904
0.0153774
0.0152881
0.0152222
0.0151796
0.0151596
0.158859
0.151108
0.143854
0.137054
0.130673
0.124676
0.119034
0.113718
0.108703
0.103965
0.099484
0.0952421
0.0912219
0.0874083
0.0837872
0.0803459
0.077073
0.0739582
0.0709919
0.0681651
0.0654697
0.0628983
0.0604442
0.0581011
0.0558632
0.053725
0.0516814
0.0497279
0.0478602
0.0460743
0.0443666
0.0427334
0.0411714
0.0396773
0.0382483
0.0368818
0.0355751
0.0343259
0.0331318
0.0319904
0.0308999
0.0298582
0.0288637
0.0279148
0.0270099
0.0261474
0.0253257
0.0245435
0.0237994
0.0230924
0.0224214
0.0217853
0.0211831
0.0206139
0.0200765
0.01957
0.0190937
0.0186469
0.0182288
0.0178389
0.0174767
0.0171414
0.0168326
0.0165496
0.0162921
0.0160594
0.0158514
0.0156677
0.0155081
0.0153723
0.0152602
0.0151716
0.0151062
0.0150639
0.0150441
0.153872
0.146702
0.139942
0.133566
0.12755
0.121869
0.116501
0.111424
0.106617
0.102063
0.0977445
0.0936461
0.0897536
0.0860535
0.0825339
0.0791837
0.0759928
0.0729519
0.0700524
0.0672862
0.0646458
0.0621246
0.0597164
0.0574154
0.0552161
0.0531133
0.0511024
0.049179
0.0473393
0.0455794
0.0438958
0.042285
0.0407438
0.0392691
0.0378584
0.0365089
0.0352183
0.0339841
0.032804
0.0316759
0.0305977
0.0295678
0.0285844
0.0276459
0.0267507
0.0258974
0.0250843
0.0243102
0.0235739
0.0228742
0.02221
0.0215804
0.0209844
0.0204208
0.0198887
0.0193873
0.0189157
0.0184732
0.0180592
0.0176732
0.0173144
0.0169824
0.0166766
0.0163963
0.0161412
0.0159108
0.0157047
0.0155227
0.0153646
0.0152302
0.0151192
0.0150313
0.0149666
0.0149247
0.014905
0.148344
0.141794
0.135568
0.129652
0.124034
0.118699
0.113633
0.10882
0.104245
0.0998958
0.0957586
0.0918211
0.0880717
0.0844995
0.0810944
0.0778472
0.0747491
0.0717921
0.0689685
0.0662712
0.0636936
0.0612298
0.0588741
0.0566212
0.0544661
0.052404
0.0504306
0.048542
0.0467345
0.0450045
0.0433487
0.0417637
0.0402465
0.0387944
0.0374047
0.036075
0.0348029
0.033586
0.0324222
0.0313094
0.0302456
0.0292293
0.0282587
0.0273323
0.0264485
0.0256058
0.0248028
0.0240382
0.0233108
0.0226196
0.0219635
0.0213414
0.0207524
0.0201955
0.0196697
0.019174
0.0187079
0.0182705
0.0178613
0.0174797
0.0171251
0.0167969
0.0164945
0.0162174
0.0159651
0.0157372
0.0155335
0.0153535
0.0151972
0.0150642
0.0149545
0.0148676
0.0148036
0.0147622
0.0147427
0.142385
0.136479
0.130809
0.125377
0.12018
0.115213
0.110469
0.10594
0.101615
0.0974877
0.0935473
0.089785
0.0861921
0.08276
0.0794808
0.0763469
0.0733513
0.070487
0.0677474
0.0651266
0.0626188
0.0602188
0.0579217
0.0557225
0.0536167
0.0516002
0.049669
0.0478194
0.0460481
0.0443518
0.0427271
0.0411712
0.0396812
0.0382544
0.0368885
0.0355811
0.0343299
0.0331327
0.0319873
0.0308918
0.0298444
0.0288435
0.0278875
0.0269748
0.0261039
0.0252734
0.0244818
0.023728
0.0230108
0.0223292
0.0216822
0.0210687
0.0204878
0.0199384
0.0194196
0.0189306
0.0184707
0.0180391
0.0176354
0.0172588
0.0169089
0.016585
0.0162866
0.0160131
0.015764
0.0155391
0.0153379
0.0151603
0.015006
0.0148748
0.0147664
0.0146807
0.0146175
0.0145766
0.0145573
0.136106
0.130848
0.125744
0.120807
0.116044
0.111459
0.107051
0.102818
0.0987579
0.0948645
0.0911329
0.0875573
0.0841315
0.0808496
0.0777058
0.0746942
0.0718092
0.0690452
0.0663968
0.0638592
0.0614275
0.0590973
0.0568641
0.0547237
0.0526721
0.0507056
0.0488207
0.0470142
0.0452828
0.0436235
0.0420334
0.0405096
0.0390496
0.037651
0.0363115
0.0350288
0.0338008
0.0326254
0.0315004
0.0304242
0.0293951
0.0284114
0.0274716
0.0265742
0.0257177
0.0249007
0.0241219
0.0233802
0.0226744
0.0220036
0.0213667
0.0207629
0.0201909
0.01965
0.0191391
0.0186575
0.0182045
0.0177795
0.0173819
0.017011
0.0166663
0.0163473
0.0160532
0.0157837
0.0155384
0.0153167
0.0151185
0.0149435
0.0147914
0.0146621
0.0145553
0.0144708
0.0144085
0.0143682
0.0143492
0.129611
0.124991
0.120449
0.116007
0.111681
0.107483
0.103419
0.0994917
0.0957031
0.0920527
0.0885385
0.0851579
0.0819075
0.0787838
0.0757829
0.0729008
0.0701333
0.0674761
0.0649251
0.0624765
0.0601264
0.057871
0.0557065
0.0536295
0.0516364
0.049724
0.0478893
0.0461294
0.0444413
0.0428223
0.0412697
0.039781
0.0383538
0.0369859
0.0356752
0.0344196
0.0332169
0.0320653
0.0309628
0.0299078
0.0288987
0.0279339
0.0270119
0.0261314
0.0252907
0.0244886
0.0237239
0.0229955
0.0223023
0.0216434
0.0210177
0.0204244
0.0198624
0.0193307
0.0188286
0.0183552
0.0179099
0.0174921
0.0171012
0.0167366
0.0163977
0.016084
0.0157948
0.0155298
0.0152884
0.0150704
0.0148755
0.0147033
0.0145538
0.0144266
0.0143215
0.0142384
0.014177
0.0141374
0.0141187
0.122994
0.118989
0.114994
0.111038
0.107145
0.103333
0.0996132
0.0959942
0.0924817
0.0890789
0.0857874
0.0826074
0.0795382
0.0765785
0.0737263
0.0709792
0.0683345
0.0657894
0.063341
0.0609863
0.0587223
0.0565461
0.0544547
0.0524449
0.0505141
0.0486595
0.0468784
0.0451683
0.0435267
0.0419509
0.0404386
0.0389876
0.0375958
0.0362611
0.0349815
0.033755
0.0325798
0.031454
0.0303759
0.0293438
0.0283564
0.0274121
0.0265096
0.0256472
0.0248238
0.0240379
0.0232885
0.0225746
0.0218951
0.0212492
0.0206358
0.0200539
0.0195027
0.0189812
0.0184886
0.0180242
0.0175873
0.0171774
0.0167939
0.0164361
0.0161036
0.0157957
0.0155118
0.0152516
0.0150147
0.0148006
0.0146093
0.0144403
0.0142934
0.0141685
0.0140653
0.0139837
0.0139234
0.0138845
0.0138662
0.116338
0.112916
0.109443
0.105957
0.102486
0.0990524
0.0956727
0.0923599
0.0891233
0.0859693
0.0829026
0.0799261
0.0770415
0.0742494
0.0715498
0.0689418
0.0664241
0.0639952
0.0616532
0.0593964
0.0572224
0.0551291
0.0531142
0.0511752
0.04931
0.0475163
0.0457919
0.0441345
0.042542
0.0410121
0.0395428
0.038132
0.0367778
0.0354785
0.0342322
0.033037
0.0318911
0.030793
0.029741
0.0287336
0.0277695
0.0268473
0.0259655
0.0251228
0.0243178
0.0235495
0.0228167
0.0221184
0.0214538
0.0208219
0.0202216
0.0196522
0.0191126
0.0186021
0.0181198
0.0176651
0.0172374
0.016836
0.0164604
0.0161101
0.0157843
0.0154827
0.0152046
0.0149497
0.0147175
0.0145078
0.0143203
0.0141547
0.0140108
0.0138884
0.0137872
0.0137072
0.0136481
0.0136099
0.013592
0.109715
0.106836
0.103856
0.100816
0.0977494
0.0946817
0.0916335
0.0886209
0.0856563
0.0827492
0.0799066
0.077134
0.0744351
0.0718125
0.0692676
0.0668011
0.0644131
0.0621033
0.0598708
0.0577148
0.0556338
0.0536264
0.0516909
0.0498256
0.0480288
0.0462988
0.0446337
0.0430316
0.0414907
0.0400091
0.038585
0.0372166
0.0359023
0.0346405
0.0334293
0.0322672
0.0311526
0.0300838
0.0290596
0.0280786
0.0271393
0.0262406
0.025381
0.0245592
0.023774
0.0230244
0.0223093
0.0216279
0.0209791
0.0203621
0.019776
0.0192199
0.0186928
0.018194
0.0177228
0.0172785
0.0168606
0.0164684
0.0161014
0.015759
0.0154406
0.0151457
0.0148738
0.0146245
0.0143975
0.0141924
0.014009
0.0138471
0.0137063
0.0135866
0.0134877
0.0134093
0.0133515
0.0133142
0.0132966
0.103184
0.100803
0.0982808
0.0956601
0.0929763
0.0902581
0.0875288
0.084807
0.0821076
0.0794424
0.0768209
0.0742503
0.0717363
0.069283
0.0668934
0.0645695
0.0623126
0.0601236
0.0580027
0.0559496
0.0539638
0.0520446
0.0501909
0.0484016
0.0466755
0.0450114
0.0434079
0.0418633
0.0403761
0.0389449
0.0375681
0.0362442
0.0349717
0.0337492
0.032575
0.0314478
0.030366
0.0293283
0.0283335
0.0273802
0.0264672
0.0255933
0.0247571
0.0239575
0.0231934
0.0224636
0.0217674
0.0211038
0.0204719
0.0198708
0.0192997
0.0187577
0.018244
0.0177578
0.0172984
0.0168652
0.0164577
0.0160753
0.0157174
0.0153834
0.0150728
0.0147851
0.0145198
0.0142766
0.014055
0.0138549
0.0136759
0.0135179
0.0133805
0.0132637
0.0131671
0.0130906
0.0130341
0.0129976
0.0129805
0.0967931
0.0948638
0.092761
0.0905285
0.088203
0.0858147
0.0833887
0.0809454
0.0785017
0.0760713
0.0736654
0.0712929
0.0689611
0.0666755
0.0644403
0.0622588
0.0601334
0.0580659
0.0560575
0.0541086
0.0522196
0.0503901
0.0486199
0.0469084
0.045255
0.0436587
0.0421185
0.0406333
0.0392018
0.0378228
0.036495
0.0352174
0.0339884
0.0328069
0.0316714
0.0305806
0.0295332
0.0285281
0.0275641
0.02664
0.0257546
0.0249068
0.0240953
0.0233191
0.0225771
0.0218683
0.021192
0.0205472
0.0199331
0.0193489
0.0187937
0.0182666
0.017767
0.017294
0.0168472
0.0164258
0.0160293
0.0156573
0.015309
0.0149839
0.0146816
0.0144016
0.0141433
0.0139065
0.0136907
0.0134959
0.0133216
0.0131677
0.0130339
0.0129201
0.012826
0.0127515
0.0126965
0.0126609
0.0126442
0.0905787
0.0890538
0.0873312
0.0854545
0.0834605
0.0813801
0.0792395
0.0770603
0.0748608
0.072656
0.0704586
0.0682788
0.066125
0.0640039
0.0619209
0.0598804
0.0578858
0.0559396
0.0540438
0.0521996
0.050408
0.0486693
0.0469838
0.0453515
0.0437721
0.0422451
0.0407698
0.0393454
0.0379711
0.0366459
0.0353689
0.034139
0.0329551
0.031816
0.0307206
0.0296677
0.0286562
0.0276851
0.0267532
0.0258596
0.0250031
0.0241825
0.0233969
0.0226451
0.0219263
0.0212396
0.0205841
0.0199592
0.0193638
0.0187973
0.0182587
0.0177474
0.0172626
0.0168037
0.01637
0.015961
0.0155762
0.0152151
0.0148769
0.0145613
0.0142677
0.0139957
0.0137448
0.0135148
0.0133052
0.0131159
0.0129466
0.0127971
0.0126671
0.0125564
0.012465
0.0123925
0.012339
0.0123045
0.0122882
0.0845687
0.0834014
0.0820196
0.0804652
0.0787747
0.0769789
0.0751043
0.0731732
0.0712048
0.069215
0.0672174
0.0652233
0.063242
0.0612811
0.0593471
0.0574451
0.0555795
0.0537535
0.0519697
0.05023
0.048536
0.0468885
0.0452884
0.0437361
0.0422317
0.040775
0.0393657
0.0380035
0.0366876
0.0354176
0.0341925
0.0330117
0.0318742
0.0307789
0.0297249
0.0287113
0.027737
0.0268011
0.0259026
0.0250406
0.024214
0.0234219
0.0226631
0.0219369
0.0212423
0.0205786
0.019945
0.0193407
0.0187649
0.0182169
0.0176958
0.017201
0.0167317
0.0162875
0.0158677
0.0154717
0.0150992
0.0147494
0.0144219
0.0141162
0.0138318
0.0135682
0.0133251
0.0131021
0.0128991
0.0127156
0.0125515
0.0124066
0.0122806
0.0121733
0.0120846
0.0120143
0.0119625
0.0119289
0.0119132
0.0787821
0.0779275
0.0768475
0.0755822
0.0741668
0.0726315
0.0710025
0.0693025
0.0675509
0.0657643
0.0639568
0.0621403
0.0603248
0.0585189
0.0567296
0.054963
0.0532239
0.0515161
0.049843
0.048207
0.0466101
0.0450537
0.0435392
0.0420673
0.0406384
0.0392527
0.0379104
0.0366112
0.0353548
0.0341409
0.032969
0.0318384
0.0307484
0.029698
0.0286867
0.0277134
0.0267774
0.0258779
0.0250139
0.0241846
0.0233891
0.0226263
0.0218955
0.0211958
0.0205264
0.0198866
0.0192758
0.018693
0.0181376
0.0176088
0.0171059
0.0166283
0.0161753
0.0157464
0.015341
0.0149587
0.0145989
0.014261
0.0139447
0.0136493
0.0133744
0.0131197
0.0128847
0.0126692
0.012473
0.0122956
0.012137
0.0119969
0.011875
0.0117713
0.0116855
0.0116175
0.0115673
0.0115349
0.0115197
0.0732308
0.0726462
0.0718307
0.070822
0.0696535
0.0683544
0.0669504
0.0654638
0.0639141
0.062318
0.0606898
0.059042
0.057385
0.055728
0.0540786
0.0524432
0.0508273
0.0492354
0.047671
0.0461372
0.0446365
0.0431707
0.0417415
0.0403499
0.0389967
0.0376825
0.0364076
0.0351722
0.0339761
0.0328192
0.0317013
0.0306218
0.0295802
0.0285758
0.0276081
0.0266762
0.0257796
0.0249174
0.024089
0.0232934
0.0225298
0.0217974
0.0210955
0.0204232
0.0197799
0.0191649
0.0185776
0.0180171
0.0174828
0.016974
0.0164901
0.0160303
0.0155942
0.0151812
0.0147909
0.0144227
0.0140762
0.0137508
0.013446
0.0131613
0.0128965
0.0126509
0.0124245
0.0122168
0.0120276
0.0118566
0.0117037
0.0115686
0.0114511
0.011351
0.0112682
0.0112027
0.0111543
0.011123
0.0111083
0.0679205
0.0675662
0.0669798
0.0661965
0.0652475
0.0641608
0.062961
0.06167
0.0603068
0.0588879
0.0574279
0.0559393
0.0544328
0.052918
0.0514028
0.0498942
0.0483978
0.0469186
0.0454605
0.0440271
0.0426211
0.0412449
0.0399003
0.0385886
0.0373111
0.0360685
0.0348613
0.03369
0.0325547
0.0314555
0.0303922
0.0293646
0.0283722
0.0274146
0.0264914
0.0256018
0.0247455
0.0239216
0.0231296
0.0223686
0.0216379
0.0209367
0.0202645
0.0196205
0.0190041
0.0184148
0.0178517
0.0173142
0.0168018
0.0163137
0.0158492
0.015408
0.0149894
0.014593
0.0142183
0.0138647
0.013532
0.0132194
0.0129266
0.0126531
0.0123986
0.0121627
0.011945
0.0117454
0.0115636
0.0113993
0.0112523
0.0111224
0.0110094
0.0109132
0.0108336
0.0107705
0.0107239
0.0106939
0.0106798
0.0628521
0.0626913
0.0623011
0.0617135
0.0609579
0.0600604
0.0590446
0.0579314
0.0567392
0.0554842
0.0541808
0.0528414
0.0514771
0.0500974
0.0487104
0.0473234
0.0459423
0.0445723
0.0432177
0.0418824
0.0405694
0.0392814
0.0380204
0.0367881
0.0355857
0.0344145
0.033275
0.032168
0.0310938
0.0300527
0.0290446
0.0280694
0.0271269
0.0262169
0.0253388
0.0244924
0.0236771
0.0228923
0.0221375
0.0214119
0.0207148
0.0200458
0.0194041
0.0187892
0.0182005
0.0176374
0.0170993
0.0165856
0.0160956
0.0156288
0.0151845
0.0147624
0.0143619
0.0139826
0.013624
0.0132856
0.012967
0.0126678
0.0123874
0.0121255
0.0118817
0.0116557
0.0114472
0.011256
0.0110818
0.0109244
0.0107835
0.010659
0.0105507
0.0104585
0.0103822
0.0103217
0.0102771
0.0102482
0.0102347
0.0580224
0.0580217
0.057797
0.0573777
0.0567905
0.0560602
0.0552087
0.0542558
0.0532193
0.0521149
0.0509564
0.0497563
0.0485254
0.0472733
0.0460083
0.0447375
0.0434671
0.0422025
0.0409483
0.0397085
0.0384865
0.037285
0.0361063
0.0349523
0.0338245
0.0327241
0.0316523
0.0306096
0.0295966
0.0286138
0.0276612
0.0267389
0.0258469
0.0249849
0.0241527
0.0233501
0.0225765
0.0218315
0.0211145
0.020425
0.0197624
0.0191261
0.0185157
0.0179306
0.0173703
0.0168342
0.0163217
0.0158323
0.0153654
0.0149205
0.014497
0.0140946
0.0137127
0.013351
0.013009
0.0126863
0.0123823
0.0120968
0.0118292
0.0115793
0.0113465
0.0111308
0.0109318
0.0107492
0.0105829
0.0104326
0.0102981
0.0101792
0.0100758
0.00998768
0.00991477
0.00985701
0.00981435
0.00978682
0.00977394
0.0534252
0.0535542
0.0534671
0.0531903
0.0527485
0.0521643
0.0514583
0.0506491
0.0497534
0.0487862
0.0477612
0.0466903
0.0455842
0.0444521
0.0433024
0.0421422
0.0409777
0.0398146
0.0386574
0.0375103
0.0363769
0.03526
0.0341621
0.0330852
0.0320311
0.0310011
0.0299963
0.0290177
0.028066
0.0271415
0.0262447
0.0253756
0.0245344
0.023721
0.0229352
0.0221768
0.0214455
0.0207409
0.0200624
0.0194097
0.0187822
0.0181794
0.0176009
0.0170462
0.0165149
0.0160064
0.0155202
0.0150557
0.0146125
0.01419
0.0137879
0.0134056
0.0130429
0.0126993
0.0123743
0.0120676
0.0117788
0.0115073
0.011253
0.0110153
0.010794
0.0105888
0.0103996
0.0102259
0.0100678
0.0099248
0.00979685
0.00968375
0.00958532
0.00950147
0.00943208
0.00937711
0.00933652
0.00931033
0.00929809
0.0490515
0.049283
0.049308
0.0491503
0.0488324
0.0483747
0.0477964
0.0471147
0.0463455
0.0455031
0.0446002
0.0436486
0.0426584
0.0416388
0.0405978
0.0395425
0.0384791
0.0374131
0.0363494
0.035292
0.0342447
0.0332103
0.0321915
0.0311904
0.0302089
0.0292485
0.0283103
0.0273955
0.0265047
0.0256387
0.0247976
0.023982
0.0231919
0.0224273
0.0216884
0.0209747
0.0202862
0.0196225
0.0189831
0.0183677
0.0177758
0.0172071
0.0166611
0.0161375
0.0156357
0.0151554
0.0146959
0.0142569
0.0138379
0.0134384
0.0130581
0.0126966
0.0123535
0.0120284
0.0117209
0.0114307
0.0111573
0.0109003
0.0106595
0.0104344
0.0102249
0.0100306
0.00985139
0.00968697
0.00953716
0.00940174
0.00928053
0.00917337
0.0090801
0.00900064
0.00893489
0.0088828
0.00884434
0.00881953
0.00880795
0.0448906
0.0452002
0.0453144
0.0452545
0.0450405
0.0446912
0.0442239
0.0436548
0.0429985
0.0422685
0.041477
0.040635
0.0397523
0.0388376
0.0378987
0.0369425
0.0359752
0.0350021
0.0340282
0.0330575
0.0320936
0.0311396
0.0301981
0.0292713
0.0283612
0.0274694
0.0265972
0.0257456
0.0249156
0.0241077
0.0233225
0.0225604
0.0218215
0.0211062
0.0204143
0.0197458
0.0191004
0.018478
0.0178782
0.0173006
0.0167449
0.0162108
0.0156979
0.0152058
0.0147342
0.0142825
0.0138503
0.0134373
0.0130429
0.0126669
0.0123089
0.0119686
0.0116455
0.0113394
0.0110498
0.0107764
0.0105188
0.0102767
0.0100497
0.00983765
0.00964017
0.00945707
0.00928814
0.00913315
0.00899192
0.00886425
0.00874995
0.00864889
0.00856094
0.00848599
0.00842397
0.00837485
0.00833859
0.0083152
0.00830429
0.0409304
0.0412966
0.0414795
0.0414979
0.0413697
0.0411119
0.0407402
0.0402695
0.0397134
0.0390844
0.0383939
0.0376522
0.0368686
0.0360514
0.0352082
0.0343455
0.0334693
0.032585
0.0316972
0.03081
0.0299269
0.0290509
0.0281848
0.0273308
0.0264909
0.0256667
0.0248596
0.0240707
0.023301
0.0225511
0.0218216
0.021113
0.0204256
0.0197596
0.019115
0.0184919
0.0178901
0.0173093
0.0167494
0.0162101
0.0156911
0.0151921
0.0147127
0.0142527
0.0138116
0.013389
0.0129846
0.012598
0.0122288
0.0118768
0.0115415
0.0112227
0.0109201
0.0106334
0.010362
0.0101058
0.00986441
0.00963746
0.0094247
0.00922587
0.00904073
0.00886907
0.00871067
0.00856535
0.00843291
0.00831317
0.00820596
0.00811116
0.00802864
0.00795832
0.00790015
0.00785407
0.00782006
0.00779814
0.00778791
0.0371579
0.0375615
0.0377947
0.0378739
0.0378151
0.0376335
0.0373433
0.0369581
0.0364902
0.0359514
0.035352
0.0347018
0.0340094
0.0332827
0.0325288
0.0317541
0.0309644
0.0301646
0.0293593
0.0285524
0.0277473
0.0269471
0.0261545
0.0253716
0.0246005
0.0238429
0.0231001
0.0223733
0.0216634
0.0209712
0.0202972
0.0196421
0.0190061
0.0183896
0.0177925
0.017215
0.016657
0.0161182
0.0155986
0.015098
0.014616
0.0141525
0.0137071
0.0132795
0.0128693
0.0124763
0.0121001
0.0117403
0.0113967
0.0110691
0.010757
0.0104602
0.0101784
0.00991135
0.00965864
0.00941997
0.00919504
0.00898358
0.00878532
0.00860003
0.0084275
0.00826753
0.00811991
0.00798446
0.007861
0.00774936
0.0076494
0.007561
0.00748405
0.00741848
0.00736423
0.00732127
0.00728957
0.00726914
0.00725962
0.0335591
0.0339835
0.0342507
0.0343752
0.034371
0.0342516
0.03403
0.0337182
0.0333276
0.0328688
0.0323515
0.0317844
0.0311757
0.0305328
0.0298623
0.0291704
0.0284623
0.027743
0.0270166
0.0262869
0.0255573
0.0248306
0.0241095
0.0233962
0.0226926
0.0220005
0.0213211
0.0206556
0.020005
0.0193701
0.0187515
0.0181497
0.0175651
0.0169981
0.0164486
0.0159169
0.0154028
0.0149064
0.0144274
0.0139657
0.0135212
0.0130935
0.0126824
0.0122876
0.0119088
0.0115457
0.0111981
0.0108656
0.010548
0.0102451
0.00995651
0.00968209
0.00942151
0.00917448
0.00894069
0.00871988
0.00851175
0.00831606
0.00813259
0.00796111
0.00780144
0.00765338
0.00751675
0.00739137
0.00727707
0.00717371
0.00708114
0.00699927
0.00692801
0.00686729
0.00681706
0.00677729
0.00674795
0.00672905
0.00672025
0.0301201
0.0305505
0.0308374
0.0309932
0.0310303
0.0309607
0.0307959
0.0305467
0.0302234
0.0298353
0.0293914
0.0288997
0.0283677
0.0278023
0.0272097
0.0265955
0.0259648
0.0253219
0.024671
0.0240156
0.0233588
0.0227034
0.0220519
0.0214066
0.0207693
0.0201415
0.0195246
0.0189198
0.018328
0.01775
0.0171864
0.0166378
0.0161045
0.0155869
0.0150852
0.0145994
0.0141295
0.0136756
0.0132374
0.012815
0.0124082
0.0120166
0.0116401
0.0112785
0.0109314
0.0105987
0.0102799
0.00997508
0.00968384
0.009406
0.00914133
0.00888959
0.00865052
0.00842384
0.00820929
0.00800662
0.00781557
0.00763594
0.00746751
0.00731009
0.00716351
0.00702758
0.00690213
0.006787
0.00668204
0.0065871
0.00650207
0.00642686
0.0063614
0.00630562
0.00625949
0.00622297
0.00619604
0.00617869
0.00617062
0.0268263
0.0272501
0.027544
0.0277189
0.0277856
0.0277547
0.0276362
0.0274397
0.0271743
0.0268485
0.0264702
0.0260468
0.0255851
0.0250914
0.0245714
0.0240303
0.0234726
0.0229026
0.0223239
0.0217399
0.0211534
0.0205673
0.0199837
0.0194048
0.0188324
0.0182679
0.0177126
0.0171678
0.0166342
0.0161126
0.0156038
0.0151081
0.0146261
0.014158
0.0137039
0.0132641
0.0128386
0.0124273
0.0120303
0.0116474
0.0112785
0.0109233
0.0105818
0.0102536
0.00993855
0.00963641
0.00934698
0.00907007
0.00880551
0.0085531
0.00831263
0.00808387
0.0078666
0.00766057
0.00746554
0.00728127
0.00710757
0.00694424
0.0067911
0.00664797
0.00651468
0.00639108
0.006277
0.00617229
0.00607681
0.00599044
0.00591308
0.00584465
0.00578509
0.00573435
0.00569239
0.00565918
0.00563469
0.00561893
0.0056116
0.0236632
0.0240692
0.0243593
0.0245426
0.0246287
0.0246264
0.0245448
0.0243921
0.0241764
0.0239052
0.0235854
0.0232239
0.0228267
0.0223994
0.0219472
0.0214748
0.0209864
0.0204857
0.0199762
0.0194609
0.0189426
0.0184236
0.0179063
0.0173924
0.0168836
0.0163814
0.0158869
0.0154013
0.0149253
0.0144599
0.0140054
0.0135626
0.0131316
0.0127129
0.0123066
0.0119129
0.0115318
0.0111634
0.0108076
0.0104644
0.0101336
0.00981517
0.0095088
0.00921433
0.00893158
0.00866036
0.0084005
0.00815187
0.00791429
0.0076876
0.00747161
0.00726612
0.00707093
0.0068858
0.00671054
0.00654494
0.00638883
0.00624203
0.00610439
0.00597575
0.00585595
0.00574486
0.00564231
0.00554817
0.00546231
0.00538465
0.00531508
0.00525354
0.00519998
0.00515436
0.00511664
0.00508679
0.00506478
0.00505062
0.00504404
0.0206161
0.020995
0.0212718
0.0214543
0.0215506
0.0215684
0.0215154
0.0213986
0.0212252
0.0210017
0.0207343
0.0204288
0.0200907
0.0197251
0.0193363
0.0189287
0.018506
0.0180716
0.0176285
0.0171795
0.0167272
0.0162737
0.0158209
0.0153707
0.0149244
0.0144835
0.014049
0.013622
0.0132032
0.0127934
0.0123931
0.0120028
0.0116228
0.0112534
0.0108948
0.0105472
0.0102107
0.00988521
0.00957085
0.00926754
0.00897515
0.00869356
0.0084226
0.0081621
0.0079119
0.00767187
0.00744187
0.00722178
0.00701145
0.00681075
0.0066195
0.00643753
0.00626465
0.00610067
0.00594542
0.00579871
0.00566041
0.00553036
0.00540842
0.00529445
0.00518832
0.00508989
0.00499902
0.00491559
0.0048395
0.00477065
0.00470899
0.00465444
0.00460696
0.00456653
0.00453311
0.00450666
0.00448718
0.00447464
0.00446882
0.0176703
0.0180142
0.0182697
0.0184435
0.0185423
0.0185726
0.0185408
0.0184532
0.0183156
0.0181338
0.0179132
0.0176587
0.0173751
0.0170668
0.0167376
0.0163913
0.0160312
0.0156602
0.015281
0.0148963
0.014508
0.0141182
0.0137287
0.0133409
0.0129561
0.0125756
0.0122004
0.0118314
0.0114693
0.0111147
0.0107683
0.0104303
0.0101012
0.00978106
0.00947021
0.00916876
0.00887682
0.00859444
0.00832163
0.00805835
0.00780451
0.00755998
0.00732463
0.00709832
0.00688092
0.00667232
0.00647242
0.00628111
0.00609828
0.0059238
0.00575753
0.00559931
0.00544897
0.00530635
0.00517132
0.00504371
0.00492341
0.00481029
0.00470423
0.00460511
0.00451279
0.00442716
0.00434811
0.00427552
0.00420931
0.0041494
0.00409573
0.00404826
0.00400695
0.00397178
0.0039427
0.00391971
0.00390276
0.00389187
0.00388682
0.0148114
0.0151136
0.0153411
0.0154995
0.0155941
0.0156303
0.0156137
0.0155493
0.0154421
0.0152969
0.0151182
0.0149103
0.0146772
0.0144224
0.0141495
0.0138614
0.0135611
0.0132511
0.0129338
0.0126113
0.0122854
0.011958
0.0116304
0.0113039
0.0109797
0.0106589
0.0103423
0.0100308
0.00972495
0.00942538
0.00913252
0.00884673
0.00856828
0.0082974
0.00803426
0.00777902
0.00753177
0.00729257
0.00706144
0.00683833
0.00662318
0.00641589
0.00621633
0.00602441
0.00584002
0.00566307
0.00549349
0.00533119
0.00517607
0.00502803
0.00488693
0.00475265
0.00462506
0.00450401
0.00438938
0.00428106
0.00417894
0.00408292
0.00399289
0.00390875
0.00383038
0.00375769
0.00369057
0.00362894
0.00357271
0.00352183
0.00347625
0.00343594
0.00340087
0.003371
0.00334632
0.00332681
0.00331243
0.0033032
0.00329892
0.0120251
0.01228
0.0124739
0.0126111
0.012696
0.0127329
0.0127262
0.0126801
0.0125986
0.0124857
0.012345
0.0121799
0.0119938
0.0117895
0.0115699
0.0113375
0.0110947
0.0108436
0.0105863
0.0103245
0.0100597
0.00979333
0.00952659
0.00926055
0.0089962
0.0087344
0.00847593
0.00822146
0.00797156
0.00772669
0.00748722
0.00725346
0.00702563
0.00680393
0.00658852
0.00637952
0.00617703
0.0059811
0.00579175
0.00560895
0.00543264
0.00526273
0.00509914
0.00494179
0.0047906
0.0046455
0.00450644
0.00437333
0.00424611
0.00412469
0.00400895
0.0038988
0.00379412
0.0036948
0.00360075
0.00351188
0.00342809
0.00334931
0.00327545
0.00320642
0.00314212
0.00308247
0.0030274
0.00297681
0.00293066
0.0028889
0.0028515
0.00281841
0.00278963
0.00276512
0.00274488
0.00272887
0.00271709
0.00270952
0.00270602
0.00929699
0.00950018
0.00965587
0.00976737
0.00983803
0.00987122
0.00987029
0.0098385
0.00977902
0.00969483
0.00958877
0.0094635
0.00932151
0.00916512
0.00899652
0.00881772
0.00863061
0.00843691
0.00823815
0.00803571
0.0078308
0.00762451
0.00741777
0.00721144
0.0070063
0.00680304
0.00660228
0.00640455
0.00621032
0.00601995
0.00583374
0.00565191
0.00547465
0.00530212
0.00513445
0.00497175
0.00481409
0.00466153
0.00451407
0.00437169
0.00423434
0.00410197
0.00397451
0.00385189
0.00373406
0.00362098
0.0035126
0.00340886
0.0033097
0.00321505
0.00312484
0.00303896
0.00295735
0.00287992
0.00280659
0.0027373
0.00267198
0.00261056
0.00255298
0.00249916
0.00244903
0.00240253
0.00235958
0.00232013
0.00228414
0.00225157
0.0022224
0.0021966
0.00217416
0.00215506
0.00213928
0.0021268
0.00211762
0.00211173
0.00210901
0.00661295
0.00676078
0.00687466
0.00695691
0.00700989
0.00703601
0.00703765
0.00701714
0.00697672
0.00691852
0.00684454
0.00675667
0.00665668
0.00654624
0.00642691
0.00630017
0.00616737
0.00602976
0.00588845
0.00574443
0.00559855
0.00545159
0.00530423
0.00515709
0.00501072
0.00486565
0.00472233
0.00458114
0.00444242
0.00430642
0.00417337
0.00404343
0.00391673
0.00379339
0.00367351
0.00355717
0.00344443
0.00333532
0.00322986
0.00312801
0.00302976
0.00293506
0.00284386
0.00275612
0.00267181
0.00259089
0.00251333
0.0024391
0.00236814
0.00230041
0.00223584
0.00217438
0.00211597
0.00206055
0.00200806
0.00195847
0.00191172
0.00186776
0.00182655
0.00178803
0.00175216
0.00171887
0.00168813
0.00165989
0.00163412
0.00161081
0.00158993
0.00157146
0.0015554
0.00154173
0.00153044
0.00152151
0.00151495
0.00151074
0.0015088
0.00395848
0.00404832
0.00411778
0.0041682
0.00420103
0.00421768
0.00421961
0.00420818
0.00418476
0.00415059
0.00410689
0.00405476
0.00399528
0.00392946
0.00385824
0.00378251
0.00370311
0.00362078
0.0035362
0.00344995
0.00336255
0.00327446
0.0031861
0.00309784
0.00301002
0.00292296
0.00283694
0.00275219
0.00266891
0.00258726
0.00250736
0.00242932
0.00235322
0.00227913
0.00220711
0.00213722
0.00206949
0.00200394
0.00194058
0.00187939
0.00182035
0.00176344
0.00170863
0.0016559
0.00160523
0.0015566
0.00150999
0.00146538
0.00142274
0.00138203
0.00134323
0.00130629
0.00127118
0.00123787
0.00120633
0.00117652
0.00114843
0.00112201
0.00109724
0.0010741
0.00105253
0.00103253
0.00101405
0.000997077
0.000981591
0.000967577
0.000955025
0.000943926
0.000934274
0.00092606
0.000919277
0.000913917
0.000909976
0.000907455
0.000906297
0.00131961
0.00134988
0.00137332
0.00139039
0.00140157
0.00140733
0.00140815
0.0014045
0.00139683
0.00138555
0.00137107
0.00135376
0.00133398
0.00131206
0.00128832
0.00126308
0.00123659
0.00120913
0.0011809
0.00115212
0.00112294
0.00109353
0.00106402
0.00103454
0.0010052
0.000976123
0.000947387
0.000919076
0.000891255
0.000863978
0.000837286
0.000811213
0.000785787
0.000761034
0.000736974
0.000713624
0.000690996
0.000669098
0.00064793
0.000627488
0.000607765
0.000588752
0.000570442
0.000552826
0.000535899
0.000519654
0.000504084
0.000489182
0.000474938
0.000461341
0.000448379
0.000436041
0.000424314
0.000413187
0.00040265
0.000392695
0.000383311
0.000374489
0.000366218
0.000358487
0.000351287
0.000344605
0.000338434
0.000332766
0.000327593
0.000322913
0.00031872
0.000315013
0.00031179
0.000309046
0.000306781
0.000304992
0.000303678
0.000302839
0.000302453
)
;

boundaryField
{
    leftWall
    {
        type            fixedFluxPressure;
        gradient        nonuniform List<scalar> 0();
        value           nonuniform List<scalar> 0();
    }
    rightWall
    {
        type            fixedFluxPressure;
        gradient        uniform 0;
        value           nonuniform List<scalar> 
40
(
0.0153838
0.0153635
0.0153194
0.0152514
0.0151596
0.0150441
0.014905
0.0147427
0.0145573
0.0143492
0.0141187
0.0138662
0.013592
0.0132966
0.0129805
0.0126442
0.0122882
0.0119132
0.0115197
0.0111083
0.0106798
0.0102347
0.00977394
0.00929809
0.00880795
0.00830429
0.00778791
0.00725962
0.00672025
0.00617062
0.0056116
0.00504404
0.00446882
0.00388682
0.00329892
0.00270602
0.00210901
0.0015088
0.000906297
0.000302453
)
;
    }
    lowerWall
    {
        type            fixedFluxPressure;
        gradient        uniform 0;
        value           nonuniform List<scalar> 
75
(
0.172093
0.162724
0.154102
0.14614
0.138767
0.131919
0.125542
0.119589
0.114019
0.108797
0.103892
0.0992751
0.0949232
0.0908148
0.0869313
0.0832556
0.0797726
0.0764686
0.0733313
0.07035
0.0675146
0.0648161
0.0622461
0.059797
0.0574619
0.0552346
0.0531094
0.0510807
0.0491434
0.047293
0.0455253
0.0438363
0.0422223
0.04068
0.0392059
0.037797
0.0364505
0.0351639
0.0339348
0.0327608
0.0316397
0.0305693
0.0295478
0.0285734
0.0276443
0.0267591
0.0259162
0.0251141
0.0243513
0.0236266
0.0229388
0.0222867
0.0216694
0.021086
0.0205355
0.0200168
0.0195291
0.0190716
0.0186436
0.0182444
0.0178735
0.0175302
0.017214
0.0169244
0.0166609
0.0164229
0.0162101
0.0160222
0.0158588
0.0157199
0.0156051
0.0155142
0.0154472
0.0154039
0.0153838
)
;
    }
    atmosphere
    {
        type            totalPressure;
        rho             rho;
        psi             none;
        gamma           1;
        p0              uniform 0;
        value           uniform 0;
    }
    defaultFaces
    {
        type            empty;
    }
    procBoundary3to2
    {
        type            processor;
        value           nonuniform List<scalar> 
40
(
0.182309
0.181405
0.179331
0.176194
0.172095
0.167148
0.161478
0.155223
0.148517
0.141494
0.134273
0.126965
0.119662
0.112443
0.105371
0.0984964
0.091855
0.0854727
0.0793657
0.0735423
0.0680043
0.0627484
0.0577677
0.0530518
0.0485884
0.0443634
0.0403614
0.0365666
0.0329627
0.0295332
0.0262616
0.0231315
0.0201267
0.0172312
0.014429
0.0117049
0.00904329
0.00642914
0.00384706
0.00128213
)
;
    }
}


// ************************************************************************* //
