/*--------------------------------*- C++ -*----------------------------------*\
| =========                 |                                                 |
| \\      /  F ield         | OpenFOAM: The Open Source CFD Toolbox           |
|  \\    /   O peration     | Version:  2606                                  |
|   \\  /    A nd           | Website:  www.openfoam.com                      |
|    \\/     M anipulation  |                                                 |
\*---------------------------------------------------------------------------*/
FoamFile
{
    version     2.0;
    format      ascii;
    arch        "LSB;label=32;scalar=64";
    class       volScalarField;
    location    "0.2";
    object      p_rgh;
}
// * * * * * * * * * * * * * * * * * * * * * * * * * * * * * * * * * * * * * //

dimensions      [1 -1 -2 0 0 0 0];

internalField   nonuniform List<scalar> 
3000
(
0.0217797
0.0209277
0.0201105
0.0193264
0.0185739
0.0178515
0.0171577
0.0164914
0.0158514
0.0152367
0.0146464
0.0140793
0.0135346
0.013011
0.0125078
0.0120239
0.0115587
0.0111114
0.0106815
0.0102683
0.00987125
0.00948969
0.00912292
0.00877031
0.00843122
0.00810508
0.00779138
0.00748964
0.0071994
0.00692024
0.0066517
0.00639335
0.00614479
0.00590562
0.0056755
0.00545414
0.00524125
0.0050366
0.00483991
0.00465093
0.00446937
0.00429492
0.0041273
0.00396618
0.00381128
0.00366234
0.00351914
0.00338146
0.00324913
0.00312199
0.00299986
0.0028826
0.00277003
0.00266198
0.00255826
0.00245868
0.00236306
0.00227121
0.00218298
0.0020982
0.00201675
0.00193849
0.00186333
0.00179115
0.00172188
0.0016554
0.00159163
0.00153046
0.00147179
0.0014155
0.00136147
0.0013096
0.00125977
0.00121186
0.00116577
0.0217482
0.0208977
0.0200819
0.0192991
0.0185478
0.0178264
0.0171337
0.0164684
0.0158294
0.0152156
0.0146262
0.0140601
0.0135161
0.0129934
0.0124908
0.0120076
0.011543
0.0110963
0.010667
0.0102544
0.00985799
0.00947699
0.00911075
0.00875863
0.00841999
0.00809428
0.00778098
0.00747964
0.0071898
0.00691102
0.00664284
0.00638483
0.00613657
0.00589769
0.00566784
0.00544675
0.00523413
0.00502975
0.00483333
0.00464463
0.00446334
0.00428915
0.00412177
0.00396088
0.00380619
0.00365745
0.00351442
0.00337692
0.00324475
0.00311777
0.00299581
0.00287871
0.0027663
0.00265841
0.00255484
0.0024554
0.00235991
0.00226819
0.00218006
0.00209539
0.00201403
0.00193587
0.0018608
0.00178872
0.00171953
0.00165314
0.00158946
0.00152839
0.0014698
0.0014136
0.00135966
0.00130787
0.00125812
0.00121028
0.00116423
0.0216804
0.020833
0.0200202
0.0192402
0.0184914
0.0177725
0.0170821
0.0164189
0.015782
0.0151703
0.0145829
0.0140186
0.0134764
0.0129553
0.0124543
0.0119726
0.0115094
0.0110641
0.0106361
0.0102248
0.00982959
0.00944975
0.00908461
0.00873351
0.00839584
0.00807106
0.00775867
0.00745819
0.00716919
0.0068912
0.00662378
0.00636649
0.00611892
0.00588069
0.00565149
0.00543101
0.00521901
0.00501523
0.00481941
0.00463128
0.00445054
0.00427689
0.00411001
0.0039496
0.00379536
0.00364705
0.00350444
0.00336732
0.00323554
0.00310892
0.00298732
0.00287056
0.00275848
0.00265089
0.00254761
0.00244846
0.00235323
0.00226176
0.00217387
0.00208943
0.00200829
0.00193034
0.00185547
0.00178359
0.0017146
0.0016484
0.00158491
0.00152401
0.0014656
0.00140957
0.00135579
0.00130415
0.00125454
0.00120684
0.00116093
0.0215757
0.0207332
0.0199249
0.0191491
0.0184043
0.0176891
0.0170022
0.0163425
0.0157089
0.0151003
0.0145159
0.0139545
0.013415
0.0128964
0.0123978
0.0119184
0.0114574
0.0110143
0.0105883
0.010179
0.00978567
0.0094076
0.00904414
0.00869463
0.00835848
0.00803515
0.00772415
0.00742501
0.00713729
0.00686053
0.00659429
0.00633812
0.00609162
0.00585442
0.00562622
0.00540672
0.00519567
0.00499282
0.00479791
0.00461066
0.00443078
0.00425795
0.00409185
0.00393217
0.00377864
0.003631
0.00348902
0.00335252
0.00322133
0.00309528
0.00297421
0.00285798
0.00274639
0.00263928
0.00253646
0.00243773
0.00234291
0.00225183
0.00216431
0.00208022
0.00199942
0.0019218
0.00184725
0.00177568
0.00170699
0.00164109
0.00157788
0.00151726
0.00145911
0.00140333
0.0013498
0.00129839
0.001249
0.00120151
0.00115581
0.0214346
0.0205985
0.0197962
0.0190261
0.0182867
0.0175766
0.0168945
0.0162394
0.0156102
0.0150059
0.0144255
0.0138679
0.0133321
0.0128169
0.0123216
0.0118452
0.0113873
0.010947
0.0105238
0.0101172
0.00972633
0.00935066
0.00898946
0.0086421
0.008308
0.00798663
0.00767751
0.00738019
0.0070942
0.00681911
0.00655444
0.00629979
0.00605474
0.00581895
0.0055921
0.00537392
0.00516417
0.00496258
0.0047689
0.00458284
0.0044041
0.00423236
0.00406731
0.00390863
0.00375605
0.00360931
0.0034682
0.00333254
0.00320214
0.00307685
0.00295653
0.00284099
0.00273008
0.00262361
0.00252139
0.00242324
0.00232897
0.00223841
0.00215139
0.00206778
0.00198745
0.00191027
0.00183616
0.00176501
0.00169672
0.00163122
0.00156839
0.00150814
0.00145035
0.00139491
0.0013417
0.00129061
0.00124152
0.00119431
0.00114888
0.0212573
0.0204293
0.0196346
0.0188717
0.018139
0.0174352
0.0167591
0.0161098
0.0154862
0.0148872
0.0143119
0.0137591
0.0132278
0.0127169
0.0122257
0.0117533
0.011299
0.0108624
0.0104427
0.0100394
0.00965169
0.00927901
0.00892065
0.00857599
0.00824447
0.00792558
0.00761884
0.0073238
0.00704
0.00676699
0.00650432
0.00625157
0.00600836
0.00577434
0.00554921
0.0053327
0.00512457
0.00492457
0.00473243
0.00454786
0.00437056
0.00420019
0.00403644
0.00387901
0.00372763
0.00358203
0.00344202
0.0033074
0.003178
0.00305368
0.00293428
0.00281962
0.00270955
0.00260388
0.00250243
0.002405
0.00231143
0.00222152
0.00213514
0.00205214
0.00197238
0.00189577
0.00182221
0.00175158
0.00168382
0.00161881
0.00155646
0.00149667
0.00143932
0.00138431
0.00133151
0.00128081
0.00123209
0.00118525
0.00114017
0.0210444
0.0202261
0.0194405
0.0186861
0.0179614
0.0172653
0.0165965
0.0159542
0.0153372
0.0147446
0.0141753
0.0136282
0.0131023
0.0125967
0.0121103
0.0116426
0.011193
0.0107607
0.0103451
0.00994576
0.00956187
0.00919277
0.00883782
0.00849642
0.00816801
0.0078521
0.00754823
0.00725593
0.00697476
0.00670426
0.006444
0.00619356
0.00595256
0.00572067
0.00549762
0.00528313
0.00507696
0.00487887
0.00468857
0.00450579
0.00433019
0.00416147
0.0039993
0.00384337
0.00369342
0.0035492
0.0034105
0.00327714
0.00314896
0.0030258
0.0029075
0.00279391
0.00268485
0.00258014
0.00247961
0.00238305
0.00229031
0.0022012
0.00211558
0.00203331
0.00195426
0.00187833
0.00180542
0.00173544
0.00166829
0.00160387
0.0015421
0.00148287
0.00142606
0.00137156
0.00131925
0.00126902
0.00122075
0.00117434
0.00112967
0.0207965
0.0199894
0.0192144
0.0184699
0.0177546
0.0170673
0.0164071
0.0157728
0.0151636
0.0145783
0.0140161
0.0134756
0.0129561
0.0124564
0.0119758
0.0115136
0.0110692
0.0106419
0.0102313
0.00983651
0.009457
0.00909208
0.00874111
0.00840351
0.00807874
0.00776632
0.00746579
0.0071767
0.0068986
0.00663104
0.00637359
0.00612584
0.00588743
0.00565805
0.00543742
0.00522529
0.00502142
0.00482554
0.0046374
0.00445669
0.00428309
0.00411628
0.00395593
0.00380175
0.00365347
0.00351085
0.00337369
0.00324181
0.00311504
0.00299323
0.00287624
0.00276388
0.002656
0.00255242
0.00245295
0.00235742
0.00226565
0.00217747
0.00209274
0.00201132
0.0019331
0.00185797
0.00178583
0.00171659
0.00165016
0.00158644
0.00152535
0.00146676
0.00141057
0.00135667
0.00130493
0.00125525
0.00120751
0.0011616
0.00111741
0.0205143
0.0197199
0.0189568
0.0182236
0.0175189
0.0168418
0.0161912
0.0155661
0.0149657
0.0143888
0.0138345
0.0133016
0.0127892
0.0122963
0.0118223
0.0113663
0.0109279
0.0105064
0.0101013
0.00971178
0.00933727
0.00897711
0.00863068
0.00829741
0.0079768
0.00766837
0.00737166
0.00708624
0.00681165
0.00654745
0.0062932
0.00604854
0.0058131
0.00558658
0.00536873
0.00515929
0.00495804
0.0047647
0.00457901
0.00440065
0.00422932
0.00406468
0.00390641
0.00375422
0.00360785
0.00346706
0.00333165
0.00320145
0.0030763
0.00295604
0.00284052
0.00272958
0.00262305
0.00252075
0.00242251
0.00232814
0.00223748
0.00215037
0.00206665
0.00198621
0.00190894
0.00183471
0.00176346
0.00169507
0.00162946
0.00156654
0.00150621
0.00144836
0.00139288
0.00133966
0.00128858
0.00123952
0.00119238
0.00114705
0.00110342
0.0201985
0.0194183
0.0186684
0.0179477
0.017255
0.0165892
0.0159494
0.0153346
0.014744
0.0141765
0.013631
0.0131065
0.012602
0.0121168
0.0116501
0.0112011
0.0107695
0.0103544
0.00995543
0.00957179
0.00920288
0.00884804
0.0085067
0.0081783
0.00786236
0.00755841
0.00726601
0.0069847
0.00671405
0.00645362
0.00620299
0.00596178
0.00572968
0.00550639
0.00529166
0.00508526
0.00488694
0.00469644
0.00451349
0.00433777
0.00416897
0.00400675
0.00385081
0.00370086
0.00355662
0.00341788
0.00328444
0.00315613
0.00303279
0.00291427
0.00280041
0.00269106
0.00258604
0.00248519
0.00238832
0.00229526
0.00220585
0.00211993
0.00203736
0.00195803
0.00188181
0.00180861
0.00173834
0.00167091
0.00160623
0.00154421
0.00148474
0.00142771
0.00137303
0.00132057
0.00127022
0.00122187
0.0011754
0.00113071
0.0010877
0.01985
0.0190852
0.01835
0.0176431
0.0169634
0.0163101
0.0156822
0.0150788
0.0144989
0.0139416
0.0134059
0.0128906
0.012395
0.0119182
0.0114595
0.0110183
0.0105941
0.0101862
0.00979395
0.00941679
0.00905404
0.0087051
0.00836938
0.00804638
0.00773562
0.00743663
0.00714899
0.00687225
0.00660597
0.00634971
0.00610308
0.00586573
0.00563733
0.00541763
0.00520636
0.00500331
0.00480824
0.00462088
0.00444096
0.00426815
0.00410214
0.0039426
0.00378923
0.00364173
0.00349986
0.00336339
0.00323212
0.00310591
0.00298458
0.00286798
0.00275597
0.00264837
0.00254503
0.00244578
0.00235043
0.00225883
0.0021708
0.00208621
0.00200491
0.0019268
0.00185176
0.0017797
0.00171053
0.00164416
0.0015805
0.00151947
0.00146095
0.00140484
0.00135104
0.00129942
0.00124988
0.00120231
0.00115658
0.00111261
0.00107029
0.0194696
0.0187216
0.0180022
0.0173103
0.0166449
0.0160052
0.0153902
0.0147991
0.014231
0.0136849
0.0131597
0.0126545
0.0121685
0.0117009
0.011251
0.0108183
0.0104021
0.0100019
0.00961713
0.00924703
0.00889102
0.00854852
0.00821897
0.00790187
0.00759678
0.00730324
0.00702082
0.00674908
0.00648758
0.0062359
0.00599367
0.00576054
0.00553621
0.00532043
0.00511297
0.0049136
0.00472208
0.00453816
0.00436153
0.0041919
0.00402894
0.00387232
0.00372175
0.00357694
0.00343765
0.00330366
0.00317478
0.00305086
0.00293173
0.00281724
0.00270724
0.00260158
0.00250008
0.00240258
0.0023089
0.00221889
0.00213238
0.00204925
0.00196935
0.00189258
0.00181883
0.00174802
0.00168005
0.00161485
0.00155232
0.00149236
0.00143489
0.00137978
0.00132694
0.00127626
0.0012276
0.00118088
0.00113597
0.00109278
0.00105121
0.0190584
0.0183284
0.017626
0.0169502
0.0163002
0.0156751
0.0150741
0.0144963
0.0139409
0.0134067
0.0128929
0.0123986
0.0119229
0.0114652
0.0110249
0.0106013
0.0101939
0.00980208
0.00942527
0.00906281
0.0087141
0.00837857
0.0080557
0.00774502
0.00744609
0.00715846
0.0068817
0.00661539
0.00635908
0.00611238
0.00587492
0.00564638
0.00542648
0.00521498
0.00501165
0.00481628
0.00462861
0.0044484
0.00427535
0.00410915
0.00394948
0.00379603
0.00364849
0.00350659
0.00337009
0.00323879
0.0031125
0.00299106
0.00287432
0.00276212
0.00265432
0.00255075
0.00245125
0.00235565
0.00226379
0.00217551
0.00209066
0.00200911
0.00193073
0.00185542
0.00178308
0.00171362
0.00164697
0.00158303
0.00152172
0.00146294
0.0014066
0.00135258
0.00130079
0.0012511
0.00120341
0.00115761
0.00111359
0.00107125
0.0010305
0.0186173
0.0179064
0.0172222
0.0165636
0.01593
0.0153206
0.0147345
0.0141709
0.013629
0.0131076
0.012606
0.0121233
0.0116587
0.0112117
0.0107815
0.0103677
0.00996974
0.00958693
0.0092187
0.00886444
0.00852357
0.00819554
0.00787987
0.0075761
0.0072838
0.00700253
0.00673187
0.0064714
0.00622069
0.00597935
0.00574705
0.00552346
0.00530834
0.00510144
0.00490257
0.0047115
0.00452798
0.00435176
0.00418255
0.00402004
0.0038639
0.00371384
0.00356955
0.00343077
0.00329728
0.00316888
0.00304537
0.00292661
0.00281244
0.00270271
0.00259727
0.00249596
0.00239861
0.00230507
0.00221517
0.00212876
0.00204569
0.00196585
0.00188911
0.00181538
0.00174456
0.00167657
0.00161133
0.00154875
0.00148875
0.00143124
0.00137612
0.00132328
0.00127261
0.001224
0.00117735
0.00113254
0.00108947
0.00104805
0.00100818
0.0181474
0.0174567
0.0167917
0.0161514
0.0155353
0.0149424
0.0143722
0.0138236
0.0132959
0.0127882
0.0122995
0.0118291
0.0113764
0.0109407
0.0105214
0.0101181
0.00973011
0.00935687
0.00899779
0.00865227
0.00831977
0.00799976
0.00769178
0.0073954
0.00711018
0.00683572
0.00657158
0.00631735
0.00607263
0.00583704
0.00561024
0.00539197
0.00518196
0.00498001
0.00478591
0.00459944
0.00442036
0.0042484
0.00408329
0.0039247
0.00377233
0.00362588
0.00348506
0.00334962
0.00321934
0.00309403
0.0029735
0.0028576
0.00274618
0.00263909
0.00253618
0.00243729
0.00234225
0.0022509
0.0021631
0.00207869
0.00199754
0.00191953
0.00184456
0.00177251
0.00170332
0.00163691
0.00157318
0.00151206
0.00145348
0.00139732
0.0013435
0.00129191
0.00124245
0.001195
0.00114945
0.00110571
0.00106366
0.00102322
0.000984298
0.0176499
0.0169804
0.0163355
0.0157145
0.0151167
0.0145413
0.0139878
0.0134551
0.0129424
0.012449
0.011974
0.0115167
0.0110765
0.0106528
0.0102451
0.0098528
0.00947541
0.0091123
0.00876291
0.00842667
0.00810304
0.00779155
0.00749175
0.00720321
0.00692553
0.0066583
0.00640109
0.0061535
0.00591515
0.00568566
0.00546474
0.00525212
0.00504758
0.00485089
0.00466186
0.00448028
0.00430591
0.00413848
0.00397771
0.00382329
0.00367491
0.00353229
0.00339515
0.00326326
0.00313639
0.00301435
0.00289699
0.00278414
0.00267564
0.00257136
0.00247114
0.00237482
0.00228223
0.00219324
0.00210767
0.0020254
0.00194629
0.00187024
0.00179713
0.0017269
0.00165944
0.0015947
0.00153259
0.00147303
0.00141594
0.00136123
0.0013088
0.00125854
0.00121036
0.00116414
0.00111977
0.00107716
0.0010362
0.0009968
0.000958884
0.0171258
0.0164785
0.0158547
0.0152538
0.0146752
0.0141182
0.0135821
0.013066
0.0125691
0.0120908
0.0116301
0.0111866
0.0107595
0.0103485
0.00995293
0.00957231
0.00920607
0.00885365
0.00851447
0.00818801
0.00787376
0.00757127
0.00728011
0.00699988
0.00673017
0.00647057
0.00622069
0.00598012
0.0057485
0.00552548
0.00531078
0.00510416
0.00490539
0.00471428
0.00453063
0.00435423
0.00418483
0.00402218
0.00386599
0.00371596
0.0035718
0.00343322
0.00329997
0.00317181
0.00304854
0.00292998
0.00281596
0.00270633
0.00260093
0.00249963
0.00240225
0.00230865
0.00221867
0.00213215
0.00204895
0.00196895
0.00189201
0.00181803
0.00174692
0.0016786
0.00161299
0.00155002
0.00148962
0.00143171
0.00137621
0.00132302
0.00127206
0.00122322
0.00117639
0.00113147
0.00108835
0.00104693
0.00100712
0.000968832
0.000931979
0.0165764
0.015952
0.0153502
0.0147703
0.0142117
0.0136738
0.0131558
0.0126571
0.0121767
0.0117141
0.0112685
0.0108393
0.0104261
0.0100283
0.00964551
0.0092771
0.00892256
0.00858134
0.0082529
0.00793672
0.00763233
0.00733931
0.00705724
0.00678574
0.0065244
0.00627284
0.00603067
0.00579749
0.00557295
0.00535675
0.00514861
0.00494831
0.00475564
0.0045704
0.00439242
0.00422147
0.00405731
0.00389968
0.0037483
0.00360289
0.00346315
0.00332883
0.00319966
0.00307543
0.00295595
0.00284104
0.00273054
0.0026243
0.00252216
0.00242398
0.00232961
0.00223887
0.00215163
0.00206774
0.00198704
0.00190942
0.00183477
0.00176299
0.00169398
0.00162768
0.00156402
0.00150293
0.00144433
0.00138816
0.00133434
0.00128277
0.00123335
0.001186
0.0011406
0.00109704
0.00105524
0.00101508
0.000976486
0.000939359
0.000903627
0.0160028
0.0154022
0.0148231
0.0142649
0.0137271
0.013209
0.0127099
0.0122291
0.0117659
0.0113196
0.0108897
0.0104756
0.0100768
0.00969289
0.00932336
0.0089677
0.00862538
0.00829586
0.00797863
0.00767321
0.00737915
0.00709604
0.0068235
0.00656114
0.00630858
0.00606544
0.00583133
0.0056059
0.0053888
0.00517975
0.00497849
0.00478483
0.00459855
0.00441949
0.00424745
0.00408221
0.00392354
0.00377117
0.00362483
0.00348425
0.00334915
0.00321926
0.00309437
0.00297427
0.00285876
0.00274767
0.00264086
0.00253817
0.00243946
0.00234456
0.00225333
0.0021656
0.00208124
0.00200009
0.00192203
0.00184692
0.00177468
0.0017052
0.00163841
0.00157424
0.00151262
0.0014535
0.00139681
0.00134247
0.0012904
0.00124052
0.00119273
0.00114693
0.00110303
0.00106092
0.00102049
0.000981659
0.000944332
0.000908428
0.000873872
0.0154063
0.0148302
0.0142745
0.0137388
0.0132224
0.0127247
0.0122451
0.0117829
0.0113375
0.0109082
0.0104945
0.010096
0.00971223
0.00934273
0.00898703
0.00864463
0.00831502
0.00799769
0.00769214
0.00739793
0.00711464
0.00684188
0.00657928
0.00632647
0.00608306
0.0058487
0.00562301
0.00540566
0.00519633
0.00499475
0.0048007
0.00461397
0.0044344
0.00426179
0.00409595
0.00393668
0.00378373
0.00363685
0.00349577
0.00336023
0.00322995
0.00310471
0.00298428
0.00286847
0.00275711
0.00265002
0.00254706
0.00244809
0.00235294
0.00226147
0.00217352
0.00208894
0.00200759
0.00192932
0.00185401
0.00178153
0.00171181
0.00164475
0.00158028
0.00151834
0.00145887
0.00140182
0.00134711
0.00129468
0.00124446
0.00119635
0.00115026
0.00110609
0.00106375
0.00102314
0.000984157
0.00094671
0.000910713
0.000876087
0.000842761
0.014788
0.0142371
0.0137055
0.0131928
0.0126984
0.0122218
0.0117623
0.0113192
0.0108921
0.0104804
0.0100836
0.00970127
0.00933304
0.00897847
0.0086371
0.00830845
0.00799202
0.00768732
0.00739391
0.00711135
0.00683925
0.00657725
0.00632499
0.00608209
0.00584821
0.00562297
0.00540604
0.0051971
0.00499585
0.00480205
0.00461551
0.00443602
0.00426342
0.00409753
0.00393816
0.0037851
0.0036381
0.00349693
0.00336132
0.00323101
0.00310576
0.00298534
0.00286956
0.00275822
0.00265117
0.00254824
0.00244929
0.00235417
0.00226274
0.00217484
0.00209031
0.00200901
0.0019308
0.00185553
0.00178308
0.00171336
0.00164626
0.00158173
0.00151968
0.00146008
0.00140285
0.00134796
0.00129533
0.0012449
0.00119659
0.00115032
0.001106
0.00106354
0.00102283
0.000983781
0.000946298
0.000910293
0.000875681
0.000842387
0.000810342
0.0141491
0.013624
0.013117
0.0126279
0.0121562
0.0117011
0.0112622
0.0108389
0.0104307
0.0100371
0.00965766
0.00929206
0.00893989
0.00860074
0.00827416
0.00795971
0.0076569
0.00736528
0.00708442
0.00681393
0.00655344
0.00630259
0.00606103
0.00582842
0.00560439
0.00538862
0.00518076
0.00498054
0.00478768
0.00460197
0.00442322
0.00425125
0.00408589
0.00392698
0.00377432
0.0036277
0.00348688
0.00335162
0.00322167
0.00309679
0.00297675
0.00286134
0.00275038
0.00264368
0.0025411
0.00244249
0.0023477
0.00225659
0.00216901
0.00208481
0.00200383
0.00192593
0.00185097
0.00177882
0.00170936
0.00164249
0.00157814
0.00151624
0.00145672
0.00139954
0.00134465
0.001292
0.00124153
0.00119318
0.00114686
0.00110251
0.00106003
0.00101933
0.000980319
0.000942896
0.000906972
0.000872464
0.000839291
0.00080738
0.000776667
0.0134909
0.012992
0.0125103
0.0120453
0.0115966
0.0111637
0.0107459
0.0103428
0.009954
0.009579
0.00921747
0.00886907
0.00853343
0.00821015
0.00789882
0.00759899
0.00731021
0.00703208
0.00676419
0.00650617
0.00625766
0.00601833
0.00578784
0.00556584
0.00535201
0.005146
0.00494754
0.00475633
0.00457216
0.00439482
0.00422414
0.00405995
0.00390209
0.0037504
0.00360468
0.00346472
0.00333029
0.00320114
0.00307706
0.00295779
0.00284314
0.00273291
0.00262692
0.00252503
0.00242708
0.00233293
0.00224244
0.00215548
0.00207188
0.00199151
0.00191421
0.00183983
0.00176824
0.00169932
0.00163295
0.00156905
0.00150755
0.00144837
0.00139148
0.00133682
0.00128436
0.00123404
0.00118581
0.00113961
0.00109536
0.001053
0.00101242
0.000973552
0.000936291
0.000900549
0.000866241
0.000833284
0.000801601
0.000771122
0.000741788
0.0128146
0.0123424
0.0118863
0.011446
0.0110208
0.0106104
0.0102142
0.00983179
0.00946283
0.00910693
0.00876377
0.00843303
0.00811435
0.00780737
0.00751168
0.00722687
0.00695254
0.00668828
0.00643374
0.00618856
0.0059524
0.00572494
0.00550584
0.00529479
0.00509144
0.00489552
0.00470673
0.00452483
0.00434962
0.00418092
0.00401857
0.00386242
0.00371231
0.00356807
0.00342951
0.00329642
0.00316857
0.00304573
0.00292769
0.00281421
0.00270512
0.00260024
0.0024994
0.00240246
0.00230928
0.00221974
0.00213369
0.002051
0.00197151
0.00189509
0.00182158
0.00175083
0.00168273
0.00161714
0.00155398
0.00149315
0.00143458
0.00137824
0.00132406
0.00127201
0.00122206
0.00117415
0.00112824
0.00108427
0.00104216
0.00100185
0.000963246
0.000926263
0.000890813
0.000856809
0.000824168
0.000792812
0.000762668
0.00073367
0.00070576
0.0121212
0.0116762
0.0112462
0.0108308
0.0104296
0.0100421
0.0096679
0.00930666
0.00895801
0.00862166
0.0082973
0.00798463
0.00768333
0.00739304
0.00711338
0.00684397
0.00658445
0.00633444
0.0060936
0.00586161
0.00563814
0.00542287
0.00521548
0.00501567
0.00482312
0.00463755
0.00445871
0.0042864
0.00412042
0.00396062
0.00380685
0.00365897
0.00351683
0.00338026
0.00324907
0.00312304
0.00300197
0.00288562
0.00277379
0.00266628
0.00256292
0.00246353
0.00236799
0.00227615
0.0021879
0.00210309
0.00202161
0.00194331
0.00186806
0.0017957
0.00172608
0.00165908
0.00159457
0.00153242
0.00147255
0.00141489
0.00135937
0.00130594
0.00125457
0.00120522
0.00115786
0.00111245
0.00106893
0.00102725
0.000987353
0.000949155
0.000912578
0.00087754
0.000843956
0.000811741
0.000780818
0.000751112
0.000722554
0.000695081
0.000668638
0.0114121
0.0109946
0.010591
0.0102009
0.00982393
0.00945977
0.009108
0.0087683
0.00844039
0.00812399
0.00781882
0.00752462
0.00724106
0.00696782
0.00670455
0.0064509
0.00620653
0.0059711
0.00574431
0.00552583
0.00531537
0.0051126
0.00491721
0.00472892
0.00454743
0.00437249
0.00420388
0.0040414
0.0038849
0.00373424
0.0035893
0.00344992
0.00331597
0.00318727
0.00306364
0.00294486
0.00283074
0.00272105
0.0026156
0.00251422
0.00241674
0.00232301
0.00223291
0.00214632
0.00206311
0.00198318
0.00190638
0.0018326
0.00176168
0.00169349
0.00162788
0.00156472
0.00150389
0.00144528
0.00138881
0.0013344
0.00128201
0.0012316
0.00118312
0.00113655
0.00109186
0.00104901
0.00100796
0.000968644
0.000931013
0.00089499
0.000860499
0.00082746
0.000795793
0.000765418
0.00073626
0.00070825
0.000681321
0.000655415
0.000630481
0.0106883
0.0102986
0.00992162
0.00955717
0.00920486
0.00886437
0.00853537
0.00821759
0.00791079
0.00761471
0.0073291
0.00705371
0.00678824
0.00653239
0.00628583
0.00604826
0.00581937
0.00559886
0.00538642
0.00518176
0.00498459
0.0047946
0.00461149
0.00443499
0.00426482
0.00410076
0.00394262
0.00379022
0.00364345
0.00350216
0.00336625
0.00323559
0.00311002
0.00298939
0.00287349
0.00276214
0.00265513
0.00255227
0.00245337
0.00235826
0.00226681
0.00217888
0.00209437
0.00201315
0.00193512
0.00186017
0.00178818
0.00171902
0.00165254
0.00158862
0.00152711
0.00146788
0.00141083
0.00135585
0.00130287
0.00125181
0.00120264
0.00115531
0.00110981
0.0010661
0.00102415
0.00098394
0.000945418
0.000908535
0.000873231
0.00083944
0.000807088
0.0007761
0.000746399
0.00071791
0.000690563
0.000664291
0.000639033
0.000614735
0.000591348
0.00995089
0.0095892
0.00923922
0.00890068
0.00857331
0.0082568
0.00795091
0.00765539
0.00737003
0.00709461
0.0068289
0.00657264
0.00632557
0.00608741
0.00585788
0.0056367
0.00542359
0.00521828
0.00502048
0.00482992
0.00464631
0.00446936
0.00429878
0.00413431
0.00397571
0.00382277
0.00367534
0.00353326
0.00339642
0.00326473
0.00313806
0.00301631
0.00289931
0.00278691
0.00267893
0.00257516
0.00247543
0.00237954
0.00228733
0.00219865
0.00211337
0.00203138
0.00195257
0.00187686
0.00180413
0.00173428
0.00166719
0.00160275
0.00154081
0.00148125
0.00142393
0.00136873
0.00131554
0.00126428
0.00121486
0.00116724
0.00112137
0.00107722
0.00103476
0.000993981
0.000954852
0.000917342
0.000881413
0.000847017
0.000814098
0.000782592
0.00075243
0.00072354
0.000695851
0.000669292
0.000643797
0.000619304
0.000595756
0.000573103
0.0005513
0.00920099
0.00886754
0.00854475
0.00823239
0.00793021
0.00763798
0.0073555
0.00708255
0.00681895
0.0065645
0.00631897
0.00608214
0.00585375
0.00563358
0.00542136
0.00521684
0.00501979
0.00482995
0.00464706
0.00447085
0.00430105
0.00413737
0.00397955
0.00382735
0.00368054
0.00353895
0.00340244
0.00327089
0.00314421
0.00302231
0.00290508
0.00279241
0.00268415
0.00258015
0.00248023
0.00238421
0.00229189
0.00220312
0.00211774
0.00203563
0.00195665
0.00188072
0.00180775
0.00173765
0.00167033
0.00160569
0.00154361
0.00148398
0.00142667
0.00137155
0.0013185
0.00126741
0.00121817
0.0011707
0.00112494
0.00108082
0.00103833
0.000997421
0.000958088
0.000920309
0.000884061
0.000849317
0.00081604
0.000784188
0.000753705
0.000724534
0.000696608
0.000669861
0.000644226
0.000619638
0.000596034
0.000573358
0.000551558
0.000530585
0.000510398
0.00843964
0.00813462
0.00783922
0.00755325
0.00727652
0.00700884
0.00675004
0.00649994
0.00625838
0.00602515
0.00580008
0.00558293
0.0053735
0.00517157
0.00497692
0.00478933
0.00460859
0.00443446
0.00426671
0.00410509
0.00394931
0.00379913
0.00365429
0.00351456
0.00337975
0.00324972
0.00312435
0.00300353
0.0028872
0.00277527
0.00266766
0.00256424
0.00246488
0.00236943
0.00227771
0.00218956
0.0021048
0.00202328
0.00194487
0.00186944
0.00179689
0.00172715
0.00166013
0.00159576
0.00153394
0.0014746
0.00141761
0.00136288
0.00131028
0.00125969
0.00121099
0.00116408
0.00111887
0.00107527
0.00103322
0.000992692
0.000953643
0.000916054
0.000879911
0.000845196
0.00081189
0.00077997
0.000749401
0.000720143
0.000692146
0.000665354
0.000639709
0.000615147
0.000591606
0.000569026
0.00054735
0.000526526
0.000506505
0.000487245
0.000468707
0.00766788
0.00739143
0.0071236
0.00686423
0.00661317
0.00637027
0.00613539
0.00590839
0.00568911
0.00547737
0.00527298
0.00507577
0.00488553
0.00470207
0.00452523
0.0043548
0.0041906
0.00403241
0.00388002
0.00373318
0.00359163
0.00345514
0.00332347
0.00319641
0.00307381
0.00295553
0.00284148
0.00273159
0.00262579
0.002524
0.00242616
0.00233214
0.00224182
0.00215505
0.00207167
0.00199152
0.00191444
0.0018403
0.00176897
0.00170034
0.00163434
0.0015709
0.00150993
0.00145138
0.00139517
0.00134121
0.00128941
0.00123965
0.00119184
0.00114584
0.00110157
0.00105891
0.00101778
0.000978122
0.000939869
0.000902987
0.000867451
0.000833243
0.00080035
0.000768759
0.000738453
0.000709409
0.000681598
0.000654982
0.000629515
0.000605146
0.00058182
0.00055948
0.00053807
0.000517533
0.000497819
0.000478879
0.000460669
0.000443151
0.00042629
0.00688671
0.00663897
0.00639886
0.00616626
0.00594107
0.00572317
0.00551244
0.00530875
0.00511197
0.00492192
0.00473844
0.00456136
0.00439053
0.00422578
0.00406696
0.0039139
0.00376644
0.0036244
0.00348755
0.00335567
0.00322854
0.00310591
0.00298759
0.00287339
0.00276317
0.00265682
0.00255428
0.00245548
0.00236036
0.00226888
0.00218095
0.00209647
0.00201531
0.00193735
0.00186242
0.00179039
0.0017211
0.00165445
0.00159031
0.0015286
0.00146925
0.0014122
0.00135739
0.00130476
0.00125423
0.00120574
0.00115919
0.00111448
0.00107152
0.00103019
0.000990398
0.000952054
0.000915082
0.000879419
0.000845019
0.000811848
0.000779886
0.000749117
0.000719531
0.000691117
0.000663862
0.000637744
0.000612736
0.000588805
0.000565909
0.000544001
0.000523031
0.000502949
0.000483701
0.00046524
0.000447517
0.00043049
0.00041412
0.000398371
0.000383214
0.0060971
0.00587818
0.00566594
0.00546028
0.00526114
0.00506842
0.00488203
0.00470185
0.00452775
0.00435958
0.0041972
0.00404046
0.00388923
0.00374338
0.00360277
0.00346727
0.00333674
0.00321101
0.00308987
0.00297313
0.00286056
0.00275196
0.00264714
0.00254596
0.00244829
0.00235404
0.00226316
0.00217561
0.00209133
0.00201029
0.0019324
0.00185758
0.0017857
0.00171665
0.00165028
0.00158647
0.00152508
0.00146601
0.00140917
0.00135447
0.00130187
0.00125131
0.00120274
0.00115611
0.00111135
0.00106839
0.00102716
0.000987566
0.000949511
0.000912903
0.000877654
0.000843682
0.00081092
0.000779313
0.000748822
0.000719418
0.000691084
0.000663807
0.00063758
0.000612393
0.000588233
0.000565085
0.000542922
0.000521715
0.000501426
0.000482013
0.000463433
0.000445638
0.000428584
0.000412226
0.000396522
0.000381435
0.00036693
0.000352975
0.000339544
0.00530003
0.00511003
0.00492577
0.0047472
0.00457427
0.0044069
0.00424501
0.0040885
0.00393725
0.00379113
0.00365002
0.0035138
0.00338234
0.00325556
0.00313334
0.00301557
0.00290212
0.00279285
0.00268757
0.00258609
0.00248823
0.0023938
0.00230264
0.00221462
0.00212965
0.00204765
0.00196858
0.00189241
0.0018191
0.00174862
0.00168089
0.00161583
0.00155333
0.00149329
0.00143557
0.00138007
0.00132667
0.00127528
0.00122582
0.00117823
0.00113247
0.00108848
0.00104622
0.00100566
0.00096673
0.000929376
0.000893524
0.000859094
0.000826004
0.00079417
0.000763513
0.000733963
0.000705462
0.000677963
0.000651431
0.000625843
0.000601185
0.000577448
0.000554624
0.000532707
0.000511686
0.000491545
0.000472264
0.000453814
0.000436165
0.000419279
0.000403116
0.000387638
0.000372803
0.000358573
0.000344913
0.000331789
0.000319171
0.000307032
0.000295348
0.00449641
0.00433543
0.00417928
0.00402793
0.00388134
0.00373946
0.00360221
0.00346951
0.00334126
0.00321734
0.00309765
0.00298209
0.00287057
0.00276301
0.00265933
0.00255943
0.00246321
0.00237052
0.00228122
0.00219514
0.00211211
0.00203197
0.00195459
0.00187987
0.00180772
0.0017381
0.00167097
0.00160631
0.00154409
0.00148426
0.00142679
0.00137158
0.00131855
0.0012676
0.00121862
0.00117151
0.00112618
0.00108255
0.00104055
0.00100015
0.00096129
0.000923943
0.000888073
0.000853643
0.000820605
0.000788906
0.000758484
0.000729269
0.000701189
0.000674173
0.000648153
0.000623071
0.000598875
0.000575527
0.000552999
0.000531271
0.000510332
0.000490175
0.000470795
0.000452185
0.000434337
0.000417238
0.00040087
0.000385209
0.000370227
0.000355893
0.000342174
0.000329036
0.000316443
0.000304364
0.000292769
0.000281628
0.000270917
0.000260613
0.000250695
0.00368717
0.0035553
0.00342736
0.00330334
0.00318322
0.00306694
0.00295447
0.0028457
0.00274057
0.00263898
0.00254084
0.00244607
0.00235462
0.00226642
0.00218141
0.0020995
0.00202061
0.00194462
0.00187141
0.00180082
0.00173273
0.00166699
0.00160351
0.0015422
0.001483
0.00142586
0.00137078
0.00131773
0.00126669
0.00121762
0.00117048
0.00112521
0.00108171
0.00103993
0.000999748
0.000961101
0.000923909
0.000888109
0.00085365
0.000820494
0.000788608
0.000757966
0.000728539
0.000700295
0.000673197
0.000647199
0.000622249
0.000598289
0.000575259
0.0005531
0.000531756
0.000511179
0.000491327
0.000472168
0.000453681
0.000435851
0.000418667
0.000402126
0.000386223
0.000370953
0.000356309
0.00034228
0.000328851
0.000316003
0.000303713
0.000291955
0.0002807
0.000269922
0.000259592
0.000249683
0.00024017
0.00023103
0.000222243
0.000213789
0.000205653
0.00287323
0.00277054
0.00267091
0.00257432
0.00248076
0.0023902
0.00230259
0.00221786
0.00213596
0.0020568
0.00198033
0.00190648
0.00183521
0.00176648
0.00170024
0.00163643
0.00157496
0.00151576
0.00145872
0.00140371
0.00135064
0.00129941
0.00124992
0.00120211
0.00115595
0.00111141
0.00106847
0.00102711
0.000987326
0.000949086
0.000912351
0.000877068
0.000843177
0.000810609
0.000779294
0.000749168
0.000720174
0.000692263
0.000665397
0.000639546
0.000614688
0.0005908
0.000567862
0.00054585
0.000524731
0.000504472
0.000485029
0.000466358
0.000448411
0.00043114
0.000414504
0.000398463
0.000382987
0.00036805
0.000353636
0.000339734
0.000326336
0.000313439
0.000301041
0.000289137
0.000277722
0.000266786
0.000256319
0.000246305
0.000236726
0.000227561
0.000218789
0.000210388
0.000202336
0.000194612
0.000187197
0.000180073
0.000173223
0.000166634
0.000160291
0.00205549
0.00198206
0.00191081
0.00184173
0.00177482
0.00171006
0.0016474
0.0015868
0.00152821
0.00147158
0.00141687
0.00136404
0.00131305
0.00126388
0.0012165
0.00117085
0.00112689
0.00108454
0.00104374
0.00100439
0.000966418
0.000929753
0.000894335
0.000860121
0.000827083
0.000795203
0.000764472
0.000734881
0.000706417
0.00067906
0.000652781
0.000627542
0.000603297
0.000579997
0.000557592
0.000536035
0.000515286
0.000495311
0.000476084
0.000457584
0.000439795
0.000422702
0.000406291
0.000390543
0.000375436
0.000360943
0.000347035
0.000333679
0.00032084
0.000308484
0.000296581
0.000285102
0.000274027
0.000263338
0.000253022
0.000243072
0.000233484
0.000224255
0.000215383
0.000206865
0.000198698
0.000190874
0.000183385
0.000176221
0.000169368
0.000162811
0.000156535
0.000150525
0.000144764
0.000139237
0.000133932
0.000128834
0.000123933
0.000119218
0.00011468
0.00123482
0.00119072
0.00114792
0.00110643
0.00106625
0.00102734
0.000989706
0.000953303
0.000918105
0.000884083
0.000851211
0.000819469
0.000788838
0.0007593
0.000730835
0.000703417
0.000677012
0.000651577
0.000627065
0.000603426
0.000580612
0.000558581
0.000537297
0.000516736
0.000496881
0.000477724
0.000459259
0.00044148
0.000424381
0.000407948
0.000392164
0.000377003
0.00036244
0.000348442
0.000334982
0.00032203
0.000309563
0.00029756
0.000286007
0.00027489
0.000264202
0.000253933
0.000244074
0.000234614
0.00022554
0.000216835
0.000208482
0.000200459
0.000192747
0.000185325
0.000178173
0.000171277
0.000164622
0.000158199
0.000152
0.000146022
0.000140261
0.000134716
0.000129385
0.000124268
0.000119362
0.000114662
0.000110164
0.00010586
0.000101744
9.78052e-05
9.40354e-05
9.04247e-05
8.69639e-05
8.3644e-05
8.04566e-05
7.73942e-05
7.44499e-05
7.16174e-05
6.8891e-05
0.000412226
0.000397502
0.000383215
0.000369363
0.000355946
0.000342958
0.000330392
0.000318238
0.000306486
0.000295128
0.000284153
0.000273556
0.00026333
0.000253469
0.000243967
0.000234814
0.000225999
0.000217509
0.000209327
0.000201435
0.000193819
0.000186463
0.000179357
0.000172491
0.000165861
0.000159465
0.000153299
0.000147363
0.000141654
0.000136169
0.0001309
0.00012584
0.000120979
0.000116308
0.000111815
0.000107492
0.00010333
9.93227e-05
9.54653e-05
9.17538e-05
8.81851e-05
8.47567e-05
8.14654e-05
7.83077e-05
7.52791e-05
7.23741e-05
6.95865e-05
6.69094e-05
6.43357e-05
6.18586e-05
5.94718e-05
5.71699e-05
5.49484e-05
5.2804e-05
5.07344e-05
4.87382e-05
4.68147e-05
4.49634e-05
4.31839e-05
4.14757e-05
3.9838e-05
3.82694e-05
3.67682e-05
3.53321e-05
3.39584e-05
3.26441e-05
3.13861e-05
3.01812e-05
2.90262e-05
2.79182e-05
2.68543e-05
2.58322e-05
2.48494e-05
2.39039e-05
2.29936e-05
)
;

boundaryField
{
    leftWall
    {
        type            fixedFluxPressure;
        gradient        nonuniform List<scalar> 0();
        value           nonuniform List<scalar> 0();
    }
    rightWall
    {
        type            fixedFluxPressure;
        gradient        nonuniform List<scalar> 0();
        value           nonuniform List<scalar> 0();
    }
    lowerWall
    {
        type            fixedFluxPressure;
        gradient        uniform 0;
        value           nonuniform List<scalar> 
75
(
0.0217797
0.0209277
0.0201105
0.0193264
0.0185739
0.0178515
0.0171577
0.0164914
0.0158514
0.0152367
0.0146464
0.0140793
0.0135346
0.013011
0.0125078
0.0120239
0.0115587
0.0111114
0.0106815
0.0102683
0.00987125
0.00948969
0.00912292
0.00877031
0.00843122
0.00810508
0.00779138
0.00748964
0.0071994
0.00692024
0.0066517
0.00639335
0.00614479
0.00590562
0.0056755
0.00545414
0.00524125
0.0050366
0.00483991
0.00465093
0.00446937
0.00429492
0.0041273
0.00396618
0.00381128
0.00366234
0.00351914
0.00338146
0.00324913
0.00312199
0.00299986
0.0028826
0.00277003
0.00266198
0.00255826
0.00245868
0.00236306
0.00227121
0.00218298
0.0020982
0.00201675
0.00193849
0.00186333
0.00179115
0.00172188
0.0016554
0.00159163
0.00153046
0.00147179
0.0014155
0.00136147
0.0013096
0.00125977
0.00121186
0.00116577
)
;
    }
    atmosphere
    {
        type            totalPressure;
        rho             rho;
        psi             none;
        gamma           1;
        p0              uniform 0;
        value           uniform 0;
    }
    defaultFaces
    {
        type            empty;
    }
    procBoundary2to1
    {
        type            processor;
        value           nonuniform List<scalar> 
40
(
0.0226673
0.0226343
0.0225633
0.0224537
0.0223057
0.0221199
0.0218967
0.0216369
0.0213412
0.0210104
0.0206455
0.0202473
0.019817
0.0193557
0.0188645
0.0183446
0.0177973
0.0172237
0.0166253
0.0160031
0.0153586
0.0146929
0.0140073
0.0133032
0.0125816
0.0118439
0.0110912
0.0103247
0.00954546
0.00875461
0.00795321
0.00714229
0.00632285
0.00549586
0.00466227
0.00382301
0.00297898
0.00213109
0.00128023
0.000427383
)
;
    }
    procBoundary2to3
    {
        type            processor;
        value           nonuniform List<scalar> 
40
(
0.00112123
0.00111976
0.00111658
0.00111166
0.001105
0.00109661
0.00108652
0.00107473
0.00106127
0.00104615
0.00102941
0.00101106
0.000991139
0.000969675
0.000946704
0.000922261
0.000896385
0.000869117
0.000840499
0.000810577
0.000779397
0.000747009
0.000713463
0.000678811
0.000643108
0.000606408
0.00056877
0.000530251
0.000490911
0.000450812
0.000410015
0.000368583
0.00032658
0.000284072
0.000241123
0.000197801
0.000154171
0.000110302
6.62609e-05
2.2116e-05
)
;
    }
}


// ************************************************************************* //
