/*--------------------------------*- C++ -*----------------------------------*\
| =========                 |                                                 |
| \\      /  F ield         | OpenFOAM: The Open Source CFD Toolbox           |
|  \\    /   O peration     | Version:  2606                                  |
|   \\  /    A nd           | Website:  www.openfoam.com                      |
|    \\/     M anipulation  |                                                 |
\*---------------------------------------------------------------------------*/
FoamFile
{
    version     2.0;
    format      ascii;
    arch        "LSB;label=32;scalar=64";
    class       volScalarField;
    location    "0.7";
    object      p_rgh;
}
// * * * * * * * * * * * * * * * * * * * * * * * * * * * * * * * * * * * * * //

dimensions      [1 -1 -2 0 0 0 0];

internalField   nonuniform List<scalar> 
3000
(
10.1307
10.0732
10.0037
9.92529
9.84212
9.7539
9.66753
9.59021
9.46965
9.24079
9.0304
9.00546
9.0511
9.09876
9.21986
9.43241
9.5741
9.56584
9.52394
9.48794
9.44612
9.40116
9.35021
9.28362
9.19017
9.05939
8.89403
8.7156
8.5486
8.39754
8.24952
8.09192
7.91413
7.70644
7.48795
7.30594
7.14527
6.91826
6.64472
6.51692
6.54946
6.63172
6.70642
6.71599
6.67853
6.59681
6.559
6.62604
6.89794
7.02045
6.82802
6.4833
6.39132
6.55156
6.71754
6.55779
6.25882
6.26485
6.53127
6.58256
6.40472
6.11768
6.01308
6.09074
6.33714
6.49234
6.4929
6.38672
5.92551
5.01942
4.07421
3.57359
3.47989
3.50814
3.52242
-9.61955
-9.79975
-10.0275
-10.29
-10.5669
-10.8547
-11.1307
-11.3827
-11.7919
-12.6279
-13.3745
-13.3474
-13.1841
-12.9404
-12.4622
-11.64
-11.1573
-11.232
-11.3678
-11.5095
-11.6431
-11.7726
-11.9282
-12.1443
-12.4599
-12.906
-13.4698
-14.0739
-14.6355
-15.1431
-15.6396
-16.1648
-16.7513
-17.4272
-18.1305
-18.6947
-19.1578
-19.8368
-20.7716
-21.1076
-20.9954
-20.7206
-20.4343
-20.4255
-20.4937
-20.6212
-20.8203
-21.1906
-21.9688
-23.1877
-23.9188
-23.8682
-23.7423
-23.5961
-23.5057
-23.4724
-23.1157
-21.4875
-19.1118
-18.9579
-19.9103
-21.4728
-21.7015
-21.2084
-20.109
-19.5826
-19.6901
-20.186
-21.6096
-23.9303
-25.9044
-26.607
-26.6429
-26.6476
-26.7268
-36.4254
-36.4262
-36.427
-36.4278
-36.4284
-36.4289
-36.4295
-36.4305
-36.4323
-36.4339
-36.435
-36.4357
-36.4358
-36.4352
-36.4343
-36.4339
-36.4341
-36.4346
-36.4351
-36.4354
-36.4354
-36.4353
-36.4352
-36.4353
-36.4355
-36.4359
-36.4364
-36.437
-36.4379
-36.4388
-36.4398
-36.4407
-36.4414
-36.4417
-36.4416
-36.4415
-36.4421
-36.4427
-36.4423
-36.4406
-36.4378
-36.4345
-36.4316
-36.4294
-36.4281
-36.4283
-36.4314
-36.4395
-36.4539
-36.4723
-36.4917
-36.5083
-36.5179
-36.5201
-36.5178
-36.4873
-36.421
-36.3854
-36.4088
-36.4395
-36.4497
-36.4515
-36.4511
-36.4474
-36.4464
-36.4483
-36.4503
-36.4535
-36.4569
-36.4582
-36.4581
-36.4589
-36.4617
-36.4656
-36.469
-36.4245
-36.4257
-36.4267
-36.4276
-36.4284
-36.429
-36.4296
-36.4305
-36.4321
-36.4336
-36.4347
-36.4352
-36.4353
-36.4348
-36.4341
-36.4337
-36.434
-36.4345
-36.435
-36.4353
-36.4354
-36.4354
-36.4354
-36.4354
-36.4357
-36.436
-36.4366
-36.4372
-36.4379
-36.4388
-36.4397
-36.4405
-36.4412
-36.4415
-36.4415
-36.4414
-36.4418
-36.4426
-36.4424
-36.4411
-36.4387
-36.4362
-36.434
-36.4323
-36.4313
-36.4314
-36.434
-36.441
-36.4539
-36.471
-36.4885
-36.5026
-36.5106
-36.5132
-36.5075
-36.4857
-36.4471
-36.4148
-36.4095
-36.4244
-36.4384
-36.4453
-36.4467
-36.4454
-36.4452
-36.447
-36.4495
-36.453
-36.4564
-36.4581
-36.458
-36.4584
-36.4609
-36.4648
-36.4685
-36.426
-36.4267
-36.4275
-36.4282
-36.4289
-36.4295
-36.4302
-36.431
-36.4322
-36.4333
-36.4341
-36.4346
-36.4348
-36.4348
-36.4345
-36.4344
-36.4345
-36.4347
-36.4351
-36.4353
-36.4355
-36.4356
-36.4357
-36.4359
-36.4361
-36.4365
-36.437
-36.4375
-36.4382
-36.4389
-36.4396
-36.4403
-36.4408
-36.4412
-36.4413
-36.4414
-36.4416
-36.4418
-36.4416
-36.4407
-36.4392
-36.4376
-36.4362
-36.4354
-36.4354
-36.4367
-36.4399
-36.4462
-36.4561
-36.4683
-36.4807
-36.4906
-36.4956
-36.4938
-36.4872
-36.4717
-36.4504
-36.4339
-36.433
-36.4379
-36.4426
-36.4459
-36.4474
-36.4475
-36.4477
-36.4487
-36.4505
-36.4528
-36.4551
-36.4567
-36.4576
-36.4586
-36.4602
-36.4623
-36.4639
-36.4268
-36.4275
-36.4281
-36.4288
-36.4294
-36.43
-36.4307
-36.4314
-36.4323
-36.4331
-36.4337
-36.4342
-36.4345
-36.4346
-36.4346
-36.4346
-36.4348
-36.435
-36.4352
-36.4355
-36.4357
-36.4359
-36.436
-36.4363
-36.4365
-36.4369
-36.4373
-36.4378
-36.4384
-36.439
-36.4396
-36.4402
-36.4406
-36.441
-36.4412
-36.4414
-36.4416
-36.4416
-36.4414
-36.4409
-36.4401
-36.4392
-36.4386
-36.4385
-36.4391
-36.4408
-36.4441
-36.4494
-36.4566
-36.4651
-36.4733
-36.4797
-36.4827
-36.4811
-36.4754
-36.4653
-36.453
-36.4432
-36.4396
-36.4402
-36.4433
-36.4457
-36.4471
-36.4479
-36.4487
-36.4497
-36.4511
-36.4528
-36.4544
-36.4558
-36.4569
-36.458
-36.4593
-36.4607
-36.4617
-36.428
-36.4284
-36.4289
-36.4294
-36.4299
-36.4305
-36.4311
-36.4317
-36.4324
-36.433
-36.4335
-36.434
-36.4343
-36.4345
-36.4346
-36.4347
-36.4349
-36.4351
-36.4354
-36.4356
-36.4358
-36.4361
-36.4363
-36.4366
-36.4369
-36.4372
-36.4376
-36.4381
-36.4386
-36.4391
-36.4396
-36.4401
-36.4405
-36.4409
-36.4412
-36.4414
-36.4415
-36.4416
-36.4415
-36.4413
-36.4409
-36.4407
-36.4406
-36.441
-36.442
-36.4438
-36.4468
-36.451
-36.4562
-36.462
-36.4674
-36.4715
-36.4734
-36.4727
-36.4686
-36.4621
-36.4549
-36.4491
-36.4461
-36.4456
-36.4461
-36.447
-36.4479
-36.4486
-36.4494
-36.4503
-36.4514
-36.4526
-36.4538
-36.4549
-36.4559
-36.4568
-36.4577
-36.4584
-36.4589
-36.4288
-36.4291
-36.4295
-36.4299
-36.4304
-36.4309
-36.4314
-36.4319
-36.4325
-36.433
-36.4335
-36.4339
-36.4342
-36.4344
-36.4346
-36.4348
-36.4351
-36.4353
-36.4355
-36.4358
-36.436
-36.4363
-36.4365
-36.4368
-36.4371
-36.4375
-36.4379
-36.4383
-36.4387
-36.4392
-36.4397
-36.4401
-36.4405
-36.4409
-36.4412
-36.4414
-36.4416
-36.4417
-36.4418
-36.4418
-36.4417
-36.4418
-36.4421
-36.4428
-36.4439
-36.4457
-36.4483
-36.4516
-36.4554
-36.4594
-36.463
-36.4657
-36.4668
-36.4661
-36.4635
-36.4595
-36.4551
-36.4514
-36.4491
-36.4482
-36.448
-36.4484
-36.4489
-36.4494
-36.4501
-36.4508
-36.4517
-36.4526
-36.4536
-36.4544
-36.4552
-36.456
-36.4566
-36.4571
-36.4574
-36.4295
-36.4297
-36.43
-36.4304
-36.4308
-36.4312
-36.4317
-36.4321
-36.4326
-36.4331
-36.4335
-36.4339
-36.4342
-36.4345
-36.4347
-36.4349
-36.4352
-36.4354
-36.4357
-36.4359
-36.4362
-36.4364
-36.4367
-36.437
-36.4373
-36.4377
-36.4381
-36.4385
-36.4389
-36.4393
-36.4397
-36.4402
-36.4405
-36.4409
-36.4412
-36.4415
-36.4417
-36.4419
-36.4421
-36.4422
-36.4424
-36.4427
-36.4432
-36.444
-36.4452
-36.4469
-36.449
-36.4516
-36.4545
-36.4574
-36.4599
-36.4617
-36.4625
-36.462
-36.4604
-36.4578
-36.455
-36.4525
-36.4507
-36.4497
-36.4493
-36.4493
-36.4496
-36.45
-36.4505
-36.4511
-36.4518
-36.4525
-36.4532
-36.4539
-36.4545
-36.4551
-36.4555
-36.4558
-36.4559
-36.4301
-36.4303
-36.4305
-36.4308
-36.4312
-36.4315
-36.4319
-36.4323
-36.4328
-36.4332
-36.4335
-36.4339
-36.4342
-36.4345
-36.4348
-36.435
-36.4353
-36.4355
-36.4358
-36.4361
-36.4363
-36.4366
-36.4369
-36.4372
-36.4375
-36.4379
-36.4382
-36.4386
-36.439
-36.4394
-36.4398
-36.4402
-36.4406
-36.4409
-36.4413
-36.4416
-36.4419
-36.4421
-36.4424
-36.4427
-36.443
-36.4435
-36.4441
-36.4449
-36.4461
-36.4476
-36.4494
-36.4514
-36.4536
-36.4558
-36.4576
-36.4589
-36.4594
-36.4591
-36.4581
-36.4565
-36.4546
-36.453
-36.4516
-36.4508
-36.4503
-36.4502
-36.4503
-36.4505
-36.4509
-36.4513
-36.4519
-36.4524
-36.453
-36.4536
-36.454
-36.4545
-36.4548
-36.4549
-36.4549
-36.4306
-36.4308
-36.431
-36.4312
-36.4315
-36.4318
-36.4322
-36.4326
-36.4329
-36.4333
-36.4336
-36.434
-36.4343
-36.4346
-36.4349
-36.4351
-36.4354
-36.4356
-36.4359
-36.4362
-36.4365
-36.4368
-36.4371
-36.4374
-36.4377
-36.438
-36.4384
-36.4388
-36.4391
-36.4395
-36.4399
-36.4403
-36.4407
-36.441
-36.4414
-36.4417
-36.442
-36.4423
-36.4427
-36.443
-36.4435
-36.444
-36.4447
-36.4455
-36.4466
-36.4479
-36.4494
-36.4511
-36.4528
-36.4544
-36.4557
-36.4567
-36.4571
-36.457
-36.4563
-36.4553
-36.4541
-36.4529
-36.452
-36.4513
-36.4509
-36.4507
-36.4507
-36.4509
-36.4511
-36.4515
-36.4519
-36.4523
-36.4528
-36.4532
-36.4536
-36.4539
-36.4541
-36.4541
-36.4541
-36.4311
-36.4312
-36.4314
-36.4316
-36.4318
-36.4321
-36.4324
-36.4328
-36.4331
-36.4334
-36.4337
-36.4341
-36.4344
-36.4347
-36.4349
-36.4352
-36.4355
-36.4358
-36.436
-36.4363
-36.4366
-36.4369
-36.4372
-36.4375
-36.4378
-36.4382
-36.4385
-36.4389
-36.4393
-36.4396
-36.44
-36.4404
-36.4408
-36.4411
-36.4415
-36.4418
-36.4422
-36.4426
-36.4429
-36.4434
-36.4438
-36.4444
-36.4451
-36.4459
-36.4469
-36.4481
-36.4493
-36.4507
-36.452
-36.4533
-36.4543
-36.4551
-36.4555
-36.4554
-36.4551
-36.4544
-36.4536
-36.4528
-36.4521
-36.4516
-36.4513
-36.4511
-36.4511
-36.4512
-36.4514
-36.4516
-36.4519
-36.4523
-36.4526
-36.4529
-36.4532
-36.4534
-36.4535
-36.4535
-36.4534
-36.4315
-36.4316
-36.4317
-36.4319
-36.4321
-36.4324
-36.4327
-36.4329
-36.4333
-36.4336
-36.4339
-36.4342
-36.4345
-36.4348
-36.435
-36.4353
-36.4356
-36.4359
-36.4362
-36.4364
-36.4367
-36.437
-36.4373
-36.4376
-36.438
-36.4383
-36.4387
-36.439
-36.4394
-36.4398
-36.4401
-36.4405
-36.4409
-36.4412
-36.4416
-36.442
-36.4424
-36.4427
-36.4432
-36.4436
-36.4441
-36.4447
-36.4454
-36.4462
-36.4471
-36.4481
-36.4491
-36.4503
-36.4513
-36.4524
-36.4532
-36.4538
-36.4542
-36.4542
-36.454
-36.4536
-36.4531
-36.4526
-36.4521
-36.4517
-36.4515
-36.4513
-36.4513
-36.4513
-36.4515
-36.4517
-36.4519
-36.4522
-36.4524
-36.4526
-36.4528
-36.453
-36.453
-36.453
-36.4529
-36.4318
-36.4319
-36.432
-36.4322
-36.4324
-36.4326
-36.4329
-36.4331
-36.4334
-36.4337
-36.434
-36.4343
-36.4346
-36.4349
-36.4351
-36.4354
-36.4357
-36.436
-36.4363
-36.4366
-36.4369
-36.4372
-36.4375
-36.4378
-36.4381
-36.4384
-36.4388
-36.4391
-36.4395
-36.4399
-36.4402
-36.4406
-36.441
-36.4413
-36.4417
-36.4421
-36.4425
-36.4429
-36.4434
-36.4438
-36.4444
-36.4449
-36.4456
-36.4463
-36.4471
-36.448
-36.4489
-36.4499
-36.4508
-36.4516
-36.4523
-36.4528
-36.4531
-36.4533
-36.4532
-36.453
-36.4527
-36.4523
-36.452
-36.4517
-36.4516
-36.4514
-36.4514
-36.4515
-36.4516
-36.4517
-36.4519
-36.4521
-36.4523
-36.4524
-36.4526
-36.4527
-36.4527
-36.4526
-36.4525
-36.4321
-36.4321
-36.4323
-36.4324
-36.4326
-36.4328
-36.4331
-36.4333
-36.4336
-36.4338
-36.4341
-36.4344
-36.4347
-36.435
-36.4352
-36.4355
-36.4358
-36.4361
-36.4364
-36.4367
-36.437
-36.4373
-36.4376
-36.4379
-36.4382
-36.4386
-36.4389
-36.4392
-36.4396
-36.44
-36.4403
-36.4407
-36.4411
-36.4415
-36.4418
-36.4422
-36.4426
-36.4431
-36.4435
-36.444
-36.4445
-36.4451
-36.4457
-36.4464
-36.4471
-36.4479
-36.4487
-36.4495
-36.4503
-36.451
-36.4516
-36.452
-36.4523
-36.4525
-36.4525
-36.4524
-36.4523
-36.4521
-36.4519
-36.4517
-36.4516
-36.4515
-36.4515
-36.4515
-36.4516
-36.4517
-36.4518
-36.452
-36.4521
-36.4522
-36.4523
-36.4524
-36.4524
-36.4523
-36.4522
-36.4323
-36.4324
-36.4325
-36.4326
-36.4328
-36.433
-36.4332
-36.4335
-36.4337
-36.434
-36.4343
-36.4345
-36.4348
-36.4351
-36.4354
-36.4356
-36.4359
-36.4362
-36.4365
-36.4368
-36.4371
-36.4374
-36.4377
-36.438
-36.4383
-36.4387
-36.439
-36.4394
-36.4397
-36.4401
-36.4404
-36.4408
-36.4412
-36.4415
-36.4419
-36.4423
-36.4427
-36.4432
-36.4436
-36.4441
-36.4446
-36.4452
-36.4458
-36.4464
-36.4471
-36.4478
-36.4485
-36.4492
-36.4498
-36.4504
-36.451
-36.4514
-36.4517
-36.4519
-36.452
-36.452
-36.4519
-36.4518
-36.4517
-36.4516
-36.4515
-36.4515
-36.4515
-36.4515
-36.4516
-36.4517
-36.4518
-36.4519
-36.452
-36.4521
-36.4522
-36.4522
-36.4522
-36.4521
-36.452
-36.4324
-36.4325
-36.4327
-36.4328
-36.433
-36.4332
-36.4334
-36.4336
-36.4339
-36.4341
-36.4344
-36.4346
-36.4349
-36.4352
-36.4355
-36.4357
-36.436
-36.4363
-36.4366
-36.4369
-36.4372
-36.4375
-36.4378
-36.4381
-36.4384
-36.4388
-36.4391
-36.4394
-36.4398
-36.4402
-36.4405
-36.4409
-36.4413
-36.4416
-36.442
-36.4424
-36.4428
-36.4433
-36.4437
-36.4442
-36.4447
-36.4452
-36.4458
-36.4464
-36.447
-36.4476
-36.4483
-36.4489
-36.4495
-36.45
-36.4505
-36.4508
-36.4511
-36.4514
-36.4515
-36.4515
-36.4516
-36.4515
-36.4515
-36.4514
-36.4514
-36.4514
-36.4514
-36.4515
-36.4515
-36.4516
-36.4517
-36.4518
-36.4519
-36.452
-36.452
-36.452
-36.452
-36.4519
-36.4518
-36.4326
-36.4327
-36.4328
-36.433
-36.4331
-36.4333
-36.4335
-36.4338
-36.434
-36.4342
-36.4345
-36.4348
-36.435
-36.4353
-36.4356
-36.4358
-36.4361
-36.4364
-36.4367
-36.437
-36.4373
-36.4376
-36.4379
-36.4382
-36.4385
-36.4389
-36.4392
-36.4395
-36.4399
-36.4402
-36.4406
-36.441
-36.4413
-36.4417
-36.4421
-36.4425
-36.4429
-36.4434
-36.4438
-36.4443
-36.4448
-36.4453
-36.4458
-36.4463
-36.4469
-36.4475
-36.448
-36.4486
-36.4491
-36.4496
-36.45
-36.4504
-36.4507
-36.4509
-36.4511
-36.4512
-36.4513
-36.4513
-36.4513
-36.4513
-36.4513
-36.4513
-36.4514
-36.4514
-36.4515
-36.4516
-36.4517
-36.4517
-36.4518
-36.4519
-36.4519
-36.4519
-36.4519
-36.4518
-36.4517
-36.4327
-36.4328
-36.433
-36.4331
-36.4333
-36.4335
-36.4337
-36.4339
-36.4341
-36.4344
-36.4346
-36.4349
-36.4351
-36.4354
-36.4357
-36.4359
-36.4362
-36.4365
-36.4368
-36.4371
-36.4374
-36.4377
-36.438
-36.4383
-36.4386
-36.439
-36.4393
-36.4396
-36.44
-36.4403
-36.4407
-36.441
-36.4414
-36.4418
-36.4422
-36.4426
-36.443
-36.4434
-36.4439
-36.4443
-36.4448
-36.4453
-36.4458
-36.4463
-36.4468
-36.4473
-36.4479
-36.4484
-36.4488
-36.4493
-36.4497
-36.45
-36.4503
-36.4506
-36.4507
-36.4509
-36.451
-36.4511
-36.4511
-36.4512
-36.4512
-36.4512
-36.4513
-36.4514
-36.4514
-36.4515
-36.4516
-36.4517
-36.4517
-36.4518
-36.4518
-36.4518
-36.4518
-36.4517
-36.4516
-36.4328
-36.4329
-36.4331
-36.4332
-36.4334
-36.4336
-36.4338
-36.434
-36.4342
-36.4345
-36.4347
-36.435
-36.4352
-36.4355
-36.4358
-36.436
-36.4363
-36.4366
-36.4369
-36.4372
-36.4375
-36.4378
-36.4381
-36.4384
-36.4387
-36.439
-36.4394
-36.4397
-36.44
-36.4404
-36.4408
-36.4411
-36.4415
-36.4419
-36.4423
-36.4426
-36.4431
-36.4435
-36.4439
-36.4443
-36.4448
-36.4453
-36.4457
-36.4462
-36.4467
-36.4472
-36.4477
-36.4481
-36.4486
-36.449
-36.4494
-36.4497
-36.45
-36.4502
-36.4504
-36.4506
-36.4507
-36.4508
-36.4509
-36.451
-36.4511
-36.4511
-36.4512
-36.4513
-36.4514
-36.4515
-36.4515
-36.4516
-36.4517
-36.4517
-36.4517
-36.4518
-36.4517
-36.4517
-36.4516
-36.4329
-36.433
-36.4332
-36.4333
-36.4335
-36.4337
-36.4339
-36.4341
-36.4343
-36.4346
-36.4348
-36.4351
-36.4353
-36.4356
-36.4358
-36.4361
-36.4364
-36.4367
-36.437
-36.4372
-36.4375
-36.4378
-36.4382
-36.4385
-36.4388
-36.4391
-36.4394
-36.4398
-36.4401
-36.4405
-36.4408
-36.4412
-36.4415
-36.4419
-36.4423
-36.4427
-36.4431
-36.4435
-36.4439
-36.4443
-36.4448
-36.4452
-36.4457
-36.4462
-36.4466
-36.4471
-36.4475
-36.448
-36.4484
-36.4488
-36.4491
-36.4494
-36.4497
-36.45
-36.4502
-36.4504
-36.4505
-36.4506
-36.4508
-36.4509
-36.451
-36.451
-36.4511
-36.4512
-36.4513
-36.4514
-36.4515
-36.4515
-36.4516
-36.4517
-36.4517
-36.4517
-36.4517
-36.4517
-36.4516
-36.433
-36.4331
-36.4332
-36.4334
-36.4336
-36.4338
-36.434
-36.4342
-36.4344
-36.4347
-36.4349
-36.4351
-36.4354
-36.4357
-36.4359
-36.4362
-36.4365
-36.4368
-36.437
-36.4373
-36.4376
-36.4379
-36.4382
-36.4385
-36.4389
-36.4392
-36.4395
-36.4398
-36.4402
-36.4405
-36.4409
-36.4412
-36.4416
-36.442
-36.4424
-36.4427
-36.4431
-36.4435
-36.4439
-36.4444
-36.4448
-36.4452
-36.4456
-36.4461
-36.4465
-36.4469
-36.4474
-36.4478
-36.4482
-36.4485
-36.4489
-36.4492
-36.4495
-36.4497
-36.45
-36.4502
-36.4503
-36.4505
-36.4506
-36.4507
-36.4508
-36.4509
-36.4511
-36.4512
-36.4512
-36.4513
-36.4514
-36.4515
-36.4516
-36.4516
-36.4517
-36.4517
-36.4517
-36.4517
-36.4517
-36.433
-36.4332
-36.4333
-36.4335
-36.4337
-36.4339
-36.4341
-36.4343
-36.4345
-36.4347
-36.435
-36.4352
-36.4355
-36.4357
-36.436
-36.4363
-36.4365
-36.4368
-36.4371
-36.4374
-36.4377
-36.438
-36.4383
-36.4386
-36.4389
-36.4392
-36.4396
-36.4399
-36.4402
-36.4406
-36.4409
-36.4413
-36.4417
-36.442
-36.4424
-36.4428
-36.4432
-36.4435
-36.4439
-36.4444
-36.4448
-36.4452
-36.4456
-36.446
-36.4464
-36.4468
-36.4472
-36.4476
-36.448
-36.4484
-36.4487
-36.449
-36.4493
-36.4495
-36.4498
-36.45
-36.4501
-36.4503
-36.4505
-36.4506
-36.4507
-36.4509
-36.451
-36.4511
-36.4512
-36.4513
-36.4514
-36.4515
-36.4516
-36.4516
-36.4517
-36.4517
-36.4517
-36.4518
-36.4518
-36.433
-36.4332
-36.4334
-36.4336
-36.4338
-36.434
-36.4342
-36.4344
-36.4346
-36.4348
-36.4351
-36.4353
-36.4356
-36.4358
-36.4361
-36.4363
-36.4366
-36.4369
-36.4372
-36.4375
-36.4378
-36.4381
-36.4384
-36.4387
-36.439
-36.4393
-36.4396
-36.44
-36.4403
-36.4406
-36.441
-36.4413
-36.4417
-36.4421
-36.4424
-36.4428
-36.4432
-36.4436
-36.4439
-36.4443
-36.4447
-36.4451
-36.4455
-36.4459
-36.4463
-36.4467
-36.4471
-36.4475
-36.4479
-36.4482
-36.4485
-36.4488
-36.4491
-36.4494
-36.4496
-36.4498
-36.45
-36.4502
-36.4503
-36.4505
-36.4506
-36.4508
-36.4509
-36.451
-36.4511
-36.4512
-36.4513
-36.4514
-36.4515
-36.4516
-36.4517
-36.4517
-36.4518
-36.4518
-36.4518
-36.4331
-36.4333
-36.4334
-36.4336
-36.4338
-36.434
-36.4342
-36.4344
-36.4347
-36.4349
-36.4351
-36.4354
-36.4356
-36.4359
-36.4361
-36.4364
-36.4367
-36.437
-36.4372
-36.4375
-36.4378
-36.4381
-36.4384
-36.4387
-36.4391
-36.4394
-36.4397
-36.44
-36.4404
-36.4407
-36.441
-36.4414
-36.4417
-36.4421
-36.4425
-36.4428
-36.4432
-36.4436
-36.4439
-36.4443
-36.4447
-36.4451
-36.4455
-36.4459
-36.4463
-36.4466
-36.447
-36.4474
-36.4477
-36.448
-36.4484
-36.4487
-36.4489
-36.4492
-36.4494
-36.4497
-36.4499
-36.45
-36.4502
-36.4504
-36.4505
-36.4507
-36.4508
-36.451
-36.4511
-36.4512
-36.4513
-36.4514
-36.4515
-36.4516
-36.4517
-36.4518
-36.4518
-36.4519
-36.4519
-36.4331
-36.4333
-36.4335
-36.4337
-36.4339
-36.4341
-36.4343
-36.4345
-36.4347
-36.435
-36.4352
-36.4354
-36.4357
-36.436
-36.4362
-36.4365
-36.4368
-36.437
-36.4373
-36.4376
-36.4379
-36.4382
-36.4385
-36.4388
-36.4391
-36.4394
-36.4397
-36.4401
-36.4404
-36.4407
-36.4411
-36.4414
-36.4418
-36.4421
-36.4425
-36.4428
-36.4432
-36.4436
-36.4439
-36.4443
-36.4447
-36.4451
-36.4454
-36.4458
-36.4462
-36.4466
-36.4469
-36.4473
-36.4476
-36.4479
-36.4482
-36.4485
-36.4488
-36.4491
-36.4493
-36.4495
-36.4497
-36.4499
-36.4501
-36.4503
-36.4505
-36.4506
-36.4508
-36.4509
-36.451
-36.4512
-36.4513
-36.4514
-36.4515
-36.4516
-36.4517
-36.4518
-36.4519
-36.452
-36.4521
-36.4331
-36.4333
-36.4335
-36.4337
-36.4339
-36.4341
-36.4343
-36.4346
-36.4348
-36.435
-36.4353
-36.4355
-36.4358
-36.436
-36.4363
-36.4365
-36.4368
-36.4371
-36.4374
-36.4377
-36.4379
-36.4382
-36.4385
-36.4388
-36.4392
-36.4395
-36.4398
-36.4401
-36.4404
-36.4408
-36.4411
-36.4414
-36.4418
-36.4421
-36.4425
-36.4428
-36.4432
-36.4436
-36.4439
-36.4443
-36.4447
-36.445
-36.4454
-36.4458
-36.4461
-36.4465
-36.4468
-36.4472
-36.4475
-36.4478
-36.4481
-36.4484
-36.4487
-36.4489
-36.4492
-36.4494
-36.4496
-36.4498
-36.45
-36.4502
-36.4504
-36.4505
-36.4507
-36.4509
-36.451
-36.4511
-36.4513
-36.4514
-36.4515
-36.4517
-36.4518
-36.4519
-36.452
-36.4521
-36.4522
-36.4332
-36.4334
-36.4336
-36.4338
-36.434
-36.4342
-36.4344
-36.4346
-36.4348
-36.4351
-36.4353
-36.4356
-36.4358
-36.4361
-36.4363
-36.4366
-36.4369
-36.4371
-36.4374
-36.4377
-36.438
-36.4383
-36.4386
-36.4389
-36.4392
-36.4395
-36.4398
-36.4402
-36.4405
-36.4408
-36.4411
-36.4415
-36.4418
-36.4422
-36.4425
-36.4429
-36.4432
-36.4436
-36.4439
-36.4443
-36.4446
-36.445
-36.4454
-36.4457
-36.4461
-36.4464
-36.4468
-36.4471
-36.4474
-36.4477
-36.448
-36.4483
-36.4486
-36.4488
-36.4491
-36.4493
-36.4495
-36.4497
-36.4499
-36.4501
-36.4503
-36.4505
-36.4507
-36.4508
-36.451
-36.4511
-36.4513
-36.4514
-36.4516
-36.4517
-36.4518
-36.4519
-36.4521
-36.4522
-36.4523
-36.4332
-36.4334
-36.4336
-36.4338
-36.434
-36.4342
-36.4344
-36.4347
-36.4349
-36.4351
-36.4354
-36.4356
-36.4359
-36.4361
-36.4364
-36.4366
-36.4369
-36.4372
-36.4375
-36.4378
-36.438
-36.4383
-36.4386
-36.4389
-36.4392
-36.4396
-36.4399
-36.4402
-36.4405
-36.4408
-36.4412
-36.4415
-36.4418
-36.4422
-36.4425
-36.4429
-36.4432
-36.4436
-36.4439
-36.4443
-36.4446
-36.445
-36.4453
-36.4457
-36.446
-36.4464
-36.4467
-36.447
-36.4473
-36.4476
-36.4479
-36.4482
-36.4485
-36.4487
-36.449
-36.4492
-36.4494
-36.4497
-36.4499
-36.4501
-36.4503
-36.4504
-36.4506
-36.4508
-36.451
-36.4511
-36.4513
-36.4514
-36.4516
-36.4517
-36.4519
-36.452
-36.4521
-36.4523
-36.4524
-36.4332
-36.4334
-36.4336
-36.4338
-36.434
-36.4342
-36.4345
-36.4347
-36.4349
-36.4352
-36.4354
-36.4357
-36.4359
-36.4362
-36.4364
-36.4367
-36.437
-36.4372
-36.4375
-36.4378
-36.4381
-36.4384
-36.4387
-36.439
-36.4393
-36.4396
-36.4399
-36.4402
-36.4405
-36.4409
-36.4412
-36.4415
-36.4419
-36.4422
-36.4425
-36.4429
-36.4432
-36.4436
-36.4439
-36.4443
-36.4446
-36.4449
-36.4453
-36.4456
-36.446
-36.4463
-36.4466
-36.4469
-36.4472
-36.4475
-36.4478
-36.4481
-36.4484
-36.4487
-36.4489
-36.4491
-36.4494
-36.4496
-36.4498
-36.45
-36.4502
-36.4504
-36.4506
-36.4508
-36.4509
-36.4511
-36.4513
-36.4514
-36.4516
-36.4517
-36.4519
-36.4521
-36.4522
-36.4524
-36.4525
-36.4332
-36.4334
-36.4336
-36.4338
-36.4341
-36.4343
-36.4345
-36.4347
-36.435
-36.4352
-36.4354
-36.4357
-36.4359
-36.4362
-36.4365
-36.4367
-36.437
-36.4373
-36.4376
-36.4378
-36.4381
-36.4384
-36.4387
-36.439
-36.4393
-36.4396
-36.4399
-36.4402
-36.4406
-36.4409
-36.4412
-36.4415
-36.4419
-36.4422
-36.4425
-36.4429
-36.4432
-36.4436
-36.4439
-36.4442
-36.4446
-36.4449
-36.4453
-36.4456
-36.4459
-36.4462
-36.4466
-36.4469
-36.4472
-36.4475
-36.4478
-36.448
-36.4483
-36.4486
-36.4488
-36.4491
-36.4493
-36.4495
-36.4497
-36.45
-36.4502
-36.4504
-36.4505
-36.4507
-36.4509
-36.4511
-36.4513
-36.4514
-36.4516
-36.4518
-36.452
-36.4521
-36.4523
-36.4525
-36.4527
-36.4332
-36.4334
-36.4336
-36.4339
-36.4341
-36.4343
-36.4345
-36.4348
-36.435
-36.4352
-36.4355
-36.4357
-36.436
-36.4362
-36.4365
-36.4368
-36.437
-36.4373
-36.4376
-36.4379
-36.4382
-36.4384
-36.4387
-36.439
-36.4393
-36.4396
-36.44
-36.4403
-36.4406
-36.4409
-36.4412
-36.4416
-36.4419
-36.4422
-36.4425
-36.4429
-36.4432
-36.4436
-36.4439
-36.4442
-36.4446
-36.4449
-36.4452
-36.4456
-36.4459
-36.4462
-36.4465
-36.4468
-36.4471
-36.4474
-36.4477
-36.448
-36.4483
-36.4485
-36.4488
-36.449
-36.4493
-36.4495
-36.4497
-36.4499
-36.4501
-36.4503
-36.4505
-36.4507
-36.4509
-36.4511
-36.4513
-36.4515
-36.4516
-36.4518
-36.452
-36.4522
-36.4524
-36.4526
-36.4528
-36.4332
-36.4334
-36.4337
-36.4339
-36.4341
-36.4343
-36.4346
-36.4348
-36.435
-36.4353
-36.4355
-36.4358
-36.436
-36.4363
-36.4365
-36.4368
-36.4371
-36.4373
-36.4376
-36.4379
-36.4382
-36.4385
-36.4388
-36.4391
-36.4394
-36.4397
-36.44
-36.4403
-36.4406
-36.4409
-36.4412
-36.4416
-36.4419
-36.4422
-36.4426
-36.4429
-36.4432
-36.4436
-36.4439
-36.4442
-36.4446
-36.4449
-36.4452
-36.4455
-36.4459
-36.4462
-36.4465
-36.4468
-36.4471
-36.4474
-36.4477
-36.4479
-36.4482
-36.4485
-36.4487
-36.449
-36.4492
-36.4494
-36.4497
-36.4499
-36.4501
-36.4503
-36.4505
-36.4507
-36.4509
-36.4511
-36.4513
-36.4515
-36.4517
-36.4519
-36.452
-36.4522
-36.4524
-36.4526
-36.4529
-36.4332
-36.4335
-36.4337
-36.4339
-36.4341
-36.4343
-36.4346
-36.4348
-36.4351
-36.4353
-36.4355
-36.4358
-36.436
-36.4363
-36.4366
-36.4368
-36.4371
-36.4374
-36.4376
-36.4379
-36.4382
-36.4385
-36.4388
-36.4391
-36.4394
-36.4397
-36.44
-36.4403
-36.4406
-36.4409
-36.4413
-36.4416
-36.4419
-36.4422
-36.4426
-36.4429
-36.4432
-36.4435
-36.4439
-36.4442
-36.4445
-36.4449
-36.4452
-36.4455
-36.4458
-36.4461
-36.4464
-36.4467
-36.447
-36.4473
-36.4476
-36.4479
-36.4482
-36.4484
-36.4487
-36.4489
-36.4492
-36.4494
-36.4496
-36.4498
-36.4501
-36.4503
-36.4505
-36.4507
-36.4509
-36.4511
-36.4513
-36.4515
-36.4517
-36.4519
-36.4521
-36.4523
-36.4525
-36.4527
-36.453
-36.4332
-36.4335
-36.4337
-36.4339
-36.4341
-36.4344
-36.4346
-36.4348
-36.4351
-36.4353
-36.4356
-36.4358
-36.4361
-36.4363
-36.4366
-36.4368
-36.4371
-36.4374
-36.4377
-36.4379
-36.4382
-36.4385
-36.4388
-36.4391
-36.4394
-36.4397
-36.44
-36.4403
-36.4406
-36.441
-36.4413
-36.4416
-36.4419
-36.4422
-36.4426
-36.4429
-36.4432
-36.4435
-36.4439
-36.4442
-36.4445
-36.4448
-36.4452
-36.4455
-36.4458
-36.4461
-36.4464
-36.4467
-36.447
-36.4473
-36.4476
-36.4479
-36.4481
-36.4484
-36.4486
-36.4489
-36.4491
-36.4494
-36.4496
-36.4498
-36.45
-36.4503
-36.4505
-36.4507
-36.4509
-36.4511
-36.4513
-36.4515
-36.4517
-36.4519
-36.4521
-36.4523
-36.4526
-36.4528
-36.453
-36.4333
-36.4335
-36.4337
-36.4339
-36.4341
-36.4344
-36.4346
-36.4348
-36.4351
-36.4353
-36.4356
-36.4358
-36.4361
-36.4363
-36.4366
-36.4369
-36.4371
-36.4374
-36.4377
-36.438
-36.4383
-36.4385
-36.4388
-36.4391
-36.4394
-36.4397
-36.44
-36.4403
-36.4407
-36.441
-36.4413
-36.4416
-36.4419
-36.4422
-36.4426
-36.4429
-36.4432
-36.4435
-36.4439
-36.4442
-36.4445
-36.4448
-36.4452
-36.4455
-36.4458
-36.4461
-36.4464
-36.4467
-36.447
-36.4473
-36.4475
-36.4478
-36.4481
-36.4484
-36.4486
-36.4489
-36.4491
-36.4493
-36.4496
-36.4498
-36.45
-36.4502
-36.4505
-36.4507
-36.4509
-36.4511
-36.4513
-36.4515
-36.4517
-36.4519
-36.4522
-36.4524
-36.4526
-36.4529
-36.4531
-36.4333
-36.4335
-36.4337
-36.4339
-36.4342
-36.4344
-36.4346
-36.4349
-36.4351
-36.4353
-36.4356
-36.4358
-36.4361
-36.4364
-36.4366
-36.4369
-36.4372
-36.4374
-36.4377
-36.438
-36.4383
-36.4386
-36.4388
-36.4391
-36.4394
-36.4397
-36.44
-36.4404
-36.4407
-36.441
-36.4413
-36.4416
-36.4419
-36.4423
-36.4426
-36.4429
-36.4432
-36.4435
-36.4439
-36.4442
-36.4445
-36.4448
-36.4451
-36.4455
-36.4458
-36.4461
-36.4464
-36.4467
-36.447
-36.4472
-36.4475
-36.4478
-36.4481
-36.4483
-36.4486
-36.4488
-36.4491
-36.4493
-36.4496
-36.4498
-36.45
-36.4502
-36.4504
-36.4507
-36.4509
-36.4511
-36.4513
-36.4515
-36.4517
-36.452
-36.4522
-36.4524
-36.4527
-36.4529
-36.4532
-36.4333
-36.4335
-36.4337
-36.4339
-36.4342
-36.4344
-36.4346
-36.4349
-36.4351
-36.4354
-36.4356
-36.4359
-36.4361
-36.4364
-36.4366
-36.4369
-36.4372
-36.4374
-36.4377
-36.438
-36.4383
-36.4386
-36.4389
-36.4392
-36.4395
-36.4398
-36.4401
-36.4404
-36.4407
-36.441
-36.4413
-36.4416
-36.4419
-36.4423
-36.4426
-36.4429
-36.4432
-36.4435
-36.4439
-36.4442
-36.4445
-36.4448
-36.4451
-36.4454
-36.4458
-36.4461
-36.4464
-36.4467
-36.4469
-36.4472
-36.4475
-36.4478
-36.448
-36.4483
-36.4486
-36.4488
-36.4491
-36.4493
-36.4495
-36.4498
-36.45
-36.4502
-36.4504
-36.4507
-36.4509
-36.4511
-36.4513
-36.4515
-36.4518
-36.452
-36.4522
-36.4524
-36.4527
-36.4529
-36.4532
-36.4333
-36.4335
-36.4337
-36.4339
-36.4342
-36.4344
-36.4346
-36.4349
-36.4351
-36.4354
-36.4356
-36.4359
-36.4361
-36.4364
-36.4366
-36.4369
-36.4372
-36.4374
-36.4377
-36.438
-36.4383
-36.4386
-36.4389
-36.4392
-36.4395
-36.4398
-36.4401
-36.4404
-36.4407
-36.441
-36.4413
-36.4416
-36.4419
-36.4423
-36.4426
-36.4429
-36.4432
-36.4435
-36.4439
-36.4442
-36.4445
-36.4448
-36.4451
-36.4454
-36.4457
-36.446
-36.4463
-36.4466
-36.4469
-36.4472
-36.4475
-36.4478
-36.448
-36.4483
-36.4486
-36.4488
-36.4491
-36.4493
-36.4495
-36.4498
-36.45
-36.4502
-36.4504
-36.4507
-36.4509
-36.4511
-36.4513
-36.4515
-36.4518
-36.452
-36.4522
-36.4525
-36.4527
-36.453
-36.4532
-36.4333
-36.4335
-36.4337
-36.4339
-36.4342
-36.4344
-36.4346
-36.4349
-36.4351
-36.4354
-36.4356
-36.4359
-36.4361
-36.4364
-36.4366
-36.4369
-36.4372
-36.4375
-36.4377
-36.438
-36.4383
-36.4386
-36.4389
-36.4392
-36.4395
-36.4398
-36.4401
-36.4404
-36.4407
-36.441
-36.4413
-36.4416
-36.4419
-36.4423
-36.4426
-36.4429
-36.4432
-36.4435
-36.4439
-36.4442
-36.4445
-36.4448
-36.4451
-36.4454
-36.4457
-36.446
-36.4463
-36.4466
-36.4469
-36.4472
-36.4475
-36.4478
-36.448
-36.4483
-36.4486
-36.4488
-36.4491
-36.4493
-36.4495
-36.4498
-36.45
-36.4502
-36.4504
-36.4507
-36.4509
-36.4511
-36.4513
-36.4515
-36.4518
-36.452
-36.4522
-36.4525
-36.4527
-36.453
-36.4533
)
;

boundaryField
{
    leftWall
    {
        type            fixedFluxPressure;
        gradient        nonuniform List<scalar> 0();
        value           nonuniform List<scalar> 0();
    }
    rightWall
    {
        type            fixedFluxPressure;
        gradient        nonuniform List<scalar> 0();
        value           nonuniform List<scalar> 0();
    }
    lowerWall
    {
        type            fixedFluxPressure;
        gradient        uniform 0;
        value           nonuniform List<scalar> 
75
(
10.1307
10.0732
10.0037
9.92529
9.84212
9.7539
9.66753
9.59021
9.46965
9.24079
9.0304
9.00546
9.0511
9.09876
9.21986
9.43241
9.5741
9.56584
9.52394
9.48794
9.44612
9.40116
9.35021
9.28362
9.19017
9.05939
8.89403
8.7156
8.5486
8.39754
8.24952
8.09192
7.91413
7.70644
7.48795
7.30594
7.14527
6.91826
6.64472
6.51692
6.54946
6.63172
6.70642
6.71599
6.67853
6.59681
6.559
6.62604
6.89794
7.02045
6.82802
6.4833
6.39132
6.55156
6.71754
6.55779
6.25882
6.26485
6.53127
6.58256
6.40472
6.11768
6.01308
6.09074
6.33714
6.49234
6.4929
6.38672
5.92551
5.01942
4.07421
3.57359
3.47989
3.50814
3.52242
)
;
    }
    atmosphere
    {
        type            fixedFluxPressure;
        gradient        uniform 0;
        value           nonuniform List<scalar> 
75
(
-36.4333
-36.4335
-36.4337
-36.4339
-36.4342
-36.4344
-36.4346
-36.4349
-36.4351
-36.4354
-36.4356
-36.4359
-36.4361
-36.4364
-36.4366
-36.4369
-36.4372
-36.4375
-36.4377
-36.438
-36.4383
-36.4386
-36.4389
-36.4392
-36.4395
-36.4398
-36.4401
-36.4404
-36.4407
-36.441
-36.4413
-36.4416
-36.4419
-36.4423
-36.4426
-36.4429
-36.4432
-36.4435
-36.4439
-36.4442
-36.4445
-36.4448
-36.4451
-36.4454
-36.4457
-36.446
-36.4463
-36.4466
-36.4469
-36.4472
-36.4475
-36.4478
-36.448
-36.4483
-36.4486
-36.4488
-36.4491
-36.4493
-36.4495
-36.4498
-36.45
-36.4502
-36.4504
-36.4507
-36.4509
-36.4511
-36.4513
-36.4515
-36.4518
-36.452
-36.4522
-36.4525
-36.4527
-36.453
-36.4533
)
;
    }
    defaultFaces
    {
        type            empty;
    }
    procBoundary2to1
    {
        type            processor;
        value           nonuniform List<scalar> 
40
(
10.1797
-9.47262
-36.4248
-36.423
-36.4254
-36.4261
-36.4276
-36.4285
-36.4293
-36.43
-36.4306
-36.4311
-36.4315
-36.4318
-36.432
-36.4322
-36.4324
-36.4325
-36.4326
-36.4327
-36.4328
-36.4328
-36.4329
-36.4329
-36.4329
-36.4329
-36.433
-36.433
-36.433
-36.433
-36.433
-36.433
-36.433
-36.433
-36.433
-36.433
-36.433
-36.433
-36.433
-36.433
)
;
    }
    procBoundary2to3
    {
        type            processor;
        value           nonuniform List<scalar> 
40
(
3.40624
-27.0322
-36.4704
-36.4708
-36.4639
-36.4623
-36.4586
-36.4573
-36.4557
-36.4547
-36.4538
-36.4532
-36.4527
-36.4523
-36.452
-36.4517
-36.4516
-36.4515
-36.4515
-36.4515
-36.4516
-36.4516
-36.4517
-36.4518
-36.452
-36.4521
-36.4523
-36.4524
-36.4526
-36.4527
-36.4528
-36.453
-36.4531
-36.4532
-36.4533
-36.4534
-36.4534
-36.4535
-36.4535
-36.4536
)
;
    }
}


// ************************************************************************* //
