/*--------------------------------*- C++ -*----------------------------------*\
| =========                 |                                                 |
| \\      /  F ield         | OpenFOAM: The Open Source CFD Toolbox           |
|  \\    /   O peration     | Version:  2606                                  |
|   \\  /    A nd           | Website:  www.openfoam.com                      |
|    \\/     M anipulation  |                                                 |
\*---------------------------------------------------------------------------*/
FoamFile
{
    version     2.0;
    format      ascii;
    arch        "LSB;label=32;scalar=64";
    class       volVectorField;
    location    "0.65";
    object      U;
}
// * * * * * * * * * * * * * * * * * * * * * * * * * * * * * * * * * * * * * //

dimensions      [0 1 -1 0 0 0 0];

internalField   nonuniform List<vector> 
3000
(
(0.000626935 0.000605876 0)
(0.00378948 0.000592497 0)
(0.00608802 0.000172906 0)
(0.00945123 -0.00053241 0)
(0.0136126 -0.00141018 0)
(0.0186583 -0.00244866 0)
(0.0244338 -0.00339847 0)
(0.0307474 -0.0041117 0)
(0.0374479 -0.00456047 0)
(0.0444161 -0.00476318 0)
(0.0515087 -0.00473646 0)
(0.0585648 -0.00454655 0)
(0.0654682 -0.00424518 0)
(0.0721447 -0.00387451 0)
(0.0785517 -0.00347965 0)
(0.0846779 -0.00309571 0)
(0.0905338 -0.00274263 0)
(0.0961354 -0.00243122 0)
(0.101501 -0.00217259 0)
(0.106662 -0.00197533 0)
(0.111656 -0.00183431 0)
(0.116527 -0.00175355 0)
(0.12134 -0.00173149 0)
(0.126156 -0.00174755 0)
(0.131008 -0.00178256 0)
(0.135914 -0.00182453 0)
(0.140882 -0.0018624 0)
(0.145901 -0.00188627 0)
(0.15095 -0.00189229 0)
(0.156 -0.00188172 0)
(0.161029 -0.00186251 0)
(0.166027 -0.00184408 0)
(0.170994 -0.00183148 0)
(0.175934 -0.00182665 0)
(0.180851 -0.00183119 0)
(0.185754 -0.00184559 0)
(0.19065 -0.00186806 0)
(0.195546 -0.00189541 0)
(0.200443 -0.00192442 0)
(0.205342 -0.00195287 0)
(0.210241 -0.0019795 0)
(0.21514 -0.00200465 0)
(0.220043 -0.00202931 0)
(0.224951 -0.00205083 0)
(0.229862 -0.00206834 0)
(0.234775 -0.00208566 0)
(0.239696 -0.00210288 0)
(0.244626 -0.00211733 0)
(0.249561 -0.00212709 0)
(0.25449 -0.00213203 0)
(0.259403 -0.00213218 0)
(0.264285 -0.00212617 0)
(0.269124 -0.00212038 0)
(0.273909 -0.002116 0)
(0.278633 -0.00211239 0)
(0.283288 -0.00211163 0)
(0.287875 -0.00211433 0)
(0.292396 -0.0021198 0)
(0.296869 -0.00213584 0)
(0.301323 -0.002159 0)
(0.30578 -0.00217184 0)
(0.310242 -0.00217036 0)
(0.314722 -0.0021668 0)
(0.319257 -0.00216216 0)
(0.323868 -0.00214863 0)
(0.32856 -0.00212214 0)
(0.333328 -0.00208514 0)
(0.338163 -0.00203927 0)
(0.343047 -0.00198601 0)
(0.347956 -0.00193122 0)
(0.352872 -0.00187799 0)
(0.357772 -0.00182299 0)
(0.362628 -0.00176599 0)
(0.367428 -0.00172948 0)
(0.372194 -0.00172431 0)
(0.00398864 -0.00490819 0)
(0.0128262 -0.00571302 0)
(0.0207501 -0.00595287 0)
(0.0281953 -0.00682683 0)
(0.0351041 -0.00780093 0)
(0.0411757 -0.00862417 0)
(0.0462842 -0.0092082 0)
(0.0505905 -0.00957814 0)
(0.0543441 -0.00983235 0)
(0.0578236 -0.010016 0)
(0.0612325 -0.0100736 0)
(0.0646653 -0.0100466 0)
(0.068196 -0.00994755 0)
(0.0718769 -0.00978152 0)
(0.0757796 -0.00957844 0)
(0.079974 -0.00936399 0)
(0.0844915 -0.00914212 0)
(0.0893072 -0.00890761 0)
(0.0943577 -0.00867233 0)
(0.0995814 -0.00846705 0)
(0.104905 -0.00830035 0)
(0.110258 -0.00820244 0)
(0.115637 -0.00818415 0)
(0.121071 -0.00821793 0)
(0.12657 -0.00827913 0)
(0.132138 -0.00835303 0)
(0.137773 -0.00842202 0)
(0.143451 -0.00846763 0)
(0.149136 -0.00847988 0)
(0.154793 -0.00845892 0)
(0.160389 -0.00841752 0)
(0.165912 -0.00836983 0)
(0.171373 -0.0083216 0)
(0.176789 -0.00827395 0)
(0.18218 -0.00822933 0)
(0.187567 -0.0081899 0)
(0.192965 -0.00815507 0)
(0.198382 -0.00812245 0)
(0.203821 -0.00808996 0)
(0.209278 -0.00805726 0)
(0.214748 -0.0080254 0)
(0.220225 -0.00799779 0)
(0.225709 -0.00797801 0)
(0.231206 -0.0079611 0)
(0.236708 -0.00794493 0)
(0.242214 -0.00793579 0)
(0.24773 -0.00793285 0)
(0.253257 -0.00792908 0)
(0.258791 -0.00791651 0)
(0.264324 -0.00788936 0)
(0.26985 -0.00784252 0)
(0.275351 -0.00776762 0)
(0.280814 -0.00767245 0)
(0.286236 -0.00755714 0)
(0.291607 -0.0074231 0)
(0.296914 -0.00727991 0)
(0.302157 -0.00713794 0)
(0.307324 -0.00700909 0)
(0.312427 -0.0069205 0)
(0.317523 -0.00688074 0)
(0.322641 -0.00687312 0)
(0.327763 -0.0068983 0)
(0.332906 -0.00697938 0)
(0.338126 -0.00711612 0)
(0.343445 -0.00728783 0)
(0.348846 -0.00747437 0)
(0.354299 -0.00766213 0)
(0.359776 -0.00783221 0)
(0.365224 -0.00796618 0)
(0.370601 -0.00805816 0)
(0.375909 -0.00810762 0)
(0.381149 -0.00810853 0)
(0.386286 -0.00805948 0)
(0.391309 -0.00799957 0)
(0.396271 -0.00795244 0)
(0.00158834 -0.0174548 0)
(0.00272336 -0.0168711 0)
(0.00974316 -0.0166934 0)
(0.0133755 -0.0158988 0)
(0.0156112 -0.0148825 0)
(0.0176358 -0.0138569 0)
(0.0203961 -0.0129347 0)
(0.024342 -0.0122266 0)
(0.0288977 -0.0116948 0)
(0.0328639 -0.0114354 0)
(0.035704 -0.011232 0)
(0.0376596 -0.011159 0)
(0.0393905 -0.0111829 0)
(0.0416577 -0.0113037 0)
(0.0445334 -0.0115506 0)
(0.0478173 -0.0118865 0)
(0.0513655 -0.0122377 0)
(0.0552346 -0.012522 0)
(0.0594877 -0.0127095 0)
(0.0638278 -0.012812 0)
(0.067866 -0.0127953 0)
(0.071328 -0.0127837 0)
(0.0743777 -0.0128741 0)
(0.0773622 -0.0130304 0)
(0.0805476 -0.0132174 0)
(0.084084 -0.013411 0)
(0.0880319 -0.0135609 0)
(0.0923684 -0.0136202 0)
(0.0970334 -0.0135914 0)
(0.101951 -0.0134808 0)
(0.106997 -0.013322 0)
(0.112041 -0.0131683 0)
(0.117045 -0.0130559 0)
(0.122051 -0.0129936 0)
(0.127108 -0.0129822 0)
(0.132253 -0.0130147 0)
(0.137491 -0.0130754 0)
(0.142816 -0.013147 0)
(0.148207 -0.0132146 0)
(0.153633 -0.0132706 0)
(0.15906 -0.0133102 0)
(0.164433 -0.0133392 0)
(0.16969 -0.0133755 0)
(0.174844 -0.0134039 0)
(0.179955 -0.0134209 0)
(0.185075 -0.0134522 0)
(0.190263 -0.0134944 0)
(0.195643 -0.0135403 0)
(0.201419 -0.013586 0)
(0.207839 -0.013632 0)
(0.215138 -0.0136689 0)
(0.223555 -0.0136579 0)
(0.233214 -0.0136596 0)
(0.244164 -0.0136369 0)
(0.256335 -0.0135695 0)
(0.269521 -0.0134795 0)
(0.283421 -0.013348 0)
(0.297457 -0.0131664 0)
(0.311094 -0.0130742 0)
(0.323808 -0.0130358 0)
(0.335017 -0.0129595 0)
(0.344279 -0.0128544 0)
(0.351295 -0.0128108 0)
(0.355938 -0.0128221 0)
(0.358356 -0.0128456 0)
(0.359026 -0.0128701 0)
(0.358771 -0.0129046 0)
(0.358427 -0.0128962 0)
(0.358395 -0.0128014 0)
(0.358919 -0.0126746 0)
(0.360196 -0.0125345 0)
(0.362206 -0.012349 0)
(0.364881 -0.0120852 0)
(0.368155 -0.0119051 0)
(0.372013 -0.0118507 0)
(0.00239703 -0.0103809 0)
(0.00090902 -0.014607 0)
(0.00497498 -0.0152816 0)
(0.00735912 -0.012521 0)
(0.0100795 -0.0119821 0)
(0.0124673 -0.0126317 0)
(0.0144468 -0.0143829 0)
(0.0157924 -0.0163697 0)
(0.016385 -0.0166333 0)
(0.0157702 -0.0151094 0)
(0.0132067 -0.0133393 0)
(0.00917836 -0.0122947 0)
(0.00764783 -0.0124939 0)
(0.0111326 -0.0135193 0)
(0.0162466 -0.0144597 0)
(0.0213172 -0.0150001 0)
(0.0261469 -0.0154803 0)
(0.0315906 -0.0160927 0)
(0.0378481 -0.0163026 0)
(0.0431109 -0.015598 0)
(0.0457229 -0.0146909 0)
(0.046504 -0.0137032 0)
(0.0475294 -0.0131411 0)
(0.049103 -0.0132104 0)
(0.0509995 -0.0137224 0)
(0.0532746 -0.0144665 0)
(0.0559518 -0.0152647 0)
(0.0590006 -0.0159763 0)
(0.062381 -0.0165499 0)
(0.0660649 -0.0169023 0)
(0.0700322 -0.0169907 0)
(0.0742445 -0.0169261 0)
(0.0786264 -0.0168787 0)
(0.0831051 -0.0169088 0)
(0.0876288 -0.0170188 0)
(0.0921654 -0.0171821 0)
(0.0966054 -0.0173468 0)
(0.100864 -0.017487 0)
(0.104821 -0.0175709 0)
(0.108388 -0.0175816 0)
(0.111485 -0.0175041 0)
(0.11405 -0.0173187 0)
(0.116121 -0.0170561 0)
(0.117727 -0.0168524 0)
(0.119062 -0.0167124 0)
(0.12047 -0.0166386 0)
(0.122362 -0.0167316 0)
(0.125339 -0.017161 0)
(0.130093 -0.0180603 0)
(0.137381 -0.0194576 0)
(0.147871 -0.0213152 0)
(0.162008 -0.0236253 0)
(0.179964 -0.0261688 0)
(0.201627 -0.028712 0)
(0.226586 -0.0309502 0)
(0.253976 -0.0325995 0)
(0.282433 -0.0332772 0)
(0.310109 -0.0325096 0)
(0.33455 -0.03079 0)
(0.353605 -0.0277937 0)
(0.365627 -0.0237863 0)
(0.369088 -0.0193621 0)
(0.363269 -0.0151431 0)
(0.349398 -0.0115657 0)
(0.330643 -0.00890756 0)
(0.31127 -0.00725371 0)
(0.295223 -0.0067162 0)
(0.284698 -0.00736722 0)
(0.279956 -0.0088329 0)
(0.279681 -0.0110025 0)
(0.281747 -0.0129653 0)
(0.284633 -0.014239 0)
(0.288352 -0.0149932 0)
(0.293805 -0.0155458 0)
(0.301678 -0.0161512 0)
(-0.00378756 -0.0143089 0)
(-0.00756132 -0.0179723 0)
(-0.00911515 -0.0198034 0)
(-0.0103292 -0.0185548 0)
(-0.0108573 -0.0175716 0)
(-0.0116841 -0.0169673 0)
(-0.0125398 -0.0167739 0)
(-0.0138675 -0.0163206 0)
(-0.0164034 -0.0141785 0)
(-0.0212573 -0.00965568 0)
(-0.0287869 -0.00480112 0)
(-0.03451 -0.00710254 0)
(-0.0319551 -0.0168293 0)
(-0.0250754 -0.0215936 0)
(-0.0198464 -0.0222293 0)
(-0.0171179 -0.0212764 0)
(-0.0153397 -0.0221397 0)
(-0.0122956 -0.0247245 0)
(-0.00883626 -0.0249071 0)
(-0.00761192 -0.0192505 0)
(-0.00960784 -0.015027 0)
(-0.0120875 -0.0146932 0)
(-0.0125291 -0.0152525 0)
(-0.0121785 -0.0159706 0)
(-0.0112367 -0.0172208 0)
(-0.00971071 -0.0185382 0)
(-0.0078268 -0.0197596 0)
(-0.00577185 -0.0208043 0)
(-0.00365268 -0.0216032 0)
(-0.00153917 -0.0221468 0)
(0.000526677 -0.0224717 0)
(0.00251583 -0.0226044 0)
(0.00441964 -0.0226082 0)
(0.00624862 -0.0226304 0)
(0.00796771 -0.0226668 0)
(0.0095353 -0.022623 0)
(0.0107443 -0.0223965 0)
(0.0116596 -0.0219539 0)
(0.0121436 -0.0213593 0)
(0.0122579 -0.0205451 0)
(0.0120049 -0.0195483 0)
(0.0114436 -0.0185338 0)
(0.0109209 -0.0174999 0)
(0.0106715 -0.0168921 0)
(0.0112395 -0.0170585 0)
(0.0132116 -0.0180301 0)
(0.0168279 -0.0200332 0)
(0.0223402 -0.0231894 0)
(0.0298054 -0.0275673 0)
(0.0392624 -0.0330309 0)
(0.0507619 -0.0393845 0)
(0.0643895 -0.0463266 0)
(0.0801664 -0.0533062 0)
(0.0980478 -0.0598815 0)
(0.117986 -0.0653801 0)
(0.139635 -0.0690333 0)
(0.16226 -0.0699569 0)
(0.185031 -0.0668316 0)
(0.206055 -0.0597997 0)
(0.223884 -0.0492899 0)
(0.237456 -0.0346773 0)
(0.245261 -0.0166901 0)
(0.244934 0.00177166 0)
(0.235974 0.0153632 0)
(0.221484 0.0214932 0)
(0.205941 0.0198375 0)
(0.192274 0.0121599 0)
(0.179479 0.00199628 0)
(0.16525 -0.00619367 0)
(0.150328 -0.010117 0)
(0.138007 -0.011183 0)
(0.129979 -0.0129325 0)
(0.126911 -0.0166774 0)
(0.129072 -0.0221826 0)
(0.135782 -0.028306 0)
(-0.0032348 -0.00473108 0)
(-0.00719412 -0.0123644 0)
(-0.00946622 -0.0149789 0)
(-0.012046 -0.014128 0)
(-0.0144743 -0.0131891 0)
(-0.016991 -0.0130305 0)
(-0.0195041 -0.0132636 0)
(-0.0224768 -0.0122473 0)
(-0.0261403 -0.0085735 0)
(-0.0298898 -0.00291302 0)
(-0.0318099 -0.00018465 0)
(-0.0294571 -0.00827616 0)
(-0.0244536 -0.0219019 0)
(-0.0216382 -0.024782 0)
(-0.0212893 -0.0220831 0)
(-0.0222578 -0.0196608 0)
(-0.0226779 -0.0213282 0)
(-0.0228831 -0.0243186 0)
(-0.0248522 -0.0219974 0)
(-0.0265734 -0.0151289 0)
(-0.0264594 -0.0120327 0)
(-0.025916 -0.0131128 0)
(-0.0251949 -0.0147202 0)
(-0.0243037 -0.0160715 0)
(-0.0234685 -0.0176312 0)
(-0.022867 -0.0189777 0)
(-0.0225456 -0.0200198 0)
(-0.0225131 -0.0207712 0)
(-0.0227336 -0.0212574 0)
(-0.0231706 -0.0215098 0)
(-0.0238051 -0.0215499 0)
(-0.0245681 -0.0214251 0)
(-0.0253174 -0.0213001 0)
(-0.0259903 -0.0213033 0)
(-0.0267158 -0.0211031 0)
(-0.0276633 -0.0206112 0)
(-0.0287802 -0.0200342 0)
(-0.0298409 -0.019397 0)
(-0.0308579 -0.0186839 0)
(-0.0317362 -0.017795 0)
(-0.0324301 -0.017032 0)
(-0.0327362 -0.0166759 0)
(-0.0323737 -0.0168096 0)
(-0.0312239 -0.0178568 0)
(-0.0292616 -0.0197937 0)
(-0.0265668 -0.0224151 0)
(-0.0232287 -0.0258473 0)
(-0.0192811 -0.0301549 0)
(-0.0147831 -0.0354597 0)
(-0.00980574 -0.0416601 0)
(-0.00438373 -0.0485845 0)
(0.00163547 -0.0560426 0)
(0.00828261 -0.0637193 0)
(0.0156173 -0.0711223 0)
(0.0239735 -0.0774937 0)
(0.0333854 -0.0819091 0)
(0.0435812 -0.0831035 0)
(0.0546625 -0.0792463 0)
(0.065343 -0.0711874 0)
(0.0744521 -0.0591347 0)
(0.0814625 -0.0424574 0)
(0.0859581 -0.0223467 0)
(0.0865842 -0.00172371 0)
(0.0824573 0.0148759 0)
(0.07394 0.0239405 0)
(0.0616686 0.0246893 0)
(0.0475839 0.0234524 0)
(0.0331217 0.0228417 0)
(0.0209307 0.0195623 0)
(0.0130722 0.0120259 0)
(0.00977875 0.0014356 0)
(0.0105448 -0.00952277 0)
(0.0133707 -0.020143 0)
(0.0161734 -0.0293941 0)
(0.0185268 -0.0362856 0)
(-0.00207376 -0.00172075 0)
(-0.0054168 -0.0099205 0)
(-0.00843703 -0.0128171 0)
(-0.0112433 -0.0121669 0)
(-0.0140002 -0.0113005 0)
(-0.0170561 -0.0109246 0)
(-0.0206355 -0.0105927 0)
(-0.0246075 -0.00912363 0)
(-0.0278624 -0.00608916 0)
(-0.028579 -0.00314823 0)
(-0.0256493 -0.00421663 0)
(-0.020746 -0.0134051 0)
(-0.0182271 -0.0240984 0)
(-0.0187532 -0.0253747 0)
(-0.0191273 -0.0216454 0)
(-0.019162 -0.0190838 0)
(-0.0196847 -0.0204781 0)
(-0.0218836 -0.0223823 0)
(-0.0249046 -0.020164 0)
(-0.0259772 -0.0162452 0)
(-0.0250497 -0.0143334 0)
(-0.0241215 -0.0148009 0)
(-0.0239566 -0.0158129 0)
(-0.0242103 -0.0168027 0)
(-0.0248231 -0.0178507 0)
(-0.0258131 -0.0187469 0)
(-0.0270944 -0.0194338 0)
(-0.0285895 -0.019917 0)
(-0.0302325 -0.0202086 0)
(-0.0319707 -0.0203223 0)
(-0.0337319 -0.0202991 0)
(-0.0353865 -0.0202484 0)
(-0.0368272 -0.0203156 0)
(-0.038107 -0.0204176 0)
(-0.0392782 -0.0201564 0)
(-0.0402336 -0.0197103 0)
(-0.0409186 -0.0194577 0)
(-0.0413568 -0.0192434 0)
(-0.0415952 -0.0188794 0)
(-0.0416613 -0.0183715 0)
(-0.0415328 -0.0180455 0)
(-0.0411875 -0.0181064 0)
(-0.0405838 -0.0186022 0)
(-0.039771 -0.0197848 0)
(-0.038862 -0.0216697 0)
(-0.0378862 -0.0242597 0)
(-0.0368698 -0.0277024 0)
(-0.0358873 -0.0320709 0)
(-0.0350964 -0.0374051 0)
(-0.0346595 -0.0435964 0)
(-0.0346751 -0.050526 0)
(-0.0352081 -0.0580137 0)
(-0.0363354 -0.0658923 0)
(-0.0380653 -0.073627 0)
(-0.0402581 -0.0804758 0)
(-0.0427547 -0.0853931 0)
(-0.0453206 -0.0868418 0)
(-0.0473753 -0.0832577 0)
(-0.049069 -0.0743691 0)
(-0.0506399 -0.0598685 0)
(-0.0521358 -0.0401894 0)
(-0.0537146 -0.0171193 0)
(-0.0547433 0.00599014 0)
(-0.0547643 0.0244383 0)
(-0.0547348 0.035146 0)
(-0.05495 0.0369654 0)
(-0.0543551 0.0322736 0)
(-0.0527229 0.0234995 0)
(-0.0506675 0.0134238 0)
(-0.0493806 0.00396257 0)
(-0.0495074 -0.00421245 0)
(-0.05129 -0.0120409 0)
(-0.0545144 -0.0196157 0)
(-0.0586959 -0.0261806 0)
(-0.0639464 -0.0309407 0)
(-0.00140335 0.00173915 0)
(-0.00452817 -0.0066235 0)
(-0.00735259 -0.0098771 0)
(-0.00978597 -0.00933565 0)
(-0.0123682 -0.00800419 0)
(-0.0155231 -0.00692917 0)
(-0.0193872 -0.00622307 0)
(-0.0232855 -0.0054746 0)
(-0.0255765 -0.00477934 0)
(-0.0247129 -0.00525249 0)
(-0.0209212 -0.00871968 0)
(-0.0172134 -0.016281 0)
(-0.016907 -0.023316 0)
(-0.0185968 -0.024423 0)
(-0.0189611 -0.0218852 0)
(-0.0178514 -0.0196547 0)
(-0.0171533 -0.0196204 0)
(-0.0182073 -0.0198617 0)
(-0.0198753 -0.0183523 0)
(-0.0204921 -0.0160755 0)
(-0.0201468 -0.0147106 0)
(-0.0198837 -0.0145856 0)
(-0.0201996 -0.0150098 0)
(-0.0209817 -0.01564 0)
(-0.0221297 -0.016351 0)
(-0.0235538 -0.0170024 0)
(-0.0251404 -0.0175309 0)
(-0.0267986 -0.0179211 0)
(-0.0284555 -0.0181833 0)
(-0.0300383 -0.0183514 0)
(-0.0314561 -0.0184868 0)
(-0.0326192 -0.0186759 0)
(-0.0335265 -0.0189936 0)
(-0.0342407 -0.0193413 0)
(-0.0346962 -0.0194603 0)
(-0.0348017 -0.0194105 0)
(-0.034692 -0.0193426 0)
(-0.0345912 -0.0191881 0)
(-0.0345682 -0.0188061 0)
(-0.0345425 -0.0182659 0)
(-0.0344557 -0.0178787 0)
(-0.0343021 -0.017879 0)
(-0.034062 -0.0184164 0)
(-0.0337611 -0.019619 0)
(-0.0334876 -0.0214956 0)
(-0.0333347 -0.0240347 0)
(-0.0334123 -0.0272688 0)
(-0.0338626 -0.0312287 0)
(-0.0348596 -0.0359313 0)
(-0.0365903 -0.0413251 0)
(-0.0392433 -0.0473171 0)
(-0.0430224 -0.0537745 0)
(-0.0481498 -0.0605036 0)
(-0.0548176 -0.0670996 0)
(-0.0631244 -0.0729066 0)
(-0.0730217 -0.0769709 0)
(-0.0841079 -0.0779856 0)
(-0.0955594 -0.0747011 0)
(-0.106428 -0.06645 0)
(-0.115689 -0.0531392 0)
(-0.122043 -0.0354361 0)
(-0.124275 -0.0153792 0)
(-0.121914 0.00392355 0)
(-0.115415 0.0191553 0)
(-0.10618 0.0273932 0)
(-0.0959018 0.0289334 0)
(-0.0865154 0.0262812 0)
(-0.0792712 0.0215973 0)
(-0.074504 0.015573 0)
(-0.0718144 0.00827459 0)
(-0.0705982 0.000117915 0)
(-0.0706019 -0.00809468 0)
(-0.0721425 -0.0153131 0)
(-0.0756485 -0.0211717 0)
(-0.0809039 -0.025385 0)
(-0.00103992 0.00430282 0)
(-0.00390919 -0.00362336 0)
(-0.00636628 -0.00735733 0)
(-0.00829536 -0.00700582 0)
(-0.0102883 -0.0053774 0)
(-0.012718 -0.00373617 0)
(-0.0157831 -0.00277827 0)
(-0.0188609 -0.00287967 0)
(-0.020569 -0.0043524 0)
(-0.0199135 -0.00743415 0)
(-0.0174089 -0.0121868 0)
(-0.014986 -0.0180362 0)
(-0.0142871 -0.0226339 0)
(-0.0148259 -0.0237364 0)
(-0.0151359 -0.0224013 0)
(-0.0148166 -0.0206697 0)
(-0.014601 -0.0196875 0)
(-0.0151127 -0.0189191 0)
(-0.0158887 -0.0175933 0)
(-0.016225 -0.0160163 0)
(-0.0161275 -0.0148961 0)
(-0.0160701 -0.0144502 0)
(-0.016338 -0.0144429 0)
(-0.0169441 -0.0147081 0)
(-0.017835 -0.0151355 0)
(-0.0189244 -0.0156167 0)
(-0.0201089 -0.0160812 0)
(-0.0212956 -0.0164973 0)
(-0.022408 -0.0168674 0)
(-0.0233833 -0.0172211 0)
(-0.0241707 -0.0176038 0)
(-0.0247467 -0.0180605 0)
(-0.0251462 -0.0186034 0)
(-0.0254308 -0.0191397 0)
(-0.0256071 -0.0194976 0)
(-0.0256629 -0.019619 0)
(-0.0256611 -0.0195393 0)
(-0.0256835 -0.0192676 0)
(-0.02572 -0.0188234 0)
(-0.0256861 -0.018341 0)
(-0.0255226 -0.0180476 0)
(-0.0252294 -0.018132 0)
(-0.0248491 -0.0187101 0)
(-0.0244667 -0.0198381 0)
(-0.0241896 -0.0215136 0)
(-0.0241225 -0.0237351 0)
(-0.0243734 -0.0265285 0)
(-0.0250693 -0.0299174 0)
(-0.0263633 -0.0338929 0)
(-0.0284266 -0.0383897 0)
(-0.031443 -0.043301 0)
(-0.0356165 -0.0484793 0)
(-0.0411712 -0.0537142 0)
(-0.0483218 -0.0586784 0)
(-0.0572141 -0.062885 0)
(-0.0678149 -0.0656395 0)
(-0.0797493 -0.0660475 0)
(-0.0922229 -0.0632508 0)
(-0.104082 -0.0567201 0)
(-0.113891 -0.046416 0)
(-0.120097 -0.0330575 0)
(-0.121518 -0.0183026 0)
(-0.11774 -0.00441914 0)
(-0.109836 0.00653507 0)
(-0.0996992 0.0133536 0)
(-0.0892858 0.016131 0)
(-0.0800719 0.0157759 0)
(-0.072451 0.0129605 0)
(-0.0663502 0.00827152 0)
(-0.0618528 0.00268567 0)
(-0.0593042 -0.00289538 0)
(-0.0587862 -0.00799744 0)
(-0.0600009 -0.012676 0)
(-0.0627103 -0.0165815 0)
(-0.0667199 -0.019343 0)
(-0.000749296 0.0063875 0)
(-0.00321064 -0.00113724 0)
(-0.00521052 -0.00545387 0)
(-0.00656005 -0.00539473 0)
(-0.00775745 -0.00362581 0)
(-0.00906061 -0.00154584 0)
(-0.0107766 -0.00027726 0)
(-0.0126841 -0.000836055 0)
(-0.0139497 -0.0036517 0)
(-0.0139057 -0.0083673 0)
(-0.0127509 -0.0140725 0)
(-0.0114902 -0.0194472 0)
(-0.011047 -0.0228484 0)
(-0.0113987 -0.0234351 0)
(-0.0119157 -0.0222196 0)
(-0.0122567 -0.0206293 0)
(-0.0125732 -0.0194013 0)
(-0.0130592 -0.0183604 0)
(-0.0135465 -0.0171774 0)
(-0.013765 -0.0159501 0)
(-0.0137213 -0.0149866 0)
(-0.0136341 -0.0144115 0)
(-0.013676 -0.0141658 0)
(-0.0139068 -0.0141839 0)
(-0.0143268 -0.0144037 0)
(-0.0148941 -0.0147562 0)
(-0.0155423 -0.0151808 0)
(-0.0162025 -0.015636 0)
(-0.0168195 -0.0161057 0)
(-0.0173581 -0.0165971 0)
(-0.017806 -0.0171276 0)
(-0.0181786 -0.0177069 0)
(-0.018524 -0.0183118 0)
(-0.0188958 -0.0188578 0)
(-0.0193006 -0.0192339 0)
(-0.0197027 -0.0193916 0)
(-0.020071 -0.0193448 0)
(-0.0203737 -0.0191236 0)
(-0.0205493 -0.0187912 0)
(-0.0205318 -0.0184766 0)
(-0.0203034 -0.0183458 0)
(-0.0199077 -0.0185389 0)
(-0.0194286 -0.0191444 0)
(-0.018967 -0.020201 0)
(-0.0186204 -0.0217119 0)
(-0.0184781 -0.0236762 0)
(-0.0186327 -0.0261015 0)
(-0.0191951 -0.028989 0)
(-0.0202964 -0.0323112 0)
(-0.0220794 -0.0359968 0)
(-0.0246903 -0.0399314 0)
(-0.0282755 -0.0439569 0)
(-0.0329757 -0.0478595 0)
(-0.0389107 -0.0513529 0)
(-0.04614 -0.0540618 0)
(-0.0545804 -0.0555137 0)
(-0.0639018 -0.0551765 0)
(-0.0734742 -0.0525736 0)
(-0.0823919 -0.0474118 0)
(-0.0895632 -0.039716 0)
(-0.0939228 -0.0300054 0)
(-0.0947935 -0.0193718 0)
(-0.0921724 -0.00924107 0)
(-0.0868139 -0.00104203 0)
(-0.0798979 0.004771 0)
(-0.0726937 0.00800579 0)
(-0.0658984 0.00875026 0)
(-0.0599413 0.00734122 0)
(-0.0551694 0.00434446 0)
(-0.0518498 0.00041933 0)
(-0.0499973 -0.00383425 0)
(-0.0495728 -0.00788442 0)
(-0.0505446 -0.0113837 0)
(-0.0526821 -0.0141844 0)
(-0.0557263 -0.0161016 0)
(-0.000523983 0.00810163 0)
(-0.00255223 0.000953356 0)
(-0.00406531 -0.0040383 0)
(-0.00489173 -0.00444102 0)
(-0.00538798 -0.00285477 0)
(-0.00565003 -0.000716962 0)
(-0.00597122 0.000777966 0)
(-0.00654663 0.000268749 0)
(-0.00717139 -0.00293585 0)
(-0.00746676 -0.00834803 0)
(-0.00740965 -0.0145479 0)
(-0.00742918 -0.0197543 0)
(-0.00790771 -0.0225484 0)
(-0.00878484 -0.0227931 0)
(-0.00971883 -0.0215858 0)
(-0.0104889 -0.0201038 0)
(-0.0111144 -0.0188776 0)
(-0.0116756 -0.017847 0)
(-0.0121276 -0.0168377 0)
(-0.0123725 -0.0158652 0)
(-0.0124142 -0.015059 0)
(-0.0123545 -0.0144924 0)
(-0.0122964 -0.0141643 0)
(-0.0123039 -0.0140571 0)
(-0.0124092 -0.0141458 0)
(-0.0126156 -0.0143937 0)
(-0.0129042 -0.0147574 0)
(-0.0132458 -0.0151962 0)
(-0.0136141 -0.0156818 0)
(-0.013995 -0.0162007 0)
(-0.0143909 -0.0167469 0)
(-0.0148209 -0.0173089 0)
(-0.0153161 -0.0178551 0)
(-0.0158968 -0.0183257 0)
(-0.0165442 -0.0186569 0)
(-0.0172032 -0.018824 0)
(-0.017811 -0.0188448 0)
(-0.0183064 -0.0187582 0)
(-0.0186284 -0.0186271 0)
(-0.0187364 -0.0185466 0)
(-0.0186337 -0.0186275 0)
(-0.0183706 -0.0189659 0)
(-0.0180278 -0.0196263 0)
(-0.0176957 -0.02064 0)
(-0.0174616 -0.0220158 0)
(-0.0174076 -0.023756 0)
(-0.0176197 -0.0258603 0)
(-0.0181956 -0.0283162 0)
(-0.0192454 -0.0310841 0)
(-0.0208833 -0.0340887 0)
(-0.023218 -0.0372189 0)
(-0.0263447 -0.0403259 0)
(-0.0303376 -0.0432179 0)
(-0.0352365 -0.0456557 0)
(-0.0410198 -0.0473473 0)
(-0.0475607 -0.0479574 0)
(-0.0545805 -0.0471475 0)
(-0.0616271 -0.0446521 0)
(-0.0680909 -0.040358 0)
(-0.0732741 -0.0343839 0)
(-0.0765399 -0.02715 0)
(-0.0775105 -0.0193707 0)
(-0.0762068 -0.0119068 0)
(-0.0730518 -0.00556724 0)
(-0.0686452 -0.000934796 0)
(-0.0636717 0.00185336 0)
(-0.0587594 0.00280979 0)
(-0.0543712 0.00217067 0)
(-0.0508711 0.000359288 0)
(-0.0484724 -0.00212836 0)
(-0.0472746 -0.00484242 0)
(-0.0472167 -0.00753201 0)
(-0.0481301 -0.00991845 0)
(-0.0498543 -0.0118054 0)
(-0.0521982 -0.0130192 0)
(-0.000351062 0.00939786 0)
(-0.00192871 0.00256069 0)
(-0.00303567 -0.0030933 0)
(-0.00347826 -0.00402656 0)
(-0.00350974 -0.00282964 0)
(-0.0031091 -0.000974462 0)
(-0.00242963 0.000507676 0)
(-0.00181762 0.000311554 0)
(-0.00162502 -0.00255334 0)
(-0.00190677 -0.00780481 0)
(-0.00257659 -0.0139098 0)
(-0.00364408 -0.0189023 0)
(-0.00504562 -0.0214288 0)
(-0.00656004 -0.0215977 0)
(-0.00792114 -0.0205352 0)
(-0.00900639 -0.0192647 0)
(-0.00985228 -0.0181924 0)
(-0.0105332 -0.0172869 0)
(-0.0110642 -0.0164464 0)
(-0.0114203 -0.0156699 0)
(-0.0116077 -0.0150164 0)
(-0.0116759 -0.0145271 0)
(-0.0116853 -0.0142126 0)
(-0.0116873 -0.0140717 0)
(-0.0117222 -0.0140958 0)
(-0.0118171 -0.0142661 0)
(-0.0119845 -0.0145542 0)
(-0.0122252 -0.0149278 0)
(-0.0125343 -0.015358 0)
(-0.0129078 -0.0158231 0)
(-0.0133476 -0.0163066 0)
(-0.0138607 -0.0167903 0)
(-0.0144549 -0.0172469 0)
(-0.0151253 -0.0176397 0)
(-0.0158413 -0.0179362 0)
(-0.016552 -0.018128 0)
(-0.0172026 -0.0182329 0)
(-0.0177445 -0.0182854 0)
(-0.0181388 -0.0183352 0)
(-0.0183662 -0.0184478 0)
(-0.018437 -0.0186957 0)
(-0.0183926 -0.0191435 0)
(-0.0182953 -0.0198382 0)
(-0.0182166 -0.0208067 0)
(-0.0182287 -0.0220605 0)
(-0.0184033 -0.0236008 0)
(-0.0188164 -0.0254203 0)
(-0.0195519 -0.0274967 0)
(-0.0206994 -0.0297853 0)
(-0.0223471 -0.0322138 0)
(-0.0245728 -0.0346802 0)
(-0.0274373 -0.0370534 0)
(-0.0309761 -0.039172 0)
(-0.0351876 -0.040845 0)
(-0.0400139 -0.0418552 0)
(-0.0453182 -0.0419724 0)
(-0.0508638 -0.0409836 0)
(-0.0563106 -0.0387395 0)
(-0.0612362 -0.0352044 0)
(-0.0651893 -0.0305067 0)
(-0.0677811 -0.0249684 0)
(-0.0687872 -0.0190787 0)
(-0.0682133 -0.0134021 0)
(-0.0662902 -0.00845863 0)
(-0.063386 -0.00461694 0)
(-0.0599481 -0.00211339 0)
(-0.0564367 -0.000948151 0)
(-0.0532476 -0.00097367 0)
(-0.0506747 -0.00193504 0)
(-0.0488983 -0.00350755 0)
(-0.0479902 -0.00537049 0)
(-0.0479156 -0.00723223 0)
(-0.048572 -0.00889047 0)
(-0.0498354 -0.0101834 0)
(-0.0515527 -0.0109683 0)
(-0.000207264 0.0103184 0)
(-0.00136672 0.00375968 0)
(-0.00215906 -0.00248405 0)
(-0.00235359 -0.00394121 0)
(-0.00214195 -0.00320057 0)
(-0.00146542 -0.00180324 0)
(-0.00034454 -0.00058346 0)
(0.000938537 -0.000566065 0)
(0.00181593 -0.00278276 0)
(0.00184784 -0.00724355 0)
(0.000949433 -0.0126853 0)
(-0.000688879 -0.0172413 0)
(-0.00269407 -0.0196272 0)
(-0.00467787 -0.0199233 0)
(-0.00635924 -0.0191515 0)
(-0.00766816 -0.0181838 0)
(-0.00868324 -0.0173422 0)
(-0.00949226 -0.016611 0)
(-0.0101359 -0.0159361 0)
(-0.0106218 -0.0153239 0)
(-0.0109636 -0.0148083 0)
(-0.0111926 -0.0144139 0)
(-0.0113473 -0.0141505 0)
(-0.0114657 -0.0140208 0)
(-0.0115828 -0.0140213 0)
(-0.0117287 -0.014141 0)
(-0.0119259 -0.0143618 0)
(-0.0121869 -0.0146609 0)
(-0.0125168 -0.0150152 0)
(-0.0129162 -0.0154047 0)
(-0.0133841 -0.0158117 0)
(-0.0139192 -0.0162188 0)
(-0.0145167 -0.0166057 0)
(-0.0151629 -0.0169508 0)
(-0.0158301 -0.017238 0)
(-0.0164816 -0.0174655 0)
(-0.017081 -0.0176472 0)
(-0.0175986 -0.0178089 0)
(-0.0180143 -0.0179865 0)
(-0.0183219 -0.0182256 0)
(-0.0185338 -0.0185758 0)
(-0.0186811 -0.0190827 0)
(-0.0188093 -0.0197813 0)
(-0.0189722 -0.0206932 0)
(-0.0192271 -0.0218275 0)
(-0.0196339 -0.0231826 0)
(-0.0202562 -0.0247456 0)
(-0.0211614 -0.0264898 0)
(-0.0224183 -0.02837 0)
(-0.0240911 -0.0303204 0)
(-0.0262327 -0.0322524 0)
(-0.0288784 -0.0340559 0)
(-0.0320394 -0.0355995 0)
(-0.0356929 -0.0367331 0)
(-0.0397708 -0.0372949 0)
(-0.0441469 -0.0371252 0)
(-0.0486289 -0.0360887 0)
(-0.052961 -0.034106 0)
(-0.0568441 -0.0311857 0)
(-0.0599749 -0.0274511 0)
(-0.0621033 -0.0231483 0)
(-0.063088 -0.0186204 0)
(-0.062931 -0.0142489 0)
(-0.0617753 -0.0103823 0)
(-0.059869 -0.00727981 0)
(-0.0575199 -0.00510182 0)
(-0.0550496 -0.00387699 0)
(-0.0527535 -0.00352757 0)
(-0.0508678 -0.00388451 0)
(-0.0495396 -0.00473627 0)
(-0.0488269 -0.00586114 0)
(-0.0487177 -0.00704967 0)
(-0.049153 -0.00812808 0)
(-0.0500459 -0.00895485 0)
(-0.0512782 -0.009413 0)
(-8.67065e-05 0.0109205 0)
(-0.000879416 0.00461695 0)
(-0.0014324 -0.00210989 0)
(-0.00147961 -0.00403147 0)
(-0.00117675 -0.00371361 0)
(-0.000467678 -0.00277939 0)
(0.000673108 -0.00192579 0)
(0.00207613 -0.00188362 0)
(0.0032405 -0.00348604 0)
(0.00358682 -0.0069357 0)
(0.00283528 -0.0113677 0)
(0.00110174 -0.0152579 0)
(-0.00111597 -0.0174638 0)
(-0.00327996 -0.0179647 0)
(-0.00510991 -0.0175605 0)
(-0.00653977 -0.0169426 0)
(-0.0076648 -0.0163626 0)
(-0.00857461 -0.0158237 0)
(-0.00931618 -0.0153106 0)
(-0.00991106 -0.014843 0)
(-0.0103795 -0.014448 0)
(-0.0107474 -0.0141433 0)
(-0.0110437 -0.0139381 0)
(-0.0112967 -0.0138356 0)
(-0.0115337 -0.0138344 0)
(-0.0117792 -0.0139275 0)
(-0.0120534 -0.014103 0)
(-0.0123702 -0.0143454 0)
(-0.012737 -0.0146381 0)
(-0.0131565 -0.0149653 0)
(-0.013628 -0.015312 0)
(-0.0141484 -0.015664 0)
(-0.0147111 -0.0160067 0)
(-0.0153035 -0.0163267 0)
(-0.0159064 -0.0166148 0)
(-0.0164965 -0.0168714 0)
(-0.0170517 -0.0171064 0)
(-0.0175542 -0.0173389 0)
(-0.0179933 -0.0175956 0)
(-0.0183681 -0.0179094 0)
(-0.0186898 -0.0183154 0)
(-0.0189824 -0.0188461 0)
(-0.0192804 -0.0195265 0)
(-0.0196257 -0.0203725 0)
(-0.0200646 -0.0213896 0)
(-0.0206462 -0.022573 0)
(-0.0214217 -0.0239072 0)
(-0.0224436 -0.0253644 0)
(-0.0237626 -0.0269018 0)
(-0.0254233 -0.0284608 0)
(-0.0274602 -0.0299663 0)
(-0.0298916 -0.0313275 0)
(-0.0327144 -0.0324396 0)
(-0.0358968 -0.0331876 0)
(-0.0393707 -0.0334534 0)
(-0.0430262 -0.0331273 0)
(-0.0467087 -0.0321245 0)
(-0.0502252 -0.0304056 0)
(-0.0533614 -0.0279962 0)
(-0.0559096 -0.0250007 0)
(-0.0577053 -0.0216025 0)
(-0.05866 -0.018044 0)
(-0.0587791 -0.0145908 0)
(-0.058159 -0.0114888 0)
(-0.056967 -0.00892919 0)
(-0.0554146 -0.0070296 0)
(-0.0537277 -0.00582426 0)
(-0.0521184 -0.00527098 0)
(-0.0507622 -0.00526176 0)
(-0.0497789 -0.00564798 0)
(-0.0492274 -0.0062685 0)
(-0.049114 -0.00696958 0)
(-0.0494046 -0.00761589 0)
(-0.0500371 -0.00809374 0)
(-0.0509217 -0.00831077 0)
(1.412e-05 0.0112495 0)
(-0.000464036 0.00518994 0)
(-0.000841677 -0.0018935 0)
(-0.00081528 -0.00419127 0)
(-0.000518513 -0.00421848 0)
(9.40802e-05 -0.00366354 0)
(0.00104716 -0.00315816 0)
(0.00225157 -0.00318927 0)
(0.00335018 -0.00433959 0)
(0.00381544 -0.00685971 0)
(0.00327972 -0.0102311 0)
(0.00174719 -0.0133527 0)
(-0.000342397 -0.0152844 0)
(-0.00243475 -0.0159597 0)
(-0.0042363 -0.0159102 0)
(-0.00568237 -0.0156299 0)
(-0.00685354 -0.0153045 0)
(-0.00782394 -0.0149556 0)
(-0.00863406 -0.0145973 0)
(-0.00930807 -0.014261 0)
(-0.00986833 -0.0139733 0)
(-0.0103384 -0.0137502 0)
(-0.010742 -0.0136011 0)
(-0.0111018 -0.0135309 0)
(-0.0114391 -0.0135395 0)
(-0.0117729 -0.013623 0)
(-0.0121192 -0.0137734 0)
(-0.0124897 -0.0139804 0)
(-0.012892 -0.014232 0)
(-0.0133298 -0.014516 0)
(-0.0138039 -0.0148207 0)
(-0.0143124 -0.0151348 0)
(-0.0148505 -0.0154479 0)
(-0.0154095 -0.0157509 0)
(-0.0159769 -0.0160388 0)
(-0.0165382 -0.0163125 0)
(-0.0170792 -0.0165798 0)
(-0.0175891 -0.0168552 0)
(-0.018062 -0.0171587 0)
(-0.0184993 -0.0175139 0)
(-0.0189112 -0.0179457 0)
(-0.0193171 -0.0184766 0)
(-0.0197443 -0.0191242 0)
(-0.0202262 -0.019899 0)
(-0.0208002 -0.020803 0)
(-0.0215058 -0.0218296 0)
(-0.0223837 -0.0229626 0)
(-0.0234738 -0.024175 0)
(-0.0248131 -0.025428 0)
(-0.0264323 -0.0266705 0)
(-0.028352 -0.0278396 0)
(-0.0305793 -0.0288611 0)
(-0.0331024 -0.0296525 0)
(-0.0358865 -0.0301263 0)
(-0.0388689 -0.0301969 0)
(-0.0419571 -0.0297896 0)
(-0.0450288 -0.0288524 0)
(-0.0479393 -0.0273694 0)
(-0.0505338 -0.0253726 0)
(-0.0526684 -0.0229484 0)
(-0.0542319 -0.0202346 0)
(-0.0551656 -0.0174058 0)
(-0.0554738 -0.014649 0)
(-0.0552233 -0.0121373 0)
(-0.0545311 -0.0100083 0)
(-0.053546 -0.00835051 0)
(-0.0524287 -0.0071963 0)
(-0.0513332 -0.00652446 0)
(-0.0503896 -0.00626742 0)
(-0.0496916 -0.00632552 0)
(-0.0492918 -0.00658415 0)
(-0.0492042 -0.00692878 0)
(-0.0494104 -0.0072548 0)
(-0.0498673 -0.00747293 0)
(-0.0505089 -0.00751142 0)
(0.000100732 0.0113527 0)
(-0.000116144 0.00552871 0)
(-0.000376164 -0.00177445 0)
(-0.000327838 -0.00434927 0)
(-9.39832e-05 -0.0046348 0)
(0.000368934 -0.00435465 0)
(0.00106753 -0.00411172 0)
(0.00195528 -0.00423233 0)
(0.00280184 -0.00508546 0)
(0.00320728 -0.00687802 0)
(0.00281823 -0.00932501 0)
(0.00156726 -0.0117009 0)
(-0.00021751 -0.013323 0)
(-0.00207132 -0.0140954 0)
(-0.00372275 -0.0143263 0)
(-0.00510439 -0.0143256 0)
(-0.00626684 -0.0142196 0)
(-0.00725867 -0.0140419 0)
(-0.00810751 -0.0138257 0)
(-0.00883379 -0.0136089 0)
(-0.0094579 -0.0134184 0)
(-0.0100002 -0.0132703 0)
(-0.0104806 -0.0131751 0)
(-0.0109176 -0.013139 0)
(-0.0113288 -0.0131641 0)
(-0.0117296 -0.0132484 0)
(-0.0121329 -0.0133873 0)
(-0.0125488 -0.0135735 0)
(-0.0129844 -0.0137985 0)
(-0.0134439 -0.014053 0)
(-0.0139291 -0.014328 0)
(-0.0144393 -0.0146148 0)
(-0.0149716 -0.0149058 0)
(-0.01552 -0.0151952 0)
(-0.0160766 -0.0154801 0)
(-0.0166319 -0.0157619 0)
(-0.0171769 -0.0160471 0)
(-0.0177054 -0.0163465 0)
(-0.0182147 -0.0166749 0)
(-0.018708 -0.0170492 0)
(-0.0191947 -0.0174868 0)
(-0.0196908 -0.0180032 0)
(-0.0202182 -0.0186099 0)
(-0.0208037 -0.019313 0)
(-0.0214769 -0.0201118 0)
(-0.0222692 -0.0209981 0)
(-0.0232124 -0.0219559 0)
(-0.0243365 -0.0229602 0)
(-0.0256683 -0.0239768 0)
(-0.027228 -0.0249623 0)
(-0.0290273 -0.0258646 0)
(-0.0310653 -0.0266242 0)
(-0.033326 -0.0271767 0)
(-0.035775 -0.0274565 0)
(-0.0383571 -0.027402 0)
(-0.040996 -0.0269626 0)
(-0.043596 -0.0261072 0)
(-0.0460479 -0.0248327 0)
(-0.0482393 -0.0231708 0)
(-0.0500686 -0.0211908 0)
(-0.0514592 -0.0189958 0)
(-0.0523719 -0.0167125 0)
(-0.0528108 -0.0144758 0)
(-0.0528226 -0.0124112 0)
(-0.0524891 -0.0106203 0)
(-0.0519155 -0.00917014 0)
(-0.0512173 -0.00808891 0)
(-0.0505066 -0.00736653 0)
(-0.0498805 -0.0069595 0)
(-0.0494121 -0.00680003 0)
(-0.049146 -0.00680712 0)
(-0.0490985 -0.0068969 0)
(-0.0492605 -0.00699043 0)
(-0.0496028 -0.00701913 0)
(-0.050078 -0.00692805 0)
(0.000168481 0.0112586 0)
(0.000163875 0.00569767 0)
(-1.63204e-05 -0.00170245 0)
(1.49216e-05 -0.0044646 0)
(0.000156888 -0.00492713 0)
(0.000459262 -0.0048317 0)
(0.000908738 -0.00476044 0)
(0.00147767 -0.00494445 0)
(0.00202281 -0.00560089 0)
(0.00227122 -0.00686769 0)
(0.0019412 -0.00859817 0)
(0.000945302 -0.0103487 0)
(-0.000498835 -0.0116705 0)
(-0.0020535 -0.0124682 0)
(-0.00350001 -0.0128841 0)
(-0.00477117 -0.0130852 0)
(-0.00588646 -0.0131496 0)
(-0.00686822 -0.0131146 0)
(-0.00773033 -0.0130219 0)
(-0.00848691 -0.0129107 0)
(-0.00915401 -0.0128072 0)
(-0.00974794 -0.0127279 0)
(-0.0102846 -0.0126842 0)
(-0.0107795 -0.0126831 0)
(-0.0112468 -0.0127283 0)
(-0.0116996 -0.0128199 0)
(-0.0121489 -0.0129552 0)
(-0.0126036 -0.0131297 0)
(-0.0130702 -0.0133372 0)
(-0.013553 -0.0135709 0)
(-0.0140543 -0.0138241 0)
(-0.0145741 -0.0140904 0)
(-0.0151106 -0.0143644 0)
(-0.0156602 -0.0146422 0)
(-0.0162176 -0.0149225 0)
(-0.0167771 -0.0152067 0)
(-0.0173334 -0.0154999 0)
(-0.0178834 -0.0158103 0)
(-0.0184269 -0.0161484 0)
(-0.0189678 -0.0165263 0)
(-0.0195149 -0.0169559 0)
(-0.0200815 -0.0174476 0)
(-0.0206856 -0.0180084 0)
(-0.0213482 -0.0186411 0)
(-0.0220929 -0.019343 0)
(-0.0229442 -0.0201053 0)
(-0.0239262 -0.0209127 0)
(-0.0250613 -0.0217425 0)
(-0.0263682 -0.0225653 0)
(-0.0278598 -0.0233444 0)
(-0.0295411 -0.0240373 0)
(-0.031407 -0.0245967 0)
(-0.0334398 -0.0249727 0)
(-0.0356075 -0.0251163 0)
(-0.0378631 -0.0249833 0)
(-0.0401444 -0.02454 0)
(-0.0423765 -0.0237684 0)
(-0.0444773 -0.0226722 0)
(-0.0463644 -0.0212802 0)
(-0.0479648 -0.0196475 0)
(-0.0492247 -0.017852 0)
(-0.050117 -0.0159869 0)
(-0.0506449 -0.0141504 0)
(-0.0508415 -0.012434 0)
(-0.0507648 -0.0109129 0)
(-0.0504904 -0.00963876 0)
(-0.0501014 -0.0086356 0)
(-0.0496801 -0.00790026 0)
(-0.049299 -0.00740515 0)
(-0.0490145 -0.00710419 0)
(-0.0488632 -0.00694011 0)
(-0.0488611 -0.00685179 0)
(-0.0490049 -0.0067803 0)
(-0.0492755 -0.00667374 0)
(-0.0496394 -0.00649036 0)
(0.000215723 0.0110039 0)
(0.000380644 0.00574614 0)
(0.000258116 -0.0016409 0)
(0.000243353 -0.00451519 0)
(0.00028808 -0.00508936 0)
(0.000437226 -0.005109 0)
(0.000671156 -0.0051375 0)
(0.000967583 -0.00535049 0)
(0.00123688 -0.00587047 0)
(0.00130529 -0.00677532 0)
(0.000976134 -0.00799148 0)
(0.000175637 -0.00926511 0)
(-0.000970667 -0.0103297 0)
(-0.002244 -0.0110981 0)
(-0.00348289 -0.0116104 0)
(-0.00462844 -0.0119378 0)
(-0.00567581 -0.012122 0)
(-0.00662648 -0.0121979 0)
(-0.00748286 -0.0122069 0)
(-0.00825241 -0.0121852 0)
(-0.00894618 -0.0121575 0)
(-0.0095762 -0.0121399 0)
(-0.0101547 -0.0121439 0)
(-0.0106939 -0.0121773 0)
(-0.0112056 -0.0122445 0)
(-0.0117004 -0.0123471 0)
(-0.0121879 -0.0124842 0)
(-0.0126759 -0.012653 0)
(-0.0131703 -0.0128494 0)
(-0.0136752 -0.0130688 0)
(-0.0141932 -0.0133062 0)
(-0.0147249 -0.013557 0)
(-0.0152697 -0.0138176 0)
(-0.0158253 -0.0140853 0)
(-0.016389 -0.0143595 0)
(-0.0169573 -0.0146418 0)
(-0.0175277 -0.0149358 0)
(-0.0180992 -0.0152477 0)
(-0.0186731 -0.015585 0)
(-0.0192537 -0.0159559 0)
(-0.0198489 -0.0163686 0)
(-0.02047 -0.0168295 0)
(-0.0211315 -0.0173426 0)
(-0.0218501 -0.0179082 0)
(-0.0226442 -0.0185222 0)
(-0.0235328 -0.0191756 0)
(-0.024534 -0.0198543 0)
(-0.0256639 -0.0205383 0)
(-0.0269352 -0.0212023 0)
(-0.0283556 -0.0218161 0)
(-0.0299257 -0.022345 0)
(-0.031638 -0.0227517 0)
(-0.0334748 -0.022998 0)
(-0.0354076 -0.0230471 0)
(-0.0373968 -0.0228679 0)
(-0.0393921 -0.0224378 0)
(-0.0413353 -0.0217471 0)
(-0.0431641 -0.0208025 0)
(-0.0448173 -0.0196291 0)
(-0.0462422 -0.0182703 0)
(-0.0474001 -0.0167853 0)
(-0.0482718 -0.0152433 0)
(-0.0488595 -0.0137169 0)
(-0.0491868 -0.0122739 0)
(-0.0492953 -0.0109708 0)
(-0.0492392 -0.00984713 0)
(-0.0490792 -0.00892324 0)
(-0.0488757 -0.00819969 0)
(-0.0486832 -0.00765926 0)
(-0.048545 -0.00727072 0)
(-0.0484906 -0.00699379 0)
(-0.0485346 -0.00678427 0)
(-0.048677 -0.00659867 0)
(-0.0489058 -0.00639817 0)
(-0.0491978 -0.00615123 0)
(0.000241861 0.0106417 0)
(0.000534773 0.00568873 0)
(0.000459051 -0.00158035 0)
(0.000387414 -0.00449102 0)
(0.000338297 -0.00512929 0)
(0.000352147 -0.0052153 0)
(0.000410751 -0.00529357 0)
(0.000492996 -0.00550788 0)
(0.00054103 -0.00592715 0)
(0.000449675 -0.00658925 0)
(9.6683e-05 -0.00745527 0)
(-0.000572309 -0.00839112 0)
(-0.00149368 -0.00925062 0)
(-0.0025371 -0.00995647 0)
(-0.00359672 -0.0104982 0)
(-0.0046229 -0.0108903 0)
(-0.00559627 -0.0111507 0)
(-0.00650491 -0.0113072 0)
(-0.00734316 -0.0113957 0)
(-0.00811284 -0.0114472 0)
(-0.00882034 -0.0114834 0)
(-0.00947377 -0.0115195 0)
(-0.0100821 -0.0115666 0)
(-0.0106547 -0.0116326 0)
(-0.0112008 -0.0117223 0)
(-0.0117294 -0.011838 0)
(-0.0122484 -0.0119803 0)
(-0.0127644 -0.0121478 0)
(-0.0132829 -0.012338 0)
(-0.0138079 -0.0125478 0)
(-0.0143419 -0.0127738 0)
(-0.0148862 -0.0130128 0)
(-0.0154409 -0.0132622 0)
(-0.0160053 -0.0135206 0)
(-0.0165779 -0.0137876 0)
(-0.0171574 -0.0140646 0)
(-0.0177428 -0.0143543 0)
(-0.0183345 -0.0146611 0)
(-0.0189348 -0.0149901 0)
(-0.019548 -0.0153471 0)
(-0.0201811 -0.0157372 0)
(-0.0208436 -0.0161641 0)
(-0.0215472 -0.0166296 0)
(-0.0223051 -0.0171323 0)
(-0.0231317 -0.0176673 0)
(-0.0240412 -0.0182261 0)
(-0.0250471 -0.0187955 0)
(-0.0261609 -0.0193583 0)
(-0.0273907 -0.019893 0)
(-0.0287403 -0.0203748 0)
(-0.0302078 -0.0207758 0)
(-0.0317844 -0.0210666 0)
(-0.0334535 -0.0212179 0)
(-0.0351902 -0.0212025 0)
(-0.0369615 -0.0209983 0)
(-0.0387271 -0.0205904 0)
(-0.0404415 -0.0199742 0)
(-0.0420571 -0.0191576 0)
(-0.0435283 -0.0181618 0)
(-0.0448162 -0.017021 0)
(-0.0458925 -0.0157803 0)
(-0.0467433 -0.0144917 0)
(-0.0473699 -0.0132093 0)
(-0.0477891 -0.0119841 0)
(-0.048031 -0.0108587 0)
(-0.0481347 -0.00986393 0)
(-0.0481448 -0.00901675 0)
(-0.0481058 -0.00831985 0)
(-0.0480585 -0.00776278 0)
(-0.0480365 -0.00732456 0)
(-0.0480631 -0.00697698 0)
(-0.0481511 -0.0066883 0)
(-0.0483025 -0.00642674 0)
(-0.0485101 -0.00616347 0)
(-0.0487583 -0.00587484 0)
(0.000253206 0.0102127 0)
(0.000636515 0.00555399 0)
(0.000592968 -0.00151136 0)
(0.000467098 -0.00439407 0)
(0.000333926 -0.00506101 0)
(0.000234738 -0.0051819 0)
(0.00015609 -0.00527886 0)
(7.81112e-05 -0.00547765 0)
(-3.76443e-05 -0.00581847 0)
(-0.00025219 -0.00631827 0)
(-0.000636669 -0.00695548 0)
(-0.0012266 -0.00766437 0)
(-0.00199368 -0.00836404 0)
(-0.00286876 -0.00899412 0)
(-0.00378815 -0.0095224 0)
(-0.00471203 -0.00993615 0)
(-0.00561489 -0.0102389 0)
(-0.00647813 -0.0104504 0)
(-0.00729142 -0.0105984 0)
(-0.00805252 -0.0107076 0)
(-0.008764 -0.0107964 0)
(-0.00943072 -0.0108781 0)
(-0.0100589 -0.0109631 0)
(-0.0106554 -0.0110587 0)
(-0.0112275 -0.0111701 0)
(-0.0117824 -0.0112999 0)
(-0.0123265 -0.0114496 0)
(-0.0128657 -0.0116187 0)
(-0.0134048 -0.011806 0)
(-0.0139474 -0.0120095 0)
(-0.0144963 -0.0122272 0)
(-0.015053 -0.0124569 0)
(-0.0156185 -0.012697 0)
(-0.0161928 -0.0129464 0)
(-0.0167757 -0.0132052 0)
(-0.0173671 -0.0134743 0)
(-0.0179671 -0.013756 0)
(-0.0185772 -0.014053 0)
(-0.0191998 -0.014369 0)
(-0.0198392 -0.0147077 0)
(-0.0205017 -0.015072 0)
(-0.021195 -0.0154638 0)
(-0.0219285 -0.0158833 0)
(-0.0227128 -0.016328 0)
(-0.0235587 -0.0167929 0)
(-0.0244771 -0.0172696 0)
(-0.0254776 -0.0177466 0)
(-0.0265681 -0.0182089 0)
(-0.0277536 -0.0186387 0)
(-0.0290352 -0.0190155 0)
(-0.0304094 -0.0193169 0)
(-0.0318671 -0.0195199 0)
(-0.0333931 -0.0196022 0)
(-0.0349662 -0.0195438 0)
(-0.0365588 -0.0193287 0)
(-0.0381387 -0.0189476 0)
(-0.0396702 -0.0183988 0)
(-0.0411169 -0.0176901 0)
(-0.0424443 -0.0168393 0)
(-0.0436233 -0.0158734 0)
(-0.044633 -0.0148269 0)
(-0.0454627 -0.0137393 0)
(-0.0461133 -0.0126515 0)
(-0.0465968 -0.0116019 0)
(-0.0469346 -0.0106232 0)
(-0.0471556 -0.00973951 0)
(-0.0472921 -0.00896505 0)
(-0.0473775 -0.00830351 0)
(-0.0474424 -0.00774895 0)
(-0.0475125 -0.00728745 0)
(-0.0476065 -0.00689945 0)
(-0.0477352 -0.00656235 0)
(-0.0479016 -0.0062531 0)
(-0.0481018 -0.00595045 0)
(-0.0483254 -0.00563678 0)
(0.000257814 0.00974576 0)
(0.000699013 0.00536566 0)
(0.000671938 -0.00142852 0)
(0.000498483 -0.00423242 0)
(0.000293426 -0.00490189 0)
(0.000102932 -0.00503786 0)
(-8.14546e-05 -0.00513692 0)
(-0.000276035 -0.00531175 0)
(-0.000506976 -0.00559003 0)
(-0.000810515 -0.0059803 0)
(-0.00122534 -0.00647091 0)
(-0.00177291 -0.00702852 0)
(-0.00244383 -0.00760702 0)
(-0.00320587 -0.00816066 0)
(-0.00402308 -0.00865293 0)
(-0.00486491 -0.00906181 0)
(-0.00570558 -0.00938339 0)
(-0.00652481 -0.00962986 0)
(-0.00731043 -0.00982063 0)
(-0.00805764 -0.0099741 0)
(-0.00876625 -0.0101049 0)
(-0.00943859 -0.0102245 0)
(-0.0100786 -0.010342 0)
(-0.0106913 -0.010464 0)
(-0.0112822 -0.0105954 0)
(-0.0118568 -0.0107393 0)
(-0.0124206 -0.0108972 0)
(-0.0129784 -0.0110697 0)
(-0.0135345 -0.0112563 0)
(-0.0140923 -0.011456 0)
(-0.0146545 -0.0116675 0)
(-0.0152229 -0.0118896 0)
(-0.015799 -0.0121213 0)
(-0.0163833 -0.0123619 0)
(-0.0169767 -0.0126117 0)
(-0.0175796 -0.0128713 0)
(-0.0181931 -0.0131423 0)
(-0.018819 -0.0134266 0)
(-0.01946 -0.0137266 0)
(-0.0201202 -0.0140443 0)
(-0.0208047 -0.0143815 0)
(-0.0215202 -0.0147385 0)
(-0.0222742 -0.0151145 0)
(-0.0230747 -0.0155066 0)
(-0.0239303 -0.0159095 0)
(-0.0248487 -0.0163156 0)
(-0.0258369 -0.0167146 0)
(-0.0269 -0.017094 0)
(-0.0280408 -0.0174386 0)
(-0.0292584 -0.0177319 0)
(-0.0305487 -0.017956 0)
(-0.0319026 -0.0180929 0)
(-0.0333067 -0.0181256 0)
(-0.0347428 -0.0180393 0)
(-0.0361882 -0.0178228 0)
(-0.0376171 -0.01747 0)
(-0.0390014 -0.0169812 0)
(-0.0403128 -0.0163637 0)
(-0.0415251 -0.0156321 0)
(-0.0426162 -0.0148078 0)
(-0.0435703 -0.0139174 0)
(-0.0443793 -0.0129913 0)
(-0.0450433 -0.0120604 0)
(-0.0455709 -0.0111542 0)
(-0.0459776 -0.0102979 0)
(-0.0462844 -0.00951062 0)
(-0.0465152 -0.00880416 0)
(-0.0466949 -0.00818269 0)
(-0.0468465 -0.00764323 0)
(-0.0469898 -0.00717676 0)
(-0.0471396 -0.00676985 0)
(-0.0473051 -0.00640658 0)
(-0.0474896 -0.00607041 0)
(-0.0476914 -0.00574581 0)
(-0.047904 -0.00541971 0)
(0.000259197 0.00925981 0)
(0.000732801 0.00514519 0)
(0.000709569 -0.00132785 0)
(0.000494559 -0.00401544 0)
(0.000229574 -0.0046686 0)
(-3.40839e-05 -0.00480777 0)
(-0.000299062 -0.00490058 0)
(-0.000577992 -0.0050495 0)
(-0.000889639 -0.00527828 0)
(-0.00125557 -0.00559292 0)
(-0.00169671 -0.00598733 0)
(-0.00222599 -0.00644279 0)
(-0.00284282 -0.00692988 0)
(-0.00353434 -0.00741374 0)
(-0.00428082 -0.00786189 0)
(-0.00505963 -0.00825229 0)
(-0.00584806 -0.00857788 0)
(-0.00662734 -0.00884465 0)
(-0.00738533 -0.00906483 0)
(-0.00811597 -0.00925125 0)
(-0.00881724 -0.00941503 0)
(-0.00948967 -0.00956551 0)
(-0.0101355 -0.00971025 0)
(-0.0107582 -0.00985517 0)
(-0.0113618 -0.0100046 0)
(-0.0119507 -0.0101616 0)
(-0.0125292 -0.0103281 0)
(-0.0131015 -0.0105048 0)
(-0.0136713 -0.010692 0)
(-0.0142417 -0.0108893 0)
(-0.0148153 -0.0110961 0)
(-0.0153942 -0.0113117 0)
(-0.01598 -0.0115356 0)
(-0.0165738 -0.0117676 0)
(-0.0171769 -0.0120077 0)
(-0.0177903 -0.0122566 0)
(-0.0184156 -0.0125153 0)
(-0.0190547 -0.0127851 0)
(-0.0197105 -0.0130672 0)
(-0.0203864 -0.0133629 0)
(-0.0210871 -0.0136726 0)
(-0.0218179 -0.0139961 0)
(-0.0225848 -0.0143318 0)
(-0.023394 -0.0146763 0)
(-0.0242519 -0.0150249 0)
(-0.0251642 -0.0153703 0)
(-0.0261356 -0.0157039 0)
(-0.0271693 -0.0160147 0)
(-0.0282662 -0.0162904 0)
(-0.0294247 -0.0165175 0)
(-0.03064 -0.0166817 0)
(-0.0319036 -0.0167691 0)
(-0.0332038 -0.0167666 0)
(-0.034525 -0.0166632 0)
(-0.0358487 -0.0164512 0)
(-0.0371539 -0.0161268 0)
(-0.0384186 -0.0156912 0)
(-0.0396205 -0.015151 0)
(-0.0407396 -0.0145181 0)
(-0.0417587 -0.0138095 0)
(-0.0426659 -0.0130461 0)
(-0.0434545 -0.0122511 0)
(-0.0441245 -0.0114484 0)
(-0.0446818 -0.0106607 0)
(-0.0451375 -0.00990767 0)
(-0.0455071 -0.00920455 0)
(-0.0458083 -0.0085612 0)
(-0.0460595 -0.00798188 0)
(-0.0462783 -0.00746554 0)
(-0.0464798 -0.00700657 0)
(-0.0466758 -0.00659593 0)
(-0.0468741 -0.00622251 0)
(-0.0470779 -0.00587457 0)
(-0.0472869 -0.00554088 0)
(-0.0474973 -0.00521183 0)
(0.000259091 0.0087657 0)
(0.000746193 0.00491207 0)
(0.000717032 -0.00120619 0)
(0.000465567 -0.00375157 0)
(0.000150905 -0.00437546 0)
(-0.000170844 -0.00451027 0)
(-0.000497848 -0.00459298 0)
(-0.000839537 -0.00471854 0)
(-0.00120884 -0.00490837 0)
(-0.00161934 -0.00516875 0)
(-0.00208326 -0.00549697 0)
(-0.00260902 -0.00588054 0)
(-0.0031992 -0.00629784 0)
(-0.00384949 -0.00672189 0)
(-0.00454873 -0.00712668 0)
(-0.00528054 -0.0074936 0)
(-0.00602668 -0.00781478 0)
(-0.00677135 -0.00809174 0)
(-0.00750353 -0.00833125 0)
(-0.0082168 -0.00854158 0)
(-0.00890813 -0.00873075 0)
(-0.00957685 -0.00890595 0)
(-0.010224 -0.00907328 0)
(-0.0108518 -0.00923766 0)
(-0.0114632 -0.00940293 0)
(-0.0120617 -0.00957187 0)
(-0.0126508 -0.00974637 0)
(-0.0132339 -0.00992757 0)
(-0.0138142 -0.010116 0)
(-0.0143947 -0.0103117 0)
(-0.0149778 -0.0105146 0)
(-0.0155656 -0.0107245 0)
(-0.0161598 -0.010941 0)
(-0.016762 -0.0111643 0)
(-0.0173736 -0.0113944 0)
(-0.0179961 -0.0116318 0)
(-0.0186312 -0.0118772 0)
(-0.0192809 -0.0121313 0)
(-0.019948 -0.0123948 0)
(-0.0206356 -0.0126681 0)
(-0.0213475 -0.0129511 0)
(-0.0220881 -0.0132429 0)
(-0.022862 -0.0135415 0)
(-0.0236742 -0.0138436 0)
(-0.0245292 -0.0141446 0)
(-0.0254311 -0.0144382 0)
(-0.026383 -0.0147167 0)
(-0.0273866 -0.0149711 0)
(-0.0284418 -0.0151911 0)
(-0.0295461 -0.0153658 0)
(-0.0306947 -0.0154838 0)
(-0.03188 -0.0155342 0)
(-0.0330915 -0.0155071 0)
(-0.0343161 -0.0153944 0)
(-0.0355386 -0.0151907 0)
(-0.0367419 -0.0148937 0)
(-0.0379086 -0.0145051 0)
(-0.0390211 -0.0140306 0)
(-0.0400637 -0.0134802 0)
(-0.0410232 -0.0128672 0)
(-0.0418901 -0.0122081 0)
(-0.0426592 -0.0115209 0)
(-0.0433299 -0.0108242 0)
(-0.0439064 -0.0101356 0)
(-0.0443968 -0.00947064 0)
(-0.0448122 -0.0088415 0)
(-0.0451657 -0.00825647 0)
(-0.0454713 -0.00771972 0)
(-0.0457422 -0.00723141 0)
(-0.0459902 -0.00678828 0)
(-0.0462245 -0.00638442 0)
(-0.0464516 -0.00601219 0)
(-0.0466747 -0.00566339 0)
(-0.0468943 -0.00532999 0)
(-0.0471084 -0.00500506 0)
(0.000258332 0.00827053 0)
(0.000745937 0.00467956 0)
(0.000703455 -0.00106156 0)
(0.000419626 -0.00344794 0)
(6.41575e-05 -0.00403395 0)
(-0.000304011 -0.00415941 0)
(-0.00067986 -0.00423107 0)
(-0.00106974 -0.0043365 0)
(-0.00148242 -0.00449569 0)
(-0.00192703 -0.00471558 0)
(-0.00241168 -0.00499544 0)
(-0.00294248 -0.00532566 0)
(-0.00352246 -0.00568886 0)
(-0.0041502 -0.00606373 0)
(-0.00481878 -0.00643024 0)
(-0.00551651 -0.00677366 0)
(-0.0062296 -0.00708634 0)
(-0.00694548 -0.00736704 0)
(-0.00765471 -0.00761866 0)
(-0.00835113 -0.00784602 0)
(-0.0090313 -0.0080545 0)
(-0.00969385 -0.0082493 0)
(-0.010339 -0.00843508 0)
(-0.0109682 -0.00861579 0)
(-0.0115836 -0.00879463 0)
(-0.0121878 -0.00897405 0)
(-0.0127838 -0.00915587 0)
(-0.0133744 -0.00934129 0)
(-0.0139624 -0.00953105 0)
(-0.0145505 -0.00972557 0)
(-0.0151409 -0.00992499 0)
(-0.0157359 -0.0101294 0)
(-0.0163371 -0.0103388 0)
(-0.0169462 -0.0105533 0)
(-0.0175649 -0.0107731 0)
(-0.0181948 -0.0109986 0)
(-0.0188377 -0.0112302 0)
(-0.0194956 -0.0114682 0)
(-0.020171 -0.0117129 0)
(-0.0208666 -0.0119642 0)
(-0.0215857 -0.0122215 0)
(-0.0223317 -0.0124837 0)
(-0.0231083 -0.0127486 0)
(-0.0239191 -0.013013 0)
(-0.0247675 -0.0132726 0)
(-0.0256563 -0.0135219 0)
(-0.0265874 -0.0137543 0)
(-0.0275613 -0.0139623 0)
(-0.0285772 -0.0141373 0)
(-0.0296324 -0.0142704 0)
(-0.030722 -0.0143529 0)
(-0.0318392 -0.014376 0)
(-0.0329749 -0.0143322 0)
(-0.034118 -0.0142157 0)
(-0.0352559 -0.0140224 0)
(-0.0363748 -0.0137514 0)
(-0.0374606 -0.0134043 0)
(-0.0384994 -0.0129863 0)
(-0.0394787 -0.0125053 0)
(-0.0403882 -0.0119721 0)
(-0.0412203 -0.0113997 0)
(-0.0419707 -0.0108021 0)
(-0.0426387 -0.0101941 0)
(-0.0432269 -0.00958932 0)
(-0.0437413 -0.00900016 0)
(-0.0441899 -0.00843646 0)
(-0.0445825 -0.00790523 0)
(-0.0449295 -0.00741039 0)
(-0.0452409 -0.00695287 0)
(-0.045526 -0.00653103 0)
(-0.0457919 -0.00614113 0)
(-0.0460442 -0.00577807 0)
(-0.0462859 -0.00543617 0)
(-0.0465178 -0.00510983 0)
(-0.0467392 -0.00479411 0)
(0.000257629 0.00777902 0)
(0.000737186 0.00445706 0)
(0.000676272 -0.000892899 0)
(0.000363958 -0.00311046 0)
(-2.49775e-05 -0.00365307 0)
(-0.00043052 -0.00376615 0)
(-0.000845596 -0.00382638 0)
(-0.00127398 -0.00391447 0)
(-0.00172158 -0.00404911 0)
(-0.00219478 -0.00423751 0)
(-0.00269947 -0.00448005 0)
(-0.00324026 -0.00476897 0)
(-0.00381949 -0.00508975 0)
(-0.00443633 -0.00542526 0)
(-0.00508595 -0.00575997 0)
(-0.00575998 -0.00608228 0)
(-0.00644828 -0.0063852 0)
(-0.00714116 -0.00666595 0)
(-0.00783081 -0.00692492 0)
(-0.00851171 -0.00716438 0)
(-0.00918045 -0.00738754 0)
(-0.00983539 -0.00759784 0)
(-0.0104763 -0.00779863 0)
(-0.0111041 -0.0079929 0)
(-0.0117203 -0.00818321 0)
(-0.0123271 -0.00837163 0)
(-0.0129268 -0.00855979 0)
(-0.0135219 -0.0087489 0)
(-0.014115 -0.0089398 0)
(-0.0147083 -0.00913307 0)
(-0.0153041 -0.0093291 0)
(-0.0159043 -0.00952815 0)
(-0.0165108 -0.00973044 0)
(-0.0171254 -0.00993617 0)
(-0.0177496 -0.0101456 0)
(-0.0183851 -0.0103589 0)
(-0.0190338 -0.0105765 0)
(-0.0196976 -0.0107983 0)
(-0.0203786 -0.0110244 0)
(-0.0210792 -0.0112545 0)
(-0.0218022 -0.0114876 0)
(-0.0225502 -0.0117224 0)
(-0.0233261 -0.0119568 0)
(-0.0241325 -0.0121877 0)
(-0.0249719 -0.0124114 0)
(-0.025846 -0.0126229 0)
(-0.0267557 -0.0128167 0)
(-0.0277011 -0.0129864 0)
(-0.0286806 -0.0131251 0)
(-0.0296914 -0.0132255 0)
(-0.030729 -0.0132807 0)
(-0.0317871 -0.0132839 0)
(-0.0328578 -0.0132294 0)
(-0.0339319 -0.0131127 0)
(-0.0349988 -0.0129313 0)
(-0.0360473 -0.0126845 0)
(-0.0370658 -0.0123743 0)
(-0.0380433 -0.0120049 0)
(-0.0389698 -0.0115829 0)
(-0.039837 -0.011117 0)
(-0.0406388 -0.0106174 0)
(-0.0413716 -0.0100954 0)
(-0.0420344 -0.00956237 0)
(-0.0426291 -0.00902931 0)
(-0.0431597 -0.00850605 0)
(-0.0436322 -0.00800065 0)
(-0.0440538 -0.00751901 0)
(-0.0444323 -0.00706479 0)
(-0.0447754 -0.00663936 0)
(-0.0450901 -0.00624215 0)
(-0.0453823 -0.00587099 0)
(-0.0456566 -0.00552257 0)
(-0.0459155 -0.00519306 0)
(-0.0461604 -0.00487862 0)
(-0.0463913 -0.00457584 0)
(0.000257407 0.00729388 0)
(0.000723933 0.00425023 0)
(0.000642266 -0.000700501 0)
(0.000305753 -0.00274453 0)
(-0.000110268 -0.00324025 0)
(-0.000546058 -0.00333861 0)
(-0.000993331 -0.00338687 0)
(-0.00145394 -0.00345937 0)
(-0.00193169 -0.00357346 0)
(-0.00243099 -0.00373628 0)
(-0.00295606 -0.00394892 0)
(-0.00351012 -0.00420507 0)
(-0.00409455 -0.00449248 0)
(-0.0047083 -0.00479702 0)
(-0.00534761 -0.00510628 0)
(-0.00600635 -0.00541091 0)
(-0.00667705 -0.00570462 0)
(-0.00735231 -0.00598389 0)
(-0.00802586 -0.00624747 0)
(-0.00869299 -0.00649579 0)
(-0.00935065 -0.00673032 0)
(-0.00999721 -0.00695303 0)
(-0.0106323 -0.00716609 0)
(-0.0112565 -0.0073716 0)
(-0.011871 -0.00757151 0)
(-0.0124777 -0.00776749 0)
(-0.0130785 -0.00796096 0)
(-0.0136756 -0.00815305 0)
(-0.0142712 -0.00834465 0)
(-0.0148675 -0.00853643 0)
(-0.0154666 -0.00872893 0)
(-0.0160703 -0.00892256 0)
(-0.0166804 -0.00911765 0)
(-0.0172987 -0.00931451 0)
(-0.0179267 -0.00951339 0)
(-0.0185662 -0.00971452 0)
(-0.0192188 -0.00991804 0)
(-0.0198863 -0.0101239 0)
(-0.0205706 -0.010332 0)
(-0.0212738 -0.0105417 0)
(-0.021998 -0.0107522 0)
(-0.0227454 -0.0109619 0)
(-0.0235181 -0.0111688 0)
(-0.024318 -0.0113702 0)
(-0.0251468 -0.0115626 0)
(-0.0260053 -0.0117419 0)
(-0.0268941 -0.0119033 0)
(-0.0278123 -0.0120415 0)
(-0.0287584 -0.0121509 0)
(-0.0297294 -0.0122256 0)
(-0.030721 -0.01226 0)
(-0.0317278 -0.0122489 0)
(-0.0327429 -0.0121879 0)
(-0.0337584 -0.0120738 0)
(-0.0347654 -0.0119048 0)
(-0.0357547 -0.0116807 0)
(-0.0367169 -0.0114033 0)
(-0.0376431 -0.0110762 0)
(-0.0385252 -0.0107049 0)
(-0.0393564 -0.0102963 0)
(-0.0401316 -0.00985864 0)
(-0.0408479 -0.00940085 0)
(-0.0415042 -0.00893203 0)
(-0.0421016 -0.00846096 0)
(-0.0426428 -0.00799553 0)
(-0.0431323 -0.00754236 0)
(-0.0435754 -0.00710648 0)
(-0.0439778 -0.00669122 0)
(-0.0443456 -0.00629821 0)
(-0.0446842 -0.00592756 0)
(-0.0449982 -0.00557818 0)
(-0.0452914 -0.00524806 0)
(-0.0455663 -0.00493468 0)
(-0.0458241 -0.00463552 0)
(-0.0460655 -0.00434827 0)
(0.000257879 0.00681594 0)
(0.000709764 0.00406139 0)
(0.000608284 -0.000486425 0)
(0.000252834 -0.00235561 0)
(-0.000184162 -0.00280185 0)
(-0.00064428 -0.0028829 0)
(-0.00111869 -0.00291791 0)
(-0.00160777 -0.00297522 0)
(-0.00211354 -0.00307099 0)
(-0.00263858 -0.0032121 0)
(-0.00318545 -0.00340014 0)
(-0.0037559 -0.00363002 0)
(-0.00435024 -0.00389129 0)
(-0.00496699 -0.00417193 0)
(-0.00560292 -0.00446159 0)
(-0.00625331 -0.00475242 0)
(-0.00691255 -0.00503872 0)
(-0.007575 -0.00531656 0)
(-0.00823574 -0.00558363 0)
(-0.00889098 -0.00583902 0)
(-0.0095382 -0.00608282 0)
(-0.010176 -0.00631577 0)
(-0.0108042 -0.00653904 0)
(-0.0114231 -0.00675395 0)
(-0.0120339 -0.00696187 0)
(-0.0126382 -0.00716412 0)
(-0.0132377 -0.00736187 0)
(-0.0138344 -0.00755616 0)
(-0.0144304 -0.00774787 0)
(-0.0150276 -0.00793775 0)
(-0.0156279 -0.00812641 0)
(-0.0162332 -0.00831439 0)
(-0.0168452 -0.00850212 0)
(-0.0174655 -0.00868997 0)
(-0.0180957 -0.00887825 0)
(-0.0187374 -0.00906716 0)
(-0.0193922 -0.00925681 0)
(-0.0200616 -0.00944713 0)
(-0.0207473 -0.00963782 0)
(-0.0214509 -0.00982828 0)
(-0.0221743 -0.0100176 0)
(-0.0229191 -0.0102043 0)
(-0.0236869 -0.0103865 0)
(-0.0244788 -0.0105617 0)
(-0.025296 -0.010727 0)
(-0.0261389 -0.0108788 0)
(-0.0270073 -0.0110131 0)
(-0.0279003 -0.0111254 0)
(-0.0288159 -0.0112111 0)
(-0.0297513 -0.0112655 0)
(-0.0307026 -0.0112843 0)
(-0.0316648 -0.0112632 0)
(-0.0326321 -0.0111991 0)
(-0.0335975 -0.0110894 0)
(-0.0345538 -0.0109329 0)
(-0.0354933 -0.0107299 0)
(-0.0364082 -0.0104818 0)
(-0.0372911 -0.0101918 0)
(-0.0381355 -0.00986438 0)
(-0.0389358 -0.00950516 0)
(-0.0396878 -0.00912075 0)
(-0.0403888 -0.00871828 0)
(-0.0410378 -0.00830505 0)
(-0.0416352 -0.00788811 0)
(-0.0421831 -0.00747389 0)
(-0.0426845 -0.00706784 0)
(-0.0431433 -0.00667425 0)
(-0.043564 -0.00629612 0)
(-0.0439512 -0.0059352 0)
(-0.0443089 -0.00559205 0)
(-0.044641 -0.00526629 0)
(-0.0449505 -0.00495681 0)
(-0.0452398 -0.00466207 0)
(-0.0455101 -0.00438043 0)
(-0.0457623 -0.00411045 0)
(0.000259175 0.00634425 0)
(0.000698209 0.00388941 0)
(0.000581291 -0.000254961 0)
(0.000213457 -0.00194978 0)
(-0.000238296 -0.00234371 0)
(-0.000717513 -0.00240389 0)
(-0.00121532 -0.0024229 0)
(-0.00173097 -0.00246381 0)
(-0.00226471 -0.00254181 0)
(-0.00281706 -0.00266357 0)
(-0.00338856 -0.00283097 0)
(-0.00397927 -0.00303986 0)
(-0.0045883 -0.00328108 0)
(-0.0052136 -0.00354403 0)
(-0.00585214 -0.00381958 0)
(-0.00650006 -0.00410082 0)
(-0.00715306 -0.0043824 0)
(-0.00780687 -0.00466012 0)
(-0.00845775 -0.00493089 0)
(-0.00910288 -0.00519277 0)
(-0.00974037 -0.00544477 0)
(-0.0103693 -0.00568665 0)
(-0.0109896 -0.00591872 0)
(-0.0116019 -0.00614165 0)
(-0.0122072 -0.00635631 0)
(-0.0128071 -0.00656368 0)
(-0.0134032 -0.00676473 0)
(-0.0139974 -0.00696041 0)
(-0.0145916 -0.00715157 0)
(-0.0151877 -0.00733901 0)
(-0.0157874 -0.00752342 0)
(-0.0163925 -0.00770542 0)
(-0.0170047 -0.00788553 0)
(-0.0176254 -0.0080642 0)
(-0.0182563 -0.00824178 0)
(-0.0188986 -0.00841851 0)
(-0.0195539 -0.00859448 0)
(-0.0202236 -0.00876962 0)
(-0.020909 -0.00894362 0)
(-0.0216115 -0.00911589 0)
(-0.0223325 -0.0092855 0)
(-0.0230732 -0.00945117 0)
(-0.0238348 -0.00961117 0)
(-0.0246179 -0.00976333 0)
(-0.0254232 -0.00990505 0)
(-0.0262507 -0.0100333 0)
(-0.0270998 -0.0101447 0)
(-0.0279693 -0.0102356 0)
(-0.0288574 -0.0103023 0)
(-0.0297611 -0.0103409 0)
(-0.030677 -0.010348 0)
(-0.0316005 -0.0103203 0)
(-0.0325266 -0.0102553 0)
(-0.0334493 -0.0101512 0)
(-0.0343626 -0.0100073 0)
(-0.0352598 -0.00982377 0)
(-0.0361347 -0.00960213 0)
(-0.036981 -0.00934495 0)
(-0.0377933 -0.00905594 0)
(-0.038567 -0.00873969 0)
(-0.0392985 -0.00840153 0)
(-0.0399854 -0.00804721 0)
(-0.0406267 -0.00768262 0)
(-0.0412225 -0.00731345 0)
(-0.0417741 -0.00694496 0)
(-0.0422837 -0.00658168 0)
(-0.0427541 -0.00622726 0)
(-0.0431887 -0.0058844 0)
(-0.0435909 -0.00555485 0)
(-0.0439641 -0.00523945 0)
(-0.0443112 -0.00493828 0)
(-0.0446348 -0.00465088 0)
(-0.044937 -0.00437637 0)
(-0.045219 -0.00411379 0)
(-0.0454818 -0.00386224 0)
(0.000261333 0.00587616 0)
(0.000692373 0.00372967 0)
(0.000567025 -1.24172e-05 0)
(0.000193817 -0.00153371 0)
(-0.000266649 -0.00187154 0)
(-0.000760138 -0.00190571 0)
(-0.00127831 -0.00190401 0)
(-0.00181966 -0.00192524 0)
(-0.00238264 -0.00198421 0)
(-0.00296527 -0.00208759 0)
(-0.00356554 -0.00223739 0)
(-0.00418136 -0.00242987 0)
(-0.00481032 -0.00265661 0)
(-0.00544963 -0.00290771 0)
(-0.0060962 -0.00317468 0)
(-0.00674675 -0.00345097 0)
(-0.00739793 -0.00373133 0)
(-0.0080466 -0.00401125 0)
(-0.00869016 -0.00428701 0)
(-0.00932668 -0.00455584 0)
(-0.00995507 -0.00481589 0)
(-0.0105749 -0.00506613 0)
(-0.0111866 -0.00530619 0)
(-0.011791 -0.00553619 0)
(-0.0123892 -0.0057566 0)
(-0.0129828 -0.00596813 0)
(-0.0135736 -0.00617159 0)
(-0.0141633 -0.00636784 0)
(-0.0147538 -0.00655774 0)
(-0.0153469 -0.00674212 0)
(-0.0159443 -0.00692175 0)
(-0.0165475 -0.00709733 0)
(-0.0171583 -0.00726948 0)
(-0.0177779 -0.00743873 0)
(-0.0184079 -0.00760548 0)
(-0.0190495 -0.00777004 0)
(-0.0197039 -0.00793253 0)
(-0.0203724 -0.00809291 0)
(-0.0210562 -0.0082509 0)
(-0.0217563 -0.00840596 0)
(-0.0224737 -0.00855728 0)
(-0.0232093 -0.00870368 0)
(-0.0239639 -0.00884366 0)
(-0.0247378 -0.00897533 0)
(-0.0255313 -0.00909648 0)
(-0.0263439 -0.00920454 0)
(-0.0271749 -0.0092967 0)
(-0.0280231 -0.00936995 0)
(-0.0288863 -0.00942124 0)
(-0.0297619 -0.00944753 0)
(-0.0306467 -0.009446 0)
(-0.0315367 -0.00941418 0)
(-0.0324273 -0.00935013 0)
(-0.0333136 -0.00925255 0)
(-0.0341902 -0.00912092 0)
(-0.0350516 -0.00895561 0)
(-0.0358924 -0.00875791 0)
(-0.0367076 -0.00853 0)
(-0.0374925 -0.00827494 0)
(-0.0382432 -0.00799649 0)
(-0.0389567 -0.00769897 0)
(-0.0396308 -0.00738702 0)
(-0.0402644 -0.00706543 0)
(-0.0408575 -0.00673883 0)
(-0.0414108 -0.00641153 0)
(-0.0419258 -0.0060873 0)
(-0.0424046 -0.00576928 0)
(-0.0428497 -0.00545987 0)
(-0.0432637 -0.00516075 0)
(-0.0436494 -0.00487289 0)
(-0.044009 -0.00459671 0)
(-0.0443447 -0.00433213 0)
(-0.0446582 -0.00407879 0)
(-0.044951 -0.00383617 0)
(-0.0452239 -0.00360381 0)
(0.000264118 0.00540786 0)
(0.000693431 0.00357506 0)
(0.000566314 0.000233672 0)
(0.00019239 -0.00111364 0)
(-0.000272477 -0.00139043 0)
(-0.000776418 -0.00139204 0)
(-0.00131223 -0.00136297 0)
(-0.00187832 -0.00135899 0)
(-0.00247161 -0.00139565 0)
(-0.00308747 -0.00148012 0)
(-0.00372076 -0.00161442 0)
(-0.00436659 -0.00179468 0)
(-0.0050206 -0.0020124 0)
(-0.00567893 -0.00225765 0)
(-0.00633824 -0.00252188 0)
(-0.0069956 -0.00279845 0)
(-0.00764846 -0.00308186 0)
(-0.0082947 -0.0033672 0)
(-0.00893273 -0.00365017 0)
(-0.00956163 -0.00392729 0)
(-0.0101811 -0.00419602 0)
(-0.0107915 -0.00445471 0)
(-0.0113936 -0.00470245 0)
(-0.0119887 -0.00493896 0)
(-0.0125782 -0.0051644 0)
(-0.0131639 -0.00537929 0)
(-0.0137475 -0.00558432 0)
(-0.0143309 -0.00578033 0)
(-0.0149158 -0.0059682 0)
(-0.0155042 -0.00614883 0)
(-0.0160975 -0.00632307 0)
(-0.0166973 -0.00649171 0)
(-0.0173052 -0.00665548 0)
(-0.0179224 -0.00681498 0)
(-0.0185501 -0.00697073 0)
(-0.0191897 -0.00712308 0)
(-0.0198421 -0.00727224 0)
(-0.0205083 -0.00741822 0)
(-0.0211893 -0.00756081 0)
(-0.021886 -0.00769957 0)
(-0.022599 -0.0078338 0)
(-0.0233289 -0.00796249 0)
(-0.0240761 -0.00808434 0)
(-0.0248407 -0.00819777 0)
(-0.0256226 -0.00830088 0)
(-0.0264213 -0.00839154 0)
(-0.0272356 -0.00846741 0)
(-0.0280643 -0.00852604 0)
(-0.0289054 -0.00856494 0)
(-0.0297562 -0.00858167 0)
(-0.0306139 -0.008574 0)
(-0.0314748 -0.00854001 0)
(-0.0323349 -0.00847821 0)
(-0.0331899 -0.00838764 0)
(-0.0340352 -0.008268 0)
(-0.0348662 -0.00811969 0)
(-0.0356781 -0.00794383 0)
(-0.0364668 -0.00774227 0)
(-0.0372282 -0.00751752 0)
(-0.0379591 -0.00727267 0)
(-0.0386567 -0.00701123 0)
(-0.0393191 -0.00673697 0)
(-0.0399454 -0.00645379 0)
(-0.0405351 -0.00616548 0)
(-0.0410886 -0.00587559 0)
(-0.0416071 -0.00558726 0)
(-0.0420919 -0.00530319 0)
(-0.042545 -0.00502548 0)
(-0.0429683 -0.00475573 0)
(-0.043364 -0.00449495 0)
(-0.0437339 -0.00424374 0)
(-0.0440799 -0.0040023 0)
(-0.0444036 -0.00377059 0)
(-0.0447061 -0.00354841 0)
(-0.0449885 -0.00333558 0)
(0.000266713 0.00493624 0)
(0.000696965 0.00341969 0)
(0.000568695 0.000478769 0)
(0.000191858 -0.000692212 0)
(-0.000278608 -0.000903165 0)
(-0.000792236 -0.000865671 0)
(-0.00134369 -0.000801826 0)
(-0.00193245 -0.000765555 0)
(-0.002555 -0.000774746 0)
(-0.00320449 -0.00083813 0)
(-0.00387261 -0.000957947 0)
(-0.00455125 -0.00112967 0)
(-0.00523359 -0.00134378 0)
(-0.00591427 -0.00158942 0)
(-0.00658938 -0.00185724 0)
(-0.00725613 -0.0021399 0)
(-0.00791262 -0.00243137 0)
(-0.00855764 -0.00272616 0)
(-0.00919065 -0.00301933 0)
(-0.00981174 -0.00330682 0)
(-0.0104216 -0.00358551 0)
(-0.0110212 -0.00385325 0)
(-0.0116121 -0.00410878 0)
(-0.012196 -0.00435151 0)
(-0.0127748 -0.00458143 0)
(-0.0133504 -0.00479895 0)
(-0.0139248 -0.00500475 0)
(-0.0144998 -0.00519968 0)
(-0.0150773 -0.00538471 0)
(-0.0156591 -0.0055608 0)
(-0.0162467 -0.00572894 0)
(-0.0168415 -0.00589001 0)
(-0.017445 -0.00604487 0)
(-0.0180584 -0.00619424 0)
(-0.0186828 -0.00633871 0)
(-0.0193192 -0.00647875 0)
(-0.0199685 -0.00661465 0)
(-0.0206315 -0.0067465 0)
(-0.021309 -0.00687422 0)
(-0.0220015 -0.00699745 0)
(-0.0227095 -0.00711564 0)
(-0.0234333 -0.00722795 0)
(-0.024173 -0.00733331 0)
(-0.0249286 -0.00743038 0)
(-0.0256995 -0.00751758 0)
(-0.0264851 -0.00759315 0)
(-0.0272843 -0.00765518 0)
(-0.0280955 -0.00770165 0)
(-0.0289169 -0.00773055 0)
(-0.029746 -0.00773994 0)
(-0.03058 -0.00772805 0)
(-0.0314158 -0.00769337 0)
(-0.0322497 -0.00763478 0)
(-0.033078 -0.00755157 0)
(-0.0338967 -0.00744357 0)
(-0.0347017 -0.00731119 0)
(-0.0354891 -0.00715541 0)
(-0.0362551 -0.00697777 0)
(-0.0369964 -0.00678035 0)
(-0.0377101 -0.00656567 0)
(-0.0383939 -0.00633661 0)
(-0.0390459 -0.00609623 0)
(-0.0396651 -0.00584771 0)
(-0.0402511 -0.00559416 0)
(-0.040804 -0.00533851 0)
(-0.0413245 -0.00508339 0)
(-0.0418136 -0.0048311 0)
(-0.0422727 -0.00458349 0)
(-0.0427033 -0.004342 0)
(-0.043107 -0.00410768 0)
(-0.0434856 -0.00388119 0)
(-0.0438404 -0.0036629 0)
(-0.0441728 -0.00345297 0)
(-0.044484 -0.00325143 0)
(-0.0447751 -0.00305827 0)
(0.000267419 0.00446287 0)
(0.000689891 0.00326624 0)
(0.000546198 0.000729008 0)
(0.000150878 -0.000262949 0)
(-0.000336636 -0.000406458 0)
(-0.000865653 -0.000326482 0)
(-0.00143323 -0.000222211 0)
(-0.0020415 -0.000147452 0)
(-0.00268851 -0.000123633 0)
(-0.00336684 -0.000162615 0)
(-0.0040661 -0.000267681 0)
(-0.00477532 -0.000433502 0)
(-0.00548502 -0.000648855 0)
(-0.0061879 -0.000900964 0)
(-0.00687893 -0.00117895 0)
(-0.00755501 -0.00147401 0)
(-0.00821464 -0.00177916 0)
(-0.00885736 -0.00208807 0)
(-0.00948364 -0.00239511 0)
(-0.0100946 -0.0026956 0)
(-0.0106921 -0.00298597 0)
(-0.0112779 -0.00326373 0)
(-0.0118543 -0.00352737 0)
(-0.0124237 -0.00377616 0)
(-0.0129884 -0.00401006 0)
(-0.0135507 -0.00422947 0)
(-0.0141127 -0.00443515 0)
(-0.0146764 -0.00462805 0)
(-0.0152438 -0.00480925 0)
(-0.0158164 -0.00497988 0)
(-0.016396 -0.00514104 0)
(-0.0169838 -0.00529378 0)
(-0.0175811 -0.00543907 0)
(-0.018189 -0.00557775 0)
(-0.0188085 -0.00571057 0)
(-0.0194404 -0.00583807 0)
(-0.0200854 -0.00596067 0)
(-0.0207442 -0.00607858 0)
(-0.0214173 -0.0061918 0)
(-0.0221049 -0.00630013 0)
(-0.0228075 -0.00640314 0)
(-0.0235249 -0.0065002 0)
(-0.0242572 -0.00659041 0)
(-0.0250039 -0.00667268 0)
(-0.0257645 -0.00674574 0)
(-0.0265381 -0.00680813 0)
(-0.0273235 -0.0068583 0)
(-0.0281191 -0.00689461 0)
(-0.0289231 -0.00691544 0)
(-0.0297331 -0.00691925 0)
(-0.0305467 -0.00690463 0)
(-0.0313608 -0.00687041 0)
(-0.0321723 -0.00681573 0)
(-0.0329778 -0.00674007 0)
(-0.0337738 -0.00664338 0)
(-0.0345567 -0.00652601 0)
(-0.0353232 -0.00638882 0)
(-0.03607 -0.0062331 0)
(-0.0367941 -0.00606056 0)
(-0.037493 -0.00587327 0)
(-0.0381647 -0.00567356 0)
(-0.0388074 -0.00546395 0)
(-0.0394201 -0.00524701 0)
(-0.0400024 -0.00502531 0)
(-0.0405541 -0.00480126 0)
(-0.0410755 -0.00457706 0)
(-0.0415676 -0.00435466 0)
(-0.0420311 -0.00413567 0)
(-0.0424674 -0.00392139 0)
(-0.0428777 -0.0037128 0)
(-0.0432633 -0.00351061 0)
(-0.0436256 -0.00331527 0)
(-0.0439656 -0.00312708 0)
(-0.0442846 -0.0029462 0)
(-0.0445834 -0.00277275 0)
(0.000263781 0.00399918 0)
(0.000650005 0.00313522 0)
(0.000454011 0.0010082 0)
(7.3453e-06 0.000194959 0)
(-0.000521913 0.000113535 0)
(-0.00108126 0.000231635 0)
(-0.00167095 0.000374778 0)
(-0.00229659 0.000489707 0)
(-0.00295949 0.000549871 0)
(-0.00365516 0.000538507 0)
(-0.00437396 0.000449727 0)
(-0.00510397 0.000288761 0)
(-0.00583368 6.87064e-05 0)
(-0.00655369 -0.000195037 0)
(-0.00725698 -0.000488795 0)
(-0.00793928 -0.000802405 0)
(-0.00859892 -0.00112725 0)
(-0.00923572 -0.00145555 0)
(-0.00985107 -0.00178064 0)
(-0.0104473 -0.00209726 0)
(-0.0110271 -0.00240141 0)
(-0.0115937 -0.00269037 0)
(-0.0121501 -0.00296254 0)
(-0.0126995 -0.00321722 0)
(-0.0132446 -0.00345447 0)
(-0.0137883 -0.00367484 0)
(-0.0143329 -0.00387927 0)
(-0.0148806 -0.00406891 0)
(-0.0154334 -0.00424505 0)
(-0.0159929 -0.00440899 0)
(-0.0165608 -0.00456202 0)
(-0.0171382 -0.00470537 0)
(-0.0177262 -0.00484017 0)
(-0.0183259 -0.00496742 0)
(-0.018938 -0.00508796 0)
(-0.0195632 -0.00520251 0)
(-0.0202021 -0.00531159 0)
(-0.0208549 -0.00541551 0)
(-0.0215221 -0.00551443 0)
(-0.0222038 -0.00560827 0)
(-0.0228999 -0.00569676 0)
(-0.0236103 -0.00577941 0)
(-0.0243347 -0.00585554 0)
(-0.0250726 -0.00592429 0)
(-0.0258232 -0.00598461 0)
(-0.0265854 -0.00603536 0)
(-0.0273581 -0.00607526 0)
(-0.0281396 -0.006103 0)
(-0.028928 -0.00611729 0)
(-0.0297213 -0.0061169 0)
(-0.030517 -0.0061007 0)
(-0.0313123 -0.00606781 0)
(-0.0321045 -0.00601754 0)
(-0.0328904 -0.00594955 0)
(-0.033667 -0.0058638 0)
(-0.0344311 -0.00576064 0)
(-0.0351798 -0.0056408 0)
(-0.0359101 -0.00550534 0)
(-0.0366195 -0.00535567 0)
(-0.0373057 -0.00519347 0)
(-0.0379668 -0.00502065 0)
(-0.0386012 -0.00483925 0)
(-0.039208 -0.00465138 0)
(-0.0397865 -0.00445912 0)
(-0.0403366 -0.00426445 0)
(-0.0408584 -0.00406923 0)
(-0.0413523 -0.00387508 0)
(-0.0418192 -0.00368338 0)
(-0.0422599 -0.0034953 0)
(-0.0426754 -0.00331173 0)
(-0.0430669 -0.00313334 0)
(-0.0434353 -0.00296065 0)
(-0.0437819 -0.00279399 0)
(-0.0441076 -0.00263362 0)
(-0.0444133 -0.00247974 0)
(0.00025335 0.00357051 0)
(0.000554619 0.00307061 0)
(0.000251928 0.00136155 0)
(-0.000289018 0.000717719 0)
(-0.000893528 0.000682951 0)
(-0.0015065 0.000823556 0)
(-0.0021292 0.000992814 0)
(-0.00277072 0.00114001 0)
(-0.00343806 0.00123328 0)
(-0.00413289 0.00124984 0)
(-0.00485069 0.00117923 0)
(-0.00558207 0.00102467 0)
(-0.00631531 0.000799686 0)
(-0.00703901 0.000521772 0)
(-0.00774448 0.00020738 0)
(-0.0084259 -0.000130417 0)
(-0.0090797 -0.000480635 0)
(-0.00970493 -0.000834051 0)
(-0.0103036 -0.00118185 0)
(-0.0108793 -0.00151817 0)
(-0.0114358 -0.0018385 0)
(-0.0119774 -0.00214001 0)
(-0.0125082 -0.00242116 0)
(-0.013032 -0.00268146 0)
(-0.0135524 -0.00292124 0)
(-0.0140724 -0.00314136 0)
(-0.0145949 -0.00334309 0)
(-0.0151221 -0.00352789 0)
(-0.015656 -0.00369732 0)
(-0.0161984 -0.00385295 0)
(-0.0167508 -0.00399633 0)
(-0.0173143 -0.00412887 0)
(-0.0178899 -0.00425189 0)
(-0.0184783 -0.00436657 0)
(-0.0190804 -0.00447391 0)
(-0.0196964 -0.00457475 0)
(-0.0203268 -0.00466976 0)
(-0.0209718 -0.00475938 0)
(-0.0216314 -0.00484389 0)
(-0.0223056 -0.00492336 0)
(-0.0229941 -0.00499764 0)
(-0.0236965 -0.00506643 0)
(-0.0244125 -0.00512923 0)
(-0.0251412 -0.00518536 0)
(-0.0258817 -0.00523401 0)
(-0.026633 -0.00527425 0)
(-0.0273936 -0.0053051 0)
(-0.028162 -0.00532549 0)
(-0.0289364 -0.00533439 0)
(-0.0297146 -0.00533082 0)
(-0.0304944 -0.00531391 0)
(-0.0312732 -0.00528295 0)
(-0.0320485 -0.00523743 0)
(-0.0328175 -0.00517708 0)
(-0.0335773 -0.00510193 0)
(-0.0343253 -0.00501227 0)
(-0.0350586 -0.0049087 0)
(-0.0357748 -0.00479211 0)
(-0.0364715 -0.00466364 0)
(-0.0371466 -0.00452465 0)
(-0.0377984 -0.00437669 0)
(-0.0384254 -0.00422142 0)
(-0.0390268 -0.00406052 0)
(-0.0396017 -0.0038957 0)
(-0.0401499 -0.00372858 0)
(-0.0406715 -0.00356068 0)
(-0.0411666 -0.00339336 0)
(-0.0416358 -0.00322779 0)
(-0.0420799 -0.00306497 0)
(-0.0424995 -0.0029057 0)
(-0.0428957 -0.00275061 0)
(-0.0432694 -0.00260018 0)
(-0.0436214 -0.0024548 0)
(-0.0439529 -0.00231472 0)
(-0.0442646 -0.00218018 0)
(0.000236428 0.00321185 0)
(0.000408936 0.00312974 0)
(-3.84054e-05 0.00184082 0)
(-0.000696709 0.00134584 0)
(-0.00139246 0.00133212 0)
(-0.00206932 0.00146863 0)
(-0.00272645 0.00163911 0)
(-0.00337399 0.00179756 0)
(-0.00402409 0.00190978 0)
(-0.00468677 0.00194772 0)
(-0.00536666 0.00189492 0)
(-0.00606151 0.00174975 0)
(-0.00676315 0.00152308 0)
(-0.00746028 0.0012324 0)
(-0.00814178 0.000895976 0)
(-0.00879925 0.000530768 0)
(-0.00942819 0.000150962 0)
(-0.0100276 -0.000231733 0)
(-0.0105996 -0.000607767 0)
(-0.011148 -0.000966813 0)
(-0.0116773 -0.00130502 0)
(-0.0121927 -0.00161968 0)
(-0.012699 -0.00190953 0)
(-0.0132004 -0.00217451 0)
(-0.0137005 -0.00241543 0)
(-0.0142026 -0.00263363 0)
(-0.0147092 -0.00283082 0)
(-0.0152227 -0.00300885 0)
(-0.0157448 -0.00316967 0)
(-0.0162771 -0.00331515 0)
(-0.0168209 -0.00344711 0)
(-0.017377 -0.0035672 0)
(-0.0179464 -0.00367697 0)
(-0.0185297 -0.00377776 0)
(-0.0191273 -0.00387076 0)
(-0.0197394 -0.00395694 0)
(-0.0203664 -0.00403711 0)
(-0.0210082 -0.00411189 0)
(-0.0216646 -0.00418167 0)
(-0.0223355 -0.00424664 0)
(-0.0230204 -0.00430682 0)
(-0.0237188 -0.00436203 0)
(-0.0244301 -0.00441195 0)
(-0.0251534 -0.00445608 0)
(-0.0258876 -0.0044938 0)
(-0.0266316 -0.00452438 0)
(-0.027384 -0.00454704 0)
(-0.0281432 -0.00456097 0)
(-0.0289073 -0.00456532 0)
(-0.0296744 -0.00455932 0)
(-0.0304423 -0.00454229 0)
(-0.0312086 -0.00451367 0)
(-0.0319711 -0.00447307 0)
(-0.0327271 -0.00442029 0)
(-0.0334741 -0.00435536 0)
(-0.0342096 -0.00427854 0)
(-0.0349311 -0.00419032 0)
(-0.0356363 -0.00409142 0)
(-0.0363232 -0.00398275 0)
(-0.0369897 -0.00386542 0)
(-0.0376344 -0.00374064 0)
(-0.0382558 -0.00360975 0)
(-0.0388531 -0.0034741 0)
(-0.0394254 -0.00333506 0)
(-0.0399725 -0.00319394 0)
(-0.0404941 -0.00305196 0)
(-0.0409906 -0.00291024 0)
(-0.0414621 -0.00276976 0)
(-0.0419093 -0.00263135 0)
(-0.0423327 -0.0024957 0)
(-0.0427333 -0.00236338 0)
(-0.0431118 -0.00223483 0)
(-0.043469 -0.0021104 0)
(-0.0438058 -0.00199038 0)
(-0.0441233 -0.00187498 0)
(0.00022188 0.00294089 0)
(0.00029536 0.00333171 0)
(-0.000235594 0.00245136 0)
(-0.000942983 0.00207397 0)
(-0.00166476 0.00205275 0)
(-0.0023448 0.00215563 0)
(-0.00297809 0.0022957 0)
(-0.00357128 0.00243501 0)
(-0.00413742 0.00254174 0)
(-0.00469266 0.00258602 0)
(-0.00525144 0.00254578 0)
(-0.00582182 0.002412 0)
(-0.00640341 0.00218921 0)
(-0.00698905 0.0018918 0)
(-0.00756876 0.00153856 0)
(-0.0081339 0.00114907 0)
(-0.00867965 0.000741577 0)
(-0.00920579 0.000331925 0)
(-0.00971337 -6.82661e-05 0)
(-0.0102101 -0.000449748 0)
(-0.0107021 -0.000803737 0)
(-0.0111931 -0.00112757 0)
(-0.0116868 -0.0014219 0)
(-0.0121862 -0.00168748 0)
(-0.0126936 -0.00192571 0)
(-0.0132106 -0.0021385 0)
(-0.0137383 -0.00232804 0)
(-0.0142776 -0.00249663 0)
(-0.0148291 -0.00264655 0)
(-0.0153933 -0.00278 0)
(-0.0159704 -0.00289902 0)
(-0.0165608 -0.00300547 0)
(-0.0171647 -0.00310106 0)
(-0.0177822 -0.00318731 0)
(-0.0184134 -0.00326551 0)
(-0.0190583 -0.00333679 0)
(-0.0197168 -0.00340211 0)
(-0.0203888 -0.00346219 0)
(-0.0210739 -0.00351754 0)
(-0.0217717 -0.0035685 0)
(-0.0224818 -0.00361518 0)
(-0.0232036 -0.00365756 0)
(-0.0239363 -0.00369549 0)
(-0.024679 -0.00372859 0)
(-0.0254306 -0.00375642 0)
(-0.02619 -0.00377841 0)
(-0.0269557 -0.003794 0)
(-0.0277261 -0.00380253 0)
(-0.0284997 -0.00380335 0)
(-0.0292744 -0.00379583 0)
(-0.0300484 -0.00377943 0)
(-0.0308194 -0.00375372 0)
(-0.0315853 -0.00371839 0)
(-0.0323438 -0.0036733 0)
(-0.0330925 -0.00361849 0)
(-0.0338293 -0.00355415 0)
(-0.0345519 -0.00348068 0)
(-0.0352583 -0.00339866 0)
(-0.0359465 -0.0033088 0)
(-0.0366148 -0.00321197 0)
(-0.0372619 -0.00310914 0)
(-0.0378864 -0.00300134 0)
(-0.0384874 -0.00288964 0)
(-0.0390643 -0.00277511 0)
(-0.0396167 -0.00265879 0)
(-0.0401443 -0.00254165 0)
(-0.0406473 -0.00242457 0)
(-0.041126 -0.00230835 0)
(-0.0415807 -0.00219366 0)
(-0.042012 -0.00208108 0)
(-0.0424207 -0.00197107 0)
(-0.0428075 -0.00186404 0)
(-0.0431732 -0.00176028 0)
(-0.0435185 -0.00166007 0)
(-0.0438445 -0.00156363 0)
(0.000229834 0.00270137 0)
(0.000416278 0.00356804 0)
(7.99726e-05 0.00305899 0)
(-0.000408358 0.00276922 0)
(-0.000901133 0.00272353 0)
(-0.00134936 0.00277457 0)
(-0.00174322 0.00285976 0)
(-0.00208144 0.00295098 0)
(-0.00237083 0.00302373 0)
(-0.00262594 0.00305176 0)
(-0.00286561 0.00301123 0)
(-0.00310742 0.00288643 0)
(-0.00336284 0.00267338 0)
(-0.00363592 0.00238034 0)
(-0.00392544 0.00202387 0)
(-0.00422881 0.00162569 0)
(-0.00454591 0.00120833 0)
(-0.00487945 0.000791706 0)
(-0.00523411 0.000391244 0)
(-0.005612 1.49047e-05 0)
(-0.00601941 -0.000331508 0)
(-0.00646527 -0.000646033 0)
(-0.0069505 -0.000929644 0)
(-0.00747212 -0.00118184 0)
(-0.00802747 -0.00140483 0)
(-0.00861369 -0.00160158 0)
(-0.00922785 -0.00177495 0)
(-0.00986698 -0.00192758 0)
(-0.0105284 -0.00206189 0)
(-0.0112097 -0.00218015 0)
(-0.0119089 -0.00228443 0)
(-0.012624 -0.00237656 0)
(-0.0133537 -0.00245819 0)
(-0.0140967 -0.00253089 0)
(-0.014852 -0.00259585 0)
(-0.0156188 -0.00265418 0)
(-0.0163963 -0.00270692 0)
(-0.0171838 -0.00275488 0)
(-0.0179807 -0.00279852 0)
(-0.0187863 -0.00283831 0)
(-0.0196 -0.00287442 0)
(-0.0204211 -0.00290689 0)
(-0.0212487 -0.00293586 0)
(-0.0220818 -0.0029609 0)
(-0.0229195 -0.0029818 0)
(-0.0237605 -0.00299809 0)
(-0.0246037 -0.00300943 0)
(-0.0254473 -0.00301533 0)
(-0.0262899 -0.00301521 0)
(-0.0271297 -0.0030086 0)
(-0.0279649 -0.00299507 0)
(-0.0287936 -0.00297431 0)
(-0.0296136 -0.00294606 0)
(-0.0304231 -0.00291022 0)
(-0.0312199 -0.00286681 0)
(-0.032002 -0.002816 0)
(-0.0327676 -0.00275808 0)
(-0.0335147 -0.00269351 0)
(-0.0342417 -0.00262283 0)
(-0.0349471 -0.00254669 0)
(-0.0356297 -0.00246584 0)
(-0.0362883 -0.00238108 0)
(-0.0369223 -0.0022932 0)
(-0.037531 -0.00220302 0)
(-0.0381141 -0.00211133 0)
(-0.0386715 -0.00201887 0)
(-0.0392033 -0.00192633 0)
(-0.0397098 -0.00183432 0)
(-0.0401915 -0.00174336 0)
(-0.0406488 -0.00165389 0)
(-0.0410826 -0.0015663 0)
(-0.0414936 -0.00148091 0)
(-0.0418827 -0.00139796 0)
(-0.0422506 -0.00131769 0)
(-0.0425983 -0.0012403 0)
(0.000282799 0.00229416 0)
(0.000998162 0.00346273 0)
(0.0013933 0.00326688 0)
(0.0016374 0.00304805 0)
(0.00185985 0.00298209 0)
(0.00210664 0.00298853 0)
(0.00238979 0.00301946 0)
(0.00271583 0.00305432 0)
(0.00308555 0.00307779 0)
(0.00349174 0.00307232 0)
(0.00391911 0.00301915 0)
(0.00434617 0.00290192 0)
(0.00474996 0.0027117 0)
(0.00510955 0.00245005 0)
(0.00540804 0.00212902 0)
(0.00563331 0.00176827 0)
(0.00577435 0.00139032 0)
(0.00582176 0.0010161 0)
(0.00577081 0.000662445 0)
(0.00561853 0.000340668 0)
(0.00536636 5.1951e-05 0)
(0.0050238 -0.00020242 0)
(0.00459407 -0.000423204 0)
(0.00408237 -0.000617273 0)
(0.00349554 -0.000789328 0)
(0.00284249 -0.000942643 0)
(0.00213197 -0.00107869 0)
(0.00137234 -0.00119945 0)
(0.00057084 -0.00130661 0)
(-0.000266329 -0.00140172 0)
(-0.00113358 -0.0014863 0)
(-0.00202609 -0.00156153 0)
(-0.00294006 -0.00162855 0)
(-0.0038719 -0.00168872 0)
(-0.0048186 -0.00174268 0)
(-0.00577791 -0.00179112 0)
(-0.00674803 -0.00183513 0)
(-0.00772685 -0.00187558 0)
(-0.00871293 -0.00191248 0)
(-0.00970502 -0.00194636 0)
(-0.0107019 -0.00197731 0)
(-0.0117027 -0.0020052 0)
(-0.0127061 -0.00203097 0)
(-0.0137109 -0.00205351 0)
(-0.014716 -0.00207313 0)
(-0.0157201 -0.0020892 0)
(-0.0167219 -0.00210182 0)
(-0.0177196 -0.00211061 0)
(-0.0187114 -0.0021149 0)
(-0.0196958 -0.00211439 0)
(-0.0206708 -0.00210877 0)
(-0.0216344 -0.00209781 0)
(-0.0225848 -0.00208131 0)
(-0.0235197 -0.00205917 0)
(-0.0244372 -0.0020314 0)
(-0.0253354 -0.00199812 0)
(-0.0262123 -0.00195952 0)
(-0.0270663 -0.00191592 0)
(-0.0278957 -0.00186771 0)
(-0.0286993 -0.00181535 0)
(-0.0294758 -0.00175938 0)
(-0.0302244 -0.00170037 0)
(-0.0309442 -0.00163887 0)
(-0.031635 -0.00157546 0)
(-0.0322964 -0.0015107 0)
(-0.0329285 -0.00144514 0)
(-0.0335315 -0.00137927 0)
(-0.0341058 -0.00131352 0)
(-0.0346519 -0.00124828 0)
(-0.0351704 -0.00118389 0)
(-0.0356622 -0.0011206 0)
(-0.0361281 -0.00105867 0)
(-0.036569 -0.000998297 0)
(-0.0369859 -0.000939655 0)
(-0.03738 -0.000882891 0)
(0.000337236 0.00143684 0)
(0.00180181 0.00244317 0)
(0.00329257 0.00247523 0)
(0.00463542 0.00235501 0)
(0.00591287 0.0022986 0)
(0.00718311 0.00228879 0)
(0.00846518 0.0022932 0)
(0.00976405 0.00229589 0)
(0.011079 0.00228756 0)
(0.0124028 0.00225903 0)
(0.0137206 0.00220034 0)
(0.015009 0.00210223 0)
(0.016238 0.0019596 0)
(0.0173747 0.00177353 0)
(0.0183874 0.00155268 0)
(0.01925 0.00131158 0)
(0.0199437 0.00106705 0)
(0.0204597 0.000834452 0)
(0.0207986 0.000625117 0)
(0.0209691 0.000443927 0)
(0.0209848 0.00029117 0)
(0.020861 0.000163697 0)
(0.0206145 5.71286e-05 0)
(0.0202623 -3.64216e-05 0)
(0.0198193 -0.000121121 0)
(0.0192974 -0.000198128 0)
(0.0187043 -0.000268819 0)
(0.0180478 -0.000333969 0)
(0.0173358 -0.000394099 0)
(0.0165752 -0.000449735 0)
(0.0157719 -0.000501313 0)
(0.0149316 -0.000549216 0)
(0.0140588 -0.000593773 0)
(0.0131575 -0.000635268 0)
(0.0122319 -0.000674089 0)
(0.0112854 -0.00071069 0)
(0.0103196 -0.000745219 0)
(0.00933713 -0.000777868 0)
(0.00834101 -0.000808976 0)
(0.00733249 -0.000838635 0)
(0.00631387 -0.000866801 0)
(0.00528557 -0.000893727 0)
(0.00424914 -0.000919205 0)
(0.0032072 -0.000943213 0)
(0.00216031 -0.000965462 0)
(0.00111019 -0.000985865 0)
(5.81535e-05 -0.0010042 0)
(-0.000993051 -0.00102021 0)
(-0.00204152 -0.00103359 0)
(-0.00308548 -0.00104413 0)
(-0.00412267 -0.0010516 0)
(-0.00515076 -0.00105577 0)
(-0.00616733 -0.00105649 0)
(-0.00716997 -0.00105364 0)
(-0.00815624 -0.00104717 0)
(-0.00912379 -0.00103711 0)
(-0.0100704 -0.00102355 0)
(-0.0109939 -0.00100661 0)
(-0.0118924 -0.000986493 0)
(-0.0127643 -0.000963453 0)
(-0.013608 -0.000937817 0)
(-0.0144223 -0.000909911 0)
(-0.0152063 -0.000879998 0)
(-0.0159593 -0.000848416 0)
(-0.0166809 -0.000815486 0)
(-0.0173709 -0.000781591 0)
(-0.0180294 -0.000747004 0)
(-0.0186564 -0.000712012 0)
(-0.0192526 -0.000676868 0)
(-0.0198182 -0.000641781 0)
(-0.0203542 -0.000606865 0)
(-0.0208612 -0.000572363 0)
(-0.0213402 -0.000538389 0)
(-0.0217919 -0.000505085 0)
(-0.0222175 -0.000472545 0)
(0.000249058 0.000291193 0)
(0.00149087 0.000487873 0)
(0.00300353 0.000499302 0)
(0.0044239 0.000479751 0)
(0.00578555 0.000472274 0)
(0.00713285 0.000473159 0)
(0.00848328 0.000475751 0)
(0.00983809 0.000476916 0)
(0.011192 0.000474481 0)
(0.012535 0.000466263 0)
(0.0138512 0.000450165 0)
(0.0151188 0.000424728 0)
(0.0163119 0.000389981 0)
(0.017404 0.000347807 0)
(0.0183726 0.000301959 0)
(0.0192032 0.000257294 0)
(0.0198919 0.000218682 0)
(0.0204456 0.00018981 0)
(0.0208792 0.000172274 0)
(0.0212122 0.000164954 0)
(0.0214639 0.000164165 0)
(0.0216501 0.000164833 0)
(0.0217814 0.000163083 0)
(0.0218636 0.000160439 0)
(0.0219012 0.000157738 0)
(0.0218972 0.000155516 0)
(0.0218559 0.000152325 0)
(0.0217805 0.000147978 0)
(0.021673 0.000142858 0)
(0.021535 0.000136879 0)
(0.0213682 0.00013002 0)
(0.021174 0.000122386 0)
(0.0209536 0.000113955 0)
(0.0207083 0.000104877 0)
(0.0204391 9.53475e-05 0)
(0.020147 8.5223e-05 0)
(0.0198325 7.43807e-05 0)
(0.0194964 6.32994e-05 0)
(0.0191395 5.19653e-05 0)
(0.0187622 4.02625e-05 0)
(0.0183651 2.83993e-05 0)
(0.0179487 1.58452e-05 0)
(0.0175135 3.54936e-06 0)
(0.0170602 -9.02215e-06 0)
(0.0165896 -2.15129e-05 0)
(0.0161025 -3.40533e-05 0)
(0.0155997 -4.62313e-05 0)
(0.0150827 -5.79885e-05 0)
(0.014553 -6.94526e-05 0)
(0.014012 -8.04434e-05 0)
(0.0134614 -9.08331e-05 0)
(0.0129031 -0.00010051 0)
(0.0123391 -0.000109369 0)
(0.0117716 -0.000117313 0)
(0.0112027 -0.000124264 0)
(0.0106348 -0.000130162 0)
(0.01007 -0.000134967 0)
(0.00951054 -0.000138664 0)
(0.00895863 -0.000141239 0)
(0.00841622 -0.000142705 0)
(0.00788508 -0.000143115 0)
(0.00736698 -0.000142601 0)
(0.0068635 -0.00014115 0)
(0.00637597 -0.000138836 0)
(0.00590543 -0.000135685 0)
(0.00545271 -0.000131873 0)
(0.00501862 -0.000127464 0)
(0.00460369 -0.000122538 0)
(0.00420822 -0.000117168 0)
(0.00383257 -0.000111482 0)
(0.00347682 -0.00010542 0)
(0.0031409 -9.91255e-05 0)
(0.00282477 -9.26109e-05 0)
(0.00252816 -8.5944e-05 0)
(0.00225086 -7.91853e-05 0)
)
;

boundaryField
{
    leftWall
    {
        type            noSlip;
    }
    rightWall
    {
        type            noSlip;
    }
    lowerWall
    {
        type            noSlip;
    }
    atmosphere
    {
        type            noSlip;
    }
    defaultFaces
    {
        type            empty;
    }
    procBoundary0to1
    {
        type            processor;
        value           nonuniform List<vector> 
40
(
(0.376952 -0.00174062 0)
(0.401217 -0.0079116 0)
(0.376477 -0.0118588 0)
(0.311969 -0.0168874 0)
(0.145482 -0.0335818 0)
(0.0201861 -0.0402569 0)
(-0.0703026 -0.0331077 0)
(-0.0874164 -0.0275073 0)
(-0.0716596 -0.0205757 0)
(-0.0593581 -0.0168908 0)
(-0.0549299 -0.0134014 0)
(-0.0535404 -0.0111331 0)
(-0.052707 -0.00941987 0)
(-0.0519498 -0.00820505 0)
(-0.0512547 -0.00732329 0)
(-0.0506276 -0.00668113 0)
(-0.0500546 -0.00620248 0)
(-0.0495234 -0.00583674 0)
(-0.0490261 -0.00554476 0)
(-0.0485582 -0.00530002 0)
(-0.0481176 -0.00508325 0)
(-0.0477027 -0.00488084 0)
(-0.0473129 -0.00468369 0)
(-0.0469478 -0.00448548 0)
(-0.046607 -0.00428207 0)
(-0.0462899 -0.00407097 0)
(-0.0459964 -0.00385086 0)
(-0.0457259 -0.00362097 0)
(-0.0454777 -0.00338119 0)
(-0.0452515 -0.00313193 0)
(-0.0450468 -0.00287359 0)
(-0.0448631 -0.00260681 0)
(-0.0447 -0.00233248 0)
(-0.0445575 -0.00205147 0)
(-0.0444221 -0.00176447 0)
(-0.0441521 -0.00147107 0)
(-0.0429267 -0.00116596 0)
(-0.0377521 -0.000828244 0)
(-0.022618 -0.000440792 0)
(0.00199255 -7.22362e-05 0)
)
;
    }
}


// ************************************************************************* //
