/*--------------------------------*- C++ -*----------------------------------*\
| =========                 |                                                 |
| \\      /  F ield         | OpenFOAM: The Open Source CFD Toolbox           |
|  \\    /   O peration     | Version:  2606                                  |
|   \\  /    A nd           | Website:  www.openfoam.com                      |
|    \\/     M anipulation  |                                                 |
\*---------------------------------------------------------------------------*/
FoamFile
{
    version     2.0;
    format      ascii;
    arch        "LSB;label=32;scalar=64";
    class       volVectorField;
    location    "0.55";
    object      U;
}
// * * * * * * * * * * * * * * * * * * * * * * * * * * * * * * * * * * * * * //

dimensions      [0 1 -1 0 0 0 0];

internalField   nonuniform List<vector> 
3000
(
(1.16808 -0.00526731 0)
(1.17311 -0.00502853 0)
(1.17825 -0.00476901 0)
(1.18351 -0.00453287 0)
(1.18883 -0.00435936 0)
(1.19413 -0.00427939 0)
(1.1993 -0.00431356 0)
(1.20429 -0.00447278 0)
(1.20904 -0.00476093 0)
(1.21354 -0.00517618 0)
(1.21777 -0.00571172 0)
(1.22173 -0.00635532 0)
(1.22548 -0.00708393 0)
(1.2291 -0.00786846 0)
(1.23263 -0.00867772 0)
(1.23596 -0.00946842 0)
(1.23896 -0.0101867 0)
(1.24194 -0.0107862 0)
(1.24742 -0.0113798 0)
(1.2598 -0.0118231 0)
(1.27372 -0.0104854 0)
(1.27604 0.0018544 0)
(1.24647 0.0719075 0)
(1.13288 0.136776 0)
(0.911108 0.112922 0)
(0.690333 0.0458281 0)
(0.571232 0.0229088 0)
(0.489755 0.0235441 0)
(0.4203 0.0242491 0)
(0.361704 0.0223853 0)
(0.3124 0.0196728 0)
(0.270956 0.016957 0)
(0.236142 0.0145024 0)
(0.206806 0.0123791 0)
(0.181969 0.0105823 0)
(0.160824 0.00907722 0)
(0.142718 0.00782056 0)
(0.127121 0.00677039 0)
(0.113609 0.00589003 0)
(0.101838 0.0051488 0)
(0.0915328 0.00452153 0)
(0.082467 0.00398782 0)
(0.0744568 0.00353127 0)
(0.0673508 0.0031387 0)
(0.0610236 0.00279946 0)
(0.0553705 0.00250494 0)
(0.0503037 0.00224814 0)
(0.0457492 0.0020233 0)
(0.041644 0.00182571 0)
(0.0379342 0.00165149 0)
(0.0345737 0.00149742 0)
(0.0315227 0.00136079 0)
(0.0287464 0.00123933 0)
(0.0262146 0.00113114 0)
(0.023901 0.0010346 0)
(0.0217821 0.000948328 0)
(0.0198374 0.000871156 0)
(0.0180486 0.000802091 0)
(0.0163995 0.000740258 0)
(0.0148753 0.000684896 0)
(0.0134631 0.00063536 0)
(0.012151 0.000591109 0)
(0.0109282 0.000551667 0)
(0.009785 0.000516606 0)
(0.00871238 0.000485561 0)
(0.00770213 0.000458228 0)
(0.00674662 0.000434337 0)
(0.00583877 0.000413643 0)
(0.00497194 0.00039594 0)
(0.00413991 0.000381066 0)
(0.00333683 0.000368877 0)
(0.00255709 0.000359199 0)
(0.00179534 0.000351786 0)
(0.00105 0.000345552 0)
(0.000326962 0.000327478 0)
(1.58034 -0.00318593 0)
(1.53931 -0.00407821 0)
(1.50349 -0.00502584 0)
(1.47504 -0.00577141 0)
(1.45421 -0.00617757 0)
(1.44002 -0.00622173 0)
(1.43099 -0.00595142 0)
(1.42585 -0.00543124 0)
(1.42377 -0.00470654 0)
(1.4243 -0.00380638 0)
(1.42715 -0.0027691 0)
(1.43227 -0.00168524 0)
(1.44 -0.00069606 0)
(1.45086 0.000102682 0)
(1.46422 0.000800946 0)
(1.4758 0.00178255 0)
(1.47675 0.00314044 0)
(1.45825 -0.000414918 0)
(1.44778 -0.0177791 0)
(1.49995 -0.040586 0)
(1.57014 -0.0379136 0)
(1.61915 0.0036943 0)
(1.65108 0.0857366 0)
(1.62663 0.246814 0)
(1.41413 0.318884 0)
(1.10155 0.280942 0)
(0.84571 0.202352 0)
(0.668437 0.147562 0)
(0.541547 0.115831 0)
(0.447629 0.0939505 0)
(0.37565 0.0768175 0)
(0.319085 0.0631806 0)
(0.273836 0.052346 0)
(0.23706 0.0437099 0)
(0.206753 0.0367881 0)
(0.181478 0.0312034 0)
(0.160174 0.0266633 0)
(0.142049 0.0229423 0)
(0.126499 0.019868 0)
(0.113062 0.0173076 0)
(0.101372 0.0151589 0)
(0.0911443 0.0133426 0)
(0.0821475 0.0117967 0)
(0.0741963 0.0104726 0)
(0.0671392 0.0093321 0)
(0.0608514 0.00834438 0)
(0.0552292 0.00748482 0)
(0.0501858 0.00673343 0)
(0.045648 0.00607395 0)
(0.041554 0.00549307 0)
(0.0378505 0.00497976 0)
(0.0344923 0.00452484 0)
(0.0314398 0.00412064 0)
(0.0286588 0.00376074 0)
(0.0261197 0.00343967 0)
(0.0237961 0.00315282 0)
(0.021665 0.00289629 0)
(0.0197062 0.0026667 0)
(0.0179012 0.00246115 0)
(0.016234 0.00227713 0)
(0.0146899 0.00211251 0)
(0.0132559 0.00196546 0)
(0.0119201 0.00183437 0)
(0.0106716 0.00171784 0)
(0.0095006 0.00161466 0)
(0.00839805 0.00152381 0)
(0.00735553 0.00144437 0)
(0.00636522 0.00137557 0)
(0.00541984 0.00131674 0)
(0.00451256 0.00126734 0)
(0.00363688 0.00122691 0)
(0.00278644 0.00119498 0)
(0.00195498 0.00117087 0)
(0.00114219 0.00115003 0)
(0.000341927 0.00104783 0)
(1.59244 0.0718503 0)
(1.53884 0.067372 0)
(1.49037 0.0577842 0)
(1.44664 0.0448438 0)
(1.4092 0.0313061 0)
(1.37917 0.019479 0)
(1.35653 0.0101569 0)
(1.33939 0.00296697 0)
(1.32622 -0.00291758 0)
(1.31519 -0.00801123 0)
(1.30491 -0.0126893 0)
(1.29463 -0.0175384 0)
(1.28405 -0.0231582 0)
(1.27346 -0.0284676 0)
(1.26356 -0.0289636 0)
(1.25701 -0.0164678 0)
(1.25855 0.00842074 0)
(1.27399 0.009442 0)
(1.30883 -0.0429443 0)
(1.34708 -0.128673 0)
(1.42148 -0.137715 0)
(1.48243 -0.0665682 0)
(1.51669 0.0614137 0)
(1.49076 0.378403 0)
(1.26483 0.560983 0)
(0.97055 0.551118 0)
(0.762577 0.427187 0)
(0.609534 0.307252 0)
(0.495168 0.228151 0)
(0.410757 0.176526 0)
(0.346466 0.139839 0)
(0.296067 0.11261 0)
(0.255693 0.0919637 0)
(0.222723 0.0760354 0)
(0.195373 0.0635595 0)
(0.172391 0.0536544 0)
(0.15287 0.0456928 0)
(0.136136 0.0392205 0)
(0.121679 0.0339043 0)
(0.109105 0.0294957 0)
(0.0981028 0.0258076 0)
(0.0884254 0.0226974 0)
(0.0798731 0.0200551 0)
(0.0722831 0.0177953 0)
(0.0655213 0.0158509 0)
(0.0594765 0.0141685 0)
(0.0540553 0.0127054 0)
(0.0491792 0.0114273 0)
(0.0447815 0.010306 0)
(0.0408051 0.00931885 0)
(0.0372012 0.0084468 0)
(0.0339275 0.00767418 0)
(0.030947 0.00698788 0)
(0.0282278 0.00637692 0)
(0.0257417 0.00583198 0)
(0.0234641 0.00534523 0)
(0.0213729 0.00490998 0)
(0.0194487 0.00452047 0)
(0.0176742 0.00417178 0)
(0.0160336 0.00385967 0)
(0.0145132 0.00358051 0)
(0.0131001 0.00333115 0)
(0.0117829 0.00310885 0)
(0.0105511 0.00291124 0)
(0.00939525 0.0027363 0)
(0.00830639 0.00258225 0)
(0.00727637 0.00244756 0)
(0.00629754 0.00233092 0)
(0.00536282 0.00223122 0)
(0.0044655 0.00214756 0)
(0.00359917 0.00207913 0)
(0.00275762 0.00202528 0)
(0.00193479 0.00198521 0)
(0.00113156 0.00195191 0)
(0.000338638 0.00177655 0)
(1.41733 0.120593 0)
(1.38145 0.104965 0)
(1.35234 0.0897995 0)
(1.32853 0.074635 0)
(1.30853 0.0595413 0)
(1.29137 0.0454103 0)
(1.27663 0.0335507 0)
(1.26413 0.0248878 0)
(1.25353 0.0195965 0)
(1.24438 0.0172584 0)
(1.23621 0.0169123 0)
(1.2285 0.0171775 0)
(1.22049 0.0164676 0)
(1.2112 0.0136251 0)
(1.20049 0.00797986 0)
(1.19126 -0.000743515 0)
(1.1909 -0.0142989 0)
(1.19894 -0.041253 0)
(1.20092 -0.0915713 0)
(1.17121 -0.15642 0)
(1.14207 -0.146431 0)
(1.16044 -0.0526655 0)
(1.14897 0.130511 0)
(1.02298 0.483914 0)
(0.750118 0.814432 0)
(0.618409 0.760387 0)
(0.542025 0.575246 0)
(0.46855 0.416655 0)
(0.402229 0.311735 0)
(0.3468 0.241012 0)
(0.300931 0.19054 0)
(0.262787 0.15337 0)
(0.230791 0.125362 0)
(0.203709 0.103831 0)
(0.180596 0.0869859 0)
(0.160725 0.0736048 0)
(0.143532 0.0628314 0)
(0.128567 0.0540533 0)
(0.115476 0.0468243 0)
(0.10397 0.0408132 0)
(0.0938126 0.0357711 0)
(0.0848113 0.0315083 0)
(0.0768056 0.0278784 0)
(0.0696617 0.0247672 0)
(0.0632674 0.022085 0)
(0.0575276 0.01976 0)
(0.0523616 0.0177348 0)
(0.0477005 0.015963 0)
(0.0434851 0.0144067 0)
(0.0396645 0.0130349 0)
(0.0361942 0.0118217 0)
(0.0330358 0.0107458 0)
(0.0301555 0.00978924 0)
(0.0275237 0.00893701 0)
(0.0251142 0.00817635 0)
(0.022904 0.00749649 0)
(0.0208725 0.00688819 0)
(0.0190013 0.00634354 0)
(0.0172741 0.00585572 0)
(0.015676 0.0054189 0)
(0.0141937 0.00502805 0)
(0.0128152 0.00467879 0)
(0.0115295 0.00436732 0)
(0.0103265 0.00409039 0)
(0.00919695 0.00384516 0)
(0.00813245 0.00362917 0)
(0.00712502 0.00344027 0)
(0.00616733 0.00327668 0)
(0.00525251 0.00313685 0)
(0.00437403 0.00301951 0)
(0.00352568 0.00292354 0)
(0.00270144 0.00284806 0)
(0.00189552 0.002792 0)
(0.00110909 0.00274533 0)
(0.00033206 0.002497 0)
(1.1913 0.145489 0)
(1.18936 0.12712 0)
(1.19168 0.107928 0)
(1.19733 0.0884862 0)
(1.20478 0.0696368 0)
(1.21263 0.0524739 0)
(1.22013 0.0377969 0)
(1.22706 0.0258002 0)
(1.23352 0.0162213 0)
(1.2396 0.00874021 0)
(1.24501 0.00304578 0)
(1.2487 -0.000983123 0)
(1.2486 -0.00327315 0)
(1.24195 -0.00352964 0)
(1.2261 -0.00111462 0)
(1.19948 0.00421424 0)
(1.16101 0.00939351 0)
(1.10946 0.00463521 0)
(1.03622 -0.023165 0)
(0.920555 -0.0769906 0)
(0.754257 -0.106077 0)
(0.620651 -0.00472496 0)
(0.498753 0.307935 0)
(0.347978 0.707862 0)
(0.225473 0.921833 0)
(0.291423 0.79588 0)
(0.327232 0.606111 0)
(0.324867 0.458623 0)
(0.304473 0.354934 0)
(0.278284 0.28019 0)
(0.251529 0.2249 0)
(0.226201 0.183225 0)
(0.203042 0.151248 0)
(0.182226 0.126302 0)
(0.16367 0.106544 0)
(0.147187 0.0906837 0)
(0.132559 0.0777984 0)
(0.11957 0.0672166 0)
(0.108023 0.0584419 0)
(0.0977387 0.0511015 0)
(0.0885599 0.0449117 0)
(0.0803501 0.0396541 0)
(0.072991 0.0351589 0)
(0.06638 0.0312922 0)
(0.0604284 0.027948 0)
(0.0550591 0.025041 0)
(0.0502054 0.0225025 0)
(0.0458093 0.0202768 0)
(0.0418203 0.0183179 0)
(0.0381939 0.0165881 0)
(0.0348914 0.015056 0)
(0.0318786 0.0136953 0)
(0.0291253 0.0124841 0)
(0.0266047 0.0114038 0)
(0.0242932 0.0104386 0)
(0.0221696 0.00957509 0)
(0.020215 0.00880186 0)
(0.0184124 0.008109 0)
(0.0167466 0.00748804 0)
(0.0152038 0.00693169 0)
(0.0137714 0.0064336 0)
(0.0124381 0.00598828 0)
(0.0111936 0.005591 0)
(0.0100284 0.00523764 0)
(0.00893363 0.00492462 0)
(0.00790127 0.00464882 0)
(0.00692376 0.00440757 0)
(0.00599408 0.0041986 0)
(0.00510566 0.00401996 0)
(0.00425222 0.00387001 0)
(0.00342778 0.00374736 0)
(0.00262661 0.00365091 0)
(0.00184315 0.00357927 0)
(0.00107861 0.00351947 0)
(0.000322957 0.00320044 0)
(0.989973 0.129641 0)
(1.02413 0.106237 0)
(1.05551 0.0828114 0)
(1.08203 0.0614749 0)
(1.10152 0.0434762 0)
(1.11245 0.0293241 0)
(1.11425 0.0189957 0)
(1.10726 0.0121507 0)
(1.0922 0.00834537 0)
(1.06987 0.00723359 0)
(1.04083 0.00873479 0)
(1.00562 0.0132346 0)
(0.964521 0.0210529 0)
(0.918007 0.0318414 0)
(0.866241 0.0444289 0)
(0.809727 0.0572474 0)
(0.747479 0.0678105 0)
(0.676443 0.0741639 0)
(0.586618 0.0747376 0)
(0.457143 0.0722878 0)
(0.284469 0.0954205 0)
(0.0767103 0.219104 0)
(-0.0705817 0.483689 0)
(-0.130976 0.760953 0)
(-0.0420519 0.818952 0)
(0.095527 0.699469 0)
(0.175567 0.564413 0)
(0.21015 0.453033 0)
(0.21864 0.365651 0)
(0.213841 0.297571 0)
(0.202548 0.24446 0)
(0.188429 0.202782 0)
(0.173492 0.169789 0)
(0.158793 0.143409 0)
(0.144852 0.122104 0)
(0.1319 0.104727 0)
(0.120012 0.0904239 0)
(0.109174 0.0785481 0)
(0.0993343 0.0686084 0)
(0.0904193 0.0602272 0)
(0.0823497 0.0531113 0)
(0.0750463 0.0470313 0)
(0.068434 0.041806 0)
(0.062443 0.0372911 0)
(0.0570097 0.0333707 0)
(0.0520769 0.0299509 0)
(0.0475931 0.0269556 0)
(0.0435123 0.0243221 0)
(0.0397935 0.0219987 0)
(0.0364 0.0199426 0)
(0.0332993 0.0181179 0)
(0.0304622 0.0164947 0)
(0.0278625 0.0150475 0)
(0.0254768 0.0137549 0)
(0.0232844 0.0125986 0)
(0.0212663 0.011563 0)
(0.0194056 0.0106347 0)
(0.0176868 0.00980221 0)
(0.0160962 0.00905547 0)
(0.0146211 0.00838593 0)
(0.0132499 0.0077861 0)
(0.0119723 0.00724953 0)
(0.0107785 0.00677058 0)
(0.00965978 0.00634439 0)
(0.00860789 0.00596668 0)
(0.00761519 0.00563376 0)
(0.00667462 0.00534246 0)
(0.00577958 0.00509007 0)
(0.0049238 0.00487426 0)
(0.00410133 0.00469306 0)
(0.00330651 0.00454483 0)
(0.00253391 0.00442826 0)
(0.00177822 0.00434166 0)
(0.00104067 0.00426922 0)
(0.000311549 0.00388186 0)
(0.757285 0.076852 0)
(0.775712 0.0633799 0)
(0.780867 0.0525747 0)
(0.773545 0.0454702 0)
(0.755457 0.0419856 0)
(0.728661 0.0414671 0)
(0.695174 0.0430727 0)
(0.656702 0.0460489 0)
(0.614486 0.0501017 0)
(0.569607 0.0554214 0)
(0.521891 0.0622713 0)
(0.472004 0.0710379 0)
(0.419621 0.0821222 0)
(0.365653 0.0961094 0)
(0.307759 0.112419 0)
(0.247876 0.130742 0)
(0.182481 0.149362 0)
(0.111104 0.16907 0)
(0.0260019 0.190486 0)
(-0.0780392 0.221962 0)
(-0.190967 0.282069 0)
(-0.291066 0.385572 0)
(-0.324482 0.529961 0)
(-0.258359 0.64167 0)
(-0.120685 0.646156 0)
(0.0031076 0.581255 0)
(0.0821563 0.501319 0)
(0.127115 0.424366 0)
(0.149382 0.356719 0)
(0.157504 0.299625 0)
(0.157096 0.252343 0)
(0.151781 0.213489 0)
(0.143835 0.181599 0)
(0.134648 0.155361 0)
(0.125056 0.133677 0)
(0.11555 0.115657 0)
(0.106406 0.100593 0)
(0.0977715 0.0879228 0)
(0.0897123 0.0772016 0)
(0.0822473 0.0680766 0)
(0.0753672 0.0602669 0)
(0.0690464 0.0535478 0)
(0.0632514 0.0477384 0)
(0.0579446 0.0426922 0)
(0.0530878 0.0382901 0)
(0.0486434 0.0344346 0)
(0.0445758 0.0310454 0)
(0.0408517 0.0280561 0)
(0.03744 0.0254113 0)
(0.0343124 0.0230648 0)
(0.0314428 0.0209778 0)
(0.0288076 0.0191175 0)
(0.0263849 0.0174559 0)
(0.0241553 0.0159693 0)
(0.0221008 0.0146377 0)
(0.0202053 0.0134435 0)
(0.0184538 0.0123717 0)
(0.0168328 0.0114095 0)
(0.01533 0.0105456 0)
(0.0139341 0.00977033 0)
(0.0126347 0.00907527 0)
(0.0114224 0.00845308 0)
(0.0102883 0.00789739 0)
(0.00922426 0.00740261 0)
(0.00822282 0.00696388 0)
(0.00727689 0.00657702 0)
(0.00637993 0.00623841 0)
(0.00552577 0.00594493 0)
(0.00470855 0.0056939 0)
(0.0039227 0.00548308 0)
(0.00316293 0.00531059 0)
(0.00242414 0.00517492 0)
(0.0017013 0.0050741 0)
(0.000995657 0.00498963 0)
(0.000297992 0.00453657 0)
(0.29928 0.0741384 0)
(0.290761 0.0757137 0)
(0.274382 0.0772953 0)
(0.251607 0.0792972 0)
(0.22438 0.0817942 0)
(0.193693 0.0847596 0)
(0.16069 0.0885348 0)
(0.125949 0.0932496 0)
(0.08968 0.0987653 0)
(0.0525399 0.105273 0)
(0.0141898 0.113484 0)
(-0.0238434 0.124028 0)
(-0.0630397 0.137231 0)
(-0.101627 0.153264 0)
(-0.140924 0.171183 0)
(-0.178793 0.190746 0)
(-0.217385 0.21119 0)
(-0.255784 0.233013 0)
(-0.296041 0.257167 0)
(-0.336092 0.288405 0)
(-0.366376 0.333186 0)
(-0.371576 0.393785 0)
(-0.329776 0.462745 0)
(-0.2382 0.511927 0)
(-0.130623 0.517556 0)
(-0.0404559 0.487983 0)
(0.0248187 0.441117 0)
(0.0685091 0.388914 0)
(0.095503 0.338242 0)
(0.110379 0.292219 0)
(0.116928 0.251883 0)
(0.117979 0.217212 0)
(0.115535 0.187707 0)
(0.110971 0.162707 0)
(0.105208 0.141541 0)
(0.098853 0.123596 0)
(0.092299 0.108341 0)
(0.0857956 0.0953277 0)
(0.0794957 0.0841827 0)
(0.073489 0.0745987 0)
(0.0678232 0.066323 0)
(0.0625188 0.0591479 0)
(0.0575786 0.0529023 0)
(0.0529944 0.0474451 0)
(0.0487516 0.0426599 0)
(0.0448315 0.0384496 0)
(0.0412138 0.0347335 0)
(0.0378774 0.031444 0)
(0.0348015 0.0285244 0)
(0.0319659 0.0259268 0)
(0.0293513 0.0236104 0)
(0.0269396 0.0215409 0)
(0.0247138 0.0196887 0)
(0.0226581 0.0180286 0)
(0.020758 0.016539 0)
(0.0189999 0.0152012 0)
(0.0173712 0.0139989 0)
(0.0158604 0.0129182 0)
(0.0144567 0.0119469 0)
(0.0131505 0.0110744 0)
(0.0119324 0.0102915 0)
(0.0107941 0.00959008 0)
(0.0097278 0.0089632 0)
(0.00872608 0.00840466 0)
(0.00778213 0.00790913 0)
(0.00688956 0.00747198 0)
(0.0060424 0.00708918 0)
(0.00523497 0.00675728 0)
(0.00446185 0.00647328 0)
(0.00371793 0.00623471 0)
(0.00299831 0.00603948 0)
(0.00229826 0.0058859 0)
(0.00161306 0.00577173 0)
(0.000943998 0.00567589 0)
(0.000282431 0.00516015 0)
(-0.154923 0.0861591 0)
(-0.158391 0.0927868 0)
(-0.166033 0.0979925 0)
(-0.176781 0.102457 0)
(-0.189746 0.106724 0)
(-0.20447 0.111251 0)
(-0.220278 0.116214 0)
(-0.236873 0.121436 0)
(-0.253932 0.126914 0)
(-0.27118 0.133213 0)
(-0.288354 0.141023 0)
(-0.304941 0.150772 0)
(-0.320726 0.162589 0)
(-0.334674 0.176235 0)
(-0.346533 0.191125 0)
(-0.355559 0.206929 0)
(-0.362199 0.223278 0)
(-0.366084 0.240497 0)
(-0.367215 0.259655 0)
(-0.363967 0.283335 0)
(-0.351275 0.315073 0)
(-0.322402 0.35516 0)
(-0.271684 0.397471 0)
(-0.202908 0.428058 0)
(-0.130152 0.434749 0)
(-0.0650506 0.419435 0)
(-0.0125532 0.39004 0)
(0.0266224 0.354 0)
(0.0540055 0.316128 0)
(0.0718796 0.279586 0)
(0.0825054 0.245945 0)
(0.0878488 0.215828 0)
(0.0894756 0.189315 0)
(0.0885704 0.166202 0)
(0.0859998 0.146161 0)
(0.0823839 0.128823 0)
(0.0781587 0.113829 0)
(0.0736259 0.100848 0)
(0.0689913 0.08959 0)
(0.0643924 0.0798026 0)
(0.059919 0.0712708 0)
(0.055627 0.0638122 0)
(0.0515492 0.0572727 0)
(0.0477022 0.0515224 0)
(0.0440919 0.0464516 0)
(0.0407165 0.0419679 0)
(0.0375697 0.037993 0)
(0.034642 0.0344606 0)
(0.0319221 0.0313144 0)
(0.0293978 0.0285064 0)
(0.0270564 0.0259954 0)
(0.0248853 0.0237463 0)
(0.0228721 0.0217289 0)
(0.0210052 0.0199171 0)
(0.0192729 0.0182883 0)
(0.0176647 0.016823 0)
(0.0161704 0.0155043 0)
(0.0147805 0.0143173 0)
(0.0134859 0.0132492 0)
(0.0122784 0.0122887 0)
(0.0111502 0.011426 0)
(0.0100939 0.0106525 0)
(0.00910262 0.00996054 0)
(0.00817001 0.00934361 0)
(0.00728997 0.00879594 0)
(0.0064568 0.00831253 0)
(0.00566511 0.00788902 0)
(0.00490977 0.00752165 0)
(0.00418588 0.0072072 0)
(0.00348881 0.00694296 0)
(0.00281409 0.00672668 0)
(0.00215735 0.0065565 0)
(0.00151427 0.00642993 0)
(0.000886153 0.0063235 0)
(0.000265013 0.00574849 0)
(-0.399832 0.0820399 0)
(-0.392419 0.0914055 0)
(-0.387118 0.0987631 0)
(-0.383551 0.104898 0)
(-0.381385 0.110444 0)
(-0.380254 0.115819 0)
(-0.379761 0.12113 0)
(-0.379658 0.126351 0)
(-0.379809 0.131659 0)
(-0.380118 0.137556 0)
(-0.380304 0.144546 0)
(-0.379964 0.152923 0)
(-0.378529 0.162753 0)
(-0.375513 0.173877 0)
(-0.370636 0.186043 0)
(-0.363834 0.199098 0)
(-0.355285 0.212963 0)
(-0.345133 0.228093 0)
(-0.333119 0.245517 0)
(-0.318356 0.266684 0)
(-0.298353 0.292864 0)
(-0.269785 0.32284 0)
(-0.230568 0.3516 0)
(-0.182247 0.371304 0)
(-0.130294 0.376261 0)
(-0.0809122 0.367071 0)
(-0.0381713 0.347523 0)
(-0.00388574 0.321789 0)
(0.0219994 0.293357 0)
(0.0407447 0.264433 0)
(0.0535062 0.236682 0)
(0.061558 0.210936 0)
(0.0660418 0.18756 0)
(0.0679019 0.166637 0)
(0.0678829 0.148075 0)
(0.0665552 0.131698 0)
(0.0643462 0.117292 0)
(0.0615711 0.104636 0)
(0.0584593 0.0935176 0)
(0.0551755 0.0837433 0)
(0.0518363 0.0751391 0)
(0.0485226 0.0675523 0)
(0.0452897 0.0608499 0)
(0.0421737 0.0549167 0)
(0.039197 0.0496536 0)
(0.0363726 0.0449752 0)
(0.0337061 0.0408082 0)
(0.0311983 0.0370896 0)
(0.0288467 0.0337651 0)
(0.0266463 0.0307878 0)
(0.0245907 0.0281176 0)
(0.0226726 0.0257193 0)
(0.0208841 0.0235629 0)
(0.0192171 0.021622 0)
(0.0176636 0.0198736 0)
(0.0162155 0.018298 0)
(0.0148651 0.0168777 0)
(0.013605 0.0155974 0)
(0.0124279 0.0144438 0)
(0.011327 0.0134052 0)
(0.0102959 0.0124713 0)
(0.00932842 0.0116331 0)
(0.00841873 0.0108828 0)
(0.0075613 0.0102132 0)
(0.00675089 0.00961844 0)
(0.00598251 0.00909313 0)
(0.00525141 0.00863266 0)
(0.00455303 0.00823304 0)
(0.00388306 0.00789085 0)
(0.00323733 0.00760321 0)
(0.00261182 0.00736772 0)
(0.0020026 0.00718236 0)
(0.00140575 0.00704448 0)
(0.000822628 0.0069283 0)
(0.000245896 0.00629778 0)
(-0.452767 0.0682197 0)
(-0.440492 0.0791425 0)
(-0.429116 0.0879793 0)
(-0.418728 0.0953882 0)
(-0.409267 0.101927 0)
(-0.400547 0.10799 0)
(-0.392388 0.113781 0)
(-0.38472 0.119429 0)
(-0.377576 0.125161 0)
(-0.370921 0.13134 0)
(-0.364539 0.138316 0)
(-0.358106 0.146305 0)
(-0.351266 0.155395 0)
(-0.343795 0.165566 0)
(-0.33556 0.176754 0)
(-0.326578 0.188945 0)
(-0.316876 0.202201 0)
(-0.306437 0.216828 0)
(-0.29476 0.233366 0)
(-0.280844 0.252319 0)
(-0.262946 0.273583 0)
(-0.238968 0.295611 0)
(-0.20785 0.315109 0)
(-0.170676 0.327941 0)
(-0.130648 0.331395 0)
(-0.0916085 0.32542 0)
(-0.0564471 0.311886 0)
(-0.0266054 0.292963 0)
(-0.0027102 0.271275 0)
(0.0156248 0.248373 0)
(0.0292835 0.225584 0)
(0.0389078 0.203769 0)
(0.0452957 0.183407 0)
(0.0491633 0.164733 0)
(0.0511131 0.147812 0)
(0.0516355 0.132602 0)
(0.0511193 0.119002 0)
(0.0498666 0.10688 0)
(0.0481086 0.0960959 0)
(0.0460203 0.0865085 0)
(0.043732 0.0779853 0)
(0.0413402 0.070404 0)
(0.0389149 0.0636543 0)
(0.0365066 0.057638 0)
(0.0341505 0.0522683 0)
(0.031871 0.047469 0)
(0.0296838 0.0431734 0)
(0.0275984 0.0393231 0)
(0.0256199 0.0358672 0)
(0.0237498 0.0327614 0)
(0.0219874 0.029967 0)
(0.0203301 0.02745 0)
(0.0187743 0.0251809 0)
(0.0173154 0.0231337 0)
(0.0159486 0.0212859 0)
(0.0146684 0.0196174 0)
(0.0134695 0.0181107 0)
(0.0123463 0.0167504 0)
(0.0112934 0.0155231 0)
(0.0103057 0.0144167 0)
(0.00937791 0.0134207 0)
(0.00850511 0.0125259 0)
(0.00768252 0.011724 0)
(0.00690553 0.011008 0)
(0.00616974 0.0103714 0)
(0.00547089 0.00980882 0)
(0.0048049 0.00931538 0)
(0.00416785 0.00888693 0)
(0.00355596 0.00851991 0)
(0.0029656 0.00821129 0)
(0.00239321 0.00795854 0)
(0.00183532 0.00775955 0)
(0.00128844 0.00761148 0)
(0.000753961 0.00748646 0)
(0.000225245 0.00680454 0)
(-0.422006 0.054434 0)
(-0.410466 0.0658967 0)
(-0.399301 0.0755412 0)
(-0.388746 0.083836 0)
(-0.378881 0.0912113 0)
(-0.369674 0.0980147 0)
(-0.361075 0.104491 0)
(-0.353088 0.110837 0)
(-0.345743 0.117278 0)
(-0.338985 0.124071 0)
(-0.332648 0.131454 0)
(-0.326502 0.139593 0)
(-0.320318 0.148584 0)
(-0.313899 0.158455 0)
(-0.307075 0.169199 0)
(-0.29971 0.180821 0)
(-0.291627 0.193378 0)
(-0.282542 0.207006 0)
(-0.271861 0.221854 0)
(-0.258654 0.237923 0)
(-0.241787 0.254723 0)
(-0.22021 0.270959 0)
(-0.193686 0.284565 0)
(-0.163268 0.293291 0)
(-0.130994 0.295641 0)
(-0.0991525 0.291448 0)
(-0.0697407 0.281638 0)
(-0.0438818 0.267519 0)
(-0.0221443 0.250611 0)
(-0.00462268 0.232352 0)
(0.00912594 0.213634 0)
(0.0195331 0.195231 0)
(0.0271104 0.177615 0)
(0.0323786 0.161107 0)
(0.0358002 0.145854 0)
(0.0377775 0.131904 0)
(0.0386463 0.119234 0)
(0.0386801 0.107786 0)
(0.0380977 0.0974745 0)
(0.0370716 0.0882066 0)
(0.0357361 0.0798864 0)
(0.0341944 0.0724211 0)
(0.0325254 0.0657226 0)
(0.0307885 0.0597103 0)
(0.0290284 0.0543107 0)
(0.0272777 0.0494575 0)
(0.0255599 0.0450917 0)
(0.0238918 0.0411608 0)
(0.0222847 0.0376182 0)
(0.0207456 0.0344228 0)
(0.0192788 0.0315381 0)
(0.017886 0.0289321 0)
(0.0165674 0.0265763 0)
(0.0153217 0.0244458 0)
(0.0141468 0.0225184 0)
(0.01304 0.0207745 0)
(0.0119979 0.019197 0)
(0.0110171 0.0177704 0)
(0.0100938 0.0164812 0)
(0.00922438 0.0153176 0)
(0.00840488 0.0142688 0)
(0.00763155 0.0133255 0)
(0.00690065 0.0124794 0)
(0.00620853 0.0117232 0)
(0.0055516 0.0110503 0)
(0.00492636 0.0104553 0)
(0.00432941 0.00993302 0)
(0.00375746 0.00947933 0)
(0.00320732 0.00909052 0)
(0.00267588 0.00876345 0)
(0.00216006 0.0084955 0)
(0.00165687 0.00828449 0)
(0.0011633 0.00812744 0)
(0.000680713 0.00799452 0)
(0.000203227 0.00726563 0)
(-0.38678 0.0440695 0)
(-0.377742 0.0556322 0)
(-0.368853 0.0656905 0)
(-0.360336 0.0745683 0)
(-0.35231 0.0825849 0)
(-0.344808 0.0900253 0)
(-0.337824 0.0971215 0)
(-0.331346 0.104073 0)
(-0.325348 0.111073 0)
(-0.319745 0.118314 0)
(-0.314399 0.125966 0)
(-0.309128 0.13416 0)
(-0.303739 0.142982 0)
(-0.298031 0.152466 0)
(-0.291802 0.162622 0)
(-0.28484 0.173447 0)
(-0.276902 0.184953 0)
(-0.26766 0.197162 0)
(-0.256635 0.210034 0)
(-0.243217 0.223365 0)
(-0.2268 0.236615 0)
(-0.206975 0.248813 0)
(-0.183845 0.258632 0)
(-0.158221 0.264756 0)
(-0.131389 0.266324 0)
(-0.104784 0.263185 0)
(-0.0797744 0.25576 0)
(-0.0571903 0.244954 0)
(-0.0375608 0.231658 0)
(-0.021115 0.216912 0)
(-0.00766038 0.201448 0)
(0.00301529 0.185936 0)
(0.01126 0.170758 0)
(0.0174652 0.156253 0)
(0.0219534 0.142612 0)
(0.0250459 0.129932 0)
(0.0270229 0.118251 0)
(0.0281211 0.107557 0)
(0.028539 0.0978094 0)
(0.0284389 0.0889554 0)
(0.027951 0.0809311 0)
(0.0271793 0.0736692 0)
(0.026206 0.0671029 0)
(0.0250956 0.0611683 0)
(0.0238982 0.055805 0)
(0.0226522 0.0509572 0)
(0.021387 0.046574 0)
(0.0201247 0.0426092 0)
(0.0188815 0.0390212 0)
(0.0176693 0.0357726 0)
(0.0164962 0.03283 0)
(0.0153679 0.0301633 0)
(0.0142876 0.027746 0)
(0.0132571 0.0255543 0)
(0.012277 0.0235669 0)
(0.0113467 0.0217651 0)
(0.010465 0.0201319 0)
(0.00963028 0.0186526 0)
(0.00884042 0.0173137 0)
(0.00809305 0.0161035 0)
(0.00738563 0.0150113 0)
(0.00671551 0.0140279 0)
(0.00607999 0.0131448 0)
(0.00547631 0.0123548 0)
(0.00490172 0.0116514 0)
(0.00435347 0.0110288 0)
(0.00382887 0.010482 0)
(0.00332525 0.0100068 0)
(0.00283999 0.00959934 0)
(0.0023705 0.00925643 0)
(0.00191424 0.00897541 0)
(0.0014687 0.00875405 0)
(0.00103132 0.00858926 0)
(0.000603462 0.00844942 0)
(0.000180015 0.00767826 0)
(-0.366621 0.0364594 0)
(-0.359587 0.0479307 0)
(-0.35252 0.0581513 0)
(-0.345604 0.0673525 0)
(-0.338954 0.0757718 0)
(-0.332621 0.0836336 0)
(-0.326608 0.0911362 0)
(-0.320896 0.0984554 0)
(-0.315437 0.105755 0)
(-0.310148 0.113187 0)
(-0.304912 0.120885 0)
(-0.299583 0.12895 0)
(-0.293995 0.137451 0)
(-0.287977 0.146422 0)
(-0.281348 0.155873 0)
(-0.273909 0.165794 0)
(-0.265442 0.176161 0)
(-0.25568 0.18692 0)
(-0.244285 0.197946 0)
(-0.230897 0.208973 0)
(-0.215215 0.219518 0)
(-0.197092 0.228872 0)
(-0.176719 0.236173 0)
(-0.154689 0.2406 0)
(-0.131841 0.241643 0)
(-0.109149 0.239166 0)
(-0.0875467 0.233401 0)
(-0.0676592 0.224931 0)
(-0.0499505 0.21431 0)
(-0.0346594 0.202294 0)
(-0.0217176 0.189447 0)
(-0.0110565 0.176314 0)
(-0.00249821 0.16324 0)
(0.00428711 0.150554 0)
(0.00951799 0.138423 0)
(0.0134441 0.126973 0)
(0.01629 0.116287 0)
(0.018252 0.106383 0)
(0.019506 0.0972521 0)
(0.0201999 0.0888746 0)
(0.0204543 0.0812126 0)
(0.0203691 0.0742205 0)
(0.0200263 0.0678504 0)
(0.0194917 0.0620537 0)
(0.0188179 0.0567826 0)
(0.0180469 0.0519912 0)
(0.0172119 0.0476368 0)
(0.0163389 0.0436799 0)
(0.0154478 0.040084 0)
(0.014554 0.0368158 0)
(0.0136691 0.0338451 0)
(0.0128017 0.0311446 0)
(0.011958 0.0286896 0)
(0.0111422 0.0264579 0)
(0.0103573 0.0244296 0)
(0.00960469 0.0225866 0)
(0.00888514 0.0209129 0)
(0.00819861 0.0193942 0)
(0.00754448 0.0180174 0)
(0.00692174 0.0167711 0)
(0.00632905 0.0156449 0)
(0.00576487 0.0146296 0)
(0.00522746 0.013717 0)
(0.00471498 0.0128998 0)
(0.00422546 0.0121715 0)
(0.00375692 0.0115264 0)
(0.00330734 0.0109595 0)
(0.00287467 0.0104665 0)
(0.00245686 0.0100435 0)
(0.00205187 0.00968746 0)
(0.00165768 0.00939554 0)
(0.00127227 0.00916555 0)
(0.000893536 0.00899427 0)
(0.000522804 0.00884851 0)
(0.000155791 0.00804005 0)
(-0.354055 0.0303724 0)
(-0.348343 0.0415973 0)
(-0.342424 0.051777 0)
(-0.336457 0.0610794 0)
(-0.33055 0.0696813 0)
(-0.32476 0.0777569 0)
(-0.319103 0.0854672 0)
(-0.313568 0.0929598 0)
(-0.308117 0.100372 0)
(-0.302685 0.107828 0)
(-0.297178 0.115436 0)
(-0.291481 0.123275 0)
(-0.285465 0.131399 0)
(-0.278986 0.139834 0)
(-0.271897 0.148584 0)
(-0.26403 0.15763 0)
(-0.255204 0.16692 0)
(-0.245215 0.176368 0)
(-0.233827 0.185815 0)
(-0.220829 0.194992 0)
(-0.206073 0.20351 0)
(-0.189534 0.21085 0)
(-0.171415 0.216432 0)
(-0.152154 0.219728 0)
(-0.132328 0.220423 0)
(-0.112628 0.2184 0)
(-0.0937024 0.213824 0)
(-0.0760411 0.207037 0)
(-0.0600187 0.198448 0)
(-0.0458437 0.188563 0)
(-0.0335382 0.17785 0)
(-0.0231152 0.166673 0)
(-0.0144409 0.155405 0)
(-0.00730692 0.144303 0)
(-0.00159414 0.133545 0)
(0.00293441 0.123254 0)
(0.00645021 0.113545 0)
(0.00909911 0.104439 0)
(0.0110399 0.0959437 0)
(0.0124056 0.0880791 0)
(0.0133012 0.0808242 0)
(0.01382 0.0741494 0)
(0.0140411 0.0680239 0)
(0.0140289 0.0624128 0)
(0.0138363 0.0572795 0)
(0.0135067 0.0525873 0)
(0.0130757 0.0483015 0)
(0.0125717 0.0443889 0)
(0.0120172 0.0408184 0)
(0.0114301 0.0375609 0)
(0.0108247 0.0345896 0)
(0.010212 0.03188 0)
(0.00960051 0.0294096 0)
(0.00899668 0.027158 0)
(0.00840528 0.0251065 0)
(0.00782971 0.0232385 0)
(0.00727231 0.0215387 0)
(0.00673454 0.0199935 0)
(0.00621714 0.0185904 0)
(0.00572035 0.0173184 0)
(0.00524396 0.0161674 0)
(0.00478745 0.0151285 0)
(0.00435002 0.0141937 0)
(0.00393066 0.0133557 0)
(0.00352821 0.0126082 0)
(0.00314142 0.0119457 0)
(0.00276889 0.011363 0)
(0.00240921 0.010856 0)
(0.00206088 0.0104208 0)
(0.00172243 0.0100542 0)
(0.00139234 0.00975363 0)
(0.00106906 0.00951672 0)
(0.000750974 0.00934023 0)
(0.000439349 0.0091896 0)
(0.000130741 0.00834902 0)
(-0.342743 0.0253631 0)
(-0.338018 0.0362062 0)
(-0.332951 0.0461814 0)
(-0.327683 0.055407 0)
(-0.322317 0.0640139 0)
(-0.316914 0.0721358 0)
(-0.3115 0.079901 0)
(-0.306077 0.08743 0)
(-0.30062 0.0948345 0)
(-0.29508 0.102215 0)
(-0.289386 0.109657 0)
(-0.283449 0.117222 0)
(-0.277163 0.124953 0)
(-0.270413 0.132866 0)
(-0.263077 0.140958 0)
(-0.255016 0.149197 0)
(-0.246084 0.157518 0)
(-0.236128 0.165822 0)
(-0.224992 0.173948 0)
(-0.212554 0.181656 0)
(-0.198752 0.188637 0)
(-0.183623 0.194512 0)
(-0.167358 0.198883 0)
(-0.150284 0.201408 0)
(-0.132818 0.201871 0)
(-0.115463 0.200191 0)
(-0.0986802 0.196481 0)
(-0.082855 0.190952 0)
(-0.0682847 0.183916 0)
(-0.0551501 0.175714 0)
(-0.0435235 0.166713 0)
(-0.0334418 0.157184 0)
(-0.0248218 0.14747 0)
(-0.0175372 0.137742 0)
(-0.0115035 0.128208 0)
(-0.00653563 0.118998 0)
(-0.0025103 0.110195 0)
(0.000662354 0.101851 0)
(0.00315458 0.0940052 0)
(0.00508623 0.0866742 0)
(0.00652859 0.079856 0)
(0.00757159 0.0735288 0)
(0.00829159 0.0676827 0)
(0.00874841 0.0622936 0)
(0.00899302 0.0573347 0)
(0.00906915 0.0527764 0)
(0.00901355 0.0485922 0)
(0.00885566 0.0447552 0)
(0.00861955 0.0412391 0)
(0.00832497 0.0380191 0)
(0.00798796 0.035072 0)
(0.00762136 0.0323759 0)
(0.00723555 0.0299105 0)
(0.0068388 0.0276574 0)
(0.00643751 0.0255997 0)
(0.00603663 0.0237219 0)
(0.00563991 0.0220098 0)
(0.0052501 0.0204505 0)
(0.00486919 0.0190322 0)
(0.00449855 0.0177445 0)
(0.004139 0.0165777 0)
(0.00379096 0.0155233 0)
(0.0034545 0.0145733 0)
(0.00312943 0.013721 0)
(0.00281535 0.01296 0)
(0.00251165 0.0122849 0)
(0.0022176 0.0116909 0)
(0.00193236 0.0111736 0)
(0.00165503 0.0107293 0)
(0.00138464 0.010355 0)
(0.00112019 0.0100479 0)
(0.000860586 0.0098058 0)
(0.000604689 0.00962537 0)
(0.000353716 0.00947092 0)
(0.000105054 0.00860359 0)
(-0.331552 0.0212971 0)
(-0.327635 0.0316643 0)
(-0.323291 0.0413173 0)
(-0.318642 0.0503359 0)
(-0.31378 0.0588148 0)
(-0.308765 0.0668549 0)
(-0.303631 0.074556 0)
(-0.298384 0.082014 0)
(-0.293013 0.0893178 0)
(-0.287482 0.0965466 0)
(-0.281735 0.103766 0)
(-0.275703 0.111024 0)
(-0.269301 0.118351 0)
(-0.262438 0.125756 0)
(-0.255012 0.133226 0)
(-0.246915 0.140722 0)
(-0.238035 0.148178 0)
(-0.228263 0.155491 0)
(-0.217499 0.162513 0)
(-0.20568 0.169046 0)
(-0.192794 0.174845 0)
(-0.178905 0.179633 0)
(-0.164179 0.183132 0)
(-0.148869 0.185114 0)
(-0.13329 0.185426 0)
(-0.117808 0.184018 0)
(-0.102769 0.180961 0)
(-0.0884681 0.176402 0)
(-0.0751449 0.170567 0)
(-0.0629587 0.163704 0)
(-0.0520016 0.156085 0)
(-0.0423103 0.147939 0)
(-0.0338443 0.139534 0)
(-0.0265397 0.131026 0)
(-0.020316 0.122589 0)
(-0.0150616 0.114356 0)
(-0.0106849 0.106387 0)
(-0.00708137 0.0987715 0)
(-0.00412968 0.0915594 0)
(-0.00173836 0.0847608 0)
(0.000159423 0.0783816 0)
(0.00164929 0.0724256 0)
(0.00280759 0.0668839 0)
(0.003682 0.0617435 0)
(0.00431977 0.0569889 0)
(0.00476453 0.052591 0)
(0.00505456 0.0485354 0)
(0.00521853 0.0448 0)
(0.00528095 0.0413634 0)
(0.00526273 0.0382042 0)
(0.0051812 0.035303 0)
(0.00505021 0.0326408 0)
(0.00488171 0.0301988 0)
(0.00468558 0.0279612 0)
(0.00446946 0.0259128 0)
(0.0042395 0.0240394 0)
(0.00400063 0.0223278 0)
(0.00375678 0.0207661 0)
(0.00351101 0.0193433 0)
(0.00326568 0.0180495 0)
(0.00302256 0.0168756 0)
(0.00278291 0.0158133 0)
(0.00254762 0.0148552 0)
(0.00231726 0.0139947 0)
(0.00209212 0.0132258 0)
(0.00187223 0.0125431 0)
(0.00165747 0.0119419 0)
(0.00144759 0.011418 0)
(0.00124223 0.0109679 0)
(0.00104094 0.0105885 0)
(0.000843176 0.010277 0)
(0.000648331 0.0100315 0)
(0.000455731 0.00984837 0)
(0.000266522 0.00969116 0)
(7.89162e-05 0.00880257 0)
(-0.320852 0.0180076 0)
(-0.317601 0.0278445 0)
(-0.313871 0.0370968 0)
(-0.309764 0.0458159 0)
(-0.305362 0.0540685 0)
(-0.300723 0.0619287 0)
(-0.295878 0.0694724 0)
(-0.290842 0.0767731 0)
(-0.285607 0.0839 0)
(-0.28015 0.0909141 0)
(-0.274429 0.097865 0)
(-0.26839 0.104789 0)
(-0.261968 0.111704 0)
(-0.25509 0.118614 0)
(-0.247678 0.125498 0)
(-0.239648 0.132318 0)
(-0.23092 0.139005 0)
(-0.221419 0.145466 0)
(-0.211087 0.151571 0)
(-0.199897 0.157159 0)
(-0.187864 0.16204 0)
(-0.175062 0.16601 0)
(-0.161631 0.168869 0)
(-0.147771 0.170462 0)
(-0.133727 0.17068 0)
(-0.119771 0.169491 0)
(-0.106164 0.166945 0)
(-0.0931408 0.163147 0)
(-0.080894 0.15826 0)
(-0.0695618 0.152471 0)
(-0.0592348 0.145983 0)
(-0.0499517 0.138994 0)
(-0.0417021 0.131698 0)
(-0.0344569 0.124248 0)
(-0.0281556 0.116787 0)
(-0.0227242 0.109425 0)
(-0.0180849 0.102245 0)
(-0.0141575 0.0953275 0)
(-0.0108504 0.0887124 0)
(-0.00808727 0.0824271 0)
(-0.00580347 0.0764866 0)
(-0.00392381 0.0709097 0)
(-0.00238902 0.0656865 0)
(-0.00114558 0.060812 0)
(-0.000158816 0.0562742 0)
(0.00061588 0.0520616 0)
(0.00122258 0.0481573 0)
(0.00168367 0.0445453 0)
(0.00202363 0.0412099 0)
(0.00226432 0.0381308 0)
(0.00242429 0.0352947 0)
(0.00251686 0.032685 0)
(0.00255571 0.0302823 0)
(0.00255254 0.0280755 0)
(0.0025154 0.0260507 0)
(0.00245138 0.0241947 0)
(0.00236642 0.0224957 0)
(0.00226544 0.0209426 0)
(0.00215244 0.0195253 0)
(0.00203066 0.0182345 0)
(0.00190266 0.0170617 0)
(0.00177051 0.015999 0)
(0.00163585 0.0150395 0)
(0.00149992 0.0141769 0)
(0.00136365 0.0134053 0)
(0.00122768 0.0127197 0)
(0.00109246 0.0121155 0)
(0.000958309 0.0115887 0)
(0.000825389 0.0111358 0)
(0.000693724 0.0107538 0)
(0.000563234 0.0104402 0)
(0.000433778 0.0101928 0)
(0.000305141 0.0100083 0)
(0.000178368 0.00984942 0)
(5.25031e-05 0.00894516 0)
(-0.31083 0.0153317 0)
(-0.30812 0.0246104 0)
(-0.304898 0.0334118 0)
(-0.301253 0.041767 0)
(-0.297256 0.0497211 0)
(-0.292958 0.0573269 0)
(-0.28839 0.0646403 0)
(-0.283569 0.0717164 0)
(-0.278493 0.0786071 0)
(-0.273147 0.0853582 0)
(-0.267502 0.0920061 0)
(-0.261516 0.0985761 0)
(-0.255141 0.105079 0)
(-0.248321 0.111512 0)
(-0.240998 0.117851 0)
(-0.233109 0.124057 0)
(-0.224601 0.130068 0)
(-0.215425 0.1358 0)
(-0.20555 0.141144 0)
(-0.194973 0.145969 0)
(-0.183723 0.150129 0)
(-0.171873 0.153471 0)
(-0.159544 0.155853 0)
(-0.146896 0.157162 0)
(-0.134119 0.157325 0)
(-0.121423 0.15632 0)
(-0.10901 0.154183 0)
(-0.0970675 0.150991 0)
(-0.0857509 0.146865 0)
(-0.0751795 0.141948 0)
(-0.0654345 0.136397 0)
(-0.0565597 0.130373 0)
(-0.0485628 0.124024 0)
(-0.0414295 0.117488 0)
(-0.0351229 0.110886 0)
(-0.0295913 0.104315 0)
(-0.0247735 0.0978592 0)
(-0.0206079 0.0915825 0)
(-0.0170252 0.0855373 0)
(-0.013961 0.079749 0)
(-0.0113558 0.0742472 0)
(-0.00914917 0.0690438 0)
(-0.00728898 0.0641429 0)
(-0.00572956 0.0595432 0)
(-0.00443024 0.055236 0)
(-0.00335213 0.0512236 0)
(-0.0024617 0.0474876 0)
(-0.00172894 0.0440165 0)
(-0.00113366 0.0407975 0)
(-0.000652749 0.0378167 0)
(-0.000264844 0.0350608 0)
(3.75786e-05 0.032516 0)
(0.000271992 0.0301691 0)
(0.000453705 0.0280076 0)
(0.000588392 0.0260193 0)
(0.000684318 0.0241929 0)
(0.000748326 0.0225175 0)
(0.000786223 0.0209832 0)
(0.000802735 0.0195807 0)
(0.000801881 0.0183014 0)
(0.000786958 0.0171374 0)
(0.00076068 0.0160814 0)
(0.00072539 0.0151269 0)
(0.000682957 0.0142678 0)
(0.000634884 0.0134987 0)
(0.000582365 0.0128148 0)
(0.000526401 0.0122116 0)
(0.000467825 0.0116853 0)
(0.000407334 0.0112326 0)
(0.00034535 0.0108507 0)
(0.000282246 0.010537 0)
(0.000218378 0.0102895 0)
(0.000153945 0.0101048 0)
(8.9823e-05 0.00994526 0)
(2.59641e-05 0.0090309 0)
(-0.301484 0.0131441 0)
(-0.299208 0.0218537 0)
(-0.296406 0.0301742 0)
(-0.293151 0.0381224 0)
(-0.289506 0.0457268 0)
(-0.285513 0.0530235 0)
(-0.281205 0.060052 0)
(-0.276597 0.0668524 0)
(-0.271693 0.0734625 0)
(-0.266484 0.0799153 0)
(-0.260951 0.0862364 0)
(-0.255064 0.0924423 0)
(-0.248787 0.0985375 0)
(-0.242081 0.104513 0)
(-0.234902 0.110347 0)
(-0.227208 0.116001 0)
(-0.218963 0.121417 0)
(-0.21014 0.126525 0)
(-0.200726 0.131232 0)
(-0.190733 0.135436 0)
(-0.180195 0.139021 0)
(-0.169184 0.141875 0)
(-0.157801 0.143894 0)
(-0.146176 0.144996 0)
(-0.134461 0.145129 0)
(-0.12282 0.14428 0)
(-0.111414 0.142475 0)
(-0.100391 0.139775 0)
(-0.089881 0.136268 0)
(-0.0799841 0.132069 0)
(-0.0707737 0.127297 0)
(-0.0622946 0.122082 0)
(-0.0545637 0.116546 0)
(-0.0475776 0.110803 0)
(-0.0413145 0.104957 0)
(-0.0357399 0.0990958 0)
(-0.0308096 0.0932945 0)
(-0.0264736 0.0876128 0)
(-0.0226795 0.0821009 0)
(-0.0193744 0.0767908 0)
(-0.0165065 0.0717109 0)
(-0.0140266 0.0668768 0)
(-0.0118888 0.0622982 0)
(-0.0100521 0.0579779 0)
(-0.0084782 0.0539168 0)
(-0.00713254 0.0501111 0)
(-0.00598464 0.046554 0)
(-0.00500663 0.0432362 0)
(-0.00417639 0.0401467 0)
(-0.00347261 0.0372779 0)
(-0.00287671 0.0346157 0)
(-0.00237507 0.0321489 0)
(-0.00195287 0.0298707 0)
(-0.00159753 0.0277665 0)
(-0.00129957 0.0258262 0)
(-0.00105065 0.0240399 0)
(-0.000843509 0.0223982 0)
(-0.000671514 0.0208919 0)
(-0.000529546 0.0195128 0)
(-0.000412784 0.0182529 0)
(-0.000317357 0.017105 0)
(-0.000240088 0.0160624 0)
(-0.00017788 0.0151188 0)
(-0.000128347 0.0142687 0)
(-8.94394e-05 0.013507 0)
(-5.9503e-05 0.012829 0)
(-3.70228e-05 0.0122306 0)
(-2.07002e-05 0.0117082 0)
(-9.20083e-06 0.0112587 0)
(-1.90064e-06 0.0108792 0)
(2.01079e-06 0.0105674 0)
(3.54906e-06 0.0103213 0)
(3.17136e-06 0.0101377 0)
(1.40013e-06 0.00997853 0)
(-6.16066e-07 0.00905984 0)
(-0.292783 0.0113454 0)
(-0.290857 0.0194863 0)
(-0.2884 0.0273106 0)
(-0.285475 0.0348248 0)
(-0.282134 0.0420447 0)
(-0.278416 0.0489936 0)
(-0.274348 0.0556981 0)
(-0.269949 0.0621858 0)
(-0.265224 0.0684831 0)
(-0.260171 0.0746128 0)
(-0.254777 0.0805918 0)
(-0.249022 0.0864291 0)
(-0.242882 0.0921244 0)
(-0.236329 0.0976664 0)
(-0.229333 0.103032 0)
(-0.221869 0.108186 0)
(-0.213913 0.113079 0)
(-0.205454 0.117649 0)
(-0.196492 0.121821 0)
(-0.187045 0.125512 0)
(-0.177154 0.128636 0)
(-0.166883 0.131104 0)
(-0.156317 0.132842 0)
(-0.145565 0.133789 0)
(-0.134751 0.133909 0)
(-0.124004 0.133194 0)
(-0.113453 0.131664 0)
(-0.103221 0.129367 0)
(-0.0934121 0.126373 0)
(-0.0841138 0.122768 0)
(-0.0753909 0.118649 0)
(-0.0672866 0.11412 0)
(-0.0598227 0.109281 0)
(-0.0530036 0.104228 0)
(-0.0468183 0.0990482 0)
(-0.0412442 0.0938203 0)
(-0.0362494 0.0886114 0)
(-0.0317963 0.0834771 0)
(-0.0278435 0.078463 0)
(-0.0243483 0.0736047 0)
(-0.0212679 0.068929 0)
(-0.0185607 0.0644548 0)
(-0.0161871 0.0601948 0)
(-0.0141105 0.0561558 0)
(-0.0122969 0.0523415 0)
(-0.0107151 0.0487508 0)
(-0.00933673 0.0453808 0)
(-0.00813654 0.0422256 0)
(-0.00709234 0.0392778 0)
(-0.00618412 0.0365306 0)
(-0.0053943 0.033974 0)
(-0.00470782 0.0315995 0)
(-0.00411079 0.0293986 0)
(-0.00359111 0.0273615 0)
(-0.00313846 0.0254791 0)
(-0.00274399 0.0237424 0)
(-0.00239991 0.0221432 0)
(-0.00209934 0.0206735 0)
(-0.00183647 0.0193256 0)
(-0.00160609 0.0180925 0)
(-0.00140376 0.0169673 0)
(-0.00122567 0.0159441 0)
(-0.00106838 0.0150172 0)
(-0.000928982 0.0141812 0)
(-0.000804942 0.0134314 0)
(-0.000694059 0.0127635 0)
(-0.000594364 0.0121736 0)
(-0.000504114 0.0116583 0)
(-0.000421742 0.0112147 0)
(-0.000345968 0.0108399 0)
(-0.000275566 0.0105319 0)
(-0.000209333 0.0102888 0)
(-0.000146272 0.0101074 0)
(-8.62171e-05 0.00995023 0)
(-2.69131e-05 0.0090316 0)
(-0.284705 0.00985484 0)
(-0.283059 0.0174351 0)
(-0.280886 0.0247587 0)
(-0.27824 0.0318237 0)
(-0.275163 0.0386373 0)
(-0.271689 0.0452124 0)
(-0.267845 0.0515657 0)
(-0.263647 0.0577152 0)
(-0.259104 0.063678 0)
(-0.254217 0.0694684 0)
(-0.24898 0.0750964 0)
(-0.24338 0.0805655 0)
(-0.237403 0.0858717 0)
(-0.23103 0.0910022 0)
(-0.224244 0.0959346 0)
(-0.217028 0.100637 0)
(-0.209374 0.105065 0)
(-0.201277 0.109169 0)
(-0.192748 0.112886 0)
(-0.183811 0.116152 0)
(-0.174504 0.118897 0)
(-0.164886 0.121056 0)
(-0.155033 0.122572 0)
(-0.145034 0.123402 0)
(-0.13499 0.123519 0)
(-0.125007 0.12292 0)
(-0.11519 0.121621 0)
(-0.10564 0.11966 0)
(-0.0964447 0.117092 0)
(-0.0876777 0.113985 0)
(-0.079397 0.110418 0)
(-0.0716431 0.106474 0)
(-0.0644401 0.102235 0)
(-0.0577975 0.0977831 0)
(-0.0517118 0.093192 0)
(-0.046169 0.0885299 0)
(-0.0411469 0.0838566 0)
(-0.0366175 0.079223 0)
(-0.0325488 0.0746717 0)
(-0.0289062 0.0702371 0)
(-0.0256549 0.0659462 0)
(-0.0227599 0.0618191 0)
(-0.0201874 0.0578705 0)
(-0.0179052 0.0541096 0)
(-0.0158832 0.0505421 0)
(-0.0140935 0.0471701 0)
(-0.0125102 0.0439928 0)
(-0.01111 0.0410073 0)
(-0.00987189 0.0382089 0)
(-0.00877697 0.0355923 0)
(-0.00780829 0.0331504 0)
(-0.00695087 0.0308764 0)
(-0.00619126 0.0287628 0)
(-0.00551748 0.0268019 0)
(-0.00491908 0.024986 0)
(-0.00438686 0.0233074 0)
(-0.0039127 0.0217588 0)
(-0.00348945 0.0203332 0)
(-0.00311083 0.0190236 0)
(-0.00277128 0.0178238 0)
(-0.0024659 0.0167277 0)
(-0.0021904 0.0157297 0)
(-0.00194097 0.0148245 0)
(-0.00171426 0.0140074 0)
(-0.00150729 0.0132739 0)
(-0.00131741 0.0126199 0)
(-0.00114224 0.012042 0)
(-0.000979642 0.0115369 0)
(-0.000827699 0.0111017 0)
(-0.00068468 0.0107339 0)
(-0.000548971 0.0104316 0)
(-0.000419047 0.0101928 0)
(-0.000293518 0.0100148 0)
(-0.000172447 0.0098606 0)
(-5.27128e-05 0.00894744 0)
(-0.277226 0.00860744 0)
(-0.275804 0.0156408 0)
(-0.273865 0.0224662 0)
(-0.271454 0.0290761 0)
(-0.268605 0.0354711 0)
(-0.26535 0.0416566 0)
(-0.261711 0.0476415 0)
(-0.257705 0.0534361 0)
(-0.253342 0.0590504 0)
(-0.248627 0.0644921 0)
(-0.243557 0.0697658 0)
(-0.238127 0.0748706 0)
(-0.23233 0.0798002 0)
(-0.226154 0.0845407 0)
(-0.219591 0.0890712 0)
(-0.212634 0.0933626 0)
(-0.205281 0.0973781 0)
(-0.197538 0.101074 0)
(-0.18942 0.104401 0)
(-0.180951 0.107307 0)
(-0.172173 0.109738 0)
(-0.163136 0.111644 0)
(-0.153906 0.112983 0)
(-0.144559 0.113722 0)
(-0.13518 0.113843 0)
(-0.125856 0.113344 0)
(-0.116674 0.112241 0)
(-0.107716 0.110562 0)
(-0.0990582 0.108352 0)
(-0.0907632 0.105667 0)
(-0.0828823 0.102569 0)
(-0.0754531 0.0991268 0)
(-0.0685004 0.0954084 0)
(-0.0620365 0.0914817 0)
(-0.0560633 0.0874105 0)
(-0.0505733 0.083254 0)
(-0.0455516 0.0790647 0)
(-0.0409776 0.0748887 0)
(-0.0368268 0.0707653 0)
(-0.0330721 0.0667271 0)
(-0.0296847 0.0628004 0)
(-0.0266357 0.0590058 0)
(-0.0238964 0.0553587 0)
(-0.0214389 0.0518702 0)
(-0.0192367 0.0485474 0)
(-0.0172648 0.0453946 0)
(-0.0155 0.0424129 0)
(-0.0139209 0.0396017 0)
(-0.0125079 0.0369582 0)
(-0.0112432 0.0344789 0)
(-0.0101107 0.0321589 0)
(-0.00909589 0.0299926 0)
(-0.00818567 0.0279742 0)
(-0.00736833 0.0260973 0)
(-0.00663339 0.0243555 0)
(-0.00597154 0.0227423 0)
(-0.0053745 0.0212514 0)
(-0.00483487 0.0198765 0)
(-0.00434607 0.0186118 0)
(-0.00390221 0.0174514 0)
(-0.00349808 0.0163899 0)
(-0.00312901 0.0154223 0)
(-0.00279082 0.0145438 0)
(-0.00247978 0.0137499 0)
(-0.00219252 0.0130367 0)
(-0.00192602 0.0124003 0)
(-0.00167752 0.0118376 0)
(-0.00144452 0.0113454 0)
(-0.00122474 0.0109211 0)
(-0.00101609 0.0105625 0)
(-0.000816579 0.0102675 0)
(-0.000624364 0.0100345 0)
(-0.000437699 0.00986079 0)
(-0.000256809 0.00971054 0)
(-7.78909e-05 0.00880848 0)
(-0.270322 0.00755134 0)
(-0.269078 0.0140548 0)
(-0.267332 0.0203896 0)
(-0.265119 0.026545 0)
(-0.262468 0.0325166 0)
(-0.259407 0.0383044 0)
(-0.255956 0.0439111 0)
(-0.252132 0.0493414 0)
(-0.247945 0.0545996 0)
(-0.243401 0.0596885 0)
(-0.238503 0.0646083 0)
(-0.233251 0.0693555 0)
(-0.227641 0.0739215 0)
(-0.22167 0.0782927 0)
(-0.215336 0.0824494 0)
(-0.208639 0.0863657 0)
(-0.201583 0.0900104 0)
(-0.194179 0.093347 0)
(-0.186445 0.0963354 0)
(-0.178408 0.0989334 0)
(-0.170106 0.1011 0)
(-0.161585 0.102796 0)
(-0.152904 0.103989 0)
(-0.144127 0.104656 0)
(-0.135326 0.104784 0)
(-0.126573 0.104373 0)
(-0.117941 0.103435 0)
(-0.109502 0.101995 0)
(-0.101316 0.10009 0)
(-0.0934411 0.097764 0)
(-0.0859209 0.0950684 0)
(-0.0787906 0.0920591 0)
(-0.0720745 0.0887933 0)
(-0.0657868 0.085328 0)
(-0.0599328 0.0817177 0)
(-0.0545098 0.0780134 0)
(-0.0495084 0.0742617 0)
(-0.044914 0.0705037 0)
(-0.0407083 0.0667753 0)
(-0.0368698 0.0631068 0)
(-0.0333754 0.0595235 0)
(-0.0302012 0.0560456 0)
(-0.0273229 0.0526888 0)
(-0.0247166 0.0494652 0)
(-0.0223591 0.0463831 0)
(-0.0202284 0.043448 0)
(-0.0183036 0.0406627 0)
(-0.0165652 0.0380281 0)
(-0.0149952 0.0355434 0)
(-0.0135769 0.0332062 0)
(-0.0122951 0.0310134 0)
(-0.0111361 0.0289608 0)
(-0.010087 0.0270438 0)
(-0.00913659 0.0252574 0)
(-0.00827445 0.0235962 0)
(-0.0074913 0.0220548 0)
(-0.00677879 0.0206277 0)
(-0.00612937 0.0193097 0)
(-0.00553626 0.0180954 0)
(-0.00499335 0.0169799 0)
(-0.00449515 0.0159581 0)
(-0.00403669 0.0150257 0)
(-0.00361349 0.0141782 0)
(-0.00322148 0.0134117 0)
(-0.00285697 0.0127225 0)
(-0.0025166 0.0121071 0)
(-0.00219727 0.0115625 0)
(-0.00189617 0.0110859 0)
(-0.00161067 0.0106749 0)
(-0.00133833 0.0103273 0)
(-0.00107688 0.0100413 0)
(-0.000824124 0.0098154 0)
(-0.000577995 0.00964695 0)
(-0.000338856 0.00950146 0)
(-0.000102341 0.0086161 0)
(-0.263967 0.00664529 0)
(-0.262865 0.0126374 0)
(-0.261277 0.0184929 0)
(-0.259231 0.0241989 0)
(-0.256753 0.0297478 0)
(-0.253865 0.0351352 0)
(-0.250585 0.04036 0)
(-0.246931 0.0454219 0)
(-0.242912 0.0503213 0)
(-0.238537 0.0550573 0)
(-0.233811 0.0596269 0)
(-0.228738 0.0640245 0)
(-0.223318 0.0682406 0)
(-0.217555 0.0722616 0)
(-0.211449 0.0760693 0)
(-0.205007 0.0796412 0)
(-0.198237 0.0829504 0)
(-0.191154 0.0859667 0)
(-0.183777 0.0886572 0)
(-0.176135 0.0909886 0)
(-0.168262 0.092928 0)
(-0.160202 0.0944458 0)
(-0.152005 0.0955175 0)
(-0.143728 0.0961257 0)
(-0.13543 0.0962616 0)
(-0.127176 0.0959263 0)
(-0.119025 0.0951308 0)
(-0.111039 0.0938958 0)
(-0.103271 0.0922508 0)
(-0.0957693 0.0902328 0)
(-0.0885741 0.087884 0)
(-0.0817174 0.0852507 0)
(-0.0752227 0.0823806 0)
(-0.0691052 0.0793219 0)
(-0.0633724 0.0761213 0)
(-0.0580251 0.0728227 0)
(-0.0530582 0.069467 0)
(-0.0484617 0.0660908 0)
(-0.0442221 0.0627267 0)
(-0.0403228 0.0594025 0)
(-0.0367454 0.056142 0)
(-0.0334702 0.0529647 0)
(-0.0304768 0.0498863 0)
(-0.0277448 0.0469191 0)
(-0.0252543 0.044072 0)
(-0.0229857 0.0413516 0)
(-0.0209204 0.0387619 0)
(-0.0190408 0.0363048 0)
(-0.0173304 0.0339809 0)
(-0.0157738 0.0317891 0)
(-0.0143567 0.0297275 0)
(-0.013066 0.0277932 0)
(-0.0118895 0.0259828 0)
(-0.0108164 0.0242921 0)
(-0.00983636 0.0227169 0)
(-0.00894031 0.0212528 0)
(-0.00811987 0.019895 0)
(-0.00736746 0.018639 0)
(-0.00667616 0.0174803 0)
(-0.00603972 0.0164144 0)
(-0.00545242 0.015437 0)
(-0.00490907 0.014544 0)
(-0.00440492 0.0137316 0)
(-0.00393564 0.0129962 0)
(-0.00349725 0.0123344 0)
(-0.00308609 0.011743 0)
(-0.00269878 0.0112194 0)
(-0.00233219 0.0107609 0)
(-0.00198341 0.0103652 0)
(-0.0016497 0.0100305 0)
(-0.00132847 0.00975502 0)
(-0.00101725 0.00953733 0)
(-0.00071364 0.00937507 0)
(-0.000418157 0.00923508 0)
(-0.000125944 0.00837195 0)
(-0.258136 0.00585658 0)
(-0.257147 0.0113567 0)
(-0.25569 0.0167462 0)
(-0.253785 0.0220113 0)
(-0.251456 0.0271417 0)
(-0.248721 0.0321307 0)
(-0.245597 0.0369736 0)
(-0.2421 0.0416674 0)
(-0.238241 0.046209 0)
(-0.234029 0.0505949 0)
(-0.229472 0.0548201 0)
(-0.224575 0.0588774 0)
(-0.219344 0.0627568 0)
(-0.213784 0.0664452 0)
(-0.207902 0.0699261 0)
(-0.201705 0.0731796 0)
(-0.195208 0.0761829 0)
(-0.188425 0.0789107 0)
(-0.181378 0.0813364 0)
(-0.174095 0.0834331 0)
(-0.16661 0.0851751 0)
(-0.15896 0.0865393 0)
(-0.151192 0.0875071 0)
(-0.143354 0.0880657 0)
(-0.135499 0.0882092 0)
(-0.12768 0.0879393 0)
(-0.119952 0.087266 0)
(-0.112364 0.0862066 0)
(-0.104964 0.0847857 0)
(-0.0977953 0.0830338 0)
(-0.0908924 0.0809862 0)
(-0.0842853 0.0786811 0)
(-0.0779962 0.0761589 0)
(-0.0720406 0.0734602 0)
(-0.0664277 0.0706248 0)
(-0.0611607 0.067691 0)
(-0.0562378 0.0646944 0)
(-0.0516526 0.0616674 0)
(-0.0473954 0.0586392 0)
(-0.0434537 0.0556355 0)
(-0.0398128 0.0526781 0)
(-0.0364568 0.0497856 0)
(-0.0333687 0.0469732 0)
(-0.0305312 0.044253 0)
(-0.027927 0.0416346 0)
(-0.0255391 0.0391248 0)
(-0.023351 0.0367284 0)
(-0.0213468 0.0344484 0)
(-0.0195114 0.0322861 0)
(-0.0178308 0.0302418 0)
(-0.0162915 0.0283143 0)
(-0.0148813 0.0265018 0)
(-0.0135886 0.0248018 0)
(-0.0124028 0.0232112 0)
(-0.0113141 0.0217266 0)
(-0.0103136 0.0203442 0)
(-0.00939281 0.0190604 0)
(-0.00854432 0.017871 0)
(-0.00776114 0.0167723 0)
(-0.00703688 0.0157603 0)
(-0.0063657 0.0148313 0)
(-0.0057422 0.0139817 0)
(-0.00516144 0.013208 0)
(-0.00461887 0.012507 0)
(-0.00411025 0.0118757 0)
(-0.00363169 0.0113112 0)
(-0.00317953 0.010811 0)
(-0.00275038 0.0103728 0)
(-0.00234107 0.00999458 0)
(-0.00194857 0.00967442 0)
(-0.00157005 0.00941083 0)
(-0.00120272 0.00920249 0)
(-0.000843926 0.00904725 0)
(-0.000494302 0.00891346 0)
(-0.000148584 0.00807796 0)
(-0.252804 0.00515895 0)
(-0.251906 0.0101865 0)
(-0.250556 0.0151248 0)
(-0.248771 0.0199592 0)
(-0.24657 0.0246783 0)
(-0.243971 0.0292736 0)
(-0.240989 0.0337383 0)
(-0.237638 0.0380669 0)
(-0.233928 0.0422543 0)
(-0.229872 0.0462952 0)
(-0.225476 0.0501831 0)
(-0.220751 0.0539099 0)
(-0.215702 0.0574655 0)
(-0.210339 0.0608375 0)
(-0.20467 0.0640108 0)
(-0.198708 0.0669682 0)
(-0.192466 0.0696901 0)
(-0.185962 0.0721557 0)
(-0.179219 0.074343 0)
(-0.172263 0.0762305 0)
(-0.165125 0.0777978 0)
(-0.157841 0.0790269 0)
(-0.150453 0.0799039 0)
(-0.143002 0.0804191 0)
(-0.135536 0.0805687 0)
(-0.1281 0.0803551 0)
(-0.120742 0.079787 0)
(-0.113505 0.0788793 0)
(-0.106432 0.0776524 0)
(-0.0995586 0.076132 0)
(-0.0929183 0.0743473 0)
(-0.0865378 0.0723305 0)
(-0.0804381 0.0701155 0)
(-0.0746349 0.0677369 0)
(-0.0691382 0.0652287 0)
(-0.063953 0.0626239 0)
(-0.0590799 0.0599535 0)
(-0.0545156 0.0572464 0)
(-0.0502532 0.0545285 0)
(-0.0462835 0.0518229 0)
(-0.0425952 0.04915 0)
(-0.0391752 0.0465269 0)
(-0.0360096 0.0439682 0)
(-0.0330839 0.0414857 0)
(-0.0303831 0.0390887 0)
(-0.0278924 0.0367846 0)
(-0.0255973 0.0345786 0)
(-0.0234836 0.0324742 0)
(-0.0215375 0.0304736 0)
(-0.0197461 0.0285775 0)
(-0.0180971 0.026786 0)
(-0.0165789 0.0250978 0)
(-0.0151806 0.0235113 0)
(-0.013892 0.0220242 0)
(-0.0127037 0.0206339 0)
(-0.0116068 0.0193372 0)
(-0.0105934 0.0181312 0)
(-0.00965579 0.0170124 0)
(-0.00878712 0.0159775 0)
(-0.00798092 0.0150232 0)
(-0.00723123 0.0141462 0)
(-0.00653253 0.0133434 0)
(-0.00587973 0.0126116 0)
(-0.00526808 0.0119481 0)
(-0.00469316 0.0113501 0)
(-0.00415082 0.010815 0)
(-0.00363722 0.0103407 0)
(-0.00314871 0.00992486 0)
(-0.00268189 0.00956576 0)
(-0.00223349 0.00926171 0)
(-0.00180041 0.0090113 0)
(-0.00137962 0.00881333 0)
(-0.00096819 0.00866587 0)
(-0.000566908 0.00853893 0)
(-0.00017015 0.0077363 0)
(-0.247951 0.00453155 0)
(-0.247124 0.0091056 0)
(-0.245861 0.0136078 0)
(-0.244177 0.0180233 0)
(-0.242089 0.02234 0)
(-0.23961 0.0265484 0)
(-0.236755 0.0306404 0)
(-0.233537 0.034609 0)
(-0.229967 0.0384478 0)
(-0.226056 0.0421501 0)
(-0.221815 0.0457085 0)
(-0.217252 0.0491148 0)
(-0.212377 0.0523588 0)
(-0.207201 0.0554289 0)
(-0.201735 0.0583116 0)
(-0.195992 0.0609919 0)
(-0.189988 0.0634532 0)
(-0.183741 0.0656778 0)
(-0.177275 0.0676481 0)
(-0.170614 0.0693464 0)
(-0.163788 0.0707568 0)
(-0.156831 0.0718652 0)
(-0.149779 0.0726608 0)
(-0.14267 0.0731366 0)
(-0.135546 0.0732905 0)
(-0.128447 0.0731248 0)
(-0.121415 0.0726475 0)
(-0.114487 0.0718713 0)
(-0.107702 0.0708134 0)
(-0.101092 0.0694953 0)
(-0.0946873 0.0679416 0)
(-0.0885116 0.0661794 0)
(-0.0825854 0.0642373 0)
(-0.076924 0.0621446 0)
(-0.0715381 0.0599305 0)
(-0.066434 0.0576235 0)
(-0.0616139 0.0552507 0)
(-0.0570767 0.0528372 0)
(-0.0528183 0.0504062 0)
(-0.048832 0.0479786 0)
(-0.0451089 0.0455727 0)
(-0.0416389 0.0432045 0)
(-0.0384104 0.0408875 0)
(-0.0354112 0.0386331 0)
(-0.0326287 0.0364503 0)
(-0.0300499 0.0343465 0)
(-0.027662 0.0323272 0)
(-0.0254524 0.0303963 0)
(-0.0234086 0.0285564 0)
(-0.0215189 0.0268089 0)
(-0.0197718 0.0251543 0)
(-0.0181564 0.0235921 0)
(-0.0166626 0.0221214 0)
(-0.0152807 0.0207405 0)
(-0.0140015 0.0194473 0)
(-0.0128166 0.0182396 0)
(-0.011718 0.0171146 0)
(-0.0106983 0.0160697 0)
(-0.00975055 0.015102 0)
(-0.00886836 0.0142086 0)
(-0.00804568 0.0133869 0)
(-0.00727692 0.0126339 0)
(-0.00655683 0.011947 0)
(-0.00588053 0.0113237 0)
(-0.00524342 0.0107615 0)
(-0.00464119 0.0102582 0)
(-0.00406977 0.00981167 0)
(-0.00352535 0.00942013 0)
(-0.00300428 0.00908183 0)
(-0.00250309 0.00879529 0)
(-0.00201844 0.00855923 0)
(-0.00154707 0.00837259 0)
(-0.00108583 0.00823361 0)
(-0.000635628 0.00811408 0)
(-0.000190544 0.00734936 0)
(-0.243552 0.00395796 0)
(-0.242782 0.00809689 0)
(-0.241591 0.0121779 0)
(-0.239993 0.0161867 0)
(-0.238002 0.020111 0)
(-0.235629 0.0239406 0)
(-0.232888 0.027667 0)
(-0.229791 0.0312822 0)
(-0.226349 0.0347789 0)
(-0.222575 0.0381499 0)
(-0.218477 0.0413874 0)
(-0.214067 0.0444829 0)
(-0.209356 0.0474267 0)
(-0.204355 0.0502081 0)
(-0.199078 0.0528151 0)
(-0.193538 0.0552345 0)
(-0.187754 0.0574522 0)
(-0.181743 0.0594536 0)
(-0.175527 0.0612239 0)
(-0.169132 0.0627492 0)
(-0.162586 0.0640164 0)
(-0.155919 0.0650148 0)
(-0.149165 0.0657361 0)
(-0.142358 0.0661751 0)
(-0.135534 0.0663308 0)
(-0.128731 0.0662057 0)
(-0.121985 0.0658068 0)
(-0.115331 0.065145 0)
(-0.1088 0.064235 0)
(-0.102424 0.0630949 0)
(-0.0962291 0.0617454 0)
(-0.0902379 0.0602093 0)
(-0.0844696 0.0585108 0)
(-0.0789391 0.0566748 0)
(-0.0736573 0.0547265 0)
(-0.0686315 0.0526902 0)
(-0.0638654 0.0505895 0)
(-0.0593595 0.0484464 0)
(-0.0551116 0.0462815 0)
(-0.0511171 0.0441133 0)
(-0.0473696 0.0419584 0)
(-0.0438608 0.0398313 0)
(-0.0405816 0.0377447 0)
(-0.0375216 0.035709 0)
(-0.0346702 0.0337332 0)
(-0.0320161 0.0318242 0)
(-0.0295482 0.0299876 0)
(-0.027255 0.0282275 0)
(-0.0251254 0.0265468 0)
(-0.0231487 0.0249474 0)
(-0.0213144 0.0234301 0)
(-0.0196122 0.021995 0)
(-0.0180327 0.0206417 0)
(-0.0165665 0.019369 0)
(-0.0152049 0.0181754 0)
(-0.0139399 0.017059 0)
(-0.0127636 0.0160179 0)
(-0.0116687 0.0150497 0)
(-0.0106484 0.014152 0)
(-0.00969621 0.0133225 0)
(-0.00880616 0.0125587 0)
(-0.00797256 0.0118583 0)
(-0.00719009 0.0112188 0)
(-0.00645373 0.010638 0)
(-0.00575876 0.0101139 0)
(-0.00510069 0.0096444 0)
(-0.00447532 0.00922769 0)
(-0.00387862 0.00886209 0)
(-0.00330678 0.00854608 0)
(-0.00275613 0.00827833 0)
(-0.00222312 0.00805771 0)
(-0.0017043 0.00788324 0)
(-0.00119629 0.00775336 0)
(-0.000700146 0.00764176 0)
(-0.000209675 0.00691974 0)
(-0.23959 0.00342533 0)
(-0.238863 0.00714637 0)
(-0.237732 0.0108208 0)
(-0.236207 0.014435 0)
(-0.234298 0.0179772 0)
(-0.232019 0.021437 0)
(-0.22938 0.0248056 0)
(-0.226392 0.0280748 0)
(-0.223068 0.0312368 0)
(-0.219418 0.0342842 0)
(-0.215453 0.0372091 0)
(-0.211185 0.0400032 0)
(-0.206626 0.0426575 0)
(-0.201787 0.0451621 0)
(-0.196684 0.0475062 0)
(-0.191332 0.0496786 0)
(-0.185747 0.0516671 0)
(-0.17995 0.0534596 0)
(-0.173961 0.055044 0)
(-0.167804 0.0564088 0)
(-0.161507 0.0575438 0)
(-0.155097 0.0584404 0)
(-0.148605 0.0590924 0)
(-0.142064 0.0594961 0)
(-0.135505 0.059651 0)
(-0.128962 0.0595598 0)
(-0.122467 0.0592287 0)
(-0.116052 0.058667 0)
(-0.109746 0.0578872 0)
(-0.103577 0.0569045 0)
(-0.097569 0.0557364 0)
(-0.0917431 0.0544023 0)
(-0.0861174 0.0529226 0)
(-0.0807065 0.0513184 0)
(-0.0755215 0.0496113 0)
(-0.0705701 0.0478222 0)
(-0.0658572 0.0459714 0)
(-0.0613846 0.0440783 0)
(-0.0571516 0.0421607 0)
(-0.0531554 0.0402353 0)
(-0.0493913 0.0383167 0)
(-0.0458531 0.0364182 0)
(-0.0425332 0.0345512 0)
(-0.0394233 0.0327255 0)
(-0.0365141 0.0309494 0)
(-0.0337961 0.0292296 0)
(-0.0312593 0.0275715 0)
(-0.0288937 0.0259793 0)
(-0.0266892 0.0244561 0)
(-0.0246361 0.0230038 0)
(-0.0227246 0.0216237 0)
(-0.0209453 0.0203162 0)
(-0.0192891 0.0190813 0)
(-0.0177474 0.0179183 0)
(-0.0163118 0.0168261 0)
(-0.0149743 0.0158033 0)
(-0.0137276 0.0148482 0)
(-0.0125644 0.0139591 0)
(-0.0114779 0.0131339 0)
(-0.0104618 0.0123706 0)
(-0.00951011 0.0116672 0)
(-0.00861702 0.0110216 0)
(-0.00777719 0.0104318 0)
(-0.00698552 0.00989573 0)
(-0.00623714 0.00941167 0)
(-0.00552748 0.00897782 0)
(-0.00485216 0.00859257 0)
(-0.00420703 0.00825441 0)
(-0.00358809 0.00796203 0)
(-0.00299151 0.00771422 0)
(-0.00241356 0.00750999 0)
(-0.0018506 0.00734845 0)
(-0.00129909 0.00722824 0)
(-0.000760176 0.00712503 0)
(-0.000227461 0.00645025 0)
(-0.236044 0.00292367 0)
(-0.235352 0.00624263 0)
(-0.23427 0.0095243 0)
(-0.232805 0.0127559 0)
(-0.230969 0.0159262 0)
(-0.228771 0.0190253 0)
(-0.226222 0.0220444 0)
(-0.223333 0.0249752 0)
(-0.220114 0.0278101 0)
(-0.216578 0.0305417 0)
(-0.212734 0.0331623 0)
(-0.208596 0.0356639 0)
(-0.204176 0.0380383 0)
(-0.199486 0.0402765 0)
(-0.194542 0.0423691 0)
(-0.18936 0.0443062 0)
(-0.183956 0.0460776 0)
(-0.17835 0.0476731 0)
(-0.172563 0.0490828 0)
(-0.166619 0.0502973 0)
(-0.160542 0.0513085 0)
(-0.154359 0.0521098 0)
(-0.148099 0.0526962 0)
(-0.14179 0.0530652 0)
(-0.135462 0.0532168 0)
(-0.129147 0.0531536 0)
(-0.122872 0.052881 0)
(-0.116667 0.052407 0)
(-0.110558 0.0517424 0)
(-0.104571 0.0508998 0)
(-0.0987284 0.0498941 0)
(-0.0930496 0.0487416 0)
(-0.0875518 0.0474595 0)
(-0.0822492 0.0460658 0)
(-0.0771529 0.0445788 0)
(-0.0722711 0.0430165 0)
(-0.0676092 0.0413964 0)
(-0.0631703 0.0397352 0)
(-0.0589549 0.0380485 0)
(-0.0549616 0.0363509 0)
(-0.0511872 0.0346554 0)
(-0.0476269 0.0329739 0)
(-0.0442749 0.0313166 0)
(-0.041124 0.0296926 0)
(-0.0381667 0.0281095 0)
(-0.0353946 0.0265734 0)
(-0.032799 0.0250897 0)
(-0.030371 0.0236624 0)
(-0.0281015 0.0222944 0)
(-0.0259816 0.020988 0)
(-0.0240024 0.0197446 0)
(-0.022155 0.0185649 0)
(-0.020431 0.017449 0)
(-0.018822 0.0163968 0)
(-0.0173203 0.0154073 0)
(-0.015918 0.0144797 0)
(-0.014608 0.0136126 0)
(-0.0133832 0.0128045 0)
(-0.012237 0.0120538 0)
(-0.0111631 0.0113588 0)
(-0.0101554 0.0107179 0)
(-0.00920818 0.0101291 0)
(-0.0083161 0.00959087 0)
(-0.00747394 0.00910142 0)
(-0.00667677 0.00865917 0)
(-0.00591988 0.00826261 0)
(-0.0051988 0.0079103 0)
(-0.00450923 0.00760095 0)
(-0.00384703 0.00733337 0)
(-0.00320822 0.00710654 0)
(-0.00258893 0.00691954 0)
(-0.00198535 0.00677162 0)
(-0.00139377 0.00666156 0)
(-0.000815464 0.00656715 0)
(-0.00024383 0.00594385 0)
(-0.232899 0.002445 0)
(-0.232234 0.00537643 0)
(-0.231191 0.00827812 0)
(-0.229779 0.0111384 0)
(-0.228004 0.0139469 0)
(-0.225877 0.0166942 0)
(-0.223407 0.0193719 0)
(-0.220605 0.0219721 0)
(-0.21748 0.0244874 0)
(-0.214046 0.0269108 0)
(-0.210312 0.0292348 0)
(-0.206291 0.0314523 0)
(-0.201996 0.0335556 0)
(-0.197441 0.0355367 0)
(-0.19264 0.0373874 0)
(-0.18761 0.0390993 0)
(-0.182367 0.0406636 0)
(-0.176932 0.0420719 0)
(-0.171325 0.043316 0)
(-0.165568 0.0443883 0)
(-0.159685 0.0452825 0)
(-0.153701 0.0459931 0)
(-0.147642 0.0465165 0)
(-0.141536 0.046851 0)
(-0.135411 0.0469968 0)
(-0.129293 0.0469563 0)
(-0.123209 0.0467344 0)
(-0.117187 0.0463378 0)
(-0.111251 0.0457756 0)
(-0.105423 0.0450585 0)
(-0.0997254 0.0441991 0)
(-0.0941763 0.0432108 0)
(-0.0887922 0.0421085 0)
(-0.0835866 0.0409072 0)
(-0.0785706 0.0396223 0)
(-0.0737526 0.0382693 0)
(-0.0691388 0.0368631 0)
(-0.0647329 0.035418 0)
(-0.0605364 0.0339477 0)
(-0.0565491 0.0324647 0)
(-0.052769 0.0309806 0)
(-0.0491925 0.0295057 0)
(-0.0458152 0.0280492 0)
(-0.0426311 0.0266192 0)
(-0.0396339 0.0252226 0)
(-0.0368164 0.0238652 0)
(-0.0341709 0.0225517 0)
(-0.0316895 0.0212861 0)
(-0.0293641 0.0200712 0)
(-0.0271864 0.0189093 0)
(-0.0251481 0.0178018 0)
(-0.0232412 0.0167496 0)
(-0.0214576 0.0157532 0)
(-0.0197894 0.0148124 0)
(-0.0182291 0.0139268 0)
(-0.0167694 0.0130956 0)
(-0.0154031 0.0123179 0)
(-0.0141234 0.0115924 0)
(-0.0129238 0.0109179 0)
(-0.011798 0.010293 0)
(-0.01074 0.00971625 0)
(-0.00974418 0.0091861 0)
(-0.00880503 0.00870111 0)
(-0.00791732 0.00825986 0)
(-0.00707605 0.00786096 0)
(-0.00627644 0.0075031 0)
(-0.0055139 0.00718505 0)
(-0.00478402 0.00690568 0)
(-0.00408256 0.00666397 0)
(-0.00340538 0.00645901 0)
(-0.00274851 0.00629 0)
(-0.00210799 0.00615629 0)
(-0.00147996 0.00605683 0)
(-0.000865779 0.00597158 0)
(-0.000258717 0.00540368 0)
(-0.23014 0.00198321 0)
(-0.229496 0.00454018 0)
(-0.228485 0.00707363 0)
(-0.227115 0.00957312 0)
(-0.225393 0.0120291 0)
(-0.223327 0.0144332 0)
(-0.220926 0.0167773 0)
(-0.2182 0.0190543 0)
(-0.215159 0.0212573 0)
(-0.211814 0.0233795 0)
(-0.208178 0.0254143 0)
(-0.204261 0.0273551 0)
(-0.200078 0.0291951 0)
(-0.195642 0.0309273 0)
(-0.190968 0.0325445 0)
(-0.186073 0.0340396 0)
(-0.180973 0.0354052 0)
(-0.175688 0.0366343 0)
(-0.170238 0.0377202 0)
(-0.164645 0.038657 0)
(-0.15893 0.0394392 0)
(-0.153119 0.0400629 0)
(-0.147235 0.0405252 0)
(-0.141305 0.040825 0)
(-0.135353 0.0409626 0)
(-0.129406 0.0409403 0)
(-0.123488 0.0407622 0)
(-0.117623 0.0404342 0)
(-0.111836 0.0399637 0)
(-0.106146 0.0393599 0)
(-0.100575 0.038633 0)
(-0.0951394 0.0377946 0)
(-0.0898551 0.0368569 0)
(-0.0847353 0.0358325 0)
(-0.0797909 0.0347345 0)
(-0.0750307 0.0335758 0)
(-0.070461 0.0323691 0)
(-0.0660863 0.0311266 0)
(-0.061909 0.02986 0)
(-0.0579295 0.0285801 0)
(-0.054147 0.0272968 0)
(-0.0505591 0.0260193 0)
(-0.0471621 0.0247555 0)
(-0.0439513 0.0235125 0)
(-0.0409214 0.0222966 0)
(-0.0380661 0.021113 0)
(-0.0353786 0.019966 0)
(-0.032852 0.0188591 0)
(-0.0304788 0.0177951 0)
(-0.0282515 0.0167761 0)
(-0.0261624 0.0158037 0)
(-0.024204 0.0148787 0)
(-0.0223686 0.0140018 0)
(-0.0206488 0.0131729 0)
(-0.0190374 0.0123918 0)
(-0.0175272 0.011658 0)
(-0.0161115 0.0109709 0)
(-0.0147834 0.0103294 0)
(-0.0135366 0.00973247 0)
(-0.0123649 0.00917906 0)
(-0.0112625 0.00866794 0)
(-0.0102235 0.00819785 0)
(-0.00924246 0.00776758 0)
(-0.0083142 0.00737592 0)
(-0.00743362 0.00702169 0)
(-0.00659588 0.00670376 0)
(-0.00579629 0.00642111 0)
(-0.00503037 0.00617275 0)
(-0.00429376 0.0059578 0)
(-0.00358223 0.00577549 0)
(-0.00289168 0.00562514 0)
(-0.00221803 0.00550617 0)
(-0.00155729 0.00541769 0)
(-0.000910914 0.00534191 0)
(-0.00027206 0.004833 0)
(-0.227754 0.0015334 0)
(-0.227125 0.00372754 0)
(-0.226141 0.00590328 0)
(-0.224806 0.00805144 0)
(-0.223128 0.0101636 0)
(-0.221113 0.0122322 0)
(-0.218771 0.0142502 0)
(-0.216111 0.0162109 0)
(-0.213142 0.0181081 0)
(-0.209876 0.0199358 0)
(-0.206325 0.021688 0)
(-0.202499 0.0233589 0)
(-0.198414 0.0249425 0)
(-0.194082 0.0264328 0)
(-0.189519 0.0278236 0)
(-0.184741 0.029109 0)
(-0.179765 0.0302828 0)
(-0.174611 0.0313394 0)
(-0.169296 0.0322732 0)
(-0.163844 0.0330795 0)
(-0.158274 0.0337539 0)
(-0.152611 0.0342935 0)
(-0.146877 0.034696 0)
(-0.141096 0.0349606 0)
(-0.135293 0.0350879 0)
(-0.129491 0.0350798 0)
(-0.123714 0.0349398 0)
(-0.117984 0.0346729 0)
(-0.112324 0.0342852 0)
(-0.106753 0.0337843 0)
(-0.10129 0.0331788 0)
(-0.0959524 0.032478 0)
(-0.0907545 0.0316922 0)
(-0.0857094 0.0308318 0)
(-0.0808278 0.0299077 0)
(-0.0761187 0.0289306 0)
(-0.0715888 0.0279112 0)
(-0.0672428 0.0268598 0)
(-0.0630838 0.025786 0)
(-0.0591132 0.0246991 0)
(-0.0553306 0.0236077 0)
(-0.0517347 0.0225193 0)
(-0.0483227 0.0214411 0)
(-0.0450907 0.020379 0)
(-0.0420342 0.0193386 0)
(-0.0391477 0.0183243 0)
(-0.0364255 0.0173402 0)
(-0.033861 0.0163892 0)
(-0.0314476 0.015474 0)
(-0.0291783 0.0145965 0)
(-0.027046 0.0137581 0)
(-0.0250435 0.0129599 0)
(-0.0231638 0.0122022 0)
(-0.0213997 0.0114855 0)
(-0.0197443 0.0108095 0)
(-0.0181906 0.0101739 0)
(-0.016732 0.00957817 0)
(-0.015362 0.00902166 0)
(-0.0140742 0.00850351 0)
(-0.0128627 0.0080228 0)
(-0.0117214 0.00757856 0)
(-0.0106447 0.00716977 0)
(-0.00962709 0.00679543 0)
(-0.00866333 0.00645452 0)
(-0.00774831 0.00614607 0)
(-0.0068771 0.00586914 0)
(-0.00604499 0.00562284 0)
(-0.00524739 0.00540637 0)
(-0.00447987 0.00521897 0)
(-0.0037381 0.00505999 0)
(-0.00301788 0.00492885 0)
(-0.00231503 0.00482508 0)
(-0.00162545 0.00474794 0)
(-0.000950685 0.00468191 0)
(-0.000283809 0.00423519 0)
(-0.225728 0.00109244 0)
(-0.225111 0.0029338 0)
(-0.224147 0.00476099 0)
(-0.222842 0.00656619 0)
(-0.2212 0.00834226 0)
(-0.219228 0.0100825 0)
(-0.216936 0.0117809 0)
(-0.214331 0.0134315 0)
(-0.211424 0.0150289 0)
(-0.208225 0.0165679 0)
(-0.204746 0.0180434 0)
(-0.200999 0.0194502 0)
(-0.196997 0.0207833 0)
(-0.192754 0.0220376 0)
(-0.188286 0.0232081 0)
(-0.183608 0.0242897 0)
(-0.178738 0.0252776 0)
(-0.173694 0.0261669 0)
(-0.168494 0.0269534 0)
(-0.163161 0.0276333 0)
(-0.157713 0.0282032 0)
(-0.152174 0.0286607 0)
(-0.146566 0.0290042 0)
(-0.140911 0.0292332 0)
(-0.135233 0.0293482 0)
(-0.129553 0.0293509 0)
(-0.123894 0.0292442 0)
(-0.118278 0.0290322 0)
(-0.112724 0.0287199 0)
(-0.107253 0.0283134 0)
(-0.101882 0.0278198 0)
(-0.0966266 0.0272466 0)
(-0.091502 0.0266022 0)
(-0.0865206 0.0258951 0)
(-0.081693 0.0251341 0)
(-0.0770281 0.0243281 0)
(-0.0725329 0.0234857 0)
(-0.0682126 0.0226154 0)
(-0.0640706 0.0217253 0)
(-0.0601088 0.020823 0)
(-0.0563278 0.0199156 0)
(-0.0527266 0.0190095 0)
(-0.0493032 0.0181106 0)
(-0.0460546 0.017224 0)
(-0.0429768 0.0163545 0)
(-0.0400652 0.0155057 0)
(-0.0373144 0.0146812 0)
(-0.0347188 0.0138836 0)
(-0.0322721 0.0131153 0)
(-0.0299679 0.0123778 0)
(-0.0277995 0.0116725 0)
(-0.0257602 0.0110003 0)
(-0.0238433 0.0103619 0)
(-0.0220419 0.0097573 0)
(-0.0203493 0.00918669 0)
(-0.0187588 0.00864982 0)
(-0.0172639 0.0081463 0)
(-0.0158583 0.00767561 0)
(-0.0145356 0.0072371 0)
(-0.0132901 0.00683006 0)
(-0.0121156 0.00645371 0)
(-0.0110067 0.00610723 0)
(-0.00995784 0.00578982 0)
(-0.00896367 0.00550065 0)
(-0.0080191 0.00523891 0)
(-0.00711919 0.00500385 0)
(-0.00625914 0.00479473 0)
(-0.00543431 0.00461089 0)
(-0.00464019 0.0044517 0)
(-0.0038724 0.00431662 0)
(-0.00312664 0.00420518 0)
(-0.00239862 0.004117 0)
(-0.00168418 0.00405148 0)
(-0.000984927 0.00399544 0)
(-0.000293913 0.00361375 0)
(-0.224054 0.000655509 0)
(-0.223445 0.00215274 0)
(-0.222498 0.00363929 0)
(-0.221215 0.00510883 0)
(-0.219602 0.0065555 0)
(-0.217666 0.0079737 0)
(-0.215414 0.00935829 0)
(-0.212855 0.0107044 0)
(-0.209999 0.0120073 0)
(-0.206856 0.0132629 0)
(-0.203437 0.0144666 0)
(-0.199755 0.0156145 0)
(-0.195822 0.0167022 0)
(-0.191653 0.0177257 0)
(-0.187263 0.0186808 0)
(-0.182669 0.0195636 0)
(-0.177886 0.0203701 0)
(-0.172933 0.0210965 0)
(-0.167828 0.0217397 0)
(-0.162592 0.0222964 0)
(-0.157246 0.0227642 0)
(-0.151809 0.0231413 0)
(-0.146304 0.0234264 0)
(-0.140752 0.0236193 0)
(-0.135175 0.0237203 0)
(-0.129595 0.023731 0)
(-0.124033 0.0236537 0)
(-0.118509 0.0234915 0)
(-0.113044 0.0232485 0)
(-0.107654 0.0229296 0)
(-0.102358 0.0225403 0)
(-0.0971711 0.0220866 0)
(-0.0921072 0.021575 0)
(-0.0871787 0.0210124 0)
(-0.0823961 0.0204058 0)
(-0.0777684 0.0197621 0)
(-0.0733026 0.0190882 0)
(-0.0690043 0.0183911 0)
(-0.0648773 0.017677 0)
(-0.0609239 0.0169522 0)
(-0.0571452 0.0162223 0)
(-0.0535407 0.0154926 0)
(-0.050109 0.0147678 0)
(-0.0468476 0.0140522 0)
(-0.0437532 0.0133496 0)
(-0.0408217 0.012663 0)
(-0.0380482 0.0119954 0)
(-0.0354275 0.011349 0)
(-0.032954 0.0107257 0)
(-0.0306215 0.0101269 0)
(-0.0284238 0.00955377 0)
(-0.0263545 0.00900715 0)
(-0.0244072 0.00848753 0)
(-0.0225752 0.00799519 0)
(-0.020852 0.00753019 0)
(-0.0192312 0.00709242 0)
(-0.0177064 0.00668161 0)
(-0.0162714 0.00629737 0)
(-0.01492 0.00593923 0)
(-0.0136462 0.00560663 0)
(-0.0124443 0.00529897 0)
(-0.0113087 0.00501563 0)
(-0.0102338 0.00475596 0)
(-0.00921435 0.00451931 0)
(-0.0082452 0.00430506 0)
(-0.00732136 0.00411259 0)
(-0.00643802 0.00394132 0)
(-0.00559048 0.00379071 0)
(-0.00477418 0.00366028 0)
(-0.00398466 0.00354958 0)
(-0.00321754 0.00345825 0)
(-0.00246849 0.00338597 0)
(-0.00173324 0.0033323 0)
(-0.00101349 0.00328645 0)
(-0.000302317 0.00297227 0)
(-0.22272 0.000229213 0)
(-0.222118 0.0013891 0)
(-0.221183 0.00254117 0)
(-0.219917 0.00368066 0)
(-0.218327 0.00480329 0)
(-0.216419 0.00590439 0)
(-0.214199 0.00697979 0)
(-0.211677 0.00802564 0)
(-0.208861 0.00903829 0)
(-0.205762 0.0100143 0)
(-0.202391 0.0109503 0)
(-0.19876 0.011843 0)
(-0.194883 0.0126892 0)
(-0.190773 0.0134856 0)
(-0.186446 0.0142291 0)
(-0.181917 0.0149167 0)
(-0.177204 0.0155452 0)
(-0.172323 0.0161119 0)
(-0.167294 0.0166144 0)
(-0.162136 0.0170502 0)
(-0.156868 0.0174176 0)
(-0.151512 0.0177152 0)
(-0.146089 0.0179421 0)
(-0.140618 0.0180981 0)
(-0.135121 0.0181838 0)
(-0.12962 0.0182 0)
(-0.124134 0.0181487 0)
(-0.118684 0.0180322 0)
(-0.113287 0.0178537 0)
(-0.107962 0.0176167 0)
(-0.102726 0.0173256 0)
(-0.0975931 0.0169847 0)
(-0.0925774 0.0165992 0)
(-0.087691 0.0161741 0)
(-0.0829445 0.0157147 0)
(-0.0783467 0.0152263 0)
(-0.0739049 0.0147143 0)
(-0.0696247 0.0141837 0)
(-0.0655103 0.0136395 0)
(-0.0615643 0.0130865 0)
(-0.0577881 0.0125289 0)
(-0.0541817 0.0119708 0)
(-0.0507442 0.0114159 0)
(-0.0474734 0.0108675 0)
(-0.0443665 0.0103285 0)
(-0.0414198 0.00980138 0)
(-0.0386289 0.00928834 0)
(-0.0359889 0.00879119 0)
(-0.0334945 0.00831142 0)
(-0.03114 0.00785021 0)
(-0.0289194 0.00740847 0)
(-0.0268267 0.00698686 0)
(-0.0248554 0.00658583 0)
(-0.0229993 0.00620564 0)
(-0.0212521 0.00584638 0)
(-0.0196074 0.00550797 0)
(-0.018059 0.00519026 0)
(-0.0166007 0.00489296 0)
(-0.0152264 0.00461573 0)
(-0.0139304 0.00435817 0)
(-0.0127067 0.00411984 0)
(-0.0115498 0.00390028 0)
(-0.0104542 0.00369899 0)
(-0.00941459 0.00351551 0)
(-0.00842585 0.00334935 0)
(-0.00748294 0.00320005 0)
(-0.00658102 0.00306716 0)
(-0.00571536 0.00295029 0)
(-0.00488133 0.00284905 0)
(-0.00407444 0.00276311 0)
(-0.00329026 0.0026922 0)
(-0.00252436 0.00263607 0)
(-0.00177244 0.0025944 0)
(-0.00103618 0.00255889 0)
(-0.000308938 0.00231444 0)
(-0.22164 -0.000213491 0)
(-0.221048 0.000614198 0)
(-0.220128 0.00143637 0)
(-0.218881 0.00225019 0)
(-0.217312 0.00305347 0)
(-0.215428 0.00384179 0)
(-0.213237 0.00461199 0)
(-0.210745 0.00536141 0)
(-0.207963 0.00608743 0)
(-0.2049 0.00678754 0)
(-0.201567 0.00745937 0)
(-0.197978 0.00810056 0)
(-0.194144 0.00870876 0)
(-0.19008 0.00928168 0)
(-0.185802 0.00981707 0)
(-0.181324 0.0103128 0)
(-0.176663 0.0107666 0)
(-0.171838 0.0111767 0)
(-0.166866 0.0115412 0)
(-0.161767 0.0118585 0)
(-0.15656 0.0121274 0)
(-0.151264 0.0123469 0)
(-0.145902 0.0125165 0)
(-0.140492 0.012636 0)
(-0.135056 0.0127057 0)
(-0.129614 0.0127264 0)
(-0.124185 0.0126993 0)
(-0.11879 0.0126261 0)
(-0.113445 0.012509 0)
(-0.108169 0.0123504 0)
(-0.102977 0.0121534 0)
(-0.0978852 0.0119212 0)
(-0.0929061 0.011657 0)
(-0.0880519 0.0113646 0)
(-0.083333 0.0110477 0)
(-0.0787584 0.0107098 0)
(-0.0743353 0.0103549 0)
(-0.0700695 0.00998633 0)
(-0.0659654 0.00960775 0)
(-0.0620258 0.00922241 0)
(-0.0582525 0.0088334 0)
(-0.0546457 0.00844358 0)
(-0.0512047 0.00805555 0)
(-0.0479279 0.00767166 0)
(-0.0448125 0.00729397 0)
(-0.0418554 0.0069243 0)
(-0.0390523 0.0065642 0)
(-0.0363986 0.00621497 0)
(-0.0338895 0.00587771 0)
(-0.0315193 0.00555327 0)
(-0.0292823 0.00524233 0)
(-0.0271726 0.00494539 0)
(-0.0251841 0.00466279 0)
(-0.0233106 0.00439474 0)
(-0.021546 0.00414132 0)
(-0.0198839 0.0039025 0)
(-0.0183182 0.00367819 0)
(-0.0168429 0.0034682 0)
(-0.015452 0.00327233 0)
(-0.0141396 0.00309028 0)
(-0.0128999 0.00292178 0)
(-0.0117274 0.0027665 0)
(-0.0106166 0.00262411 0)
(-0.00956225 0.00249429 0)
(-0.00855909 0.00237669 0)
(-0.00760215 0.00227101 0)
(-0.00668655 0.00217694 0)
(-0.00580752 0.00209418 0)
(-0.00496044 0.00202248 0)
(-0.00414074 0.0019616 0)
(-0.00334397 0.00191134 0)
(-0.00256565 0.00187152 0)
(-0.00180136 0.0018419 0)
(-0.00105258 0.00181671 0)
(-0.000313609 0.00164416 0)
(-0.218872 -0.000624065 0)
(-0.21837 -0.000115959 0)
(-0.217553 0.000389729 0)
(-0.216414 0.000889222 0)
(-0.214952 0.00137847 0)
(-0.213173 0.00185758 0)
(-0.211083 0.0023256 0)
(-0.208691 0.00278127 0)
(-0.206006 0.00322316 0)
(-0.203038 0.00364978 0)
(-0.199798 0.00405972 0)
(-0.196299 0.00445154 0)
(-0.192555 0.00482384 0)
(-0.188579 0.00517523 0)
(-0.184386 0.00550435 0)
(-0.179993 0.00580988 0)
(-0.175416 0.00609056 0)
(-0.170673 0.0063452 0)
(-0.165782 0.00657273 0)
(-0.160763 0.00677222 0)
(-0.155634 0.0069429 0)
(-0.150416 0.00708422 0)
(-0.145129 0.00719583 0)
(-0.139793 0.00727762 0)
(-0.134428 0.00732975 0)
(-0.129055 0.00735265 0)
(-0.123693 0.00734705 0)
(-0.118361 0.00731394 0)
(-0.113077 0.00725456 0)
(-0.107858 0.00717039 0)
(-0.10272 0.00706315 0)
(-0.0976777 0.0069347 0)
(-0.0927446 0.00678704 0)
(-0.0879326 0.00662228 0)
(-0.0832521 0.0064426 0)
(-0.0787119 0.00625017 0)
(-0.0743195 0.0060472 0)
(-0.0700809 0.0058358 0)
(-0.0660003 0.00561803 0)
(-0.062081 0.00539586 0)
(-0.0583248 0.00517112 0)
(-0.0547323 0.0049455 0)
(-0.0513029 0.00472056 0)
(-0.0480353 0.00449769 0)
(-0.0449269 0.00427815 0)
(-0.0419746 0.00406303 0)
(-0.0391747 0.00385324 0)
(-0.0365228 0.0036496 0)
(-0.0340139 0.00345275 0)
(-0.0316428 0.00326324 0)
(-0.029404 0.00308148 0)
(-0.0272916 0.00290779 0)
(-0.0252997 0.00274239 0)
(-0.0234222 0.00258541 0)
(-0.0216531 0.00243692 0)
(-0.0199862 0.00229692 0)
(-0.0184155 0.00216536 0)
(-0.016935 0.00204215 0)
(-0.0155386 0.00192718 0)
(-0.0142207 0.0018203 0)
(-0.0129755 0.00172133 0)
(-0.0117974 0.00163009 0)
(-0.0106811 0.00154642 0)
(-0.00962114 0.00147011 0)
(-0.00861251 0.00140098 0)
(-0.00765017 0.00133883 0)
(-0.00672922 0.0012835 0)
(-0.00584493 0.00123482 0)
(-0.00499265 0.00119264 0)
(-0.00416782 0.0011568 0)
(-0.003366 0.00112717 0)
(-0.00258269 0.00110358 0)
(-0.00181334 0.00108566 0)
(-0.00105843 0.00106968 0)
(-0.000315342 0.000969027 0)
(-0.182376 -0.000822906 0)
(-0.18295 -0.000653082 0)
(-0.183175 -0.000482075 0)
(-0.183065 -0.000313062 0)
(-0.182631 -0.000149769 0)
(-0.181874 1.02554e-05 0)
(-0.180802 0.000167374 0)
(-0.179421 0.000321333 0)
(-0.177741 0.00047171 0)
(-0.17577 0.000618012 0)
(-0.173518 0.000759735 0)
(-0.170998 0.000896378 0)
(-0.16822 0.00102744 0)
(-0.165198 0.00115242 0)
(-0.161946 0.00127083 0)
(-0.158479 0.00138219 0)
(-0.154813 0.00148603 0)
(-0.150964 0.00158192 0)
(-0.146949 0.00166944 0)
(-0.142787 0.00174826 0)
(-0.138497 0.00181805 0)
(-0.134097 0.00187858 0)
(-0.129607 0.00192967 0)
(-0.125047 0.00197122 0)
(-0.120436 0.00200322 0)
(-0.115792 0.00202577 0)
(-0.111137 0.00203902 0)
(-0.106487 0.00204326 0)
(-0.101861 0.00203882 0)
(-0.0972753 0.00202616 0)
(-0.0927459 0.00200576 0)
(-0.0882873 0.0019782 0)
(-0.083913 0.00194408 0)
(-0.079635 0.00190406 0)
(-0.075464 0.00185881 0)
(-0.0714092 0.00180901 0)
(-0.0674783 0.00175536 0)
(-0.0636779 0.00169852 0)
(-0.0600128 0.00163916 0)
(-0.0564868 0.0015779 0)
(-0.0531024 0.00151533 0)
(-0.049861 0.00145199 0)
(-0.0467627 0.00138839 0)
(-0.043807 0.001325 0)
(-0.0409922 0.00126222 0)
(-0.038316 0.00120042 0)
(-0.0357755 0.0011399 0)
(-0.033367 0.00108093 0)
(-0.0310865 0.00102375 0)
(-0.0289295 0.000968533 0)
(-0.0268914 0.000915443 0)
(-0.024967 0.000864593 0)
(-0.0231513 0.000816068 0)
(-0.0214389 0.000769926 0)
(-0.0198244 0.000726204 0)
(-0.0183024 0.000684917 0)
(-0.0168675 0.000646067 0)
(-0.0155143 0.000609639 0)
(-0.0142376 0.000575607 0)
(-0.0130321 0.000543935 0)
(-0.0118928 0.000514582 0)
(-0.0108145 0.000487503 0)
(-0.00979232 0.000462648 0)
(-0.00882158 0.000439966 0)
(-0.00789756 0.000419407 0)
(-0.00701573 0.000400916 0)
(-0.00617165 0.000384446 0)
(-0.005361 0.000369948 0)
(-0.00457956 0.000357379 0)
(-0.00382321 0.000346694 0)
(-0.00308792 0.000337839 0)
(-0.00236978 0.00033073 0)
(-0.00166499 0.000325207 0)
(-0.000972854 0.000320534 0)
(-0.000301834 0.000302431 0)
)
;

boundaryField
{
    leftWall
    {
        type            noSlip;
    }
    rightWall
    {
        type            noSlip;
    }
    lowerWall
    {
        type            noSlip;
    }
    atmosphere
    {
        type            noSlip;
    }
    defaultFaces
    {
        type            empty;
    }
    procBoundary3to2
    {
        type            processor;
        value           nonuniform List<vector> 
40
(
(1.16309 -0.00544595 0)
(1.62302 -0.00261007 0)
(1.65291 0.0711013 0)
(1.46087 0.136352 0)
(1.19723 0.161612 0)
(0.954378 0.149873 0)
(0.726032 0.0904674 0)
(0.298157 0.0715087 0)
(-0.156634 0.0772071 0)
(-0.409639 0.0697739 0)
(-0.465681 0.0545086 0)
(-0.433514 0.040683 0)
(-0.395619 0.0306935 0)
(-0.373353 0.0235299 0)
(-0.359337 0.0179624 0)
(-0.34694 0.0135616 0)
(-0.334883 0.0101597 0)
(-0.323492 0.00755388 0)
(-0.312924 0.00556062 0)
(-0.303148 0.00404329 0)
(-0.294112 0.00289505 0)
(-0.285772 0.00203029 0)
(-0.278089 0.00138208 0)
(-0.271028 0.000897958 0)
(-0.264552 0.000536479 0)
(-0.25863 0.000265842 0)
(-0.25323 6.14595e-05 0)
(-0.248326 -9.62832e-05 0)
(-0.243891 -0.000222168 0)
(-0.239902 -0.000326786 0)
(-0.236337 -0.000418218 0)
(-0.233181 -0.00050325 0)
(-0.230414 -0.000585807 0)
(-0.228023 -0.000668945 0)
(-0.225995 -0.00075448 0)
(-0.22432 -0.000845257 0)
(-0.222987 -0.000932229 0)
(-0.221904 -0.00104237 0)
(-0.219054 -0.00113387 0)
(-0.181456 -0.000992332 0)
)
;
    }
}


// ************************************************************************* //
