0 	0.999423
0.0028575 	0.999721
0.005715 	1.00001
0.0085725 	1
0.01143 	1
0.0142875 	1
0.017145 	1
0.0200025 	1
0.02286 	1
0.0257175 	1
0.028575 	1
0.0314325 	1
0.03429 	1
0.0371475 	1
0.040005 	1
0.0428625 	1
0.04572 	1
0.0485775 	1
0.051435 	1
0.0542925 	1
0.05715 	1
0.0600075 	1
0.062865 	1
0.0657225 	1
0.06858 	1
0.0714375 	0.999999
0.074295 	0.999999
0.0771525 	0.999999
0.08001 	0.999999
0.0828675 	0.999999
0.085725 	0.999999
0.0885825 	0.999999
0.09144 	0.999999
0.0942975 	0.999999
0.097155 	0.999999
0.100012 	0.999999
0.10287 	0.999998
0.105727 	0.999998
0.108585 	0.999998
0.111442 	0.999998
0.1143 	0.999998
0.117157 	0.999998
0.120015 	0.999998
0.122872 	0.999998
0.12573 	0.999997
0.128587 	0.999997
0.131445 	0.999997
0.134302 	0.999997
0.13716 	0.999997
0.140017 	0.999997
0.142875 	0.999996
0.145732 	0.999996
0.14859 	0.999996
0.151447 	0.999996
0.154305 	0.999995
0.157162 	0.999995
0.16002 	0.999995
0.162877 	0.999995
0.165735 	0.999994
0.168592 	0.999994
0.17145 	0.999994
0.174307 	0.999993
0.177165 	0.999993
0.180022 	0.999992
0.18288 	0.999992
0.185737 	0.999992
0.188595 	0.999991
0.191452 	0.999991
0.19431 	0.99999
0.197167 	0.99999
0.200025 	0.999989
0.202882 	0.999989
0.20574 	0.999988
0.208597 	0.999988
0.211455 	0.999987
0.214312 	0.999986
0.214312 	0.999987
0.21717 	0.999986
0.220027 	0.999985
0.222885 	0.999983
0.225743 	0.999982
0.2286 	0.999981
0.231458 	0.99998
0.234315 	0.999978
0.237173 	0.999977
0.24003 	0.999974
0.242888 	0.99997
0.245745 	0.999966
0.248603 	0.999959
0.25146 	0.999951
0.254317 	0.99994
0.257175 	0.999927
0.260032 	0.999911
0.26289 	0.999892
0.265748 	0.99987
0.268605 	0.999844
0.271462 	0.999813
0.27432 	0.999778
0.277178 	0.999739
0.280035 	0.999698
0.282892 	0.999655
0.28575 	0.99961
0.288608 	0.999565
0.291465 	0.999522
0.294322 	0.999482
0.29718 	0.999441
0.300038 	0.999395
0.302895 	0.999334
0.305752 	0.999251
0.30861 	0.999138
0.311468 	0.998999
0.314325 	0.998847
0.317182 	0.998687
0.32004 	0.99852
0.322898 	0.998344
0.325755 	0.998156
0.328612 	0.997945
0.33147 	0.997705
0.334327 	0.997452
0.337185 	0.997225
0.340043 	0.997043
0.3429 	0.996896
0.345757 	0.996768
0.348615 	0.996648
0.351473 	0.99653
0.35433 	0.996412
0.357187 	0.996297
0.360045 	0.996181
0.362903 	0.99605
0.36576 	0.995888
0.368617 	0.995679
0.371475 	0.995414
0.374333 	0.995087
0.37719 	0.994686
0.380047 	0.994144
0.382905 	0.993199
0.385763 	0.991517
0.38862 	0.988951
0.391477 	0.985449
0.394335 	0.980887
0.397193 	0.974953
0.40005 	0.967361
0.402907 	0.960042
0.405765 	0.956716
0.408622 	0.956935
0.41148 	0.959112
0.414338 	0.963467
0.417195 	0.966488
0.420052 	0.966879
0.42291 	0.966791
0.425768 	0.966085
0.428625 	0.965466
0.428625 	0.962345
0.431483 	0.959536
0.43434 	0.952316
0.437198 	0.941441
0.440055 	0.925609
0.442913 	0.903672
0.44577 	0.879146
0.448628 	0.862211
0.451485 	0.85702
0.454343 	0.856766
0.4572 	0.856586
0.460058 	0.856296
0.462915 	0.854575
0.465773 	0.837703
0.46863 	0.79351
0.471488 	0.752404
0.474345 	0.741609
0.477203 	0.74406
0.48006 	0.745199
0.482918 	0.745418
0.485775 	0.745633
0.488633 	0.745781
0.49149 	0.745823
0.494348 	0.745542
0.497205 	0.743215
0.500063 	0.740851
0.50292 	0.740196
0.505778 	0.738857
0.508635 	0.553207
0.511493 	0.190818
0.51435 	0.00708516
0.517208 	0.000610218
0.520065 	7.06754e-05
0.522923 	6.64915e-06
0.52578 	5.24348e-07
0.528638 	3.50901e-08
0.531495 	2.00228e-09
0.534353 	9.92677e-11
0.53721 	5.3934e-12
0.540068 	2.59286e-13
0.542925 	1.99532e-14
0.545783 	6.15018e-16
0.54864 	1.39136e-17
0.551498 	2.92957e-19
0.554355 	5.48698e-21
0.557213 	9.15499e-23
0.56007 	1.36564e-24
0.562928 	1.82694e-26
0.565785 	2.19802e-28
0.568643 	2.38416e-30
0.5715 	2.33672e-32
0.574358 	2.07357e-34
0.577215 	1.66899e-36
0.580073 	1.22046e-38
0.58293 	8.12014e-41
0.585788 	4.92221e-43
0.588645 	2.72168e-45
0.591503 	1.37428e-47
0.59436 	6.34317e-50
0.597217 	2.67873e-52
0.600075 	1.03587e-54
0.602932 	3.67079e-57
0.60579 	1.19288e-59
0.608648 	3.55708e-62
0.611505 	9.73864e-65
0.614363 	2.4493e-67
0.61722 	5.6616e-70
0.620077 	1.20332e-72
0.622935 	2.35258e-75
0.625792 	4.23245e-78
0.62865 	7.0093e-81
0.631507 	1.06888e-83
0.634365 	1.50136e-86
0.637222 	1.94291e-89
0.64008 	2.31709e-92
0.642937 	5.28754e-98
0.642938 	5.08915e-95
0.645795 	2.64618e-98
0.648652 	2.4129e-101
0.65151 	2.07968e-104
0.654367 	1.65363e-107
0.657225 	1.21306e-110
0.660083 	8.21085e-114
0.66294 	5.12882e-117
0.665797 	2.95679e-120
0.668655 	1.57342e-123
0.671512 	7.72912e-127
0.67437 	3.50528e-130
0.677227 	1.48199e-133
0.680085 	5.98927e-137
0.682942 	2.2386e-140
0.6858 	7.75155e-144
0.688657 	1.29574e-146
0.691515 	1.53737e-147
0.694372 	6.21402e-151
0.69723 	1.9036e-154
0.700087 	5.37609e-158
0.702945 	1.39948e-161
0.705802 	3.3573e-165
0.70866 	7.42126e-169
0.711517 	1.51143e-172
0.714375 	2.83591e-176
0.717232 	4.90208e-180
0.72009 	7.80642e-184
0.722947 	1.14529e-187
0.725805 	1.54804e-191
0.728662 	1.92782e-195
0.73152 	2.21199e-199
0.734377 	2.33858e-203
0.737235 	2.27819e-207
0.740092 	2.04508e-211
0.74295 	1.69166e-215
0.745807 	1.28945e-219
0.748665 	9.05708e-224
0.751522 	5.86244e-228
0.75438 	3.49693e-232
0.757237 	1.92226e-236
0.760095 	9.73735e-241
0.762952 	4.54513e-245
0.76581 	1.95479e-249
0.768667 	7.74596e-254
0.771525 	2.82772e-258
0.774382 	9.50892e-263
0.77724 	2.945e-267
0.780097 	8.39841e-272
0.782955 	2.20466e-276
0.785812 	5.32567e-281
0.78867 	1.18335e-285
0.791527 	2.41735e-290
0.794385 	4.53722e-295
0.797242 	7.81923e-300
0.8001 	1.23629e-304
0.802957 	1.79167e-309
0.805815 	2.37738e-314
0.808672 	2.64686e-319
0.81153 	0
0.814387 	0
0.817245 	0
0.820102 	0
0.82296 	0
0.825817 	0
0.828675 	0
0.831532 	0
0.83439 	0
0.837247 	0
0.840105 	0
0.842962 	0
0.84582 	0
0.848677 	0
0.851535 	0
0.854392 	0
0.85725 	0
