/*--------------------------------*- C++ -*----------------------------------*\
| =========                 |                                                 |
| \\      /  F ield         | OpenFOAM: The Open Source CFD Toolbox           |
|  \\    /   O peration     | Version:  2606                                  |
|   \\  /    A nd           | Website:  www.openfoam.com                      |
|    \\/     M anipulation  |                                                 |
\*---------------------------------------------------------------------------*/
FoamFile
{
    version     2.0;
    format      ascii;
    arch        "LSB;label=32;scalar=64";
    class       surfaceScalarField;
    location    "0.0504";
    object      phi;
}
// * * * * * * * * * * * * * * * * * * * * * * * * * * * * * * * * * * * * * //

dimensions      [0 3 -1 0 0 0 0];

oriented        oriented;

internalField   nonuniform List<scalar> 
5885
(
5.55868e-08
4.65006e-09
5.13013e-08
4.28541e-09
4.73515e-08
3.94991e-09
4.37099e-08
3.64163e-09
4.03519e-08
3.35799e-09
3.72549e-08
3.0969e-09
3.43983e-08
2.85656e-09
3.17629e-08
2.63528e-09
2.93314e-08
2.43146e-09
2.70876e-08
2.24363e-09
2.50169e-08
2.07055e-09
2.31057e-08
1.91108e-09
2.13417e-08
1.7641e-09
1.97131e-08
1.62854e-09
1.82096e-08
1.50349e-09
1.68214e-08
1.38818e-09
1.55396e-08
1.28182e-09
1.43559e-08
1.18367e-09
1.32627e-08
1.09307e-09
1.22532e-08
1.00949e-09
1.13208e-08
9.32397e-10
1.04596e-08
8.61223e-10
9.66405e-09
7.95477e-10
8.92917e-09
7.34771e-10
8.25037e-09
6.78757e-10
7.62333e-09
6.27058e-10
7.04405e-09
5.79294e-10
6.50888e-09
5.35148e-10
6.01447e-09
4.94374e-10
5.55774e-09
4.56737e-10
5.13581e-09
4.21987e-10
4.74602e-09
3.89894e-10
4.38591e-09
3.60263e-10
4.05318e-09
3.32906e-10
3.74568e-09
3.07631e-10
3.46149e-09
2.84264e-10
3.19883e-09
2.62667e-10
2.95611e-09
2.42725e-10
2.7318e-09
2.24305e-10
2.52447e-09
2.07266e-10
2.33284e-09
1.91493e-10
2.1558e-09
1.76916e-10
1.99227e-09
1.63481e-10
1.8412e-09
1.51102e-10
1.70158e-09
1.39661e-10
1.57252e-09
1.2906e-10
1.45324e-09
1.19249e-10
1.34305e-09
1.10195e-10
1.24126e-09
1.01853e-10
1.1472e-09
9.41427e-11
1.06026e-09
8.70044e-11
9.79902e-10
8.03981e-11
9.05633e-10
7.42997e-11
8.36984e-10
6.86727e-11
7.73523e-10
6.34645e-11
7.14872e-10
5.86435e-11
6.60698e-10
5.4189e-11
6.10665e-10
5.0091e-11
5.64426e-10
4.63109e-11
5.21654e-10
4.28003e-11
4.82089e-10
3.95322e-11
4.45537e-10
3.65094e-11
4.11811e-10
3.37447e-11
3.80679e-10
3.12277e-11
3.51875e-10
2.89085e-11
3.2517e-10
2.67354e-11
3.00416e-10
2.4686e-11
2.77535e-10
2.27799e-11
2.5645e-10
2.10369e-11
2.37033e-10
1.94508e-11
2.19126e-10
1.79779e-11
2.02595e-10
1.65685e-11
1.8725e-10
1.53227e-11
1.72733e-10
1.44745e-11
1.3043e-11
6.03736e-08
9.71194e-09
5.57104e-08
8.94844e-09
5.14135e-08
8.24661e-09
4.74534e-08
7.60165e-09
4.38028e-08
7.00847e-09
4.04368e-08
6.46273e-09
3.73328e-08
5.96052e-09
3.44697e-08
5.4982e-09
3.18285e-08
5.07242e-09
2.93916e-08
4.68024e-09
2.71431e-08
4.31898e-09
2.50681e-08
3.98612e-09
2.31529e-08
3.67927e-09
2.1385e-08
3.39632e-09
1.97531e-08
3.13541e-09
1.82465e-08
2.8948e-09
1.68554e-08
2.67286e-09
1.55709e-08
2.46807e-09
1.43847e-08
2.27914e-09
1.32894e-08
2.10483e-09
1.22778e-08
1.94396e-09
1.13435e-08
1.79545e-09
1.04804e-08
1.65836e-09
9.68329e-09
1.53185e-09
8.94701e-09
1.41507e-09
8.26686e-09
1.30721e-09
7.63853e-09
1.20756e-09
7.05808e-09
1.11555e-09
6.52188e-09
1.03061e-09
6.02655e-09
9.52194e-10
5.56896e-09
8.7976e-10
5.14623e-09
8.12848e-10
4.7557e-09
7.51049e-10
4.39485e-09
6.9397e-10
4.06137e-09
6.41232e-10
3.75317e-09
5.92497e-10
3.46837e-09
5.47472e-10
3.20518e-09
5.05878e-10
2.96193e-09
4.67442e-10
2.73709e-09
4.31913e-10
2.52931e-09
3.99085e-10
2.33738e-09
3.68783e-10
2.16009e-09
3.40818e-10
1.99627e-09
3.14983e-10
1.84485e-09
2.91089e-10
1.70489e-09
2.68997e-10
1.57558e-09
2.48596e-10
1.45612e-09
2.29763e-10
1.34575e-09
2.12358e-10
1.24373e-09
1.96248e-10
1.14945e-09
1.8134e-10
1.06232e-09
1.67568e-10
9.81797e-10
1.54861e-10
9.07362e-10
1.43132e-10
8.38546e-10
1.3229e-10
7.74958e-10
1.22263e-10
7.16228e-10
1.12996e-10
6.61978e-10
1.04433e-10
6.11818e-10
9.65078e-11
5.65413e-10
8.91705e-11
5.22514e-10
8.23938e-11
4.82915e-10
7.61595e-11
4.46385e-10
7.04239e-11
4.12631e-10
6.51335e-11
3.81366e-10
6.02163e-11
3.52374e-10
5.56382e-11
3.25533e-10
5.13972e-11
3.00758e-10
4.74981e-11
2.77927e-10
4.39183e-11
2.56857e-10
4.06115e-11
2.37343e-10
3.75301e-11
2.19234e-10
3.46355e-11
2.0256e-10
3.19298e-11
1.87252e-10
2.97652e-11
2.72546e-11
5.97056e-08
1.47089e-08
5.51013e-08
1.35527e-08
5.08577e-08
1.24902e-08
4.69457e-08
1.15136e-08
4.33386e-08
1.06154e-08
4.00122e-08
9.78907e-09
3.69441e-08
9.02861e-09
3.41136e-08
8.32849e-09
3.15021e-08
7.68373e-09
2.90924e-08
7.08989e-09
2.68686e-08
6.54283e-09
2.4816e-08
6.03865e-09
2.29213e-08
5.57385e-09
2.11722e-08
5.14529e-09
1.95574e-08
4.75014e-09
1.80665e-08
4.38569e-09
1.66898e-08
4.04949e-09
1.54185e-08
3.7393e-09
1.42445e-08
3.45312e-09
1.31602e-08
3.18905e-09
1.21588e-08
2.94532e-09
1.12338e-08
2.72035e-09
1.03794e-08
2.51272e-09
9.59019e-09
2.32105e-09
8.86114e-09
2.14407e-09
8.18764e-09
1.9806e-09
7.56546e-09
1.82965e-09
6.99072e-09
1.69029e-09
6.45977e-09
1.56164e-09
5.96923e-09
1.44281e-09
5.51605e-09
1.33304e-09
5.09741e-09
1.23166e-09
4.71065e-09
1.13803e-09
4.35325e-09
1.05155e-09
4.02295e-09
9.71636e-10
3.7177e-09
8.97788e-10
3.43562e-09
8.2956e-10
3.17493e-09
7.66529e-10
2.93397e-09
7.08288e-10
2.71127e-09
6.54475e-10
2.5055e-09
6.0477e-10
2.31541e-09
5.58876e-10
2.13981e-09
5.16488e-10
1.97751e-09
4.77313e-10
1.82751e-09
4.411e-10
1.68888e-09
4.07641e-10
1.56081e-09
3.76739e-10
1.44247e-09
3.48185e-10
1.33311e-09
3.21774e-10
1.23203e-09
2.97337e-10
1.13864e-09
2.74751e-10
1.05235e-09
2.53905e-10
9.72602e-10
2.3467e-10
8.98861e-10
2.16903e-10
8.30683e-10
2.00472e-10
7.6769e-10
1.85274e-10
7.09511e-10
1.71221e-10
6.5576e-10
1.5823e-10
6.06058e-10
1.46221e-10
5.60094e-10
1.35128e-10
5.17626e-10
1.24898e-10
4.78434e-10
1.1547e-10
4.42243e-10
1.06774e-10
4.08775e-10
9.8711e-11
3.77767e-10
9.12269e-11
3.49036e-10
8.42946e-11
3.22465e-10
7.79003e-11
2.97941e-10
7.20142e-11
2.75316e-10
6.65766e-11
2.54418e-10
6.15247e-11
2.35086e-10
5.68263e-11
2.17185e-10
5.24854e-11
2.0063e-10
4.84802e-11
1.85603e-10
4.4852e-11
4.15157e-11
5.85452e-08
1.96019e-08
5.40356e-08
1.80623e-08
4.98785e-08
1.66473e-08
4.60455e-08
1.53465e-08
4.25109e-08
1.41501e-08
3.92507e-08
1.30493e-08
3.62432e-08
1.20361e-08
3.34684e-08
1.11032e-08
3.0908e-08
1.02441e-08
2.85452e-08
9.45276e-09
2.63644e-08
8.72364e-09
2.43513e-08
8.0516e-09
2.24929e-08
7.43205e-09
2.07773e-08
6.86085e-09
1.91933e-08
6.33412e-09
1.77306e-08
5.84827e-09
1.63799e-08
5.40005e-09
1.51326e-08
4.98653e-09
1.39808e-08
4.605e-09
1.29169e-08
4.25291e-09
1.19342e-08
3.92794e-09
1.10265e-08
3.628e-09
1.01881e-08
3.35114e-09
9.41354e-09
3.09552e-09
8.698e-09
2.85945e-09
8.037e-09
2.64146e-09
7.4264e-09
2.44021e-09
6.86235e-09
2.25441e-09
6.34121e-09
2.08282e-09
5.85972e-09
1.92432e-09
5.41491e-09
1.77793e-09
5.00401e-09
1.64275e-09
4.62438e-09
1.5179e-09
4.27354e-09
1.40256e-09
3.94929e-09
1.29596e-09
3.64964e-09
1.19746e-09
3.37275e-09
1.10646e-09
3.11684e-09
1.02241e-09
2.8803e-09
9.44748e-10
2.6617e-09
8.72994e-10
2.45972e-09
8.06717e-10
2.27314e-09
7.45503e-10
2.10074e-09
6.88949e-10
1.9414e-09
6.36684e-10
1.79414e-09
5.88385e-10
1.65806e-09
5.43761e-10
1.53233e-09
5.02529e-10
1.41613e-09
4.64408e-10
1.30874e-09
4.29149e-10
1.20951e-09
3.96555e-10
1.11785e-09
3.66459e-10
1.03317e-09
3.38685e-10
9.54884e-10
3.1304e-10
8.82476e-10
2.89331e-10
8.15528e-10
2.67398e-10
7.53676e-10
2.47113e-10
6.96557e-10
2.28365e-10
6.43785e-10
2.11046e-10
5.94997e-10
1.95051e-10
5.49893e-10
1.80288e-10
5.08226e-10
1.66667e-10
4.6975e-10
1.54089e-10
4.34203e-10
1.42453e-10
4.01312e-10
1.31665e-10
3.70853e-10
1.21671e-10
3.4266e-10
1.12437e-10
3.16597e-10
1.03923e-10
2.92521e-10
9.60659e-11
2.70276e-10
8.87877e-11
2.49713e-10
8.20264e-11
2.30717e-10
7.57556e-11
2.13192e-10
6.99829e-11
1.9699e-10
6.47184e-11
1.82211e-10
5.97104e-11
5.54597e-11
5.70042e-08
2.4358e-08
5.26195e-08
2.2447e-08
4.85765e-08
2.06902e-08
4.48481e-08
1.9075e-08
4.14092e-08
1.75891e-08
3.82367e-08
1.62218e-08
3.53096e-08
1.49631e-08
3.26087e-08
1.38042e-08
3.01161e-08
1.27368e-08
2.78156e-08
1.17534e-08
2.56919e-08
1.08472e-08
2.37313e-08
1.0012e-08
2.19213e-08
9.24195e-09
2.02502e-08
8.53196e-09
1.87071e-08
7.87716e-09
1.72821e-08
7.27314e-09
1.59662e-08
6.7159e-09
1.47509e-08
6.20181e-09
1.36284e-08
5.72744e-09
1.25917e-08
5.28964e-09
1.16341e-08
4.88556e-09
1.07495e-08
4.51257e-09
9.93231e-09
4.16823e-09
9.17734e-09
3.85029e-09
8.47988e-09
3.5567e-09
7.83563e-09
3.28565e-09
7.24049e-09
3.0354e-09
6.69066e-09
2.8043e-09
6.18262e-09
2.59085e-09
5.71324e-09
2.39371e-09
5.27965e-09
2.21166e-09
4.8791e-09
2.04355e-09
4.50897e-09
1.88825e-09
4.16688e-09
1.74474e-09
3.85073e-09
1.61212e-09
3.5586e-09
1.48961e-09
3.28865e-09
1.37646e-09
3.03914e-09
1.27192e-09
2.80851e-09
1.17532e-09
2.59538e-09
1.08607e-09
2.39848e-09
1.00363e-09
2.21656e-09
9.27473e-10
2.04844e-09
8.5711e-10
1.89307e-09
7.92087e-10
1.74949e-09
7.32e-10
1.61681e-09
6.76476e-10
1.49419e-09
6.25155e-10
1.38085e-09
5.77705e-10
1.27613e-09
5.33841e-10
1.1794e-09
4.93324e-10
1.09006e-09
4.55922e-10
1.00751e-09
4.21388e-10
9.31162e-10
3.89471e-10
8.60531e-10
3.59948e-10
7.95232e-10
3.32642e-10
7.34919e-10
3.07404e-10
6.79228e-10
2.84095e-10
6.27782e-10
2.62573e-10
5.80226e-10
2.42701e-10
5.36265e-10
2.24353e-10
4.95641e-10
2.07404e-10
4.58107e-10
1.91731e-10
4.2341e-10
1.77218e-10
3.91313e-10
1.63776e-10
3.61614e-10
1.51342e-10
3.34141e-10
1.39863e-10
3.08735e-10
1.29267e-10
2.85243e-10
1.19472e-10
2.6352e-10
1.10401e-10
2.43446e-10
1.02003e-10
2.24918e-10
9.42431e-11
2.07848e-10
8.70867e-11
1.92073e-10
8.05895e-11
1.77539e-10
7.43995e-11
6.87703e-11
5.50916e-08
2.89452e-08
5.08614e-08
2.66771e-08
4.69599e-08
2.45917e-08
4.33611e-08
2.2674e-08
4.00408e-08
2.09095e-08
3.69771e-08
1.92856e-08
3.41498e-08
1.77905e-08
3.15405e-08
1.64137e-08
2.91321e-08
1.51454e-08
2.69088e-08
1.39769e-08
2.4856e-08
1.28999e-08
2.29608e-08
1.19071e-08
2.12109e-08
1.09919e-08
1.9595e-08
1.01478e-08
1.81027e-08
9.36933e-09
1.67245e-08
8.65117e-09
1.54517e-08
7.98865e-09
1.42762e-08
7.37737e-09
1.31904e-08
6.81327e-09
1.21874e-08
6.29262e-09
1.12609e-08
5.81204e-09
1.04049e-08
5.3684e-09
9.61416e-09
4.95882e-09
8.88357e-09
4.58064e-09
8.20866e-09
4.23148e-09
7.58522e-09
3.90911e-09
7.00926e-09
3.61144e-09
6.47708e-09
3.3365e-09
5.98535e-09
3.08257e-09
5.53109e-09
2.84808e-09
5.11144e-09
2.63154e-09
4.72371e-09
2.43153e-09
4.36537e-09
2.24672e-09
4.03418e-09
2.07595e-09
3.72815e-09
1.91818e-09
3.44538e-09
1.77246e-09
3.18404e-09
1.63786e-09
2.94248e-09
1.51348e-09
2.71921e-09
1.39854e-09
2.51289e-09
1.29234e-09
2.32228e-09
1.19425e-09
2.14615e-09
1.10364e-09
1.98338e-09
1.01991e-09
1.83295e-09
9.42532e-10
1.69393e-09
8.71028e-10
1.56546e-09
8.04947e-10
1.44671e-09
7.43865e-10
1.33696e-09
6.87407e-10
1.23559e-09
6.35243e-10
1.14197e-09
5.87073e-10
1.05551e-09
5.4259e-10
9.75576e-10
5.01486e-10
9.01622e-10
4.63472e-10
8.33208e-10
4.28313e-10
7.6998e-10
3.95813e-10
7.11596e-10
3.65797e-10
6.57694e-10
3.38084e-10
6.07899e-10
3.12492e-10
5.61867e-10
2.88852e-10
5.19306e-10
2.67008e-10
4.79959e-10
2.46813e-10
4.43585e-10
2.28128e-10
4.0996e-10
2.10832e-10
3.78872e-10
1.94827e-10
3.50127e-10
1.80036e-10
3.23538e-10
1.66376e-10
2.98933e-10
1.53756e-10
2.76166e-10
1.42088e-10
2.55121e-10
1.313e-10
2.35698e-10
1.21343e-10
2.17779e-10
1.12166e-10
2.01225e-10
1.03694e-10
1.85985e-10
9.58839e-11
1.71708e-10
8.87741e-11
8.18898e-11
5.28215e-08
3.33322e-08
4.87745e-08
3.07241e-08
4.50406e-08
2.83257e-08
4.15952e-08
2.61195e-08
3.84156e-08
2.40894e-08
3.54809e-08
2.22205e-08
3.2772e-08
2.04996e-08
3.02714e-08
1.89146e-08
2.79627e-08
1.74543e-08
2.5831e-08
1.61086e-08
2.38626e-08
1.48683e-08
2.20449e-08
1.37248e-08
2.03663e-08
1.26705e-08
1.88159e-08
1.1698e-08
1.7384e-08
1.0801e-08
1.60616e-08
9.97358e-09
1.48401e-08
9.21017e-09
1.37117e-08
8.50572e-09
1.26694e-08
7.85555e-09
1.17065e-08
7.25544e-09
1.08169e-08
6.70148e-09
9.9951e-09
6.19009e-09
9.23575e-09
5.71794e-09
8.5342e-09
5.28202e-09
7.8861e-09
4.87954e-09
7.28736e-09
4.5079e-09
6.73416e-09
4.16469e-09
6.22299e-09
3.84769e-09
5.75071e-09
3.55493e-09
5.31442e-09
3.28458e-09
4.91131e-09
3.03489e-09
4.53879e-09
2.80421e-09
4.19449e-09
2.59106e-09
3.87632e-09
2.39413e-09
3.58234e-09
2.21225e-09
3.31069e-09
2.04424e-09
3.05959e-09
1.88901e-09
2.82747e-09
1.74554e-09
2.61295e-09
1.61298e-09
2.41474e-09
1.49051e-09
2.23161e-09
1.37739e-09
2.06237e-09
1.27288e-09
1.90596e-09
1.17631e-09
1.7614e-09
1.08707e-09
1.62781e-09
1.0046e-09
1.50434e-09
9.28388e-10
1.39022e-09
8.57954e-10
1.28477e-09
7.92869e-10
1.18739e-09
7.32746e-10
1.09746e-09
6.77214e-10
1.01438e-09
6.25902e-10
9.3754e-10
5.78456e-10
8.66442e-10
5.34576e-10
8.0069e-10
4.94011e-10
7.39946e-10
4.56541e-10
6.83867e-10
4.21943e-10
6.32087e-10
3.8999e-10
5.84245e-10
3.60467e-10
5.4001e-10
3.33178e-10
4.99099e-10
3.07952e-10
4.61263e-10
2.84625e-10
4.26279e-10
2.63046e-10
3.93946e-10
2.43082e-10
3.64072e-10
2.24622e-10
3.36459e-10
2.07565e-10
3.10911e-10
1.9181e-10
2.87257e-10
1.77253e-10
2.6537e-10
1.63803e-10
2.45158e-10
1.51388e-10
2.26529e-10
1.39946e-10
2.0935e-10
1.29398e-10
1.93457e-10
1.19637e-10
1.78766e-10
1.10529e-10
1.64925e-10
1.02451e-10
9.46407e-11
5.0211e-08
3.74894e-08
4.63742e-08
3.4561e-08
4.28326e-08
3.18674e-08
3.95634e-08
2.93889e-08
3.65453e-08
2.71077e-08
3.37587e-08
2.50072e-08
3.11858e-08
2.30727e-08
2.881e-08
2.12906e-08
2.6616e-08
1.96485e-08
2.45898e-08
1.8135e-08
2.27183e-08
1.67397e-08
2.09898e-08
1.54533e-08
1.93932e-08
1.42669e-08
1.79183e-08
1.31727e-08
1.6556e-08
1.21632e-08
1.52976e-08
1.1232e-08
1.41351e-08
1.03727e-08
1.30611e-08
9.57962e-09
1.20689e-08
8.84765e-09
1.11522e-08
8.17201e-09
1.03052e-08
7.54832e-09
9.52265e-09
6.97251e-09
8.79955e-09
6.44087e-09
8.13146e-09
5.95001e-09
7.51423e-09
5.49678e-09
6.94394e-09
5.07824e-09
6.41697e-09
4.69168e-09
5.93006e-09
4.33467e-09
5.4802e-09
4.00496e-09
5.06457e-09
3.70044e-09
4.68049e-09
3.41915e-09
4.32551e-09
3.15925e-09
3.99745e-09
2.91914e-09
3.69432e-09
2.69735e-09
3.41424e-09
2.49249e-09
3.15536e-09
2.30322e-09
2.91604e-09
2.1283e-09
2.69483e-09
1.96665e-09
2.49041e-09
1.8173e-09
2.30155e-09
1.67935e-09
2.12704e-09
1.55191e-09
1.96575e-09
1.43416e-09
1.81666e-09
1.32534e-09
1.67889e-09
1.2248e-09
1.55156e-09
1.1319e-09
1.43386e-09
1.04606e-09
1.32509e-09
9.66731e-10
1.22461e-09
8.93436e-10
1.13182e-09
8.25722e-10
1.04612e-09
7.6315e-10
9.66907e-10
7.05303e-10
8.93634e-10
6.51806e-10
8.25853e-10
6.02348e-10
7.63198e-10
5.56652e-10
7.05328e-10
5.14454e-10
6.51896e-10
4.75479e-10
6.02547e-10
4.39462e-10
5.5694e-10
4.06163e-10
5.14769e-10
3.75379e-10
4.75758e-10
3.46922e-10
4.39671e-10
3.20612e-10
4.06303e-10
2.96283e-10
3.75476e-10
2.73785e-10
3.47005e-10
2.5299e-10
3.20694e-10
2.33778e-10
2.96346e-10
2.16034e-10
2.738e-10
1.99646e-10
2.52946e-10
1.84517e-10
2.33704e-10
1.70561e-10
2.15973e-10
1.57696e-10
1.9961e-10
1.45827e-10
1.84461e-10
1.34832e-10
1.70428e-10
1.24515e-10
1.57251e-10
1.15371e-10
1.06728e-10
4.728e-08
4.13898e-08
4.36783e-08
3.81628e-08
4.03521e-08
3.51938e-08
3.72803e-08
3.24609e-08
3.44431e-08
2.99449e-08
3.18227e-08
2.76278e-08
2.94024e-08
2.54933e-08
2.71667e-08
2.35265e-08
2.51014e-08
2.17139e-08
2.31935e-08
2.00429e-08
2.1431e-08
1.85023e-08
1.98026e-08
1.70816e-08
1.82982e-08
1.57712e-08
1.69082e-08
1.45624e-08
1.56241e-08
1.34472e-08
1.44378e-08
1.24183e-08
1.33416e-08
1.14687e-08
1.23287e-08
1.05923e-08
1.13928e-08
9.78336e-09
1.05281e-08
9.03663e-09
9.72906e-09
8.34726e-09
8.99068e-09
7.71076e-09
8.30838e-09
7.12306e-09
7.67795e-09
6.5804e-09
7.09543e-09
6.07931e-09
6.55714e-09
5.61654e-09
6.05973e-09
5.18913e-09
5.60014e-09
4.79437e-09
5.1755e-09
4.42979e-09
4.7831e-09
4.09302e-09
4.42044e-09
3.7819e-09
4.08525e-09
3.49447e-09
3.77552e-09
3.22896e-09
3.48934e-09
2.98371e-09
3.22485e-09
2.75713e-09
2.98034e-09
2.54774e-09
2.7543e-09
2.35424e-09
2.54539e-09
2.17544e-09
2.35238e-09
2.01026e-09
2.17404e-09
1.85768e-09
2.00922e-09
1.71671e-09
1.85687e-09
1.58645e-09
1.71606e-09
1.46609e-09
1.58593e-09
1.3549e-09
1.46566e-09
1.25216e-09
1.35449e-09
1.15723e-09
1.25176e-09
1.06951e-09
1.15686e-09
9.88451e-10
1.06922e-09
9.13546e-10
9.8824e-10
8.44303e-10
9.13379e-10
7.80277e-10
8.44146e-10
7.21079e-10
7.80131e-10
6.66375e-10
7.20975e-10
6.15847e-10
6.66331e-10
5.69175e-10
6.15858e-10
5.26042e-10
5.69229e-10
4.86162e-10
5.26138e-10
4.49286e-10
4.86295e-10
4.15202e-10
4.49434e-10
3.83703e-10
4.15328e-10
3.54588e-10
3.83792e-10
3.27669e-10
3.54668e-10
3.02782e-10
3.27782e-10
2.79786e-10
3.0294e-10
2.58549e-10
2.79949e-10
2.3894e-10
2.58662e-10
2.20837e-10
2.38982e-10
2.04126e-10
2.20826e-10
1.88701e-10
2.04084e-10
1.74461e-10
1.88615e-10
1.61312e-10
1.74284e-10
1.49152e-10
1.60992e-10
1.37793e-10
1.48835e-10
1.27427e-10
1.18178e-10
4.40501e-08
4.50081e-08
4.07067e-08
4.15064e-08
3.76171e-08
3.82835e-08
3.47622e-08
3.53159e-08
3.21242e-08
3.2583e-08
2.96866e-08
3.00656e-08
2.74342e-08
2.77459e-08
2.53527e-08
2.56081e-08
2.34292e-08
2.36373e-08
2.16518e-08
2.18203e-08
2.00093e-08
2.01447e-08
1.84913e-08
1.85993e-08
1.70885e-08
1.71737e-08
1.57923e-08
1.58585e-08
1.45945e-08
1.4645e-08
1.34876e-08
1.35251e-08
1.24646e-08
1.24915e-08
1.15192e-08
1.15375e-08
1.06456e-08
1.06569e-08
9.83827e-09
9.84391e-09
9.09215e-09
9.09329e-09
8.40261e-09
8.40019e-09
7.76539e-09
7.76021e-09
7.17654e-09
7.16924e-09
6.63237e-09
6.62349e-09
6.12946e-09
6.11944e-09
5.66474e-09
5.6539e-09
5.23533e-09
5.22391e-09
4.83853e-09
4.82675e-09
4.4718e-09
4.45986e-09
4.13283e-09
4.12092e-09
3.81958e-09
3.80782e-09
3.53013e-09
3.51859e-09
3.26262e-09
3.25138e-09
3.01534e-09
3.00447e-09
2.78671e-09
2.77628e-09
2.57539e-09
2.56542e-09
2.38012e-09
2.37062e-09
2.19971e-09
2.19067e-09
2.03298e-09
2.02441e-09
1.87888e-09
1.87079e-09
1.73644e-09
1.72884e-09
1.6048e-09
1.5977e-09
1.48313e-09
1.47656e-09
1.37067e-09
1.36462e-09
1.26672e-09
1.26119e-09
1.17065e-09
1.16561e-09
1.08191e-09
1.07728e-09
9.99932e-10
9.9563e-10
9.24176e-10
9.20146e-10
8.54147e-10
8.50356e-10
7.89409e-10
7.85852e-10
7.29573e-10
7.26258e-10
6.74276e-10
6.71208e-10
6.23174e-10
6.20334e-10
5.75954e-10
5.73296e-10
5.32332e-10
5.298e-10
4.92034e-10
4.8959e-10
4.54777e-10
4.52441e-10
4.20302e-10
4.18113e-10
3.88393e-10
3.86381e-10
3.58891e-10
3.57042e-10
3.31658e-10
3.29926e-10
3.06532e-10
3.0488e-10
2.8332e-10
2.81759e-10
2.61835e-10
2.60416e-10
2.41942e-10
2.40709e-10
2.2355e-10
2.22507e-10
2.06578e-10
2.0569e-10
1.9091e-10
1.90142e-10
1.76421e-10
1.75768e-10
1.62999e-10
1.625e-10
1.50545e-10
1.50219e-10
1.39261e-10
1.38746e-10
1.28527e-10
4.05454e-08
4.83222e-08
3.74808e-08
4.4571e-08
3.46471e-08
4.11173e-08
3.20271e-08
3.79361e-08
2.96047e-08
3.50055e-08
2.73652e-08
3.23053e-08
2.52947e-08
2.98166e-08
2.33805e-08
2.75223e-08
2.16109e-08
2.54069e-08
1.9975e-08
2.34562e-08
1.84627e-08
2.16569e-08
1.70647e-08
1.99971e-08
1.57724e-08
1.84658e-08
1.45779e-08
1.70529e-08
1.34739e-08
1.57489e-08
1.24533e-08
1.45455e-08
1.151e-08
1.34347e-08
1.0638e-08
1.24093e-08
9.8321e-09
1.14628e-08
9.08717e-09
1.05888e-08
8.39861e-09
9.78174e-09
7.76221e-09
9.03652e-09
7.17405e-09
8.34836e-09
6.63045e-09
7.71286e-09
6.12801e-09
7.12593e-09
5.66363e-09
6.58381e-09
5.23449e-09
6.08309e-09
4.83792e-09
5.6206e-09
4.47142e-09
5.19338e-09
4.13265e-09
4.79873e-09
3.81954e-09
4.43414e-09
3.53018e-09
4.09733e-09
3.26276e-09
3.78617e-09
3.01556e-09
3.49865e-09
2.78701e-09
3.23295e-09
2.57573e-09
2.98742e-09
2.38047e-09
2.76058e-09
2.20006e-09
2.55102e-09
2.03335e-09
2.3574e-09
1.87927e-09
2.17849e-09
1.73685e-09
2.01318e-09
1.60522e-09
1.86046e-09
1.48358e-09
1.71937e-09
1.37114e-09
1.58902e-09
1.26718e-09
1.46857e-09
1.17108e-09
1.35726e-09
1.08227e-09
1.2544e-09
1.00022e-09
1.15933e-09
9.24404e-10
1.07145e-09
8.54345e-10
9.90211e-10
7.89604e-10
9.15116e-10
7.29781e-10
8.45724e-10
6.74491e-10
7.81614e-10
6.23373e-10
7.22371e-10
5.76109e-10
6.67599e-10
5.32433e-10
6.16952e-10
4.92107e-10
5.70128e-10
4.54862e-10
5.26872e-10
4.20429e-10
4.86905e-10
3.88551e-10
4.49968e-10
3.59037e-10
4.15817e-10
3.31759e-10
3.84243e-10
3.06598e-10
3.55071e-10
2.83398e-10
3.28138e-10
2.61964e-10
3.03279e-10
2.42116e-10
2.80327e-10
2.23729e-10
2.59122e-10
2.06724e-10
2.39525e-10
1.91025e-10
2.21405e-10
1.76522e-10
2.04648e-10
1.63101e-10
1.89153e-10
1.5068e-10
1.74851e-10
1.392e-10
1.61688e-10
1.28801e-10
1.49289e-10
1.38054e-10
3.67909e-08
5.1312e-08
3.40239e-08
4.73379e-08
3.14634e-08
4.36778e-08
2.90942e-08
4.03053e-08
2.69023e-08
3.71976e-08
2.48745e-08
3.43332e-08
2.29987e-08
3.16924e-08
2.12636e-08
2.92574e-08
1.96587e-08
2.70117e-08
1.81745e-08
2.49404e-08
1.68018e-08
2.30295e-08
1.55323e-08
2.12664e-08
1.43585e-08
1.96395e-08
1.32731e-08
1.81381e-08
1.22696e-08
1.67523e-08
1.13418e-08
1.54732e-08
1.04839e-08
1.42925e-08
9.69082e-09
1.32024e-08
8.95755e-09
1.2196e-08
8.27961e-09
1.12666e-08
7.65291e-09
1.04083e-08
7.07362e-09
9.61579e-09
6.53815e-09
8.88388e-09
6.04315e-09
8.20789e-09
5.58556e-09
7.58351e-09
5.1626e-09
7.00677e-09
4.77171e-09
6.47407e-09
4.41045e-09
5.982e-09
4.07652e-09
5.52746e-09
3.76784e-09
5.10753e-09
3.48253e-09
4.71958e-09
3.21882e-09
4.36116e-09
2.97506e-09
4.02999e-09
2.7497e-09
3.72397e-09
2.54134e-09
3.44118e-09
2.34875e-09
3.1799e-09
2.17078e-09
2.93851e-09
2.00633e-09
2.71548e-09
1.85434e-09
2.5094e-09
1.71386e-09
2.31897e-09
1.58403e-09
2.14303e-09
1.46405e-09
1.98049e-09
1.35315e-09
1.83032e-09
1.25062e-09
1.69156e-09
1.1558e-09
1.56333e-09
1.06815e-09
1.44482e-09
9.87147e-10
1.33531e-09
9.12289e-10
1.2341e-09
8.43116e-10
1.14056e-09
7.79206e-10
1.05408e-09
7.20172e-10
9.74165e-10
6.65633e-10
9.00323e-10
6.15213e-10
8.32086e-10
5.6857e-10
7.69009e-10
5.25433e-10
7.10685e-10
4.85589e-10
6.56764e-10
4.48817e-10
6.06944e-10
4.14871e-10
5.60919e-10
3.83471e-10
5.18391e-10
3.5438e-10
4.79073e-10
3.27444e-10
4.42712e-10
3.0257e-10
4.09102e-10
2.7965e-10
3.78062e-10
2.58525e-10
3.4941e-10
2.38998e-10
3.2296e-10
2.20898e-10
2.98525e-10
2.04115e-10
2.75937e-10
1.88594e-10
2.55047e-10
1.74264e-10
2.35734e-10
1.61026e-10
2.17882e-10
1.48771e-10
2.01382e-10
1.3743e-10
1.86145e-10
1.2701e-10
1.72119e-10
1.17636e-10
1.58917e-10
1.46836e-10
3.28135e-08
5.39595e-08
3.03604e-08
4.97909e-08
2.80883e-08
4.59499e-08
2.59841e-08
4.24097e-08
2.40357e-08
3.91462e-08
2.22318e-08
3.61372e-08
2.05618e-08
3.33623e-08
1.90162e-08
3.0803e-08
1.75859e-08
2.84421e-08
1.62622e-08
2.62639e-08
1.50375e-08
2.42541e-08
1.39043e-08
2.23993e-08
1.28561e-08
2.06876e-08
1.18865e-08
1.91076e-08
1.09897e-08
1.76491e-08
1.01602e-08
1.63027e-08
9.39315e-09
1.50596e-08
8.68369e-09
1.39119e-08
8.02756e-09
1.2852e-08
7.42082e-09
1.18732e-08
6.85985e-09
1.09693e-08
6.34124e-09
1.01345e-08
5.86174e-09
9.36345e-09
5.41838e-09
8.65126e-09
5.00847e-09
7.9934e-09
4.62956e-09
7.38573e-09
4.27934e-09
6.82442e-09
3.95562e-09
6.30591e-09
3.65634e-09
5.82689e-09
3.37966e-09
5.38433e-09
3.12389e-09
4.97544e-09
2.88745e-09
4.59764e-09
2.66886e-09
4.24855e-09
2.46675e-09
3.92597e-09
2.27991e-09
3.62791e-09
2.10722e-09
3.35252e-09
1.94762e-09
3.09807e-09
1.80012e-09
2.86297e-09
1.6638e-09
2.64572e-09
1.53781e-09
2.44499e-09
1.42139e-09
2.25954e-09
1.31379e-09
2.08819e-09
1.21431e-09
1.92986e-09
1.12231e-09
1.78353e-09
1.03723e-09
1.6483e-09
9.58579e-10
1.52334e-09
8.8588e-10
1.40787e-09
8.18685e-10
1.30117e-09
7.56592e-10
1.20254e-09
6.99242e-10
1.11138e-09
6.46285e-10
1.02715e-09
5.97357e-10
9.49308e-10
5.52098e-10
8.77362e-10
5.10212e-10
8.10844e-10
4.71481e-10
7.49348e-10
4.35732e-10
6.92517e-10
4.02765e-10
6.40019e-10
3.72319e-10
5.91518e-10
3.44129e-10
5.46685e-10
3.17998e-10
5.05223e-10
2.93815e-10
4.66881e-10
2.71512e-10
4.31452e-10
2.50982e-10
3.98742e-10
2.32062e-10
3.68536e-10
2.14549e-10
3.40646e-10
1.98294e-10
3.14864e-10
1.83215e-10
2.9102e-10
1.69269e-10
2.68973e-10
1.56403e-10
2.48596e-10
1.44527e-10
2.29765e-10
1.33532e-10
2.12369e-10
1.23334e-10
1.96299e-10
1.13941e-10
1.81479e-10
1.0546e-10
1.67617e-10
1.54689e-10
2.86415e-08
5.62503e-08
2.65161e-08
5.19162e-08
2.45453e-08
4.79208e-08
2.2718e-08
4.42371e-08
2.10243e-08
4.084e-08
1.94548e-08
3.77068e-08
1.80006e-08
3.48165e-08
1.66536e-08
3.215e-08
1.54061e-08
2.96896e-08
1.4251e-08
2.7419e-08
1.31814e-08
2.53235e-08
1.21914e-08
2.33893e-08
1.1275e-08
2.16038e-08
1.0427e-08
1.99556e-08
9.64234e-09
1.84338e-08
8.91635e-09
1.70288e-08
8.24463e-09
1.57314e-08
7.62311e-09
1.45332e-08
7.04814e-09
1.34268e-08
6.51633e-09
1.24049e-08
6.02453e-09
1.14611e-08
5.56973e-09
1.05893e-08
5.14911e-09
9.78411e-09
4.76011e-09
9.04025e-09
4.40042e-09
8.35311e-09
4.0679e-09
7.71837e-09
3.76051e-09
7.13202e-09
3.4763e-09
6.59031e-09
3.21351e-09
6.08982e-09
2.97052e-09
5.62739e-09
2.74586e-09
5.20012e-09
2.53815e-09
4.80533e-09
2.34609e-09
4.44053e-09
2.16851e-09
4.10344e-09
2.00435e-09
3.79197e-09
1.85262e-09
3.50419e-09
1.71238e-09
3.23828e-09
1.58275e-09
2.99257e-09
1.46295e-09
2.76554e-09
1.35225e-09
2.55578e-09
1.24995e-09
2.36196e-09
1.15537e-09
2.18286e-09
1.0679e-09
2.01733e-09
9.86998e-10
1.86435e-09
9.12197e-10
1.72298e-09
8.43044e-10
1.59236e-09
7.79108e-10
1.47166e-09
7.19999e-10
1.36012e-09
6.65384e-10
1.25704e-09
6.14957e-10
1.16177e-09
5.68401e-10
1.07374e-09
5.25369e-10
9.9238e-10
4.85542e-10
9.17169e-10
4.4868e-10
8.47634e-10
4.14617e-10
7.83364e-10
3.83204e-10
7.23986e-10
3.54235e-10
6.69134e-10
3.2746e-10
6.18446e-10
3.02642e-10
5.71576e-10
2.79633e-10
5.28228e-10
2.58365e-10
4.88154e-10
2.38783e-10
4.51134e-10
2.20779e-10
4.16946e-10
2.04156e-10
3.85382e-10
1.88752e-10
3.56203e-10
1.74438e-10
3.29224e-10
1.61157e-10
3.04279e-10
1.48879e-10
2.81223e-10
1.37559e-10
2.59919e-10
1.27122e-10
2.40226e-10
1.17465e-10
2.22038e-10
1.08488e-10
2.05242e-10
1.00116e-10
1.8977e-10
9.23966e-11
1.75419e-10
1.61514e-10
2.43037e-08
5.81724e-08
2.25175e-08
5.37024e-08
2.08586e-08
4.95798e-08
1.93183e-08
4.57775e-08
1.78887e-08
4.22696e-08
1.65623e-08
3.90332e-08
1.53321e-08
3.60467e-08
1.41914e-08
3.32907e-08
1.3134e-08
3.07469e-08
1.21539e-08
2.83989e-08
1.12459e-08
2.62314e-08
1.04047e-08
2.42304e-08
9.62561e-09
2.23829e-08
8.90422e-09
2.0677e-08
8.23636e-09
1.91018e-08
7.61809e-09
1.76471e-08
7.04573e-09
1.63037e-08
6.51592e-09
1.50629e-08
6.02559e-09
1.3917e-08
5.57193e-09
1.28585e-08
5.15225e-09
1.18808e-08
4.76398e-09
1.09776e-08
4.40479e-09
1.01433e-08
4.07254e-09
9.3725e-09
3.76529e-09
8.66046e-09
3.48119e-09
8.00266e-09
3.21848e-09
7.39494e-09
2.9755e-09
6.83343e-09
2.75079e-09
6.3146e-09
2.54299e-09
5.83522e-09
2.35083e-09
5.39227e-09
2.17313e-09
4.98298e-09
2.0088e-09
4.60477e-09
1.85685e-09
4.25528e-09
1.71639e-09
3.93235e-09
1.58655e-09
3.63397e-09
1.46652e-09
3.35826e-09
1.35558e-09
3.10351e-09
1.25306e-09
2.86813e-09
1.15832e-09
2.65064e-09
1.07074e-09
2.44965e-09
9.89742e-10
2.2639e-09
9.14825e-10
2.09221e-09
8.45548e-10
1.93355e-09
7.815e-10
1.78694e-09
7.22277e-10
1.65148e-09
6.67501e-10
1.52631e-09
6.16853e-10
1.41063e-09
5.70066e-10
1.30372e-09
5.2688e-10
1.20494e-09
4.86996e-10
1.11366e-09
4.50113e-10
1.02928e-09
4.15966e-10
9.51269e-10
3.84373e-10
8.79155e-10
3.55205e-10
8.12516e-10
3.28321e-10
7.50954e-10
3.03517e-10
6.94076e-10
2.80562e-10
6.41502e-10
2.59267e-10
5.92885e-10
2.39535e-10
5.47933e-10
2.21323e-10
5.06391e-10
2.0458e-10
4.68013e-10
1.89177e-10
4.32567e-10
1.74956e-10
3.99813e-10
1.61756e-10
3.69528e-10
1.4948e-10
3.41526e-10
1.38089e-10
3.15644e-10
1.27563e-10
2.9173e-10
1.17853e-10
2.69637e-10
1.08919e-10
2.49182e-10
1.00661e-10
2.30306e-10
9.29924e-11
2.12881e-10
8.57871e-11
1.96866e-10
7.91438e-11
1.81958e-10
1.67963e-10
1.983e-08
5.97162e-08
1.83918e-08
5.51406e-08
1.70532e-08
5.09186e-08
1.58078e-08
4.7023e-08
1.46498e-08
4.34277e-08
1.35737e-08
4.01093e-08
1.2574e-08
3.70464e-08
1.16458e-08
3.42188e-08
1.07843e-08
3.16084e-08
9.98492e-09
2.91982e-08
9.24346e-09
2.69728e-08
8.55592e-09
2.49178e-08
7.91858e-09
2.30202e-08
7.32795e-09
2.12676e-08
6.78074e-09
1.9649e-08
6.2738e-09
1.81541e-08
5.80418e-09
1.67733e-08
5.36921e-09
1.54978e-08
4.96645e-09
1.43197e-08
4.59361e-09
1.32313e-08
4.24851e-09
1.22259e-08
3.92911e-09
1.1297e-08
3.63352e-09
1.04388e-08
3.36005e-09
9.64602e-09
3.10709e-09
8.91356e-09
2.87309e-09
8.23684e-09
2.65662e-09
7.61155e-09
2.45636e-09
7.03377e-09
2.27112e-09
6.49989e-09
2.09978e-09
6.00657e-09
1.94129e-09
5.55074e-09
1.79469e-09
5.12951e-09
1.6591e-09
4.74026e-09
1.53373e-09
4.38056e-09
1.41783e-09
4.04819e-09
1.31068e-09
3.74108e-09
1.21162e-09
3.45731e-09
1.12006e-09
3.19512e-09
1.03544e-09
2.95285e-09
9.57216e-10
2.72898e-09
8.84873e-10
2.52207e-09
8.17955e-10
2.33082e-09
7.56068e-10
2.15406e-09
6.98855e-10
1.99073e-09
6.45959e-10
1.8398e-09
5.9703e-10
1.70035e-09
5.51755e-10
1.57147e-09
5.09891e-10
1.45237e-09
4.71225e-10
1.34232e-09
4.35534e-10
1.24063e-09
4.02565e-10
1.14665e-09
3.72058e-10
1.05977e-09
3.4381e-10
9.79446e-10
3.17696e-10
9.05203e-10
2.93612e-10
8.36603e-10
2.71415e-10
7.7323e-10
2.50912e-10
7.14672e-10
2.31912e-10
6.60538e-10
2.14278e-10
6.10488e-10
1.97958e-10
5.64222e-10
1.82924e-10
5.21474e-10
1.69108e-10
4.81986e-10
1.56401e-10
4.45491e-10
1.44653e-10
4.11753e-10
1.33737e-10
3.80555e-10
1.23583e-10
3.51714e-10
1.14162e-10
3.2506e-10
1.0546e-10
3.00426e-10
9.7454e-11
2.77648e-10
9.00279e-11
2.56617e-10
8.31996e-11
2.37139e-10
7.69063e-11
2.19161e-10
7.09863e-11
2.02673e-10
6.52407e-11
1.87352e-10
1.73448e-10
1.52507e-08
6.08756e-08
1.41668e-08
5.62246e-08
1.31544e-08
5.1931e-08
1.22098e-08
4.79676e-08
1.1329e-08
4.43085e-08
1.05085e-08
4.09299e-08
9.74445e-09
3.78104e-08
9.03354e-09
3.49296e-08
8.37244e-09
3.22694e-08
7.75798e-09
2.98126e-08
7.18711e-09
2.75436e-08
6.65696e-09
2.54479e-08
6.16487e-09
2.35122e-08
5.7083e-09
2.17242e-08
5.28482e-09
2.00726e-08
4.89208e-09
1.85469e-08
4.5279e-09
1.71375e-08
4.19029e-09
1.58354e-08
3.87741e-09
1.46325e-08
3.58755e-09
1.35211e-08
3.31906e-09
1.24943e-08
3.07041e-09
1.15456e-08
2.84021e-09
1.0669e-08
2.62714e-09
9.85918e-09
2.42994e-09
9.11089e-09
2.24742e-09
8.41946e-09
2.07849e-09
7.78054e-09
1.92216e-09
7.19013e-09
1.77751e-09
6.64456e-09
1.64366e-09
6.14042e-09
1.51981e-09
5.67455e-09
1.4052e-09
5.24402e-09
1.29919e-09
4.84617e-09
1.20116e-09
4.47853e-09
1.11053e-09
4.13881e-09
1.02674e-09
3.82491e-09
9.49273e-10
3.53486e-09
8.77656e-10
3.26686e-09
8.11436e-10
3.0192e-09
7.5018e-10
2.79032e-09
6.93514e-10
2.57875e-09
6.41098e-10
2.38322e-09
5.92637e-10
2.20252e-09
5.47844e-10
2.03554e-09
5.06419e-10
1.88123e-09
4.68079e-10
1.73864e-09
4.32585e-10
1.60687e-09
3.99775e-10
1.48508e-09
3.69475e-10
1.37257e-09
3.41497e-10
1.2686e-09
3.15632e-10
1.1725e-09
2.91686e-10
1.08365e-09
2.69524e-10
1.00151e-09
2.49062e-10
9.25603e-10
2.30203e-10
8.55472e-10
2.12818e-10
7.90679e-10
1.96746e-10
7.30799e-10
1.81835e-10
6.75448e-10
1.67997e-10
6.24287e-10
1.55198e-10
5.7701e-10
1.43414e-10
5.33331e-10
1.32591e-10
4.9297e-10
1.22643e-10
4.55642e-10
1.13437e-10
4.2114e-10
1.04879e-10
3.89232e-10
9.69128e-11
3.59734e-10
8.95146e-11
3.32468e-10
8.2669e-11
3.07261e-10
7.63465e-11
2.83956e-10
7.05397e-11
2.62419e-10
6.51953e-11
2.42504e-10
6.03174e-11
2.24095e-10
5.58237e-11
2.07178e-10
5.1191e-11
1.91597e-10
1.77352e-10
1.0596e-08
6.16469e-08
9.87017e-09
5.69506e-08
9.18794e-09
5.26134e-08
8.54785e-09
4.86078e-08
7.94805e-09
4.49083e-08
7.38663e-09
4.14914e-08
6.86171e-09
3.83352e-08
6.37143e-09
3.54198e-08
5.91396e-09
3.27268e-08
5.48743e-09
3.02391e-08
5.09001e-09
2.79409e-08
4.71998e-09
2.58178e-08
4.3757e-09
2.38564e-08
4.05561e-09
2.20444e-08
3.75813e-09
2.03702e-08
3.48173e-09
1.88234e-08
3.22498e-09
1.73942e-08
2.98659e-09
1.60737e-08
2.76535e-09
1.48536e-08
2.5601e-09
1.37262e-08
2.36976e-09
1.26845e-08
2.19333e-09
1.1722e-08
2.02984e-09
1.08326e-08
1.87839e-09
1.00107e-08
1.73809e-09
9.25127e-09
1.60811e-09
8.54947e-09
1.48773e-09
7.90093e-09
1.37626e-09
7.30161e-09
1.27306e-09
6.74776e-09
1.17751e-09
6.23595e-09
1.08903e-09
5.76295e-09
1.00712e-09
5.32584e-09
9.31328e-10
4.9219e-09
8.61242e-10
4.54863e-09
7.9644e-10
4.2037e-09
7.36522e-10
3.88497e-09
6.8111e-10
3.59044e-09
6.29852e-10
3.31827e-09
5.82421e-10
3.06674e-09
5.38524e-10
2.83426e-09
4.97869e-10
2.61941e-09
4.60289e-10
2.4208e-09
4.25555e-10
2.23728e-09
3.93448e-10
2.06769e-09
3.63741e-10
1.91096e-09
3.36232e-10
1.76611e-09
3.10776e-10
1.63224e-09
2.87207e-10
1.50858e-09
2.65443e-10
1.39429e-09
2.45337e-10
1.28867e-09
2.26731e-10
1.19103e-09
2.09503e-10
1.10077e-09
1.93571e-10
1.01734e-09
1.78884e-10
9.40243e-10
1.65365e-10
8.69017e-10
1.52901e-10
8.03206e-10
1.41363e-10
7.42384e-10
1.30646e-10
6.86171e-10
1.20696e-10
6.34224e-10
1.11496e-10
5.86225e-10
1.03035e-10
5.41872e-10
9.52772e-11
5.00872e-10
8.812e-11
4.62977e-10
8.15097e-11
4.27915e-10
7.53634e-11
3.95493e-10
6.96306e-11
3.65515e-10
6.42929e-11
3.37795e-10
5.93503e-11
3.12161e-10
5.47985e-11
2.88467e-10
5.06221e-11
2.66581e-10
4.67864e-11
2.46372e-10
4.33009e-11
2.27686e-10
4.02404e-11
2.10414e-10
3.71578e-11
1.94604e-10
1.80055e-10
5.8961e-09
6.20283e-08
5.52981e-09
5.73168e-08
5.17945e-09
5.29638e-08
4.84568e-09
4.89417e-08
4.52864e-09
4.52255e-08
4.22824e-09
4.17918e-08
3.94431e-09
3.86191e-08
3.67655e-09
3.56875e-08
3.42455e-09
3.29787e-08
3.18775e-09
3.04758e-08
2.96552e-09
2.81631e-08
2.75729e-09
2.6026e-08
2.56246e-09
2.40513e-08
2.38038e-09
2.22266e-08
2.21034e-09
2.05404e-08
2.05164e-09
1.89822e-08
1.90363e-09
1.75422e-08
1.7657e-09
1.62116e-08
1.63726e-09
1.49819e-08
1.51774e-09
1.38456e-08
1.40661e-09
1.27956e-08
1.30336e-09
1.18252e-08
1.20749e-09
1.09284e-08
1.11849e-09
1.00997e-08
1.03587e-09
9.3339e-09
9.59178e-10
8.62613e-09
8.8804e-10
7.97204e-09
8.22083e-10
7.36754e-09
7.60936e-10
6.80889e-09
7.04234e-10
6.29259e-09
6.51656e-10
5.81546e-09
6.02935e-10
5.37451e-09
5.57831e-10
4.96702e-09
5.16109e-10
4.59046e-09
4.77522e-10
4.24247e-09
4.41825e-10
3.92088e-09
4.0878e-10
3.6237e-09
3.78171e-10
3.34904e-09
3.49802e-10
3.0952e-09
3.2351e-10
2.86057e-09
2.9919e-10
2.64373e-09
2.76667e-10
2.44334e-09
2.55862e-10
2.25813e-09
2.36623e-10
2.08697e-09
2.18806e-10
1.92878e-09
2.0229e-10
1.78258e-09
1.86986e-10
1.64748e-09
1.72841e-10
1.52266e-09
1.59757e-10
1.40731e-09
1.47643e-10
1.30069e-09
1.36419e-10
1.20213e-09
1.26029e-10
1.11102e-09
1.1643e-10
1.02685e-09
1.07617e-10
9.49044e-10
9.95151e-11
8.77177e-10
9.20437e-11
8.10763e-10
8.51166e-11
7.49382e-10
7.86683e-11
6.92656e-10
7.26699e-11
6.40238e-10
6.7116e-11
5.91805e-10
6.20076e-11
5.47041e-10
5.73247e-11
5.05657e-10
5.30369e-11
4.67391e-10
4.90693e-11
4.31998e-10
4.5367e-11
3.99261e-10
4.18934e-11
3.68982e-10
3.86449e-11
3.40976e-10
3.56419e-11
3.15081e-10
3.28996e-11
2.91159e-10
3.04088e-11
2.69076e-10
2.81202e-11
2.48705e-10
2.60123e-11
2.29875e-10
2.42262e-11
2.12383e-10
2.2621e-11
1.96426e-10
1.81399e-10
1.18123e-09
6.20215e-08
1.17355e-09
5.73245e-08
1.15456e-09
5.29828e-08
1.12687e-09
4.89695e-08
1.09257e-09
4.52598e-08
1.05338e-09
4.1831e-08
1.01077e-09
3.86616e-08
9.65983e-10
3.57323e-08
9.1997e-10
3.30247e-08
8.7347e-10
3.05223e-08
8.27083e-10
2.82094e-08
7.81314e-10
2.60718e-08
7.36565e-10
2.40961e-08
6.93112e-10
2.22701e-08
6.51142e-10
2.05824e-08
6.1079e-10
1.90225e-08
5.72158e-10
1.75808e-08
5.35305e-10
1.62484e-08
5.00255e-10
1.50169e-08
4.67024e-10
1.38788e-08
4.3563e-10
1.28269e-08
4.06068e-10
1.18547e-08
3.78285e-10
1.09562e-08
3.52184e-10
1.01258e-08
3.27673e-10
9.35838e-09
3.04686e-10
8.64906e-09
2.83181e-10
7.99348e-09
2.63094e-10
7.38759e-09
2.44336e-10
6.82761e-09
2.26811e-10
6.31009e-09
2.10449e-10
5.8318e-09
1.95203e-10
5.38979e-09
1.81041e-10
4.9813e-09
1.67912e-10
4.60377e-09
1.55748e-10
4.25487e-09
1.44462e-10
3.93242e-09
1.33963e-10
3.6344e-09
1.24173e-10
3.35896e-09
1.15041e-10
3.10438e-09
1.06538e-10
2.86908e-09
9.86456e-11
2.65162e-09
9.1352e-11
2.45065e-09
8.45995e-11
2.26491e-09
7.83399e-11
2.09324e-09
7.25229e-11
1.93458e-09
6.71144e-11
1.78796e-09
6.20882e-11
1.65247e-09
5.74202e-11
1.52726e-09
5.30744e-11
1.41155e-09
4.90241e-11
1.3046e-09
4.52567e-11
1.20574e-09
4.17804e-11
1.11439e-09
3.86266e-11
1.02996e-09
3.57174e-11
9.51993e-10
3.30661e-11
8.79924e-10
3.06274e-11
8.13314e-10
2.83545e-11
7.51749e-10
2.62188e-11
6.9485e-10
2.42075e-11
6.42272e-10
2.23297e-11
5.93684e-10
2.06035e-11
5.48772e-10
1.90378e-11
5.07247e-10
1.76224e-11
4.68846e-10
1.63114e-11
4.33333e-10
1.50679e-11
4.00475e-10
1.38717e-11
3.70081e-10
1.2737e-11
3.41978e-10
1.17094e-11
3.16e-10
1.0807e-11
2.92029e-10
1.00239e-11
2.69905e-10
9.3121e-12
2.49489e-10
8.62382e-12
2.3061e-10
8.02303e-12
2.1307e-10
7.86138e-12
1.96889e-10
1.81809e-10
-3.51938e-09
6.16304e-08
-3.1715e-09
5.69767e-08
-2.86167e-09
5.26732e-08
-2.58542e-09
4.86933e-08
-2.33875e-09
4.50132e-08
-2.11818e-09
4.16104e-08
-1.92062e-09
3.84641e-08
-1.74339e-09
3.5555e-08
-1.58417e-09
3.28656e-08
-1.44095e-09
3.03791e-08
-1.31196e-09
2.80805e-08
-1.19565e-09
2.59555e-08
-1.09063e-09
2.3991e-08
-9.95678e-10
2.21751e-08
-9.09723e-10
2.04963e-08
-8.31808e-10
1.89445e-08
-7.61109e-10
1.75101e-08
-6.96915e-10
1.61841e-08
-6.38587e-10
1.49585e-08
-5.85518e-10
1.38256e-08
-5.37141e-10
1.27784e-08
-4.92969e-10
1.18105e-08
-4.52612e-10
1.09159e-08
-4.15747e-10
1.0089e-08
-3.82074e-10
9.32465e-09
-3.51283e-10
8.61819e-09
-3.23082e-10
7.96522e-09
-2.97221e-10
7.3617e-09
-2.73502e-10
6.80391e-09
-2.51759e-10
6.28839e-09
-2.31828e-10
5.81195e-09
-2.13536e-10
5.3716e-09
-1.96708e-10
4.96462e-09
-1.81198e-10
4.58846e-09
-1.66896e-10
4.2408e-09
-1.5373e-10
3.91948e-09
-1.41641e-10
3.62248e-09
-1.30558e-10
3.34798e-09
-1.20396e-10
3.09425e-09
-1.11056e-10
2.85975e-09
-1.02449e-10
2.64302e-09
-9.45042e-11
2.44272e-09
-8.71746e-11
2.25759e-09
-8.0418e-11
2.08649e-09
-7.41916e-11
1.92835e-09
-6.84586e-11
1.78222e-09
-6.31912e-11
1.64717e-09
-5.83641e-11
1.52237e-09
-5.3946e-11
1.40701e-09
-4.98919e-11
1.3004e-09
-4.61491e-11
1.20188e-09
-4.26706e-11
1.11085e-09
-3.94365e-11
1.02674e-09
-3.64055e-11
9.49038e-10
-3.35877e-11
8.77213e-10
-3.09793e-11
8.10816e-10
-2.85796e-11
7.49439e-10
-2.63902e-11
6.92709e-10
-2.44066e-11
6.40283e-10
-2.26041e-11
5.91829e-10
-2.09471e-11
5.47038e-10
-1.93917e-11
5.05617e-10
-1.79198e-11
4.67303e-10
-1.65741e-11
4.31898e-10
-1.53483e-11
3.99116e-10
-1.42436e-11
3.68806e-10
-1.32291e-11
3.40802e-10
-1.22807e-11
3.14957e-10
-1.1344e-11
2.91093e-10
-1.04395e-11
2.69072e-10
-9.59766e-12
2.48722e-10
-8.86979e-12
2.29897e-10
-8.25777e-12
2.12469e-10
-7.24988e-12
1.96216e-10
1.81032e-10
-8.17635e-09
6.08606e-08
-7.47827e-09
5.62787e-08
-6.84425e-09
5.20393e-08
-6.26807e-09
4.81174e-08
-5.74393e-09
4.44892e-08
-5.26664e-09
4.11331e-08
-4.83159e-09
3.8029e-08
-4.43466e-09
3.51582e-08
-4.07224e-09
3.25033e-08
-3.7411e-09
3.00481e-08
-3.43833e-09
2.77778e-08
-3.16135e-09
2.56785e-08
-2.90778e-09
2.37374e-08
-2.67548e-09
2.19426e-08
-2.46252e-09
2.02832e-08
-2.26715e-09
1.87491e-08
-2.08786e-09
1.73307e-08
-1.9233e-09
1.60195e-08
-1.77219e-09
1.48073e-08
-1.63334e-09
1.36866e-08
-1.50565e-09
1.26506e-08
-1.38815e-09
1.1693e-08
-1.28002e-09
1.08078e-08
-1.18052e-09
9.98946e-09
-1.08896e-09
9.23303e-09
-1.00465e-09
8.53382e-09
-9.26963e-10
7.88751e-09
-8.55344e-10
7.29014e-09
-7.89324e-10
6.73801e-09
-7.28487e-10
6.2277e-09
-6.72434e-10
5.75602e-09
-6.20763e-10
5.32005e-09
-5.73089e-10
4.91707e-09
-5.29065e-10
4.5446e-09
-4.88411e-10
4.20033e-09
-4.50896e-10
3.88213e-09
-4.1631e-10
3.58801e-09
-3.84432e-10
3.31615e-09
-3.55038e-10
3.06486e-09
-3.27913e-10
2.83261e-09
-3.02868e-10
2.61796e-09
-2.79739e-10
2.41958e-09
-2.58377e-10
2.23623e-09
-2.38644e-10
2.06676e-09
-2.20413e-10
1.91015e-09
-2.03583e-10
1.76541e-09
-1.8807e-10
1.63164e-09
-1.73784e-10
1.50801e-09
-1.60622e-10
1.39374e-09
-1.48471e-10
1.28814e-09
-1.37229e-10
1.19057e-09
-1.2682e-10
1.10044e-09
-1.17187e-10
1.01716e-09
-1.08273e-10
9.40191e-10
-1.00026e-10
8.69036e-10
-9.23925e-11
8.03251e-10
-8.53386e-11
7.42437e-10
-7.8846e-11
6.86226e-10
-7.28913e-11
6.34272e-10
-6.7431e-11
5.86246e-10
-6.23986e-11
5.41844e-10
-5.77389e-11
5.00788e-10
-5.34241e-11
4.62823e-10
-4.93786e-11
4.27681e-10
-4.56682e-11
3.95222e-10
-4.22637e-11
3.65227e-10
-3.91126e-11
3.37527e-10
-3.61565e-11
3.11963e-10
-3.33806e-11
2.88357e-10
-3.0783e-11
2.66544e-10
-2.84214e-11
2.46397e-10
-2.63192e-11
2.27755e-10
-2.44125e-11
2.10487e-10
-2.22669e-11
1.94338e-10
1.79611e-10
-1.27615e-08
5.9721e-08
-1.17207e-08
5.52378e-08
-1.07691e-08
5.10878e-08
-9.8988e-09
4.72471e-08
-9.1023e-09
4.36927e-08
-8.37285e-09
4.04037e-08
-7.70436e-09
3.73607e-08
-7.09139e-09
3.45454e-08
-6.52904e-09
3.19411e-08
-6.01291e-09
2.95321e-08
-5.53901e-09
2.73039e-08
-5.10371e-09
2.52431e-08
-4.70369e-09
2.33372e-08
-4.33592e-09
2.15747e-08
-3.99764e-09
1.99448e-08
-3.68637e-09
1.84378e-08
-3.39993e-09
1.70442e-08
-3.13628e-09
1.57557e-08
-2.89354e-09
1.45643e-08
-2.66994e-09
1.34629e-08
-2.46388e-09
1.24445e-08
-2.27393e-09
1.1503e-08
-2.09882e-09
1.06327e-08
-1.93741e-09
9.82803e-09
-1.7886e-09
9.08418e-09
-1.65134e-09
8.39656e-09
-1.52469e-09
7.76095e-09
-1.4078e-09
7.17343e-09
-1.29994e-09
6.63037e-09
-1.20044e-09
6.12838e-09
-1.10867e-09
5.66436e-09
-1.02398e-09
5.23543e-09
-9.4578e-10
4.83894e-09
-8.73535e-10
4.47247e-09
-8.06801e-10
4.13374e-09
-7.4519e-10
3.82063e-09
-6.88334e-10
3.53122e-09
-6.35865e-10
3.26369e-09
-5.87425e-10
3.01641e-09
-5.42689e-10
2.78787e-09
-5.01368e-10
2.57664e-09
-4.63201e-10
2.38141e-09
-4.27939e-10
2.20098e-09
-3.9535e-10
2.03422e-09
-3.65235e-10
1.8801e-09
-3.37429e-10
1.73765e-09
-3.11779e-10
1.60598e-09
-2.88122e-10
1.48429e-09
-2.66282e-10
1.37182e-09
-2.46092e-10
1.2679e-09
-2.27415e-10
1.1719e-09
-2.10147e-10
1.0832e-09
-1.942e-10
1.00124e-09
-1.7947e-10
9.25467e-10
-1.6585e-10
8.55412e-10
-1.53242e-10
7.90646e-10
-1.41581e-10
7.30776e-10
-1.3083e-10
6.75436e-10
-1.20946e-10
6.24278e-10
-1.1186e-10
5.76978e-10
-1.0348e-10
5.33242e-10
-9.5716e-11
4.92803e-10
-8.85049e-11
4.55414e-10
-8.18425e-11
4.20846e-10
-7.56802e-11
3.88916e-10
-6.99819e-11
3.59429e-10
-6.46967e-11
3.32208e-10
-5.97771e-11
3.07076e-10
-5.52067e-11
2.83856e-10
-5.09908e-11
2.62384e-10
-4.70849e-11
2.42498e-10
-4.3543e-11
2.24148e-10
-4.03963e-11
2.07195e-10
-3.74529e-11
1.91418e-10
1.77144e-10
-1.7248e-08
5.8222e-08
-1.58735e-08
5.38635e-08
-1.46127e-08
4.98271e-08
-1.34557e-08
4.60902e-08
-1.23936e-08
4.26306e-08
-1.1418e-08
3.94282e-08
-1.05215e-08
3.64643e-08
-9.69746e-09
3.37214e-08
-8.93965e-09
3.11834e-08
-8.24257e-09
2.8835e-08
-7.60116e-09
2.66625e-08
-7.01084e-09
2.46526e-08
-6.46734e-09
2.27935e-08
-5.96679e-09
2.1074e-08
-5.50567e-09
1.94836e-08
-5.08079e-09
1.80128e-08
-4.68925e-09
1.66526e-08
-4.32839e-09
1.53947e-08
-3.99571e-09
1.42315e-08
-3.68892e-09
1.31559e-08
-3.40592e-09
1.21614e-08
-3.14483e-09
1.1242e-08
-2.90395e-09
1.03918e-08
-2.68171e-09
9.60579e-09
-2.47664e-09
8.87913e-09
-2.28734e-09
8.20736e-09
-2.11256e-09
7.58636e-09
-1.95119e-09
7.0123e-09
-1.80222e-09
6.48162e-09
-1.66474e-09
5.99104e-09
-1.53786e-09
5.53751e-09
-1.4207e-09
5.11827e-09
-1.31247e-09
4.73074e-09
-1.21247e-09
4.37254e-09
-1.12009e-09
4.04144e-09
-1.03478e-09
3.73538e-09
-9.56018e-10
3.45246e-09
-8.83287e-10
3.19094e-09
-8.16106e-10
2.94922e-09
-7.54042e-10
2.7258e-09
-6.96708e-10
2.51932e-09
-6.43741e-10
2.32847e-09
-5.94797e-10
2.15209e-09
-5.49563e-10
1.98906e-09
-5.07766e-10
1.83838e-09
-4.6917e-10
1.6991e-09
-4.33546e-10
1.57036e-09
-4.00656e-10
1.45137e-09
-3.7026e-10
1.34141e-09
-3.4215e-10
1.23982e-09
-3.16162e-10
1.14596e-09
-2.92162e-10
1.05922e-09
-2.70015e-10
9.79055e-10
-2.49566e-10
9.0494e-10
-2.30654e-10
8.36422e-10
-2.13146e-10
7.73086e-10
-1.96953e-10
7.14542e-10
-1.82018e-10
6.60423e-10
-1.68274e-10
6.10385e-10
-1.55621e-10
5.64115e-10
-1.43942e-10
5.21332e-10
-1.33125e-10
4.81782e-10
-1.23089e-10
4.45232e-10
-1.13791e-10
4.11462e-10
-1.05184e-10
3.80277e-10
-9.72201e-11
3.51483e-10
-8.98452e-11
3.24891e-10
-8.30113e-11
3.00319e-10
-7.66874e-11
2.77596e-10
-7.08425e-11
2.56569e-10
-6.54564e-11
2.37112e-10
-6.04825e-11
2.1915e-10
-5.6018e-11
2.02611e-10
-5.23003e-11
1.87452e-10
1.73255e-10
-2.16098e-08
5.63747e-08
-1.99125e-08
5.21662e-08
-1.83524e-08
4.82671e-08
-1.69178e-08
4.46556e-08
-1.55982e-08
4.1311e-08
-1.43839e-08
3.8214e-08
-1.32663e-08
3.53467e-08
-1.22372e-08
3.26925e-08
-1.12896e-08
3.02357e-08
-1.04166e-08
2.79621e-08
-9.6123e-09
2.58581e-08
-8.87113e-09
2.39114e-08
-8.18798e-09
2.21103e-08
-7.55818e-09
2.04441e-08
-6.97744e-09
1.89028e-08
-6.44189e-09
1.74771e-08
-5.94794e-09
1.61584e-08
-5.4923e-09
1.49388e-08
-5.07193e-09
1.38109e-08
-4.68401e-09
1.27679e-08
-4.32598e-09
1.18034e-08
-3.9955e-09
1.09115e-08
-3.69044e-09
1.00867e-08
-3.40882e-09
9.32422e-09
-3.14881e-09
8.61923e-09
-2.90871e-09
7.96744e-09
-2.68697e-09
7.36485e-09
-2.48219e-09
6.80774e-09
-2.29311e-09
6.29269e-09
-2.11854e-09
5.81651e-09
-1.95735e-09
5.3763e-09
-1.80846e-09
4.96936e-09
-1.67089e-09
4.59319e-09
-1.54377e-09
4.24548e-09
-1.42633e-09
3.92405e-09
-1.31787e-09
3.62692e-09
-1.21769e-09
3.35226e-09
-1.12515e-09
3.09838e-09
-1.03965e-09
2.86372e-09
-9.60649e-10
2.64684e-09
-8.87664e-10
2.44638e-09
-8.20232e-10
2.2611e-09
-7.57918e-10
2.08985e-09
-7.00331e-10
1.93157e-09
-6.47126e-10
1.78525e-09
-5.97988e-10
1.65e-09
-5.52609e-10
1.52498e-09
-5.10679e-10
1.40944e-09
-4.71911e-10
1.30268e-09
-4.36064e-10
1.20403e-09
-4.02944e-10
1.11288e-09
-3.72377e-10
1.02863e-09
-3.44174e-10
9.50749e-10
-3.18124e-10
8.78754e-10
-2.94027e-10
8.1221e-10
-2.71723e-10
7.50708e-10
-2.51104e-10
6.93862e-10
-2.32086e-10
6.41306e-10
-2.14571e-10
5.92708e-10
-1.98429e-10
5.47769e-10
-1.83515e-10
5.06227e-10
-1.69696e-10
4.67837e-10
-1.56876e-10
4.32374e-10
-1.44994e-10
3.99619e-10
-1.33996e-10
3.69369e-10
-1.23828e-10
3.41425e-10
-1.14432e-10
3.15596e-10
-1.05748e-10
2.91708e-10
-9.77241e-11
2.69606e-10
-9.03066e-11
2.49158e-10
-8.34362e-11
2.30254e-10
-7.7053e-11
2.12809e-10
-7.12419e-11
1.96768e-10
-6.63548e-11
1.82142e-10
1.68331e-10
-2.58215e-08
5.41939e-08
-2.38143e-08
5.01589e-08
-2.19665e-08
4.64191e-08
-2.02648e-08
4.29538e-08
-1.86973e-08
3.97434e-08
-1.72532e-08
3.67697e-08
-1.59223e-08
3.40158e-08
-1.46956e-08
3.14657e-08
-1.35647e-08
2.91048e-08
-1.25219e-08
2.69194e-08
-1.15603e-08
2.48965e-08
-1.06734e-08
2.30245e-08
-9.85525e-09
2.12922e-08
-9.10047e-09
1.96893e-08
-8.40405e-09
1.82063e-08
-7.7614e-09
1.68343e-08
-7.16831e-09
1.55652e-08
-6.62091e-09
1.43913e-08
-6.11562e-09
1.33055e-08
-5.64914e-09
1.23013e-08
-5.21843e-09
1.13726e-08
-4.82071e-09
1.05137e-08
-4.45343e-09
9.71951e-09
-4.11424e-09
8.98514e-09
-3.80099e-09
8.30611e-09
-3.51167e-09
7.67827e-09
-3.24441e-09
7.09776e-09
-2.99755e-09
6.56101e-09
-2.76957e-09
6.06475e-09
-2.55901e-09
5.60594e-09
-2.36453e-09
5.18177e-09
-2.18485e-09
4.78966e-09
-2.01881e-09
4.42717e-09
-1.86538e-09
4.09208e-09
-1.72364e-09
3.78232e-09
-1.59269e-09
3.49597e-09
-1.47172e-09
3.23127e-09
-1.35995e-09
2.98662e-09
-1.25666e-09
2.76049e-09
-1.16122e-09
2.55148e-09
-1.07305e-09
2.35829e-09
-9.91583e-10
2.17971e-09
-9.16299e-10
2.01465e-09
-8.4673e-10
1.86207e-09
-7.82455e-10
1.72102e-09
-7.2308e-10
1.59064e-09
-6.68219e-10
1.47013e-09
-6.17506e-10
1.35876e-09
-5.70614e-10
1.25585e-09
-5.27269e-10
1.16076e-09
-4.87242e-10
1.07287e-09
-4.50304e-10
9.91625e-10
-4.1621e-10
9.16523e-10
-3.84707e-10
8.47108e-10
-3.55564e-10
7.82962e-10
-3.28602e-10
7.23681e-10
-3.0369e-10
6.68885e-10
-2.80712e-10
6.1822e-10
-2.59535e-10
5.71371e-10
-2.39996e-10
5.2806e-10
-2.21927e-10
4.88035e-10
-2.0518e-10
4.51061e-10
-1.8965e-10
4.16909e-10
-1.75262e-10
3.85362e-10
-1.61958e-10
3.56211e-10
-1.49672e-10
3.29261e-10
-1.38334e-10
3.04331e-10
-1.27863e-10
2.81265e-10
-1.18183e-10
2.59927e-10
-1.09219e-10
2.402e-10
-1.00898e-10
2.21979e-10
-9.31367e-11
2.05158e-10
-8.59363e-11
1.89661e-10
-7.95751e-11
1.75386e-10
1.62377e-10
-2.98594e-08
5.16956e-08
-2.75567e-08
4.78563e-08
-2.54343e-08
4.42967e-08
-2.34775e-08
4.09969e-08
-2.16731e-08
3.79389e-08
-2.0009e-08
3.51055e-08
-1.84741e-08
3.24808e-08
-1.70581e-08
3.00497e-08
-1.57516e-08
2.77984e-08
-1.45461e-08
2.57139e-08
-1.34336e-08
2.37841e-08
-1.24068e-08
2.19978e-08
-1.14592e-08
2.03445e-08
-1.05844e-08
1.88145e-08
-9.77687e-09
1.73987e-08
-9.03133e-09
1.60887e-08
-8.34296e-09
1.48768e-08
-7.70736e-09
1.37556e-08
-7.12045e-09
1.27185e-08
-6.57844e-09
1.17592e-08
-6.07782e-09
1.08719e-08
-5.61539e-09
1.00513e-08
-5.18824e-09
9.29244e-09
-4.79368e-09
8.59068e-09
-4.42922e-09
7.94174e-09
-4.09253e-09
7.34165e-09
-3.78148e-09
6.78676e-09
-3.49411e-09
6.27368e-09
-3.22865e-09
5.79929e-09
-2.98343e-09
5.36069e-09
-2.75689e-09
4.95519e-09
-2.54755e-09
4.58031e-09
-2.3541e-09
4.23373e-09
-2.17533e-09
3.91334e-09
-2.01016e-09
3.61716e-09
-1.85754e-09
3.34337e-09
-1.71652e-09
3.0903e-09
-1.58621e-09
2.85638e-09
-1.46579e-09
2.64017e-09
-1.35453e-09
2.44031e-09
-1.25173e-09
2.25556e-09
-1.15674e-09
2.08478e-09
-1.06897e-09
1.92692e-09
-9.87857e-10
1.78099e-09
-9.12913e-10
1.64608e-09
-8.43662e-10
1.52139e-09
-7.79654e-10
1.40614e-09
-7.20475e-10
1.29964e-09
-6.65763e-10
1.20123e-09
-6.1521e-10
1.11027e-09
-5.68533e-10
1.02619e-09
-5.2545e-10
9.48466e-10
-4.85665e-10
8.76624e-10
-4.48891e-10
8.10232e-10
-4.14879e-10
7.48882e-10
-3.8343e-10
6.92184e-10
-3.54384e-10
6.39769e-10
-3.27589e-10
5.91308e-10
-3.02872e-10
5.46506e-10
-2.80044e-10
5.05103e-10
-2.58923e-10
4.66853e-10
-2.39351e-10
4.31521e-10
-2.21215e-10
3.98879e-10
-2.04431e-10
3.6871e-10
-1.88924e-10
3.40813e-10
-1.74616e-10
3.15005e-10
-1.61413e-10
2.91126e-10
-1.49214e-10
2.69038e-10
-1.3792e-10
2.48618e-10
-1.2745e-10
2.29757e-10
-1.17735e-10
2.12343e-10
-1.08686e-10
1.96259e-10
-1.00198e-10
1.81394e-10
-9.23946e-11
1.67516e-10
1.55303e-10
-3.37015e-08
4.88963e-08
-3.11191e-08
4.52738e-08
-2.87363e-08
4.1914e-08
-2.65376e-08
3.87981e-08
-2.45084e-08
3.59096e-08
-2.26356e-08
3.32325e-08
-2.09068e-08
3.07519e-08
-1.93109e-08
2.84537e-08
-1.78375e-08
2.6325e-08
-1.64772e-08
2.43536e-08
-1.52211e-08
2.25281e-08
-1.40612e-08
2.0838e-08
-1.29902e-08
1.92735e-08
-1.20011e-08
1.78254e-08
-1.10877e-08
1.64852e-08
-1.0244e-08
1.5245e-08
-9.46484e-09
1.40975e-08
-8.74513e-09
1.30358e-08
-8.08036e-09
1.20536e-08
-7.46626e-09
1.11449e-08
-6.8989e-09
1.03045e-08
-6.37472e-09
9.52716e-09
-5.89043e-09
8.80822e-09
-5.44302e-09
8.14331e-09
-5.02967e-09
7.52838e-09
-4.64776e-09
6.9597e-09
-4.29486e-09
6.43384e-09
-3.96879e-09
5.94759e-09
-3.66752e-09
5.498e-09
-3.38917e-09
5.0823e-09
-3.13199e-09
4.69796e-09
-2.89433e-09
4.34262e-09
-2.67468e-09
4.01409e-09
-2.47169e-09
3.71038e-09
-2.28411e-09
3.42963e-09
-2.11076e-09
3.17011e-09
-1.95057e-09
2.93022e-09
-1.80255e-09
2.70847e-09
-1.66577e-09
2.50349e-09
-1.53939e-09
2.314e-09
-1.42261e-09
2.13882e-09
-1.3147e-09
1.97689e-09
-1.21498e-09
1.8272e-09
-1.12284e-09
1.68882e-09
-1.03768e-09
1.5609e-09
-9.58976e-10
1.44267e-09
-8.86215e-10
1.33341e-09
-8.18947e-10
1.23245e-09
-7.56773e-10
1.13914e-09
-6.99338e-10
1.05289e-09
-6.46304e-10
9.73152e-10
-5.97334e-10
8.99443e-10
-5.52095e-10
8.31317e-10
-5.10276e-10
7.68361e-10
-4.7161e-10
7.10181e-10
-4.35875e-10
6.56403e-10
-4.02874e-10
6.06688e-10
-3.72416e-10
5.6073e-10
-3.443e-10
5.18257e-10
-3.18317e-10
4.79019e-10
-2.94275e-10
4.42773e-10
-2.72012e-10
4.09285e-10
-2.51402e-10
3.7833e-10
-2.32344e-10
3.49704e-10
-2.14747e-10
3.23221e-10
-1.98508e-10
2.98719e-10
-1.83515e-10
2.76058e-10
-1.69645e-10
2.55111e-10
-1.56791e-10
2.3576e-10
-1.4487e-10
2.17892e-10
-1.3383e-10
2.01392e-10
-1.23598e-10
1.8614e-10
-1.13993e-10
1.72022e-10
-1.04954e-10
1.58805e-10
1.47252e-10
-3.73266e-08
4.58151e-08
-3.44816e-08
4.24285e-08
-3.18543e-08
3.92865e-08
-2.9428e-08
3.63717e-08
-2.71873e-08
3.36687e-08
-2.51179e-08
3.11629e-08
-2.32065e-08
2.88404e-08
-2.1441e-08
2.66882e-08
-1.98103e-08
2.46942e-08
-1.83039e-08
2.28472e-08
-1.69122e-08
2.11366e-08
-1.56267e-08
1.95526e-08
-1.44392e-08
1.8086e-08
-1.33421e-08
1.67284e-08
-1.23286e-08
1.54717e-08
-1.13923e-08
1.43087e-08
-1.05272e-08
1.32324e-08
-9.72797e-09
1.22365e-08
-8.98954e-09
1.1315e-08
-8.30722e-09
1.04626e-08
-7.67672e-09
9.674e-09
-7.0941e-09
8.94457e-09
-6.55575e-09
8.26988e-09
-6.05832e-09
7.64583e-09
-5.59869e-09
7.06865e-09
-5.17394e-09
6.53488e-09
-4.7814e-09
6.04128e-09
-4.41865e-09
5.58484e-09
-4.08346e-09
5.16279e-09
-3.77375e-09
4.77253e-09
-3.48755e-09
4.4117e-09
-3.22304e-09
4.07808e-09
-2.97857e-09
3.76964e-09
-2.75262e-09
3.4845e-09
-2.54378e-09
3.22092e-09
-2.35079e-09
2.97726e-09
-2.17245e-09
2.75201e-09
-2.00765e-09
2.54378e-09
-1.85538e-09
2.35128e-09
-1.71466e-09
2.17331e-09
-1.58464e-09
2.00879e-09
-1.46448e-09
1.8567e-09
-1.35345e-09
1.71611e-09
-1.25083e-09
1.58614e-09
-1.15598e-09
1.46602e-09
-1.0683e-09
1.355e-09
-9.87239e-10
1.25241e-09
-9.1231e-10
1.1576e-09
-8.43073e-10
1.06998e-09
-7.79119e-10
9.88974e-10
-7.20056e-10
9.14087e-10
-6.655e-10
8.4486e-10
-6.15088e-10
7.80875e-10
-5.68491e-10
7.21738e-10
-5.25419e-10
6.67078e-10
-4.85619e-10
6.16548e-10
-4.48859e-10
5.69838e-10
-4.14914e-10
5.26671e-10
-3.83561e-10
4.86791e-10
-3.54584e-10
4.49951e-10
-3.27783e-10
4.15915e-10
-3.02985e-10
3.84455e-10
-2.80046e-10
3.5536e-10
-2.58843e-10
3.28445e-10
-2.39262e-10
3.03547e-10
-2.21182e-10
2.80525e-10
-2.04474e-10
2.5925e-10
-1.89007e-10
2.39597e-10
-1.74669e-10
2.21447e-10
-1.61376e-10
2.04681e-10
-1.49083e-10
1.89184e-10
-1.37736e-10
1.74842e-10
-1.27143e-10
1.61546e-10
-1.17087e-10
1.49224e-10
1.38043e-10
-4.07155e-08
4.24722e-08
-3.76261e-08
3.93392e-08
-3.4771e-08
3.64314e-08
-3.21328e-08
3.37333e-08
-2.96948e-08
3.12307e-08
-2.7442e-08
2.891e-08
-2.53601e-08
2.67585e-08
-2.34364e-08
2.47643e-08
-2.16585e-08
2.29163e-08
-2.00156e-08
2.12043e-08
-1.84973e-08
1.96184e-08
-1.70942e-08
1.81496e-08
-1.57977e-08
1.67896e-08
-1.45996e-08
1.55303e-08
-1.34924e-08
1.43645e-08
-1.24693e-08
1.32855e-08
-1.15237e-08
1.22868e-08
-1.065e-08
1.13626e-08
-9.84252e-09
1.05075e-08
-9.09627e-09
9.71628e-09
-8.40659e-09
8.98431e-09
-7.7692e-09
8.30718e-09
-7.18018e-09
7.68079e-09
-6.63585e-09
7.1014e-09
-6.13279e-09
6.5655e-09
-5.66784e-09
6.06989e-09
-5.23811e-09
5.61155e-09
-4.84096e-09
5.18769e-09
-4.47395e-09
4.79574e-09
-4.1348e-09
4.4333e-09
-3.82137e-09
4.09819e-09
-3.53167e-09
3.78835e-09
-3.26388e-09
3.50191e-09
-3.01636e-09
3.23711e-09
-2.78758e-09
2.99231e-09
-2.57617e-09
2.766e-09
-2.3808e-09
2.55676e-09
-2.20027e-09
2.36331e-09
-2.03345e-09
2.18446e-09
-1.87928e-09
2.01912e-09
-1.73681e-09
1.86627e-09
-1.60516e-09
1.72498e-09
-1.48349e-09
1.59436e-09
-1.37103e-09
1.47363e-09
-1.26707e-09
1.36204e-09
-1.17095e-09
1.25892e-09
-1.0821e-09
1.16363e-09
-9.99985e-10
1.07557e-09
-9.24123e-10
9.94174e-10
-8.54051e-10
9.18921e-10
-7.89324e-10
8.49349e-10
-7.29522e-10
7.85035e-10
-6.74259e-10
7.25585e-10
-6.23183e-10
6.70629e-10
-5.75978e-10
6.19825e-10
-5.32356e-10
5.7286e-10
-4.92051e-10
5.29454e-10
-4.54818e-10
4.8935e-10
-4.20422e-10
4.52303e-10
-3.8864e-10
4.18076e-10
-3.59262e-10
3.86441e-10
-3.32097e-10
3.57187e-10
-3.06976e-10
3.30127e-10
-2.83754e-10
3.051e-10
-2.62297e-10
2.81963e-10
-2.4247e-10
2.60587e-10
-2.24138e-10
2.40844e-10
-2.07168e-10
2.22612e-10
-1.91445e-10
2.05768e-10
-1.76879e-10
1.90197e-10
-1.63414e-10
1.75792e-10
-1.51011e-10
1.62453e-10
-1.39542e-10
1.50083e-10
-1.28711e-10
1.38802e-10
1.27736e-10
-4.38507e-08
3.88873e-08
-4.0536e-08
3.60245e-08
-3.74709e-08
3.33665e-08
-3.46371e-08
3.08996e-08
-3.20171e-08
2.86107e-08
-2.95949e-08
2.64877e-08
-2.73556e-08
2.45191e-08
-2.52855e-08
2.2694e-08
-2.33717e-08
2.10025e-08
-2.16025e-08
1.94351e-08
-1.99669e-08
1.7983e-08
-1.84551e-08
1.66379e-08
-1.70577e-08
1.53922e-08
-1.57661e-08
1.42386e-08
-1.45722e-08
1.31705e-08
-1.34686e-08
1.21818e-08
-1.24485e-08
1.12667e-08
-1.15057e-08
1.04197e-08
-1.06342e-08
9.63595e-09
-9.82869e-09
8.91073e-09
-9.08414e-09
8.23974e-09
-8.39597e-09
7.61896e-09
-7.75993e-09
7.04468e-09
-7.17206e-09
6.51346e-09
-6.6287e-09
6.0221e-09
-6.12645e-09
5.56764e-09
-5.66222e-09
5.14733e-09
-5.23315e-09
4.75861e-09
-4.8366e-09
4.39914e-09
-4.47012e-09
4.06674e-09
-4.13139e-09
3.75941e-09
-3.81828e-09
3.47527e-09
-3.52884e-09
3.21258e-09
-3.2613e-09
2.96972e-09
-3.01403e-09
2.74519e-09
-2.78553e-09
2.53759e-09
-2.57437e-09
2.34564e-09
-2.37923e-09
2.16816e-09
-2.19889e-09
2.00407e-09
-2.03222e-09
1.85239e-09
-1.87819e-09
1.71217e-09
-1.73585e-09
1.58255e-09
-1.60429e-09
1.46273e-09
-1.48268e-09
1.35198e-09
-1.37025e-09
1.24962e-09
-1.26629e-09
1.15504e-09
-1.17021e-09
1.06764e-09
-1.08143e-09
9.86861e-10
-9.9942e-10
9.12186e-10
-9.23663e-10
8.43148e-10
-8.53676e-10
7.79322e-10
-7.89007e-10
7.20318e-10
-7.29247e-10
6.65771e-10
-6.74017e-10
6.15341e-10
-6.22971e-10
5.68718e-10
-5.75787e-10
5.25622e-10
-5.32179e-10
4.858e-10
-4.91886e-10
4.4901e-10
-4.54668e-10
4.15019e-10
-4.20293e-10
3.83603e-10
-3.88533e-10
3.54554e-10
-3.59172e-10
3.27686e-10
-3.32018e-10
3.02839e-10
-3.06904e-10
2.79873e-10
-2.83686e-10
2.58657e-10
-2.62224e-10
2.39067e-10
-2.42381e-10
2.20977e-10
-2.24022e-10
2.04263e-10
-2.07028e-10
1.8881e-10
-1.91292e-10
1.74512e-10
-1.76737e-10
1.61284e-10
-1.63323e-10
1.49045e-10
-1.50981e-10
1.37693e-10
-1.39343e-10
1.27397e-10
1.17254e-10
-4.67155e-08
3.50828e-08
-4.31957e-08
3.25047e-08
-3.99396e-08
3.01103e-08
-3.69275e-08
2.78876e-08
-3.41415e-08
2.58248e-08
-3.15648e-08
2.3911e-08
-2.91819e-08
2.2136e-08
-2.69781e-08
2.04902e-08
-2.49401e-08
1.89645e-08
-2.30555e-08
1.75506e-08
-2.13129e-08
1.62405e-08
-1.97017e-08
1.50267e-08
-1.8212e-08
1.39024e-08
-1.68348e-08
1.28612e-08
-1.55615e-08
1.18971e-08
-1.43843e-08
1.10046e-08
-1.3296e-08
1.01783e-08
-1.22899e-08
9.41358e-09
-1.13599e-08
8.70584e-09
-1.05001e-08
8.05091e-09
-9.70529e-09
7.44491e-09
-8.9706e-09
6.88423e-09
-8.29147e-09
6.36552e-09
-7.66372e-09
5.88568e-09
-7.08343e-09
5.44181e-09
-6.54702e-09
5.03124e-09
-6.05117e-09
4.65148e-09
-5.59283e-09
4.30027e-09
-5.1692e-09
3.97548e-09
-4.77763e-09
3.67516e-09
-4.41569e-09
3.39749e-09
-4.08112e-09
3.14077e-09
-3.77184e-09
2.90342e-09
-3.48596e-09
2.68397e-09
-3.22176e-09
2.48106e-09
-2.97759e-09
2.29343e-09
-2.75195e-09
2.11994e-09
-2.54341e-09
1.95954e-09
-2.35066e-09
1.81125e-09
-2.17252e-09
1.67417e-09
-2.00789e-09
1.54746e-09
-1.85574e-09
1.43032e-09
-1.71511e-09
1.32204e-09
-1.5851e-09
1.22196e-09
-1.46488e-09
1.12947e-09
-1.35375e-09
1.044e-09
-1.25104e-09
9.65019e-10
-1.15615e-09
8.92012e-10
-1.0685e-09
8.24518e-10
-9.87526e-10
7.62119e-10
-9.12714e-10
7.04434e-10
-8.43586e-10
6.51106e-10
-7.79706e-10
6.01804e-10
-7.20667e-10
5.56223e-10
-6.66091e-10
5.14086e-10
-6.15633e-10
4.75142e-10
-5.6899e-10
4.39158e-10
-5.25896e-10
4.05909e-10
-4.86102e-10
3.75179e-10
-4.4936e-10
3.46763e-10
-4.15417e-10
3.2048e-10
-3.84033e-10
2.96175e-10
-3.54997e-10
2.73709e-10
-3.28131e-10
2.52957e-10
-3.03287e-10
2.33796e-10
-2.80325e-10
2.16103e-10
-2.59104e-10
1.99759e-10
-2.39485e-10
1.84649e-10
-2.21336e-10
1.70668e-10
-2.04534e-10
1.5773e-10
-1.88975e-10
1.45762e-10
-1.74605e-10
1.34707e-10
-1.61446e-10
1.24473e-10
-1.49274e-10
1.15184e-10
1.06497e-10
-4.92953e-08
3.10819e-08
-4.55916e-08
2.88012e-08
-4.21638e-08
2.66827e-08
-3.89917e-08
2.47156e-08
-3.60565e-08
2.28897e-08
-3.3341e-08
2.11954e-08
-3.08287e-08
1.96237e-08
-2.85047e-08
1.81661e-08
-2.63549e-08
1.68148e-08
-2.43664e-08
1.55623e-08
-2.25274e-08
1.44015e-08
-2.08267e-08
1.33259e-08
-1.92539e-08
1.23295e-08
-1.77995e-08
1.14067e-08
-1.64546e-08
1.05522e-08
-1.5211e-08
9.76092e-09
-1.40612e-08
9.02842e-09
-1.29981e-08
8.3504e-09
-1.20152e-08
7.72286e-09
-1.11065e-08
7.14212e-09
-1.02663e-08
6.60474e-09
-9.48962e-09
6.10752e-09
-8.7716e-09
5.6475e-09
-8.10785e-09
5.22191e-09
-7.49425e-09
4.82819e-09
-6.927e-09
4.46397e-09
-6.40259e-09
4.12709e-09
-5.91781e-09
3.81552e-09
-5.46969e-09
3.52741e-09
-5.05547e-09
3.261e-09
-4.67257e-09
3.01467e-09
-4.31861e-09
2.78691e-09
-3.99142e-09
2.57631e-09
-3.68899e-09
2.38159e-09
-3.40949e-09
2.20154e-09
-3.15118e-09
2.03505e-09
-2.91245e-09
1.88111e-09
-2.69179e-09
1.73879e-09
-2.48782e-09
1.60722e-09
-2.29931e-09
1.4856e-09
-2.12509e-09
1.37317e-09
-1.96408e-09
1.26924e-09
-1.81525e-09
1.17317e-09
-1.67764e-09
1.08437e-09
-1.5504e-09
1.00232e-09
-1.43278e-09
9.26489e-10
-1.32409e-09
8.56403e-10
-1.22368e-09
7.91613e-10
-1.13093e-09
7.31716e-10
-1.04525e-09
6.76343e-10
-9.66073e-10
6.25156e-10
-8.92917e-10
5.77839e-10
-8.25314e-10
5.34095e-10
-7.62829e-10
4.93656e-10
-7.05057e-10
4.56278e-10
-6.51638e-10
4.21734e-10
-6.02258e-10
3.89813e-10
-5.56645e-10
3.60308e-10
-5.14534e-10
3.33025e-10
-4.75657e-10
3.07788e-10
-4.39737e-10
2.84445e-10
-4.06512e-10
2.62864e-10
-3.75761e-10
2.42926e-10
-3.47304e-10
2.24514e-10
-3.2099e-10
2.07513e-10
-2.96679e-10
1.91808e-10
-2.74223e-10
1.77293e-10
-2.53473e-10
1.63871e-10
-2.34282e-10
1.51456e-10
-2.16516e-10
1.39973e-10
-2.00047e-10
1.29357e-10
-1.84794e-10
1.19558e-10
-1.70822e-10
1.10506e-10
-1.58136e-10
1.02224e-10
9.49819e-11
-5.15775e-08
2.6907e-08
-4.77114e-08
2.49355e-08
-4.41321e-08
2.31037e-08
-4.08188e-08
2.14025e-08
-3.7752e-08
1.9823e-08
-3.49137e-08
1.83571e-08
-3.22872e-08
1.69972e-08
-2.98568e-08
1.57359e-08
-2.76082e-08
1.45663e-08
-2.5528e-08
1.3482e-08
-2.36036e-08
1.24771e-08
-2.18236e-08
1.15458e-08
-2.01773e-08
1.06831e-08
-1.86546e-08
9.88392e-09
-1.72463e-08
9.14381e-09
-1.5944e-08
8.4585e-09
-1.47396e-08
7.82402e-09
-1.3626e-08
7.23669e-09
-1.25963e-08
6.69308e-09
-1.16442e-08
6.18997e-09
-1.07638e-08
5.7244e-09
-9.94991e-09
5.2936e-09
-9.19744e-09
4.895e-09
-8.5018e-09
4.5262e-09
-7.85868e-09
4.185e-09
-7.26409e-09
3.86935e-09
-6.71434e-09
3.5774e-09
-6.2061e-09
3.3074e-09
-5.73626e-09
3.05771e-09
-5.30194e-09
2.82681e-09
-4.90046e-09
2.61328e-09
-4.52933e-09
2.41583e-09
-4.18626e-09
2.23327e-09
-3.86915e-09
2.06447e-09
-3.57608e-09
1.90839e-09
-3.30521e-09
1.76408e-09
-3.05485e-09
1.63065e-09
-2.82343e-09
1.50729e-09
-2.60951e-09
1.39326e-09
-2.4118e-09
1.28785e-09
-2.22909e-09
1.19039e-09
-2.06021e-09
1.1003e-09
-1.9041e-09
1.01703e-09
-1.75974e-09
9.40071e-10
-1.62627e-09
8.68953e-10
-1.5029e-09
8.03226e-10
-1.38891e-09
7.42469e-10
-1.28361e-09
6.86298e-10
-1.18634e-09
6.34368e-10
-1.09646e-09
5.86366e-10
-1.01342e-09
5.41996e-10
-9.36686e-10
5.00984e-10
-8.65776e-10
4.63074e-10
-8.0023e-10
4.28032e-10
-7.39621e-10
3.95646e-10
-6.83577e-10
3.65715e-10
-6.3178e-10
3.3805e-10
-5.83944e-10
3.12468e-10
-5.39786e-10
2.88802e-10
-4.99014e-10
2.66907e-10
-4.6133e-10
2.46657e-10
-4.26462e-10
2.2794e-10
-3.94184e-10
2.1065e-10
-3.64315e-10
1.94682e-10
-3.36704e-10
1.7993e-10
-3.11202e-10
1.66298e-10
-2.87653e-10
1.53698e-10
-2.65894e-10
1.42055e-10
-2.4577e-10
1.31298e-10
-2.2714e-10
1.21362e-10
-2.09869e-10
1.12181e-10
-1.93843e-10
1.03698e-10
-1.79069e-10
9.58465e-11
-1.65723e-10
8.85373e-11
8.2571e-11
-5.35501e-08
2.25824e-08
-4.95443e-08
2.09297e-08
-4.58344e-08
1.93939e-08
-4.23992e-08
1.79673e-08
-3.92187e-08
1.66426e-08
-3.62745e-08
1.5413e-08
-3.35493e-08
1.42721e-08
-3.10271e-08
1.32138e-08
-2.86932e-08
1.22324e-08
-2.65335e-08
1.13224e-08
-2.45354e-08
1.04789e-08
-2.26869e-08
9.69723e-09
-2.09769e-08
8.97297e-09
-1.93951e-08
8.30205e-09
-1.7932e-08
7.68065e-09
-1.65788e-08
7.10523e-09
-1.53273e-08
6.57247e-09
-1.417e-08
6.07928e-09
-1.30997e-08
5.62278e-09
-1.211e-08
5.20027e-09
-1.11949e-08
4.80926e-09
-1.03488e-08
4.44743e-09
-9.56646e-09
4.11262e-09
-8.84321e-09
3.80282e-09
-8.17451e-09
3.51619e-09
-7.55621e-09
3.25105e-09
-6.98451e-09
3.00582e-09
-6.45594e-09
2.77901e-09
-5.9673e-09
2.56924e-09
-5.51559e-09
2.37522e-09
-5.09803e-09
2.19578e-09
-4.712e-09
2.02985e-09
-4.35516e-09
1.87644e-09
-4.02532e-09
1.73461e-09
-3.72047e-09
1.60347e-09
-3.43872e-09
1.48223e-09
-3.17828e-09
1.37014e-09
-2.93753e-09
1.2665e-09
-2.71499e-09
1.1707e-09
-2.50931e-09
1.08213e-09
-2.31923e-09
1.00025e-09
-2.14354e-09
9.24558e-10
-1.9811e-09
8.54599e-10
-1.8309e-09
7.8995e-10
-1.69204e-09
7.30207e-10
-1.5637e-09
6.74986e-10
-1.44512e-09
6.23932e-10
-1.33557e-09
5.76728e-10
-1.23437e-09
5.3309e-10
-1.14086e-09
4.92755e-10
-1.05445e-09
4.55477e-10
-9.74618e-10
4.21023e-10
-9.00839e-10
3.89178e-10
-8.32635e-10
3.59746e-10
-7.69569e-10
3.32545e-10
-7.11259e-10
3.07405e-10
-6.57377e-10
2.8416e-10
-6.07623e-10
2.62658e-10
-5.61695e-10
2.4276e-10
-5.19276e-10
2.24348e-10
-4.80058e-10
2.07321e-10
-4.43762e-10
1.91583e-10
-4.10162e-10
1.77043e-10
-3.79075e-10
1.63608e-10
-3.50344e-10
1.51193e-10
-3.23809e-10
1.39722e-10
-2.99304e-10
1.29128e-10
-2.76658e-10
1.19353e-10
-2.5571e-10
1.10337e-10
-2.36324e-10
1.02019e-10
-2.18371e-10
9.43329e-11
-2.01715e-10
8.72148e-11
-1.86291e-10
8.06123e-11
-1.72408e-10
7.44448e-11
6.89905e-11
-5.52036e-08
1.81332e-08
-5.1081e-08
1.68073e-08
-4.72619e-08
1.55749e-08
-4.37247e-08
1.44302e-08
-4.0449e-08
1.33671e-08
-3.74161e-08
1.23802e-08
-3.46082e-08
1.14645e-08
-3.20092e-08
1.06149e-08
-2.96037e-08
9.82688e-09
-2.73775e-08
9.09623e-09
-2.53176e-08
8.41892e-09
-2.34116e-08
7.79119e-09
-2.16482e-08
7.20952e-09
-2.00169e-08
6.67064e-09
-1.85078e-08
6.17151e-09
-1.71119e-08
5.70932e-09
-1.58208e-08
5.28138e-09
-1.46267e-08
4.8852e-09
-1.35224e-08
4.51847e-09
-1.25012e-08
4.17903e-09
-1.15569e-08
3.86488e-09
-1.06838e-08
3.57416e-09
-9.87645e-09
3.30513e-09
-9.13e-09
3.05619e-09
-8.43981e-09
2.82589e-09
-7.80158e-09
2.61287e-09
-7.21145e-09
2.41583e-09
-6.66583e-09
2.23357e-09
-6.16143e-09
2.06496e-09
-5.69514e-09
1.90899e-09
-5.26405e-09
1.76474e-09
-4.86551e-09
1.63137e-09
-4.49707e-09
1.50807e-09
-4.15653e-09
1.39409e-09
-3.84179e-09
1.28871e-09
-3.55088e-09
1.19128e-09
-3.28197e-09
1.1012e-09
-3.03339e-09
1.01792e-09
-2.80361e-09
9.40923e-10
-2.59124e-09
8.6974e-10
-2.39497e-09
8.0393e-10
-2.21354e-09
7.431e-10
-2.04579e-09
6.86887e-10
-1.89068e-09
6.34946e-10
-1.74729e-09
5.86943e-10
-1.61478e-09
5.42564e-10
-1.49235e-09
5.01528e-10
-1.37924e-09
4.63583e-10
-1.27473e-09
4.28506e-10
-1.17816e-09
3.96088e-10
-1.08893e-09
3.66128e-10
-1.00648e-09
3.3844e-10
-9.30288e-10
3.12849e-10
-8.59851e-10
2.892e-10
-7.94723e-10
2.67345e-10
-7.34517e-10
2.47143e-10
-6.78893e-10
2.28459e-10
-6.27534e-10
2.11168e-10
-5.80117e-10
1.95164e-10
-5.36313e-10
1.80354e-10
-4.95804e-10
1.66657e-10
-4.58311e-10
1.53996e-10
-4.23605e-10
1.42295e-10
-3.91498e-10
1.31481e-10
-3.61822e-10
1.21489e-10
-3.34409e-10
1.12266e-10
-3.09086e-10
1.03761e-10
-2.85679e-10
9.59258e-11
-2.64033e-10
8.87076e-11
-2.4401e-10
8.20492e-11
-2.25494e-10
7.58914e-11
-2.08345e-10
7.01765e-11
-1.92391e-10
6.48601e-11
-1.77708e-10
5.98541e-11
5.49114e-11
-5.65301e-08
1.35834e-08
-5.23138e-08
1.25911e-08
-4.84073e-08
1.16685e-08
-4.47883e-08
1.08114e-08
-4.14364e-08
1.00154e-08
-3.83323e-08
9.27642e-09
-3.54582e-08
8.59058e-09
-3.27976e-08
7.95425e-09
-3.03347e-08
7.36402e-09
-2.80552e-08
6.81672e-09
-2.59456e-08
6.30933e-09
-2.39936e-08
5.83904e-09
-2.21874e-08
5.40322e-09
-2.05163e-08
4.99946e-09
-1.89702e-08
4.6255e-09
-1.75401e-08
4.27919e-09
-1.62172e-08
3.95854e-09
-1.49937e-08
3.66167e-09
-1.38621e-08
3.38684e-09
-1.28156e-08
3.13245e-09
-1.18478e-08
2.89701e-09
-1.09529e-08
2.67912e-09
-1.01255e-08
2.47748e-09
-9.36042e-09
2.29092e-09
-8.65294e-09
2.11833e-09
-7.99872e-09
1.95869e-09
-7.3938e-09
1.81101e-09
-6.83453e-09
1.67438e-09
-6.31749e-09
1.54795e-09
-5.83946e-09
1.431e-09
-5.39749e-09
1.32286e-09
-4.98886e-09
1.22289e-09
-4.61111e-09
1.13049e-09
-4.26197e-09
1.04506e-09
-3.93927e-09
9.66064e-10
-3.64101e-09
8.93022e-10
-3.3653e-09
8.25494e-10
-3.11042e-09
7.63066e-10
-2.87483e-09
7.05349e-10
-2.65709e-09
6.51986e-10
-2.45583e-09
6.02654e-10
-2.26978e-09
5.57064e-10
-2.09775e-09
5.14941e-10
-1.93871e-09
4.7602e-10
-1.79169e-09
4.40044e-10
-1.65584e-09
4.06775e-10
-1.53031e-09
3.76006e-10
-1.41433e-09
3.47554e-10
-1.30716e-09
3.21255e-10
-1.20813e-09
2.96951e-10
-1.11663e-09
2.74491e-10
-1.03209e-09
2.53732e-10
-9.5395e-10
2.34548e-10
-8.81718e-10
2.1682e-10
-8.14936e-10
2.00439e-10
-7.53211e-10
1.85296e-10
-6.96192e-10
1.71286e-10
-6.43546e-10
1.58316e-10
-5.94935e-10
1.46308e-10
-5.50017e-10
1.35195e-10
-5.08472e-10
1.24917e-10
-4.70019e-10
1.15417e-10
-4.34425e-10
1.06638e-10
-4.01494e-10
9.85266e-11
-3.7105e-10
9.10381e-11
-3.42918e-10
8.41342e-11
-3.16925e-10
7.77774e-11
-2.92902e-10
7.19261e-11
-2.70695e-10
6.65336e-11
-2.50169e-10
6.15512e-11
-2.31208e-10
5.69342e-11
-2.13684e-10
5.26459e-11
-1.9736e-10
4.86498e-11
-1.81917e-10
4.47864e-11
4.0989e-11
-5.75194e-08
8.95902e-09
-5.32335e-08
8.30497e-09
-4.92618e-08
7.69676e-09
-4.55819e-08
7.13173e-09
-4.21731e-08
6.60691e-09
-3.90161e-08
6.11962e-09
-3.60927e-08
5.66733e-09
-3.3386e-08
5.24765e-09
-3.08803e-08
4.85837e-09
-2.85611e-08
4.49738e-09
-2.64145e-08
4.1627e-09
-2.44281e-08
3.85246e-09
-2.25899e-08
3.56497e-09
-2.08891e-08
3.29864e-09
-1.93155e-08
3.05198e-09
-1.78598e-08
2.82354e-09
-1.65132e-08
2.612e-09
-1.52677e-08
2.41613e-09
-1.41157e-08
2.2348e-09
-1.30503e-08
2.06695e-09
-1.2065e-08
1.91161e-09
-1.1154e-08
1.76783e-09
-1.03115e-08
1.63479e-09
-9.5325e-09
1.5117e-09
-8.81211e-09
1.39785e-09
-8.14596e-09
1.29253e-09
-7.53003e-09
1.19507e-09
-6.96058e-09
1.10489e-09
-6.43409e-09
1.02145e-09
-5.94728e-09
9.44274e-10
-5.49716e-09
8.72935e-10
-5.081e-09
8.06997e-10
-4.69629e-09
7.46035e-10
-4.34072e-09
6.89658e-10
-4.0121e-09
6.37518e-10
-3.70834e-09
5.89308e-10
-3.42754e-09
5.44742e-10
-3.16796e-09
5.03545e-10
-2.92803e-09
4.65456e-10
-2.70627e-09
4.30241e-10
-2.50129e-09
3.9769e-10
-2.31178e-09
3.67614e-10
-2.13656e-09
3.39831e-10
-1.97458e-09
3.14158e-10
-1.82486e-09
2.90418e-10
-1.68651e-09
2.68456e-10
-1.55868e-09
2.48141e-10
-1.44055e-09
2.29357e-10
-1.33139e-09
2.11998e-10
-1.23053e-09
1.95957e-10
-1.13733e-09
1.8113e-10
-1.05121e-09
1.67427e-10
-9.71624e-10
1.54763e-10
-8.98049e-10
1.43064e-10
-8.30033e-10
1.32255e-10
-7.67178e-10
1.22262e-10
-7.09122e-10
1.13012e-10
-6.55518e-10
1.04444e-10
-6.06014e-10
9.6509e-11
-5.60264e-10
8.91677e-11
-5.17943e-10
8.23823e-11
-4.78771e-10
7.61154e-11
-4.42511e-10
7.03289e-11
-4.08959e-10
6.49871e-11
-3.77932e-10
6.00596e-11
-3.49255e-10
5.55202e-11
-3.22757e-10
5.13409e-11
-2.98277e-10
4.74899e-11
-2.75662e-10
4.39332e-11
-2.54772e-10
4.0637e-11
-2.35484e-10
3.75752e-11
-2.17691e-10
3.47379e-11
-2.01194e-10
3.21152e-11
-1.85522e-10
2.95273e-11
2.71046e-11
-5.80249e-08
4.29784e-09
-5.37039e-08
3.98401e-09
-4.96993e-08
3.69224e-09
-4.59885e-08
3.42127e-09
-4.25509e-08
3.1696e-09
-3.93669e-08
2.93588e-09
-3.64184e-08
2.71892e-09
-3.36883e-08
2.5176e-09
-3.11608e-08
2.33086e-09
-2.88212e-08
2.15768e-09
-2.66558e-08
1.99711e-09
-2.46518e-08
1.84828e-09
-2.27972e-08
1.71038e-09
-2.10811e-08
1.58265e-09
-1.94934e-08
1.46434e-09
-1.80245e-08
1.35476e-09
-1.66658e-08
1.25326e-09
-1.5409e-08
1.15927e-09
-1.42465e-08
1.07226e-09
-1.31714e-08
9.91724e-10
-1.21771e-08
9.17182e-10
-1.12577e-08
8.48187e-10
-1.04075e-08
7.84345e-10
-9.62128e-09
7.25293e-10
-8.89425e-09
6.70676e-10
-8.22197e-09
6.20147e-10
-7.60039e-09
5.73383e-10
-7.02568e-09
5.30105e-10
-6.4943e-09
4.90076e-10
-6.00294e-09
4.53079e-10
-5.5486e-09
4.18891e-10
-5.12855e-09
3.87281e-10
-4.74027e-09
3.58034e-10
-4.3814e-09
3.30966e-10
-4.0497e-09
3.05925e-10
-3.7431e-09
2.82778e-10
-3.45967e-09
2.6139e-10
-3.19767e-09
2.41622e-10
-2.9555e-09
2.23344e-10
-2.73165e-09
2.06443e-10
-2.52473e-09
1.90825e-10
-2.33343e-09
1.76402e-10
-2.15656e-09
1.6308e-10
-1.99307e-09
1.50765e-10
-1.84197e-09
1.39367e-10
-1.70235e-09
1.28816e-10
-1.57332e-09
1.19055e-10
-1.45408e-09
1.10033e-10
-1.34389e-09
1.01697e-10
-1.24207e-09
9.39944e-11
-1.148e-09
8.68722e-11
-1.06107e-09
8.02887e-11
-9.80726e-10
7.42075e-11
-9.06456e-10
6.85926e-11
-8.37805e-10
6.34068e-11
-7.74373e-10
5.86112e-11
-7.1579e-10
5.41661e-11
-6.61694e-10
5.00424e-11
-6.11728e-10
4.62248e-11
-5.65543e-10
4.2701e-11
-5.22817e-10
3.9453e-11
-4.83268e-10
3.64638e-11
-4.46659e-10
3.37109e-11
-4.12782e-10
3.11716e-11
-3.8145e-10
2.88261e-11
-3.52488e-10
2.66614e-11
-3.25732e-10
2.46603e-11
-3.01023e-10
2.28061e-11
-2.78208e-10
2.10859e-11
-2.5714e-10
1.94872e-11
-2.37683e-10
1.80024e-11
-2.19735e-10
1.66408e-11
-2.03157e-10
1.53996e-11
-1.87475e-10
1.40807e-11
1.28838e-11
-5.35109e-08
-4.95268e-08
-4.58344e-08
-4.2413e-08
-3.92432e-08
-3.63073e-08
-3.35884e-08
-3.10708e-08
-2.874e-08
-2.65824e-08
-2.45854e-08
-2.27371e-08
-2.10267e-08
-1.9444e-08
-1.79796e-08
-1.66248e-08
-1.53716e-08
-1.42124e-08
-1.31402e-08
-1.21485e-08
-1.12314e-08
-1.03834e-08
-9.59917e-09
-8.87396e-09
-8.20336e-09
-7.58328e-09
-7.00994e-09
-6.47983e-09
-5.98965e-09
-5.53639e-09
-5.1173e-09
-4.72985e-09
-4.37172e-09
-4.04071e-09
-3.73476e-09
-3.45194e-09
-3.1905e-09
-2.94884e-09
-2.72547e-09
-2.519e-09
-2.32813e-09
-2.15167e-09
-1.98854e-09
-1.83776e-09
-1.6984e-09
-1.56962e-09
-1.45061e-09
-1.34064e-09
-1.23902e-09
-1.14512e-09
-1.05836e-09
-9.78184e-10
-9.04084e-10
-8.35593e-10
-7.72295e-10
-7.13818e-10
-6.59813e-10
-6.09942e-10
-5.6387e-10
-5.21276e-10
-4.8187e-10
-4.45395e-10
-4.11632e-10
-3.80391e-10
-3.51498e-10
-3.24794e-10
-3.00125e-10
-2.77351e-10
-2.56329e-10
-2.36916e-10
-2.18977e-10
-2.02401e-10
-1.87126e-10
-1.73061e-10
)
;

boundaryField
{
    leftWall
    {
        type            calculated;
        value           nonuniform List<scalar> 0();
    }
    rightWall
    {
        type            calculated;
        value           nonuniform List<scalar> 0();
    }
    lowerWall
    {
        type            calculated;
        value           uniform 0;
    }
    atmosphere
    {
        type            calculated;
        value           uniform 0;
    }
    defaultFaces
    {
        type            empty;
    }
    procBoundary1to0
    {
        type            processor;
        value           nonuniform List<scalar> 
40
(
-6.02372e-08
-6.54357e-08
-6.47022e-08
-6.34384e-08
-6.17608e-08
-5.96787e-08
-5.72083e-08
-5.43685e-08
-5.11807e-08
-4.76691e-08
-4.38597e-08
-3.97803e-08
-3.5461e-08
-3.09321e-08
-2.62257e-08
-2.13743e-08
-1.64103e-08
-1.1367e-08
-6.27771e-09
-1.17435e-09
3.91077e-09
8.94584e-09
1.39016e-08
1.87482e-08
2.34569e-08
2.80019e-08
3.23579e-08
3.65002e-08
4.04077e-08
4.40595e-08
4.74356e-08
5.05201e-08
5.32974e-08
5.57526e-08
5.78747e-08
5.96535e-08
6.10795e-08
6.21432e-08
6.26868e-08
5.78085e-08
)
;
    }
    procBoundary1to2
    {
        type            processor;
        value           nonuniform List<scalar> 
40
(
1.5983e-10
1.73044e-10
1.71318e-10
1.68069e-10
1.64308e-10
1.59451e-10
1.53188e-10
1.45644e-10
1.37448e-10
1.28525e-10
1.18408e-10
1.08043e-10
9.7293e-11
8.6061e-11
7.4214e-11
6.14479e-11
4.78351e-11
3.37847e-11
2.00025e-11
5.93412e-12
-7.55209e-12
-2.07143e-11
-3.36584e-11
-4.64527e-11
-5.97657e-11
-7.33234e-11
-8.6528e-11
-9.87225e-11
-1.09492e-10
-1.19202e-10
-1.28323e-10
-1.36835e-10
-1.44706e-10
-1.522e-10
-1.59179e-10
-1.65102e-10
-1.69482e-10
-1.72369e-10
-1.72973e-10
-1.58843e-10
)
;
    }
}


// ************************************************************************* //
