/*--------------------------------*- C++ -*----------------------------------*\
| =========                 |                                                 |
| \\      /  F ield         | OpenFOAM: The Open Source CFD Toolbox           |
|  \\    /   O peration     | Version:  2606                                  |
|   \\  /    A nd           | Website:  www.openfoam.com                      |
|    \\/     M anipulation  |                                                 |
\*---------------------------------------------------------------------------*/
FoamFile
{
    version     2.0;
    format      ascii;
    arch        "LSB;label=32;scalar=64";
    class       volScalarField;
    location    "0.675";
    object      p_rgh;
}
// * * * * * * * * * * * * * * * * * * * * * * * * * * * * * * * * * * * * * //

dimensions      [1 -1 -2 0 0 0 0];

internalField   nonuniform List<scalar> 
4800
(
15.67927
15.680272
15.677377
15.669691
15.66036
15.653139
15.651257
15.655462
15.664757
15.676268
15.686378
15.692744
15.694801
15.692554
15.685081
15.672274
15.65485
15.633893
15.610823
15.587216
15.564517
15.543823
15.525773
15.510614
15.498456
15.489286
15.483073
15.479494
15.478111
15.477725
15.477834
15.478424
15.479172
15.479577
15.479394
15.47879
15.478482
15.479388
15.481357
15.483505
15.486462
15.491567
15.497992
15.502486
15.500406
15.486026
15.455256
15.406441
15.340153
15.259203
15.168603
15.075479
14.988247
14.914641
14.859336
14.822256
14.800829
14.79519
14.799151
14.811358
14.83308
14.8623
14.894874
14.926994
14.948504
14.948885
14.938319
14.917096
14.877309
14.816059
14.735696
14.639588
14.530118
14.408699
14.27698
14.13784
13.995477
13.854556
13.718398
13.587931
13.461493
13.336582
13.213006
13.093617
12.981767
12.879588
12.790281
12.721041
12.67292
12.629952
12.572224
12.481364
12.335465
12.179081
12.131894
12.160201
12.219169
12.322567
12.467418
12.56714
12.567716
12.541138
12.513249
12.468653
12.395269
12.283
12.125559
11.925565
11.693157
11.441352
11.181905
10.921774
10.66203
10.4018
10.143551
9.8930898
9.6564333
9.4361907
9.2151335
8.9549464
8.7004652
8.6019001
8.622045
8.656814
8.7053254
8.7789381
8.836939
8.8402995
8.8252298
8.8107782
8.7916062
8.7629788
8.7210783
8.6628036
8.5916494
8.5223342
8.4693799
8.4258585
8.365656
8.2577957
8.0655794
7.7522473
7.4059963
7.2629038
7.3013402
7.3942424
7.4982904
7.5301342
7.4935671
7.3396272
6.9773675
6.409235
5.7113338
4.9747271
4.2702399
3.627279
3.0525705
2.5344586
2.070252
1.7034921
1.4857203
1.351878
1.1634027
0.97260233
0.96979499
1.0878638
1.2089323
1.309464
1.3631869
1.3617812
1.3463726
1.3246227
1.2768379
1.1984475
1.0855453
0.91015994
0.6206721
0.17263423
-0.36392986
-0.66638498
-0.67874934
-0.83381103
-1.3630324
-2.2501733
-2.7959007
-2.7537587
-2.6590892
-2.5104441
-2.4635112
-4.1492558
-6.7443802
-6.994548
-6.5077007
-6.4272865
-6.4659189
-6.4857743
-6.2699606
-5.9276805
-8.3772159
-12.225453
-11.841126
-10.820622
-10.811361
-10.861339
-10.870944
-10.939031
-10.920096
-10.340749
-10.428474
-17.207989
-19.322141
-15.479706
-14.595587
-14.869059
-14.93215
-14.935265
-14.940737
-14.945384
-14.951058
-14.978632
-15.020506
-15.019568
-15.013416
-15.015803
-15.019697
-15.023982
-15.029268
-15.034995
-15.033569
-15.0234
-15.09306
-15.26727
-15.25882
-15.075733
-15.02399
-16.741596
-10.410878
57.535114
205.91209
362.32639
-3.2465167
-3.2542218
-3.2615909
-3.284761
-3.3197481
-3.3517174
-3.3634195
-3.3550284
-3.3302104
-3.2990814
-3.2730991
-3.2586051
-3.2561574
-3.2645942
-3.2890068
-3.3292024
-3.3830955
-3.447652
-3.5186243
-3.5912015
-3.6607706
-3.7237291
-3.7781532
-3.8236495
-3.8597071
-3.8863202
-3.9025783
-3.9106172
-3.9098228
-3.9071445
-3.9019747
-3.8946153
-3.8862022
-3.8775198
-3.8684206
-3.8581476
-3.8447699
-3.825955
-3.8047859
-3.7887335
-3.7777073
-3.7666059
-3.7560654
-3.7522942
-3.7637279
-3.8075764
-3.8951585
-4.0308424
-4.2130052
-4.4344076
-4.6820962
-4.9365265
-5.1732552
-5.3689469
-5.5095584
-5.5961203
-5.6443705
-5.637712
-5.6140453
-5.5667244
-5.4921598
-5.3955078
-5.2905797
-5.1828029
-5.1034491
-5.1011563
-5.1162008
-5.1618503
-5.2605923
-5.4213114
-5.6363912
-5.8914718
-6.1755268
-6.483753
-6.8140386
-7.1626294
-7.5220841
-7.8828975
-8.2382282
-8.5854434
-8.9261078
-9.2612804
-9.5885654
-9.9010377
-10.191054
-10.454622
-10.6851
-10.857416
-10.962583
-11.051194
-11.179044
-11.395298
-11.788205
-12.275534
-12.351692
-12.263756
-12.079423
-11.772257
-11.31963
-10.996341
-11.016299
-11.079328
-11.158129
-11.272908
-11.457513
-11.749536
-12.167688
-12.703262
-13.327098
-14.002128
-14.694304
-15.383233
-16.06633
-16.747012
-17.418758
-18.066788
-18.677173
-19.239597
-19.79203
-20.448627
-21.14197
-21.36322
-21.299684
-21.193957
-21.044736
-20.835738
-20.660299
-20.649669
-20.673357
-20.706921
-20.751714
-20.817524
-20.916473
-21.057315
-21.233288
-21.407282
-21.538633
-21.648375
-21.804643
-22.082244
-22.560001
-23.335036
-24.254258
-24.590037
-24.502848
-24.279025
-23.980359
-23.934102
-24.052414
-24.493672
-25.453317
-26.896743
-28.509617
-29.983244
-31.193499
-32.144112
-32.876212
-33.430813
-33.854658
-34.175407
-34.346508
-34.353216
-34.314621
-34.225165
-34.070797
-33.849536
-33.580529
-33.323803
-33.162044
-33.124815
-33.131682
-33.161492
-33.233929
-33.376515
-33.616458
-33.969602
-34.436079
-35.033672
-35.798807
-36.334338
-36.434523
-36.500826
-36.53636
-36.544297
-36.546862
-36.550096
-36.553108
-36.555714
-36.557584
-36.557698
-36.556733
-36.55682
-36.557849
-36.559294
-36.56117
-36.56349
-36.566488
-36.569435
-36.570204
-36.569206
-36.569577
-36.569492
-36.567068
-36.562565
-36.55647
-36.548463
-36.540056
-36.548251
-36.563947
-36.49314
-36.444435
-36.519082
-36.574192
-36.600928
-36.609196
-36.615081
-36.621273
-36.627091
-36.632667
-36.638143
-36.643517
-36.648867
-36.654216
-36.659523
-36.664699
-36.669595
-36.674026
-36.677788
-36.680646
-36.682307
-36.682005
-36.678688
-36.668895
-36.649532
-36.589579
-36.492234
-35.597819
-23.974387
51.596245
208.69114
-36.457085
-36.456913
-36.457592
-36.458196
-36.45835
-36.458405
-36.458445
-36.45849
-36.458546
-36.458612
-36.458695
-36.45879
-36.458883
-36.458954
-36.458987
-36.458981
-36.458922
-36.458795
-36.4586
-36.458344
-36.458043
-36.457703
-36.457333
-36.456957
-36.45663
-36.456433
-36.456424
-36.456643
-36.457142
-36.458001
-36.459344
-36.461343
-36.464184
-36.467989
-36.472721
-36.478073
-36.483478
-36.488219
-36.491635
-36.493319
-36.493185
-36.491481
-36.488465
-36.484885
-36.481458
-36.478725
-36.477106
-36.476774
-36.477613
-36.479176
-36.480997
-36.482747
-36.484238
-36.485408
-36.486292
-36.486955
-36.48744
-36.487757
-36.48784
-36.487637
-36.487115
-36.48631
-36.485334
-36.48435
-36.483442
-36.482471
-36.481221
-36.479818
-36.478818
-36.478898
-36.480755
-36.484783
-36.490797
-36.498023
-36.505232
-36.511124
-36.514504
-36.514467
-36.51121
-36.506116
-36.50159
-36.498838
-36.497667
-36.497399
-36.497675
-36.498399
-36.499381
-36.500293
-36.500988
-36.501516
-36.502138
-36.503147
-36.504388
-36.505454
-36.506417
-36.507131
-36.50755
-36.507725
-36.508041
-36.508636
-36.509292
-36.509943
-36.510487
-36.51096
-36.511455
-36.512044
-36.512752
-36.51355
-36.514372
-36.515158
-36.515896
-36.516628
-36.517429
-36.518364
-36.519439
-36.52056
-36.521642
-36.522859
-36.524486
-36.526204
-36.527357
-36.528115
-36.52861
-36.528894
-36.529081
-36.529407
-36.530002
-36.53074
-36.531621
-36.532597
-36.533699
-36.534982
-36.536466
-36.538093
-36.539714
-36.541157
-36.542304
-36.5431
-36.543686
-36.544512
-36.545937
-36.547379
-36.547777
-36.547384
-36.546505
-36.545707
-36.545665
-36.546545
-36.549148
-36.554069
-36.561454
-36.570894
-36.581621
-36.592697
-36.603188
-36.61229
-36.619439
-36.624221
-36.625992
-36.625134
-36.619727
-36.610711
-36.599818
-36.588058
-36.576391
-36.566876
-36.561319
-36.557618
-36.553741
-36.549816
-36.545982
-36.542368
-36.539207
-36.536647
-36.534669
-36.533772
-36.533665
-36.529026
-36.510007
-36.478815
-36.471082
-36.490384
-36.514032
-36.529401
-36.538409
-36.54451
-36.549155
-36.552865
-36.555555
-36.556647
-36.556325
-36.556101
-36.556904
-36.558377
-36.560382
-36.56274
-36.565545
-36.568169
-36.569168
-36.568501
-36.568136
-36.568117
-36.567164
-36.56491
-36.561582
-36.557569
-36.556554
-36.569328
-36.592908
-36.594305
-36.56392
-36.552054
-36.569792
-36.589172
-36.602131
-36.611464
-36.619131
-36.625769
-36.631771
-36.637427
-36.642895
-36.648275
-36.653667
-36.659032
-36.664264
-36.669229
-36.67377
-36.677648
-36.680613
-36.682534
-36.683231
-36.682563
-36.679058
-36.67101
-36.650195
-36.591592
-36.458453
-35.336072
-14.91066
75.194238
-36.456654
-36.456043
-36.457156
-36.457961
-36.457994
-36.458089
-36.458177
-36.458263
-36.458347
-36.458435
-36.458531
-36.45863
-36.458714
-36.458761
-36.458761
-36.458725
-36.458661
-36.45857
-36.458435
-36.458251
-36.458025
-36.45777
-36.457494
-36.457205
-36.456957
-36.456838
-36.456901
-36.457191
-36.45772
-36.458568
-36.459858
-36.461803
-36.464646
-36.468482
-36.473401
-36.479202
-36.485326
-36.49087
-36.494988
-36.496804
-36.495837
-36.492298
-36.487626
-36.482997
-36.47922
-36.476757
-36.475629
-36.475673
-36.476804
-36.47856
-36.480536
-36.48239
-36.483923
-36.485083
-36.485922
-36.486534
-36.486984
-36.487274
-36.487343
-36.487106
-36.486552
-36.485601
-36.484314
-36.482851
-36.48144
-36.480354
-36.479688
-36.479457
-36.479538
-36.480443
-36.482822
-36.487027
-36.49305
-36.500255
-36.507559
-36.513829
-36.517718
-36.517491
-36.512564
-36.504759
-36.497721
-36.493656
-36.492703
-36.493838
-36.495681
-36.497543
-36.499054
-36.500157
-36.500963
-36.501613
-36.502302
-36.503234
-36.504352
-36.505347
-36.506155
-36.506822
-36.507282
-36.507565
-36.507914
-36.508513
-36.509216
-36.50988
-36.510464
-36.510999
-36.511556
-36.512194
-36.512934
-36.51375
-36.514592
-36.51541
-36.516193
-36.51697
-36.517801
-36.518736
-36.519775
-36.520852
-36.52191
-36.523059
-36.524492
-36.52603
-36.527164
-36.52783
-36.528332
-36.528716
-36.529043
-36.529465
-36.530113
-36.53093
-36.531837
-36.53282
-36.533902
-36.535126
-36.536513
-36.538023
-36.539543
-36.540931
-36.542089
-36.542995
-36.543791
-36.544829
-36.546357
-36.547884
-36.548526
-36.548236
-36.547515
-36.546899
-36.546953
-36.54801
-36.550599
-36.555367
-36.562525
-36.571709
-36.582145
-36.592926
-36.603194
-36.612236
-36.619521
-36.624627
-36.627412
-36.62526
-36.619557
-36.610841
-36.600206
-36.588665
-36.577378
-36.567941
-36.561559
-36.557588
-36.554521
-36.551487
-36.548285
-36.545176
-36.542371
-36.539898
-36.537802
-36.53647
-36.534452
-36.526637
-36.508808
-36.48996
-36.491101
-36.504237
-36.519419
-36.530506
-36.53805
-36.543605
-36.54792
-36.55131
-36.553725
-36.555173
-36.556054
-36.556751
-36.557591
-36.558889
-36.560497
-36.562405
-36.56457
-36.566576
-36.567735
-36.567954
-36.567819
-36.567355
-36.566188
-36.564333
-36.562334
-36.561321
-36.563756
-36.573063
-36.584034
-36.58183
-36.569059
-36.566423
-36.576169
-36.589558
-36.600888
-36.609858
-36.61739
-36.623993
-36.630063
-36.635717
-36.641071
-36.646327
-36.651725
-36.657141
-36.662476
-36.667578
-36.672303
-36.676551
-36.679935
-36.682336
-36.68341
-36.683158
-36.680639
-36.676408
-36.673275
-36.64144
-36.636295
-36.617224
-29.426326
30.730197
-36.456434
-36.454534
-36.455991
-36.458374
-36.458432
-36.458503
-36.458569
-36.458629
-36.458687
-36.458752
-36.458827
-36.45891
-36.458987
-36.458954
-36.458882
-36.458892
-36.458864
-36.458799
-36.458777
-36.458655
-36.458512
-36.458395
-36.458241
-36.458042
-36.457809
-36.457865
-36.458076
-36.458492
-36.459139
-36.460126
-36.461482
-36.46339
-36.466068
-36.469571
-36.474402
-36.480147
-36.486248
-36.491816
-36.495798
-36.497621
-36.496766
-36.493559
-36.488708
-36.483503
-36.478979
-36.475927
-36.474759
-36.475175
-36.477023
-36.478884
-36.480763
-36.482443
-36.483832
-36.484917
-36.485743
-36.486373
-36.486854
-36.487207
-36.487441
-36.487349
-36.486911
-36.486204
-36.485304
-36.48436
-36.483501
-36.4828
-36.481928
-36.481257
-36.481263
-36.482337
-36.484829
-36.488933
-36.4947
-36.501552
-36.508322
-36.513776
-36.516785
-36.51623
-36.512358
-36.506812
-36.502102
-36.499333
-36.498294
-36.498288
-36.498666
-36.499258
-36.499911
-36.50063
-36.501334
-36.502012
-36.502727
-36.503548
-36.504446
-36.505311
-36.506082
-36.506749
-36.507299
-36.507763
-36.508237
-36.508798
-36.509419
-36.510046
-36.510649
-36.511237
-36.511843
-36.512501
-36.513222
-36.513997
-36.514801
-36.51561
-36.516417
-36.517239
-36.518102
-36.519031
-36.520025
-36.52106
-36.522124
-36.523258
-36.5245
-36.525747
-36.526804
-36.527617
-36.528271
-36.528825
-36.529343
-36.529911
-36.530599
-36.531406
-36.532309
-36.533297
-36.534376
-36.535563
-36.536859
-36.538226
-36.539593
-36.540873
-36.542008
-36.542997
-36.543926
-36.544956
-36.546162
-36.547336
-36.548108
-36.548384
-36.548424
-36.548601
-36.549304
-36.550874
-36.553711
-36.55821
-36.564504
-36.572343
-36.581199
-36.590399
-36.59924
-36.607081
-36.613382
-36.617657
-36.619485
-36.618413
-36.613903
-36.606651
-36.597574
-36.587705
-36.578105
-36.569829
-36.56354
-36.558976
-36.555352
-36.552058
-36.548875
-36.545869
-36.543135
-36.540675
-36.538401
-36.536152
-36.532813
-36.526377
-36.516195
-36.507012
-36.504946
-36.512235
-36.521855
-36.530421
-36.537189
-36.542487
-36.54668
-36.549977
-36.552503
-36.554328
-36.555637
-36.556756
-36.557919
-36.559275
-36.560819
-36.562527
-36.564282
-36.565865
-36.567011
-36.567666
-36.567968
-36.567934
-36.567481
-36.566704
-36.566066
-36.566447
-36.569
-36.574132
-36.579011
-36.578997
-36.575757
-36.576216
-36.582155
-36.590858
-36.599661
-36.607638
-36.614775
-36.621239
-36.627214
-36.632884
-36.638402
-36.64385
-36.649324
-36.654807
-36.660225
-36.665534
-36.670627
-36.675216
-36.679055
-36.68181
-36.683049
-36.682392
-36.678883
-36.671091
-36.666894
-36.643204
-36.647322
-36.635449
-34.714038
27.069663
-36.456042
-36.454211
-36.457076
-36.45856
-36.458646
-36.458704
-36.458749
-36.458791
-36.458835
-36.458884
-36.458944
-36.459015
-36.459085
-36.459009
-36.458978
-36.459028
-36.459197
-36.459242
-36.459209
-36.459166
-36.459116
-36.459062
-36.459018
-36.458993
-36.45894
-36.459106
-36.459586
-36.460072
-36.46076
-36.461709
-36.463021
-36.464822
-36.467324
-36.470797
-36.475119
-36.480321
-36.485925
-36.491249
-36.495415
-36.497458
-36.496798
-36.493356
-36.48876
-36.484118
-36.480447
-36.478098
-36.477047
-36.477128
-36.478041
-36.479259
-36.48069
-36.482032
-36.483205
-36.484179
-36.484959
-36.485566
-36.485994
-36.486151
-36.486141
-36.486083
-36.485874
-36.485542
-36.485055
-36.484471
-36.483887
-36.483411
-36.483225
-36.483165
-36.483508
-36.484614
-36.486729
-36.490055
-36.494571
-36.499828
-36.504914
-36.508917
-36.510686
-36.510198
-36.507746
-36.504558
-36.501819
-36.500027
-36.499133
-36.498913
-36.49914
-36.499633
-36.500315
-36.500995
-36.501655
-36.502319
-36.503015
-36.50376
-36.504537
-36.505301
-36.506019
-36.506674
-36.507266
-36.507819
-36.508373
-36.508957
-36.509569
-36.510192
-36.510815
-36.511442
-36.512088
-36.512768
-36.513488
-36.514246
-36.515029
-36.51583
-36.516645
-36.517481
-36.518352
-36.519268
-36.520229
-36.521228
-36.522263
-36.523343
-36.524457
-36.52555
-36.526541
-36.527407
-36.528167
-36.528859
-36.529529
-36.530228
-36.530993
-36.531838
-36.532761
-36.53376
-36.534839
-36.535998
-36.53723
-36.538509
-36.53979
-36.541026
-36.542186
-36.543273
-36.54433
-36.545414
-36.546531
-36.547583
-36.548442
-36.549096
-36.54969
-36.55046
-36.551675
-36.553602
-36.556505
-36.560591
-36.565909
-36.572285
-36.579361
-36.586664
-36.59367
-36.599861
-36.604718
-36.607786
-36.608567
-36.607699
-36.604523
-36.599228
-36.592434
-36.58491
-36.577452
-36.570737
-36.565145
-36.560612
-36.556798
-36.5534
-36.550263
-36.547346
-36.544642
-36.542115
-36.539646
-36.536966
-36.533521
-36.528778
-36.523206
-36.518985
-36.518873
-36.521861
-36.526982
-36.532559
-36.537697
-36.542131
-36.545852
-36.548922
-36.551407
-36.553391
-36.555009
-36.556439
-36.557831
-36.55926
-36.560749
-36.56228
-36.563783
-36.56514
-36.566233
-36.567028
-36.567566
-36.567878
-36.568003
-36.568079
-36.568421
-36.569493
-36.571693
-36.574841
-36.57771
-36.579011
-36.579553
-36.581668
-36.586265
-36.592552
-36.59939
-36.606118
-36.612516
-36.61857
-36.624349
-36.62995
-36.635475
-36.64101
-36.64661
-36.652294
-36.658037
-36.663764
-36.669351
-36.674629
-36.679348
-36.683111
-36.685328
-36.685558
-36.683773
-36.673438
-36.668083
-36.626297
-36.623499
-36.57156
-36.294455
21.063846
-36.456634
-36.454947
-36.458721
-36.458868
-36.458933
-36.458951
-36.458966
-36.458987
-36.459017
-36.459056
-36.459108
-36.459174
-36.45925
-36.459327
-36.459393
-36.459461
-36.459497
-36.459527
-36.459558
-36.459593
-36.459632
-36.459679
-36.45974
-36.459847
-36.460033
-36.460313
-36.460721
-36.461291
-36.46205
-36.463046
-36.464355
-36.466088
-36.468367
-36.47129
-36.474912
-36.47916
-36.483743
-36.488117
-36.491573
-36.493482
-36.493488
-36.491207
-36.487728
-36.484199
-36.481429
-36.479704
-36.478947
-36.478962
-36.479526
-36.480418
-36.481333
-36.482272
-36.483162
-36.483955
-36.484629
-36.485181
-36.485612
-36.485925
-36.486124
-36.486156
-36.486028
-36.485799
-36.485534
-36.485299
-36.48514
-36.484919
-36.484792
-36.484897
-36.485393
-36.486468
-36.488267
-36.490874
-36.494155
-36.497714
-36.501047
-36.503551
-36.504748
-36.504888
-36.50408
-36.502735
-36.501422
-36.500477
-36.499987
-36.499882
-36.500053
-36.500424
-36.500859
-36.501393
-36.501983
-36.502608
-36.503267
-36.503958
-36.504667
-36.505371
-36.506051
-36.506697
-36.50731
-36.507902
-36.508492
-36.509095
-36.509714
-36.510343
-36.510981
-36.511631
-36.512299
-36.512994
-36.513719
-36.514473
-36.515252
-36.516051
-36.51687
-36.517712
-36.518584
-36.519489
-36.520428
-36.521399
-36.522398
-36.523422
-36.524455
-36.525467
-36.526417
-36.527302
-36.528122
-36.5289
-36.529665
-36.53045
-36.531277
-36.532159
-36.533102
-36.534107
-36.535175
-36.536304
-36.537484
-36.538698
-36.53992
-36.541123
-36.542293
-36.543432
-36.544558
-36.545688
-36.546816
-36.547903
-36.548914
-36.549869
-36.550866
-36.552056
-36.553619
-36.555736
-36.558568
-36.562217
-36.56668
-36.571823
-36.577393
-36.583056
-36.588432
-36.593129
-36.596753
-36.598932
-36.59947
-36.598567
-36.59608
-36.592156
-36.587159
-36.581572
-36.575893
-36.570545
-36.565769
-36.561593
-36.55791
-36.55459
-36.551537
-36.548697
-36.54603
-36.54348
-36.540942
-36.538237
-36.535153
-36.53165
-36.528217
-36.525937
-36.525818
-36.527796
-36.531102
-36.534987
-36.538883
-36.542493
-36.5457
-36.548478
-36.550848
-36.55286
-36.554599
-36.556169
-36.557659
-36.559124
-36.560587
-36.562037
-36.563431
-36.564707
-36.565811
-36.566722
-36.56746
-36.568063
-36.568598
-36.569192
-36.570044
-36.571376
-36.573304
-36.575652
-36.577943
-36.579848
-36.581758
-36.584518
-36.588542
-36.593599
-36.599201
-36.604957
-36.610658
-36.616233
-36.621692
-36.627097
-36.632531
-36.638072
-36.643783
-36.649701
-36.655837
-36.662158
-36.66858
-36.674954
-36.68103
-36.686416
-36.690464
-36.692245
-36.692517
-36.684727
-36.67563
-36.639204
-36.624504
-36.546807
-36.603044
37.975389
-36.457776
-36.456602
-36.459121
-36.459215
-36.45921
-36.45918
-36.459165
-36.459167
-36.459186
-36.45922
-36.459269
-36.459334
-36.459413
-36.459498
-36.459577
-36.459647
-36.459714
-36.459785
-36.459866
-36.459958
-36.460062
-36.460181
-36.460324
-36.460517
-36.460782
-36.461143
-36.461628
-36.462261
-36.463069
-36.46409
-36.465378
-36.466992
-36.469005
-36.471446
-36.474307
-36.477497
-36.480825
-36.483933
-36.486339
-36.487579
-36.48735
-36.486577
-36.484962
-36.483129
-36.481564
-36.480512
-36.480007
-36.479974
-36.480305
-36.480876
-36.481564
-36.482312
-36.483041
-36.483712
-36.484304
-36.484802
-36.4852
-36.485489
-36.485668
-36.485751
-36.485768
-36.48572
-36.485633
-36.485549
-36.485508
-36.485594
-36.48579
-36.48616
-36.486824
-36.487906
-36.489487
-36.491569
-36.494039
-36.496656
-36.499086
-36.500982
-36.50211
-36.502489
-36.502241
-36.501677
-36.501066
-36.500582
-36.500311
-36.50027
-36.500426
-36.500726
-36.50118
-36.50169
-36.502246
-36.50284
-36.503466
-36.504117
-36.504783
-36.50545
-36.506107
-36.506746
-36.507369
-36.507981
-36.508593
-36.509211
-36.50984
-36.510479
-36.51113
-36.511794
-36.512477
-36.513182
-36.513911
-36.514665
-36.515442
-36.51624
-36.51706
-36.517903
-36.518772
-36.519668
-36.520592
-36.521541
-36.522511
-36.523496
-36.524483
-36.525456
-36.526391
-36.527288
-36.528147
-36.528983
-36.529813
-36.530657
-36.531532
-36.532448
-36.533411
-36.534424
-36.535487
-36.536597
-36.537746
-36.538922
-36.540109
-36.541293
-36.542465
-36.543627
-36.544785
-36.545945
-36.547105
-36.548254
-36.549392
-36.550551
-36.5518
-36.553244
-36.554998
-36.557179
-36.559879
-36.563143
-36.566944
-36.571171
-36.575636
-36.580092
-36.584259
-36.587848
-36.590576
-36.5922
-36.5926
-36.591804
-36.589829
-36.586803
-36.582972
-36.57865
-36.574164
-36.569792
-36.565706
-36.561966
-36.558552
-36.555415
-36.552507
-36.549789
-36.547222
-36.544757
-36.542324
-36.539841
-36.537263
-36.534688
-36.532462
-36.53112
-36.531077
-36.532341
-36.53458
-36.53737
-36.540345
-36.543262
-36.545986
-36.548455
-36.550656
-36.552612
-36.554367
-36.55598
-36.557506
-36.558981
-36.560421
-36.561824
-36.563167
-36.564419
-36.565554
-36.566564
-36.567467
-36.568299
-36.569122
-36.570033
-36.571152
-36.572588
-36.574375
-36.576424
-36.578561
-36.580718
-36.583088
-36.586008
-36.589664
-36.593985
-36.598754
-36.603752
-36.608836
-36.613943
-36.619069
-36.624259
-36.62958
-36.635113
-36.640942
-36.647143
-36.653775
-36.660863
-36.668386
-36.67624
-36.684207
-36.691916
-36.698765
-36.703723
-36.707393
-36.705156
-36.701918
-36.681664
-36.683202
-36.626217
-35.795803
54.469691
-36.458907
-36.458538
-36.459482
-36.459521
-36.459454
-36.459389
-36.459347
-36.459334
-36.459345
-36.459375
-36.459423
-36.459488
-36.459567
-36.459653
-36.459741
-36.45983
-36.459924
-36.460027
-36.460144
-36.460277
-36.460427
-36.4606
-36.460808
-36.461068
-36.461401
-36.461829
-36.462374
-36.463057
-36.463901
-36.464936
-36.466195
-36.467711
-36.469502
-36.471569
-36.473871
-36.476332
-36.478812
-36.481094
-36.4829
-36.483999
-36.484379
-36.483818
-36.483044
-36.482156
-36.481352
-36.480781
-36.480508
-36.480531
-36.480802
-36.481252
-36.481811
-36.482423
-36.483039
-36.483627
-36.484165
-36.48464
-36.485044
-36.485372
-36.485624
-36.485802
-36.485918
-36.485994
-36.486046
-36.486099
-36.486173
-36.486333
-36.486634
-36.487119
-36.487852
-36.488899
-36.490289
-36.492002
-36.493941
-36.49594
-36.49779
-36.499301
-36.500357
-36.500947
-36.501075
-36.500937
-36.500721
-36.500547
-36.500482
-36.500552
-36.500756
-36.501079
-36.501478
-36.501953
-36.50248
-36.503047
-36.503645
-36.504267
-36.504903
-36.505545
-36.506184
-36.506817
-36.507444
-36.508067
-36.508691
-36.50932
-36.509959
-36.510608
-36.511269
-36.511944
-36.512637
-36.513349
-36.514082
-36.514837
-36.515613
-36.51641
-36.517229
-36.518069
-36.518932
-36.519818
-36.520727
-36.521657
-36.522603
-36.523559
-36.524516
-36.525465
-36.526394
-36.5273
-36.528185
-36.52906
-36.529934
-36.53082
-36.531731
-36.532674
-36.533655
-36.534677
-36.535739
-36.536838
-36.53797
-36.539126
-36.540296
-36.541473
-36.54265
-36.543829
-36.545011
-36.546201
-36.5474
-36.548611
-36.549845
-36.551135
-36.552532
-36.554107
-36.555937
-36.558092
-36.560624
-36.563544
-36.566816
-36.570348
-36.573995
-36.577572
-36.580868
-36.583667
-36.585772
-36.587033
-36.587366
-36.586707
-36.585124
-36.582727
-36.579692
-36.576237
-36.572585
-36.568928
-36.565401
-36.562072
-36.558958
-36.556047
-36.553321
-36.550757
-36.548329
-36.546008
-36.543758
-36.541555
-36.53942
-36.537463
-36.535906
-36.535028
-36.535025
-36.535898
-36.537491
-36.539558
-36.541865
-36.544232
-36.546537
-36.548712
-36.550726
-36.552579
-36.554291
-36.555894
-36.557416
-36.558882
-36.560303
-36.561679
-36.562999
-36.56425
-36.565422
-36.566514
-36.567545
-36.568545
-36.569566
-36.570673
-36.571942
-36.573431
-36.575156
-36.577082
-36.579157
-36.581382
-36.583856
-36.586725
-36.590075
-36.593878
-36.598032
-36.602418
-36.60695
-36.611585
-36.616329
-36.621227
-36.626358
-36.631822
-36.637735
-36.644222
-36.651405
-36.659387
-36.668233
-36.677923
-36.688307
-36.699063
-36.709647
-36.719009
-36.728042
-36.73308
-36.740559
-36.739531
-36.760776
-36.719833
-32.701551
68.299921
-36.459637
-36.459701
-36.459766
-36.45976
-36.459636
-36.459568
-36.459511
-36.459485
-36.459489
-36.459517
-36.459565
-36.459631
-36.459711
-36.459803
-36.459902
-36.460008
-36.460125
-36.460255
-36.460401
-36.460566
-36.460755
-36.460974
-36.461234
-36.461551
-36.46194
-36.46242
-36.463008
-36.463723
-36.464582
-36.465603
-36.466807
-36.468207
-36.469806
-36.47159
-36.47352
-36.475524
-36.477497
-36.479293
-36.480753
-36.481756
-36.482263
-36.48227
-36.481965
-36.48154
-36.481145
-36.480873
-36.480775
-36.480862
-36.481117
-36.481502
-36.481973
-36.482491
-36.483024
-36.483543
-36.484029
-36.484469
-36.484856
-36.485185
-36.485458
-36.485683
-36.485867
-36.486035
-36.486203
-36.486391
-36.48662
-36.486916
-36.48732
-36.487876
-36.48863
-36.489618
-36.490849
-36.492295
-36.493881
-36.49549
-36.496986
-36.498247
-36.499202
-36.49984
-36.500184
-36.50033
-36.500382
-36.500428
-36.500522
-36.500693
-36.50095
-36.501287
-36.501697
-36.502163
-36.502675
-36.503223
-36.503801
-36.504401
-36.505017
-36.505641
-36.506268
-36.506896
-36.507523
-36.508152
-36.508784
-36.509422
-36.510069
-36.510726
-36.511396
-36.512079
-36.512779
-36.513497
-36.514234
-36.514991
-36.515767
-36.516564
-36.51738
-36.518217
-36.519075
-36.519953
-36.52085
-36.521765
-36.522693
-36.52363
-36.524569
-36.525503
-36.526429
-36.527343
-36.528247
-36.529147
-36.530052
-36.530968
-36.531906
-36.53287
-36.533865
-36.534893
-36.535956
-36.53705
-36.538172
-36.539317
-36.540478
-36.541652
-36.542835
-36.544027
-36.545231
-36.546448
-36.547684
-36.548946
-36.55025
-36.551622
-36.553101
-36.554733
-36.556569
-36.55865
-36.561
-36.563614
-36.566453
-36.56944
-36.572461
-36.575374
-36.578023
-36.580246
-36.5819
-36.582869
-36.583135
-36.582608
-36.581338
-36.579416
-36.576971
-36.574156
-36.571132
-36.568038
-36.56498
-36.562025
-36.559206
-36.556534
-36.554007
-36.551618
-36.549355
-36.547206
-36.545163
-36.543231
-36.541451
-36.539913
-36.538757
-36.538133
-36.538139
-36.538779
-36.539951
-36.541524
-36.543345
-36.545282
-36.547237
-36.549146
-36.550972
-36.552703
-36.554342
-36.555902
-36.557397
-36.558842
-36.560243
-36.561602
-36.562915
-36.564177
-36.565385
-36.566546
-36.567675
-36.568798
-36.569953
-36.571186
-36.572545
-36.574065
-36.575761
-36.577626
-36.579651
-36.581852
-36.584281
-36.587006
-36.590066
-36.593449
-36.597102
-36.600965
-36.604989
-36.609159
-36.613494
-36.61805
-36.622921
-36.628233
-36.634148
-36.640853
-36.648558
-36.657474
-36.667787
-36.679607
-36.692896
-36.707408
-36.722634
-36.737524
-36.753099
-36.76578
-36.783643
-36.79348
-36.817573
-36.77758
-29.781897
81.73628
-36.459837
-36.459917
-36.459953
-36.459924
-36.459791
-36.459689
-36.459646
-36.459613
-36.459614
-36.459641
-36.459691
-36.45976
-36.459844
-36.459943
-36.460053
-36.460176
-36.460314
-36.460467
-36.46064
-36.460835
-36.461058
-36.461317
-36.461621
-36.461982
-36.462414
-36.462931
-36.463547
-36.464276
-36.465131
-36.466123
-36.467263
-36.468554
-36.46999
-36.471555
-36.473211
-36.474904
-36.476551
-36.478053
-36.479306
-36.480237
-36.480826
-36.4811
-36.481125
-36.481027
-36.480911
-36.48085
-36.480888
-36.481043
-36.481308
-36.481665
-36.48209
-36.482555
-36.483037
-36.483516
-36.483975
-36.484405
-36.484798
-36.48515
-36.485462
-36.485739
-36.485985
-36.486219
-36.486455
-36.486715
-36.487024
-36.487401
-36.487874
-36.488473
-36.489225
-36.490151
-36.49125
-36.492493
-36.493825
-36.495164
-36.49642
-36.497517
-36.498403
-36.499068
-36.499533
-36.499849
-36.500081
-36.500285
-36.500504
-36.500763
-36.501075
-36.501442
-36.501863
-36.502329
-36.502834
-36.503372
-36.503937
-36.504522
-36.505123
-36.505734
-36.506353
-36.506976
-36.507603
-36.508235
-36.508871
-36.509516
-36.510169
-36.510833
-36.511509
-36.512199
-36.512905
-36.513627
-36.514367
-36.515125
-36.515902
-36.516697
-36.517512
-36.518345
-36.519197
-36.520068
-36.520955
-36.521858
-36.522773
-36.523696
-36.524623
-36.525551
-36.526475
-36.527396
-36.528314
-36.529234
-36.53016
-36.531099
-36.532057
-36.533037
-36.534045
-36.53508
-36.536145
-36.537237
-36.538354
-36.539494
-36.540652
-36.541826
-36.543015
-36.544219
-36.54544
-36.54668
-36.547946
-36.549247
-36.550597
-36.552016
-36.553533
-36.555178
-36.556982
-36.558965
-36.561137
-36.563484
-36.565968
-36.568523
-36.571059
-36.573467
-36.575629
-36.577425
-36.57875
-36.579513
-36.579708
-36.57927
-36.578235
-36.576668
-36.574665
-36.572337
-36.569798
-36.567156
-36.564494
-36.561875
-36.559336
-36.556899
-36.554576
-36.55237
-36.550283
-36.548315
-36.546474
-36.544779
-36.543271
-36.542018
-36.541108
-36.540627
-36.540624
-36.541098
-36.541995
-36.543229
-36.544695
-36.546303
-36.547974
-36.549654
-36.551305
-36.55291
-36.554462
-36.555962
-36.557417
-36.558832
-36.56021
-36.561555
-36.562864
-36.564137
-36.565376
-36.566588
-36.567787
-36.568994
-36.570237
-36.571548
-36.572959
-36.574494
-36.576166
-36.577981
-36.579943
-36.582068
-36.584384
-36.586922
-36.589699
-36.592707
-36.595918
-36.599303
-36.602838
-36.606527
-36.610404
-36.61454
-36.619049
-36.624091
-36.629878
-36.636674
-36.644794
-36.654593
-36.666432
-36.680611
-36.697265
-36.71626
-36.737066
-36.758601
-36.781469
-36.801548
-36.828183
-36.840652
-36.860047
-36.817127
-29.876021
19.844789
-36.459898
-36.459985
-36.460046
-36.460028
-36.4599
-36.459788
-36.459748
-36.459713
-36.459715
-36.459746
-36.459799
-36.459873
-36.459964
-36.460072
-36.460194
-36.460332
-36.460488
-36.460663
-36.46086
-36.461082
-36.461336
-36.461628
-36.461966
-36.462362
-36.462825
-36.463367
-36.463999
-36.464732
-36.465573
-36.46653
-36.467607
-36.468801
-36.470104
-36.471497
-36.472949
-36.474414
-36.475832
-36.477135
-36.478255
-36.479144
-36.479786
-36.480201
-36.480437
-36.480565
-36.480652
-36.480753
-36.480904
-36.481123
-36.481413
-36.481766
-36.482166
-36.482598
-36.483044
-36.483492
-36.483929
-36.484345
-36.484737
-36.485101
-36.48544
-36.485758
-36.48606
-36.486356
-36.486661
-36.486991
-36.487364
-36.487799
-36.488316
-36.488936
-36.489676
-36.490545
-36.491538
-36.492631
-36.49378
-36.49493
-36.49602
-36.496999
-36.497833
-36.498512
-36.499049
-36.499472
-36.499823
-36.50014
-36.500454
-36.500786
-36.50115
-36.501549
-36.501986
-36.502459
-36.502964
-36.503497
-36.504053
-36.504629
-36.50522
-36.505824
-36.506436
-36.507056
-36.507682
-36.508315
-36.508955
-36.509603
-36.510262
-36.510931
-36.511612
-36.512307
-36.513017
-36.513743
-36.514485
-36.515244
-36.516021
-36.516816
-36.517628
-36.518458
-36.519306
-36.52017
-36.52105
-36.521943
-36.522848
-36.523762
-36.524681
-36.525604
-36.526529
-36.527455
-36.528383
-36.529317
-36.53026
-36.531215
-36.532188
-36.533181
-36.534198
-36.53524
-36.536308
-36.5374
-36.538516
-36.539654
-36.540812
-36.541989
-36.543183
-36.544397
-36.545631
-36.54689
-36.548179
-36.549505
-36.550882
-36.552324
-36.55385
-36.55548
-36.557231
-36.559112
-36.56112
-36.563238
-36.56543
-36.567642
-36.569801
-36.571823
-36.573617
-36.575096
-36.576185
-36.576836
-36.576942
-36.57656
-36.575698
-36.574398
-36.572729
-36.570772
-36.568613
-36.566334
-36.564004
-36.561677
-36.559393
-36.557179
-36.555053
-36.553028
-36.551114
-36.549322
-36.547666
-36.546171
-36.544872
-36.54382
-36.543071
-36.542675
-36.542661
-36.543024
-36.54373
-36.544719
-36.545924
-36.547278
-36.548721
-36.550208
-36.551704
-36.55319
-36.554653
-36.556088
-36.557496
-36.558877
-36.560233
-36.561564
-36.562871
-36.564154
-36.565416
-36.566666
-36.567916
-36.56918
-36.570481
-36.57184
-36.573278
-36.574814
-36.57646
-36.578223
-36.58011
-36.582132
-36.584302
-36.586635
-36.589135
-36.591793
-36.594594
-36.597522
-36.600569
-36.603749
-36.607107
-36.610725
-36.614736
-36.619333
-36.624782
-36.631433
-36.639733
-36.650218
-36.663492
-36.680136
-36.700565
-36.724829
-36.752347
-36.781757
-36.81272
-36.840062
-36.87442
-36.887101
-36.908502
-36.847304
-32.216342
-2.2420689
-36.459888
-36.459979
-36.460064
-36.460068
-36.459952
-36.45988
-36.459813
-36.459785
-36.459793
-36.459829
-36.459889
-36.45997
-36.46007
-36.460187
-36.460321
-36.460473
-36.460645
-36.460839
-36.461057
-36.461303
-36.461583
-36.461902
-36.462268
-36.46269
-36.463176
-36.463735
-36.464375
-36.465104
-36.465927
-36.466848
-36.467867
-36.468978
-36.470173
-36.471432
-36.472729
-36.474028
-36.475284
-36.476449
-36.477476
-36.478334
-36.479012
-36.479521
-36.479893
-36.48017
-36.4804
-36.480622
-36.480863
-36.48114
-36.481459
-36.481819
-36.482212
-36.482628
-36.483057
-36.483487
-36.48391
-36.484322
-36.484717
-36.485094
-36.485454
-36.485802
-36.486144
-36.486486
-36.486842
-36.487223
-36.487645
-36.488121
-36.488667
-36.489296
-36.49002
-36.49084
-36.49175
-36.49273
-36.493748
-36.494764
-36.495737
-36.496632
-36.497424
-36.498106
-36.498684
-36.499177
-36.499608
-36.500005
-36.50039
-36.50078
-36.501185
-36.501616
-36.502073
-36.502557
-36.503065
-36.503598
-36.50415
-36.50472
-36.505306
-36.505903
-36.506511
-36.507128
-36.507754
-36.508387
-36.50903
-36.509682
-36.510344
-36.511017
-36.511703
-36.512401
-36.513115
-36.513843
-36.514587
-36.515347
-36.516124
-36.516917
-36.517728
-36.518555
-36.519399
-36.520258
-36.521132
-36.522018
-36.522916
-36.523824
-36.524738
-36.525658
-36.526585
-36.527515
-36.528451
-36.529395
-36.53035
-36.531317
-36.532302
-36.533305
-36.53433
-36.535378
-36.536449
-36.537543
-36.538659
-36.539798
-36.540957
-36.542136
-36.543336
-36.544558
-36.545803
-36.547075
-36.548378
-36.54972
-36.55111
-36.552557
-36.554076
-36.555676
-36.557365
-36.559144
-36.561006
-36.562932
-36.564887
-36.566827
-36.568692
-36.570416
-36.57193
-36.573166
-36.574068
-36.574592
-36.57468
-36.574352
-36.573623
-36.572526
-36.571111
-36.569441
-36.56758
-36.565593
-36.563537
-36.561461
-36.559402
-36.557389
-36.555446
-36.55359
-36.551838
-36.550206
-36.548712
-36.547381
-36.546243
-36.545335
-36.544694
-36.544352
-36.544323
-36.544604
-36.545167
-36.545985
-36.546996
-36.548155
-36.549417
-36.550744
-36.552106
-36.553484
-36.554862
-36.556233
-36.557592
-36.558938
-36.56027
-36.561587
-36.562889
-36.564178
-36.565458
-36.566734
-36.568016
-36.569318
-36.570654
-36.572039
-36.573488
-36.575014
-36.576626
-36.57833
-36.580132
-36.582037
-36.584049
-36.586171
-36.588398
-36.590723
-36.59313
-36.595609
-36.598159
-36.600796
-36.603566
-36.606558
-36.609914
-36.61385
-36.618681
-36.624844
-36.632933
-36.643713
-36.658117
-36.67715
-36.701695
-36.732154
-36.767907
-36.806879
-36.846706
-36.881116
-36.921224
-36.932224
-36.970488
-36.891001
-35.034163
38.09661
-36.45983
-36.459918
-36.460014
-36.460052
-36.459955
-36.459902
-36.459843
-36.45983
-36.459848
-36.459893
-36.459962
-36.460051
-36.46016
-36.460287
-36.460432
-36.460598
-36.460784
-36.460995
-36.461231
-36.461497
-36.461798
-36.462139
-36.462527
-36.462969
-36.463471
-36.46404
-36.464684
-36.465405
-36.466209
-36.467097
-36.468065
-36.469108
-36.470215
-36.47137
-36.472551
-36.473728
-36.474867
-36.475933
-36.476894
-36.477729
-36.478428
-36.478998
-36.479459
-36.47984
-36.480171
-36.480481
-36.480792
-36.481119
-36.481467
-36.48184
-36.482234
-36.482644
-36.483063
-36.483483
-36.483901
-36.484311
-36.484711
-36.4851
-36.485479
-36.485853
-36.486226
-36.486604
-36.486998
-36.487418
-36.487875
-36.48838
-36.488943
-36.489575
-36.49028
-36.49106
-36.491906
-36.492802
-36.493725
-36.494646
-36.495535
-36.496368
-36.497128
-36.497808
-36.498411
-36.498948
-36.499434
-36.499888
-36.500326
-36.500761
-36.501204
-36.501661
-36.502136
-36.502631
-36.503146
-36.50368
-36.504232
-36.504799
-36.505381
-36.505975
-36.50658
-36.507195
-36.50782
-36.508454
-36.509098
-36.509752
-36.510417
-36.511093
-36.511782
-36.512484
-36.5132
-36.51393
-36.514675
-36.515436
-36.516213
-36.517005
-36.517814
-36.518639
-36.519479
-36.520334
-36.521203
-36.522085
-36.522978
-36.523881
-36.524792
-36.525711
-36.526639
-36.527573
-36.528515
-36.529466
-36.530429
-36.531406
-36.532399
-36.533411
-36.534442
-36.535495
-36.536569
-36.537666
-36.538784
-36.539924
-36.541085
-36.542268
-36.543472
-36.5447
-36.545953
-36.547233
-36.548545
-36.549895
-36.551287
-36.55273
-36.554231
-36.555793
-36.55742
-36.559107
-36.560842
-36.562607
-36.564372
-36.566096
-36.567732
-36.569228
-36.570527
-36.57158
-36.57234
-36.572771
-36.572843
-36.572559
-36.571933
-36.570991
-36.569772
-36.568323
-36.566697
-36.564945
-36.563115
-36.56125
-36.559385
-36.55755
-36.555771
-36.554068
-36.552461
-36.55097
-36.549614
-36.548417
-36.547403
-36.546601
-36.546037
-36.54573
-36.54569
-36.545914
-36.546385
-36.547064
-36.547927
-36.548936
-36.550054
-36.551252
-36.552502
-36.553785
-36.555087
-36.556399
-36.557713
-36.559025
-36.560334
-36.561636
-36.562932
-36.564224
-36.565513
-36.566807
-36.568111
-36.569436
-36.570791
-36.572187
-36.573635
-36.575142
-36.576715
-36.578357
-36.580069
-36.581852
-36.583703
-36.585617
-36.587583
-36.589587
-36.591614
-36.593651
-36.595692
-36.597749
-36.599861
-36.602107
-36.604626
-36.607639
-36.611492
-36.616695
-36.623988
-36.634407
-36.649317
-36.670359
-36.699209
-36.73701
-36.783199
-36.834133
-36.883691
-36.924131
-36.965559
-36.970372
-37.03462
-36.929505
-35.4598
49.363198
-36.459747
-36.459821
-36.459918
-36.459977
-36.459955
-36.459888
-36.45985
-36.459851
-36.459884
-36.45994
-36.460019
-36.460117
-36.460235
-36.460372
-36.460528
-36.460705
-36.460904
-36.461128
-36.46138
-36.461663
-36.461981
-36.46234
-36.462745
-36.463201
-36.463714
-36.46429
-36.464933
-36.465647
-36.466432
-36.46729
-36.468215
-36.469202
-36.470241
-36.471316
-36.472408
-36.473495
-36.474549
-36.475545
-36.476459
-36.477274
-36.477985
-36.478595
-36.479116
-36.479567
-36.479971
-36.480346
-36.480711
-36.481078
-36.481453
-36.481841
-36.482241
-36.48265
-36.483066
-36.483483
-36.483898
-36.484309
-36.484714
-36.485114
-36.485509
-36.485903
-36.4863
-36.486707
-36.48713
-36.487578
-36.48806
-36.488585
-36.489159
-36.489789
-36.490478
-36.491224
-36.492021
-36.492855
-36.493709
-36.49456
-36.495389
-36.496178
-36.496913
-36.497588
-36.498205
-36.49877
-36.499294
-36.499789
-36.500266
-36.500736
-36.501207
-36.501687
-36.502179
-36.502685
-36.503207
-36.503744
-36.504297
-36.504864
-36.505443
-36.506036
-36.506639
-36.507253
-36.507878
-36.508512
-36.509157
-36.509813
-36.51048
-36.511159
-36.51185
-36.512554
-36.513272
-36.514003
-36.51475
-36.515511
-36.516287
-36.517079
-36.517886
-36.518709
-36.519547
-36.520398
-36.521264
-36.522142
-36.523031
-36.523931
-36.524841
-36.52576
-36.526687
-36.527625
-36.528572
-36.529529
-36.530499
-36.531482
-36.532482
-36.5335
-36.534536
-36.535593
-36.536671
-36.53777
-36.53889
-36.540032
-36.541195
-36.542381
-36.543589
-36.544822
-36.546079
-36.547365
-36.548681
-36.550033
-36.551422
-36.552854
-36.554332
-36.555856
-36.557425
-36.55903
-36.560659
-36.562293
-36.563904
-36.56546
-36.566919
-36.568239
-36.569376
-36.570289
-36.570943
-36.571309
-36.571367
-36.571117
-36.57057
-36.569746
-36.568677
-36.567401
-36.565959
-36.564394
-36.562747
-36.561056
-36.559354
-36.557672
-36.556034
-36.554464
-36.552984
-36.551613
-36.550372
-36.549281
-36.548364
-36.547641
-36.547131
-36.546848
-36.546799
-36.546977
-36.54737
-36.547956
-36.54871
-36.549605
-36.550612
-36.551705
-36.552863
-36.554067
-36.555304
-36.556562
-36.557835
-36.559116
-36.560402
-36.56169
-36.562979
-36.56427
-36.565565
-36.566869
-36.568186
-36.569523
-36.570887
-36.572286
-36.573724
-36.575207
-36.576738
-36.578317
-36.579941
-36.581605
-36.583301
-36.585017
-36.586736
-36.588438
-36.590102
-36.591707
-36.593237
-36.59469
-36.596085
-36.597478
-36.59898
-36.600791
-36.603248
-36.606896
-36.612594
-36.621652
-36.635979
-36.658133
-36.691167
-36.737992
-36.798903
-36.867638
-36.930367
-36.973736
-37.008689
-37.011494
-37.065641
-36.938073
-34.333576
56.51592
-36.459653
-36.459714
-36.459805
-36.459871
-36.459882
-36.459852
-36.459839
-36.459859
-36.459906
-36.459974
-36.460063
-36.46017
-36.460296
-36.460441
-36.460607
-36.460794
-36.461004
-36.46124
-36.461504
-36.461801
-36.462133
-36.462505
-36.462922
-36.463389
-36.463911
-36.46449
-36.465131
-36.465836
-36.466606
-36.467438
-36.468328
-36.469271
-36.470256
-36.47127
-36.472297
-36.473317
-36.474309
-36.475254
-36.476133
-36.476935
-36.477652
-36.478287
-36.478848
-36.479348
-36.479803
-36.480226
-36.480632
-36.48103
-36.481429
-36.481831
-36.482239
-36.482651
-36.483066
-36.483483
-36.483899
-36.484312
-36.484723
-36.485131
-36.485539
-36.48595
-36.486365
-36.486793
-36.487238
-36.487707
-36.488207
-36.488744
-36.489324
-36.489951
-36.490626
-36.491346
-36.492106
-36.492895
-36.493698
-36.4945
-36.495286
-36.496041
-36.496757
-36.497427
-36.498053
-36.498636
-36.499185
-36.499709
-36.500214
-36.50071
-36.501205
-36.501703
-36.502209
-36.502725
-36.503254
-36.503795
-36.504349
-36.504916
-36.505495
-36.506087
-36.506689
-36.507302
-36.507927
-36.508562
-36.509207
-36.509864
-36.510533
-36.511214
-36.511906
-36.512612
-36.513331
-36.514064
-36.514811
-36.515572
-36.516349
-36.51714
-36.517946
-36.518767
-36.519602
-36.520452
-36.521314
-36.522189
-36.523076
-36.523975
-36.524884
-36.525803
-36.52673
-36.52767
-36.528621
-36.529582
-36.530557
-36.531546
-36.53255
-36.533573
-36.534613
-36.535674
-36.536754
-36.537856
-36.538978
-36.540122
-36.541287
-36.542475
-36.543687
-36.544922
-36.546183
-36.547471
-36.548789
-36.550139
-36.551522
-36.552941
-36.554396
-36.555884
-36.557401
-36.558937
-36.560479
-36.562009
-36.5635
-36.564925
-36.566249
-36.567436
-36.568451
-36.569259
-36.569834
-36.570153
-36.570201
-36.569977
-36.56949
-36.568756
-36.567802
-36.566657
-36.565357
-36.563939
-36.562437
-36.560887
-36.55932
-36.557763
-36.556244
-36.554786
-36.55341
-36.552138
-36.55099
-36.549985
-36.549141
-36.548478
-36.548008
-36.547742
-36.547683
-36.547828
-36.548166
-36.548681
-36.549354
-36.550162
-36.551083
-36.552095
-36.55318
-36.55432
-36.555502
-36.556717
-36.557954
-36.559207
-36.560472
-36.561746
-36.563028
-36.564317
-36.565615
-36.566923
-36.568247
-36.56959
-36.570957
-36.572351
-36.573776
-36.575233
-36.576722
-36.578241
-36.579782
-36.581336
-36.58289
-36.584425
-36.585919
-36.587346
-36.588673
-36.58987
-36.590904
-36.591751
-36.592399
-36.592863
-36.593202
-36.593549
-36.594179
-36.595593
-36.598682
-36.604977
-36.616986
-36.63852
-36.675141
-36.733932
-36.818149
-36.917933
-37.005984
-37.048836
-37.047696
-37.056826
-37.049888
-36.88825
-28.027137
67.180617
-36.459568
-36.459619
-36.459703
-36.459773
-36.459805
-36.459809
-36.459822
-36.45986
-36.45992
-36.459999
-36.460095
-36.46021
-36.460344
-36.460496
-36.460669
-36.460865
-36.461084
-36.461329
-36.461603
-36.46191
-36.462253
-36.462636
-36.463062
-36.463537
-36.464063
-36.464645
-36.465283
-36.465981
-36.466737
-36.467548
-36.468412
-36.469321
-36.470265
-36.471234
-36.472212
-36.473184
-36.474133
-36.475041
-36.475896
-36.476686
-36.477406
-36.478058
-36.478646
-36.479179
-36.479668
-36.480126
-36.480561
-36.480984
-36.481401
-36.481816
-36.482232
-36.482648
-36.483066
-36.483483
-36.483901
-36.484317
-36.484733
-36.485149
-36.485566
-36.485989
-36.486419
-36.486862
-36.487322
-36.487806
-36.488318
-36.488864
-36.489448
-36.490071
-36.490734
-36.491435
-36.492168
-36.492923
-36.493691
-36.494458
-36.495213
-36.495945
-36.496646
-36.497312
-36.497941
-36.498537
-36.499103
-36.499645
-36.500171
-36.500687
-36.501199
-36.501711
-36.502228
-36.502753
-36.503288
-36.503832
-36.504389
-36.504957
-36.505536
-36.506127
-36.506729
-36.507342
-36.507966
-36.508601
-36.509248
-36.509906
-36.510576
-36.511257
-36.511952
-36.512659
-36.513379
-36.514112
-36.51486
-36.515621
-36.516397
-36.517188
-36.517993
-36.518813
-36.519646
-36.520494
-36.521354
-36.522228
-36.523113
-36.52401
-36.524918
-36.525838
-36.526767
-36.527708
-36.528661
-36.529626
-36.530604
-36.531596
-36.532605
-36.53363
-36.534674
-36.535737
-36.53682
-36.537924
-36.539048
-36.540194
-36.541361
-36.542551
-36.543764
-36.545002
-36.546265
-36.547554
-36.548871
-36.550217
-36.551594
-36.552999
-36.554433
-36.55589
-36.557364
-36.558845
-36.560319
-36.561768
-36.563169
-36.564495
-36.565718
-36.566807
-36.567732
-36.568464
-36.568983
-36.569268
-36.569309
-36.569104
-36.568661
-36.567994
-36.567124
-36.566078
-36.564885
-36.563578
-36.562189
-36.560749
-36.559286
-36.55783
-36.556406
-36.555037
-36.553745
-36.552551
-36.551475
-36.550535
-36.549747
-36.549127
-36.548687
-36.548433
-36.548367
-36.548487
-36.548785
-36.549249
-36.549863
-36.550607
-36.551464
-36.552414
-36.553442
-36.554532
-36.555672
-36.55685
-36.558057
-36.559288
-36.560536
-36.561798
-36.563072
-36.564359
-36.565657
-36.566968
-36.568294
-36.569638
-36.571003
-36.57239
-36.5738
-36.575233
-36.576684
-36.578149
-36.579617
-36.581076
-36.582507
-36.583887
-36.585187
-36.586373
-36.587405
-36.588235
-36.588813
-36.589088
-36.589008
-36.588531
-36.587633
-36.586342
-36.584788
-36.583309
-36.582652
-36.584364
-36.591429
-36.609261
-36.647904
-36.723384
-36.842581
-36.978553
-37.091672
-37.143821
-37.132902
-37.085145
-36.972976
-36.619284
-16.12514
81.292456
-36.459508
-36.459553
-36.459629
-36.459701
-36.459748
-36.459774
-36.459807
-36.459859
-36.459929
-36.460015
-36.460119
-36.46024
-36.460379
-36.460537
-36.460716
-36.460918
-36.461143
-36.461396
-36.461678
-36.461992
-36.462343
-36.462732
-36.463166
-36.463645
-36.464175
-36.464757
-36.465394
-36.466085
-36.46683
-36.467627
-36.468471
-36.469355
-36.470271
-36.471207
-36.472152
-36.47309
-36.474008
-36.474892
-36.475729
-36.476511
-36.477233
-36.477895
-36.4785
-36.479055
-36.479568
-36.480049
-36.480505
-36.480946
-36.481377
-36.481801
-36.482223
-36.482644
-36.483064
-36.483484
-36.483903
-36.484322
-36.484742
-36.485163
-36.485588
-36.48602
-36.486459
-36.486913
-36.487385
-36.487878
-36.488399
-36.48895
-36.489535
-36.490155
-36.49081
-36.491497
-36.49221
-36.492943
-36.493686
-36.49443
-36.495164
-36.495879
-36.49657
-36.497232
-36.497864
-36.498466
-36.499044
-36.499599
-36.500139
-36.500669
-36.501193
-36.501715
-36.502241
-36.502772
-36.503311
-36.503859
-36.504418
-36.504987
-36.505566
-36.506157
-36.506759
-36.507372
-36.507996
-36.508632
-36.509279
-36.509937
-36.510608
-36.51129
-36.511985
-36.512693
-36.513414
-36.514148
-36.514896
-36.515657
-36.516433
-36.517223
-36.518028
-36.518846
-36.519679
-36.520525
-36.521385
-36.522257
-36.523141
-36.524037
-36.524945
-36.525864
-36.526796
-36.527737
-36.528691
-36.529658
-36.530639
-36.531634
-36.532645
-36.533673
-36.53472
-36.535785
-36.53687
-36.537975
-36.539101
-36.540248
-36.541416
-36.542608
-36.543823
-36.545061
-36.546325
-36.547614
-36.54893
-36.550273
-36.551642
-36.553037
-36.554453
-36.555886
-36.557327
-36.558767
-36.560191
-36.561581
-36.562916
-36.564172
-36.565324
-36.566343
-36.567205
-36.567885
-36.568363
-36.568625
-36.568661
-36.568471
-36.568059
-36.567439
-36.566629
-36.565653
-36.564537
-36.563311
-36.562003
-36.560643
-36.559259
-36.557878
-36.556524
-36.555221
-36.553992
-36.552856
-36.551833
-36.55094
-36.550193
-36.549604
-36.549183
-36.548937
-36.548867
-36.54897
-36.549241
-36.549669
-36.550241
-36.55094
-36.551751
-36.552657
-36.553644
-36.554698
-36.555805
-36.556956
-36.558141
-36.559353
-36.560588
-36.561841
-36.56311
-36.564393
-36.56569
-36.567001
-36.568328
-36.569672
-36.571033
-36.572412
-36.573809
-36.57522
-36.576641
-36.578062
-36.579472
-36.580854
-36.582188
-36.583444
-36.584589
-36.585582
-36.586372
-36.586899
-36.587094
-36.586877
-36.586153
-36.584813
-36.582737
-36.579805
-36.575926
-36.571126
-36.565722
-36.560814
-36.559235
-36.567346
-36.602251
-36.69211
-36.809014
-36.941961
-37.024529
-37.04585
-37.02716
-36.965389
-36.680624
-35.625375
-18.317377
29.617215
-36.459476
-36.459517
-36.459588
-36.45966
-36.459714
-36.459754
-36.459799
-36.459858
-36.459934
-36.460026
-36.460134
-36.460259
-36.460402
-36.460564
-36.460748
-36.460953
-36.461183
-36.46144
-36.461727
-36.462047
-36.462402
-36.462797
-36.463234
-36.463717
-36.464249
-36.464831
-36.465466
-36.466153
-36.466891
-36.467678
-36.468508
-36.469377
-36.470274
-36.47119
-36.472113
-36.473031
-36.473929
-36.474797
-36.475623
-36.4764
-36.477122
-36.47779
-36.478405
-36.478974
-36.479501
-36.479996
-36.480467
-36.480919
-36.481358
-36.48179
-36.482217
-36.48264
-36.483063
-36.483484
-36.483905
-36.484326
-36.484749
-36.485174
-36.485603
-36.486041
-36.486487
-36.486947
-36.487426
-36.487926
-36.488451
-36.489006
-36.489592
-36.490209
-36.490858
-36.491536
-36.492238
-36.492956
-36.493684
-36.494413
-36.495133
-36.495838
-36.496523
-36.497182
-36.497814
-36.498422
-36.499005
-36.499569
-36.500118
-36.500656
-36.501187
-36.501717
-36.502249
-36.502784
-36.503326
-36.503877
-36.504436
-36.505006
-36.505586
-36.506177
-36.506779
-36.507392
-36.508016
-36.508652
-36.509299
-36.509958
-36.510629
-36.511312
-36.512008
-36.512716
-36.513437
-36.514172
-36.51492
-36.515681
-36.516457
-36.517247
-36.518051
-36.518869
-36.519701
-36.520546
-36.521405
-36.522276
-36.52316
-36.524056
-36.524963
-36.525882
-36.526815
-36.527757
-36.528712
-36.52968
-36.530662
-36.531659
-36.532672
-36.533702
-36.53475
-36.535816
-36.536902
-36.538009
-36.539135
-36.540283
-36.541453
-36.542646
-36.543861
-36.5451
-36.546364
-36.547653
-36.548968
-36.550308
-36.551672
-36.553058
-36.554463
-36.555879
-36.557298
-36.558711
-36.560101
-36.561453
-36.562746
-36.563957
-36.565062
-36.566038
-36.566859
-36.567506
-36.56796
-36.568207
-36.56824
-36.568058
-36.567666
-36.567076
-36.566305
-36.565374
-36.564308
-36.563134
-36.56188
-36.560572
-36.55924
-36.557908
-36.556601
-36.555343
-36.554154
-36.553057
-36.552069
-36.551207
-36.550485
-36.549916
-36.549508
-36.549267
-36.549194
-36.549286
-36.54954
-36.549946
-36.550491
-36.551161
-36.551943
-36.552821
-36.553781
-36.55481
-36.555896
-36.557029
-36.558199
-36.559399
-36.560625
-36.561871
-36.563136
-36.564417
-36.565713
-36.567024
-36.56835
-36.569692
-36.57105
-36.572423
-36.57381
-36.575206
-36.576604
-36.577994
-36.579364
-36.580693
-36.581958
-36.583128
-36.584165
-36.585021
-36.58564
-36.585951
-36.585869
-36.585288
-36.584078
-36.582068
-36.579045
-36.574735
-36.568795
-36.560828
-36.550441
-36.537636
-36.523483
-36.511984
-36.526699
-36.608337
-36.588471
-36.737234
-37.13167
-37.136107
-37.021673
-36.79535
-35.998986
-32.808366
-10.282929
5.1646678
-36.459464
-36.459504
-36.459573
-36.459644
-36.459702
-36.459748
-36.459797
-36.459859
-36.459937
-36.460031
-36.460141
-36.460268
-36.460414
-36.460578
-36.460763
-36.460971
-36.461203
-36.461463
-36.461752
-36.462074
-36.462432
-36.462829
-36.463268
-36.463753
-36.464285
-36.464868
-36.465501
-36.466186
-36.466921
-36.467703
-36.468527
-36.469387
-36.470275
-36.471181
-36.472094
-36.473002
-36.473891
-36.474751
-36.475572
-36.476346
-36.477069
-36.477739
-36.478359
-36.478933
-36.479468
-36.47997
-36.480447
-36.480905
-36.481349
-36.481784
-36.482213
-36.482638
-36.483062
-36.483484
-36.483906
-36.484328
-36.484752
-36.485179
-36.485611
-36.48605
-36.486502
-36.486965
-36.487446
-36.487949
-36.488477
-36.489033
-36.489619
-36.490236
-36.490882
-36.491555
-36.492251
-36.492963
-36.493683
-36.494404
-36.495119
-36.495819
-36.4965
-36.497158
-36.497791
-36.4984
-36.498986
-36.499554
-36.500107
-36.500649
-36.501185
-36.501718
-36.502252
-36.50279
-36.503334
-36.503885
-36.504446
-36.505016
-36.505596
-36.506187
-36.506789
-36.507402
-36.508026
-36.508662
-36.50931
-36.509969
-36.51064
-36.511323
-36.512019
-36.512728
-36.513449
-36.514184
-36.514932
-36.515693
-36.516469
-36.517259
-36.518063
-36.51888
-36.519712
-36.520557
-36.521415
-36.522286
-36.523169
-36.524065
-36.524973
-36.525892
-36.526824
-36.527767
-36.528723
-36.529691
-36.530674
-36.531672
-36.532686
-36.533716
-36.534765
-36.535832
-36.536919
-36.538026
-36.539153
-36.540301
-36.541472
-36.542664
-36.54388
-36.54512
-36.546384
-36.547673
-36.548987
-36.550325
-36.551687
-36.553069
-36.554466
-36.555874
-36.557283
-36.558681
-36.560055
-36.561388
-36.56266
-36.563849
-36.564932
-36.565886
-36.566688
-36.567319
-36.56776
-36.568001
-36.568033
-36.567855
-36.567473
-36.566897
-36.566145
-36.565236
-36.564194
-36.563046
-36.561818
-36.560537
-36.55923
-36.557922
-36.556639
-36.555402
-36.554235
-36.553156
-36.552185
-36.551339
-36.55063
-36.55007
-36.549669
-36.54943
-36.549355
-36.549443
-36.549688
-36.550083
-36.550615
-36.551272
-36.552039
-36.552903
-36.55385
-36.554868
-36.555943
-36.557066
-36.558228
-36.559423
-36.560644
-36.561888
-36.56315
-36.56443
-36.565724
-36.567035
-36.568361
-36.569701
-36.571058
-36.572428
-36.573809
-36.575197
-36.576583
-36.577958
-36.579307
-36.580608
-36.581838
-36.582964
-36.583944
-36.584731
-36.585261
-36.585459
-36.585231
-36.584457
-36.582983
-36.580604
-36.577048
-36.571934
-36.56474
-36.554734
-36.540863
-36.521855
-36.496319
-36.46358
-36.439514
-36.47515
-36.50893
-36.632552
-35.488478
-17.852762
-7.7757913
-7.1243895
-5.1068537
3.9615146
13.669924
16.734733
)
;

boundaryField
{
    leftWall
    {
        type            fixedFluxPressure;
        gradient        uniform 0;
        value           nonuniform List<scalar> 
20
(
15.67927
-3.2465167
-36.457085
-36.456654
-36.456434
-36.456042
-36.456634
-36.457776
-36.458907
-36.459637
-36.459837
-36.459898
-36.459888
-36.45983
-36.459747
-36.459653
-36.459568
-36.459508
-36.459476
-36.459464
)
;
    }
    rightWall
    {
        type            fixedFluxPressure;
        gradient        uniform 0;
        value           nonuniform List<scalar> 
20
(
362.32639
208.69114
75.194238
30.730197
27.069663
21.063846
37.975389
54.469691
68.299921
81.73628
19.844789
-2.2420689
38.09661
49.363198
56.51592
67.180617
81.292456
29.617215
5.1646678
16.734733
)
;
    }
    lowerWall
    {
        type            fixedFluxPressure;
        gradient        uniform 0;
        value           nonuniform List<scalar> 
240
(
15.67927
15.680272
15.677377
15.669691
15.66036
15.653139
15.651257
15.655462
15.664757
15.676268
15.686378
15.692744
15.694801
15.692554
15.685081
15.672274
15.65485
15.633893
15.610823
15.587216
15.564517
15.543823
15.525773
15.510614
15.498456
15.489286
15.483073
15.479494
15.478111
15.477725
15.477834
15.478424
15.479172
15.479577
15.479394
15.47879
15.478482
15.479388
15.481357
15.483505
15.486462
15.491567
15.497992
15.502486
15.500406
15.486026
15.455256
15.406441
15.340153
15.259203
15.168603
15.075479
14.988247
14.914641
14.859336
14.822256
14.800829
14.79519
14.799151
14.811358
14.83308
14.8623
14.894874
14.926994
14.948504
14.948885
14.938319
14.917096
14.877309
14.816059
14.735696
14.639588
14.530118
14.408699
14.27698
14.13784
13.995477
13.854556
13.718398
13.587931
13.461493
13.336582
13.213006
13.093617
12.981767
12.879588
12.790281
12.721041
12.67292
12.629952
12.572224
12.481364
12.335465
12.179081
12.131894
12.160201
12.219169
12.322567
12.467418
12.56714
12.567716
12.541138
12.513249
12.468653
12.395269
12.283
12.125559
11.925565
11.693157
11.441352
11.181905
10.921774
10.66203
10.4018
10.143551
9.8930898
9.6564333
9.4361907
9.2151335
8.9549464
8.7004652
8.6019001
8.622045
8.656814
8.7053254
8.7789381
8.836939
8.8402995
8.8252298
8.8107782
8.7916062
8.7629788
8.7210783
8.6628036
8.5916494
8.5223342
8.4693799
8.4258585
8.365656
8.2577957
8.0655794
7.7522473
7.4059963
7.2629038
7.3013402
7.3942424
7.4982904
7.5301342
7.4935671
7.3396272
6.9773675
6.409235
5.7113338
4.9747271
4.2702399
3.627279
3.0525705
2.5344586
2.070252
1.7034921
1.4857203
1.351878
1.1634027
0.97260233
0.96979499
1.0878638
1.2089323
1.309464
1.3631869
1.3617812
1.3463726
1.3246227
1.2768379
1.1984475
1.0855453
0.91015994
0.6206721
0.17263423
-0.36392986
-0.66638498
-0.67874934
-0.83381103
-1.3630324
-2.2501733
-2.7959007
-2.7537587
-2.6590892
-2.5104441
-2.4635112
-4.1492558
-6.7443802
-6.994548
-6.5077007
-6.4272865
-6.4659189
-6.4857743
-6.2699606
-5.9276805
-8.3772159
-12.225453
-11.841126
-10.820622
-10.811361
-10.861339
-10.870944
-10.939031
-10.920096
-10.340749
-10.428474
-17.207989
-19.322141
-15.479706
-14.595587
-14.869059
-14.93215
-14.935265
-14.940737
-14.945384
-14.951058
-14.978632
-15.020506
-15.019568
-15.013416
-15.015803
-15.019697
-15.023982
-15.029268
-15.034995
-15.033569
-15.0234
-15.09306
-15.26727
-15.25882
-15.075733
-15.02399
-16.741596
-10.410878
57.535114
205.91209
362.32639
)
;
    }
    atmosphere
    {
        type            fixedFluxPressure;
        gradient        uniform 0;
        value           nonuniform List<scalar> 
240
(
-36.459464
-36.459504
-36.459573
-36.459644
-36.459702
-36.459748
-36.459797
-36.459859
-36.459937
-36.460031
-36.460141
-36.460268
-36.460414
-36.460578
-36.460763
-36.460971
-36.461203
-36.461463
-36.461752
-36.462074
-36.462432
-36.462829
-36.463268
-36.463753
-36.464285
-36.464868
-36.465501
-36.466186
-36.466921
-36.467703
-36.468527
-36.469387
-36.470275
-36.471181
-36.472094
-36.473002
-36.473891
-36.474751
-36.475572
-36.476346
-36.477069
-36.477739
-36.478359
-36.478933
-36.479468
-36.47997
-36.480447
-36.480905
-36.481349
-36.481784
-36.482213
-36.482638
-36.483062
-36.483484
-36.483906
-36.484328
-36.484752
-36.485179
-36.485611
-36.48605
-36.486502
-36.486965
-36.487446
-36.487949
-36.488477
-36.489033
-36.489619
-36.490236
-36.490882
-36.491555
-36.492251
-36.492963
-36.493683
-36.494404
-36.495119
-36.495819
-36.4965
-36.497158
-36.497791
-36.4984
-36.498986
-36.499554
-36.500107
-36.500649
-36.501185
-36.501718
-36.502252
-36.50279
-36.503334
-36.503885
-36.504446
-36.505016
-36.505596
-36.506187
-36.506789
-36.507402
-36.508026
-36.508662
-36.50931
-36.509969
-36.51064
-36.511323
-36.512019
-36.512728
-36.513449
-36.514184
-36.514932
-36.515693
-36.516469
-36.517259
-36.518063
-36.51888
-36.519712
-36.520557
-36.521415
-36.522286
-36.523169
-36.524065
-36.524973
-36.525892
-36.526824
-36.527767
-36.528723
-36.529691
-36.530674
-36.531672
-36.532686
-36.533716
-36.534765
-36.535832
-36.536919
-36.538026
-36.539153
-36.540301
-36.541472
-36.542664
-36.54388
-36.54512
-36.546384
-36.547673
-36.548987
-36.550325
-36.551687
-36.553069
-36.554466
-36.555874
-36.557283
-36.558681
-36.560055
-36.561388
-36.56266
-36.563849
-36.564932
-36.565886
-36.566688
-36.567319
-36.56776
-36.568001
-36.568033
-36.567855
-36.567473
-36.566897
-36.566145
-36.565236
-36.564194
-36.563046
-36.561818
-36.560537
-36.55923
-36.557922
-36.556639
-36.555402
-36.554235
-36.553156
-36.552185
-36.551339
-36.55063
-36.55007
-36.549669
-36.54943
-36.549355
-36.549443
-36.549688
-36.550083
-36.550615
-36.551272
-36.552039
-36.552903
-36.55385
-36.554868
-36.555943
-36.557066
-36.558228
-36.559423
-36.560644
-36.561888
-36.56315
-36.56443
-36.565724
-36.567035
-36.568361
-36.569701
-36.571058
-36.572428
-36.573809
-36.575197
-36.576583
-36.577958
-36.579307
-36.580608
-36.581838
-36.582964
-36.583944
-36.584731
-36.585261
-36.585459
-36.585231
-36.584457
-36.582983
-36.580604
-36.577048
-36.571934
-36.56474
-36.554734
-36.540863
-36.521855
-36.496319
-36.46358
-36.439514
-36.47515
-36.50893
-36.632552
-35.488478
-17.852762
-7.7757913
-7.1243895
-5.1068537
3.9615146
13.669924
16.734733
)
;
    }
    defaultFaces
    {
        type            empty;
    }
}


// ************************************************************************* //
