/*--------------------------------*- C++ -*----------------------------------*\
| =========                 |                                                 |
| \\      /  F ield         | OpenFOAM: The Open Source CFD Toolbox           |
|  \\    /   O peration     | Version:  2606                                  |
|   \\  /    A nd           | Website:  www.openfoam.com                      |
|    \\/     M anipulation  |                                                 |
\*---------------------------------------------------------------------------*/
FoamFile
{
    version     2.0;
    format      ascii;
    arch        "LSB;label=32;scalar=64";
    class       volScalarField;
    location    "0.625";
    object      p_rgh;
}
// * * * * * * * * * * * * * * * * * * * * * * * * * * * * * * * * * * * * * //

dimensions      [1 -1 -2 0 0 0 0];

internalField   nonuniform List<scalar> 
4800
(
16.270203
16.261684
16.25111
16.246004
16.248575
16.256816
16.265568
16.270969
16.271584
16.26696
16.256389
16.239983
16.218579
16.193401
16.165753
16.136827
16.107454
16.07807
16.04898
16.020489
15.993056
15.967413
15.944307
15.924206
15.907529
15.894662
15.885782
15.881512
15.879898
15.879969
15.881086
15.882247
15.882649
15.881249
15.876964
15.870334
15.862933
15.854461
15.844822
15.834995
15.826337
15.818492
15.807563
15.787608
15.753439
15.702675
15.636373
15.558284
15.47387
15.389303
15.310365
15.2414
15.184675
15.140356
15.107031
15.082897
15.071867
15.072914
15.080264
15.09105
15.100162
15.097771
15.085724
15.061111
15.016961
14.950193
14.86209
14.756071
14.635424
14.501849
14.355153
14.194688
14.021381
13.838894
13.653086
13.470337
13.296242
13.134652
12.986789
12.851025
12.724318
12.608587
12.509001
12.424869
12.345725
12.257906
12.13739
11.976407
11.863245
11.858973
11.899751
11.970499
12.073353
12.140619
12.136682
12.110571
12.071433
12.000478
11.885393
11.720951
11.511004
11.26768
11.003256
10.723317
10.42701
10.11221
9.7807169
9.43904
9.0970044
8.7729642
8.4900818
8.2358902
7.9622944
7.7225819
7.6544267
7.6761369
7.7072944
7.7570729
7.8088553
7.8185819
7.8034155
7.7854397
7.7589237
7.7157556
7.6536651
7.5737867
7.4827294
7.3912508
7.303235
7.2077079
7.0838925
6.9001966
6.5980322
6.1909582
5.9202783
5.9228993
6.016783
6.1060869
6.1248488
6.0638261
5.8121628
5.240835
4.3721735
3.3640343
2.389289
1.5390309
0.81327059
0.1841139
-0.33378404
-0.68255741
-0.87997798
-1.0769501
-1.2788973
-1.3020417
-1.1936482
-1.0526548
-0.89471961
-0.77479054
-0.74700631
-0.76116396
-0.77501928
-0.81582616
-0.91238849
-1.0704788
-1.2896777
-1.5801224
-1.9755129
-2.5474141
-3.283775
-3.8958502
-4.1141701
-4.2140184
-4.3133897
-4.7129494
-5.8578521
-7.2100591
-7.5167773
-7.3436989
-7.2986729
-7.1607311
-6.8140617
-8.3693651
-12.33309
-12.861171
-11.930878
-11.765099
-11.814199
-11.828599
-11.857085
-11.875633
-11.560837
-10.867028
-14.253114
-21.982907
-21.701436
-17.093151
-16.488761
-16.821048
-16.877489
-16.879209
-16.886349
-16.92644
-16.948634
-16.905062
-16.867112
-16.869043
-16.873675
-16.875938
-16.879081
-16.882207
-16.886248
-16.894321
-16.900679
-16.858139
-16.810431
-17.28818
-17.889951
-17.804884
-17.545091
-17.114219
-18.76955
-23.551323
-22.946378
-21.491305
-21.53115
-21.625634
-21.315479
-20.374783
-23.825137
-34.04999
-32.511734
-28.948468
-29.143652
-29.386497
-29.39105
-28.025705
-21.356187
-12.168322
6.8447701
30.09584
0.34149935
0.30044725
0.26830961
0.26983459
0.28664509
0.31642933
0.34501746
0.36230928
0.3648903
0.35273898
0.32240502
0.27539331
0.21453958
0.14306732
0.06467738
-0.017036006
-0.10004725
-0.18351549
-0.26693803
-0.34978302
-0.43023612
-0.50528807
-0.57225621
-0.6297091
-0.67649863
-0.71040403
-0.73188736
-0.73299171
-0.72754668
-0.7137087
-0.69502266
-0.67527635
-0.65599634
-0.64070893
-0.63532897
-0.63982243
-0.64914899
-0.66930619
-0.70101374
-0.73886264
-0.77335369
-0.80185628
-0.83665965
-0.89729887
-1.0006668
-1.1525165
-1.3462967
-1.5685754
-1.8036387
-2.0355703
-2.2495227
-2.433916
-2.5821001
-2.6935453
-2.772498
-2.8367613
-2.8500616
-2.8313427
-2.7956945
-2.7460176
-2.6960067
-2.6917557
-2.7063604
-2.7576329
-2.8664947
-3.0423309
-3.2816494
-3.5729996
-3.9052171
-4.27083
-4.6660899
-5.0880657
-5.5321152
-5.9911966
-6.4564999
-6.9182648
-7.3669088
-7.7951225
-8.1981926
-8.5726329
-8.9193106
-9.2300341
-9.4881987
-9.6951456
-9.882393
-10.084958
-10.382428
-10.866857
-11.189679
-11.145653
-11.015158
-10.781501
-10.425519
-10.197499
-10.218991
-10.276774
-10.377032
-10.557816
-10.857322
-11.298996
-11.870463
-12.53125
-13.241988
-13.986323
-14.769523
-15.601575
-16.47935
-17.384381
-18.291575
-19.150566
-19.88373
-20.519526
-21.222176
-21.884829
-21.995604
-21.924074
-21.808078
-21.636971
-21.459032
-21.418197
-21.435851
-21.46577
-21.519958
-21.614049
-21.756476
-21.94711
-22.17021
-22.396492
-22.615426
-22.858826
-23.173517
-23.620493
-24.346753
-25.412035
-26.116097
-26.075845
-25.864768
-25.593754
-25.581175
-25.762146
-26.40406
-27.682313
-29.470758
-31.395404
-33.095953
-34.416762
-35.37351
-36.060687
-36.57246
-36.905542
-36.992288
-36.970416
-36.909648
-36.78365
-36.562024
-36.237596
-35.860798
-35.554557
-35.457095
-35.463486
-35.500605
-35.597947
-35.776721
-36.050782
-36.435207
-36.930468
-37.516594
-38.211642
-39.054914
-39.763123
-39.941591
-40.011825
-40.056718
-40.06918
-40.073398
-40.078134
-40.082728
-40.085793
-40.088124
-40.090524
-40.092587
-40.092556
-40.090324
-40.089332
-40.089918
-40.090944
-40.092269
-40.093695
-40.095198
-40.096866
-40.098874
-40.100639
-40.099673
-40.091931
-40.091986
-40.097614
-40.099729
-40.101969
-40.105206
-40.109427
-40.114901
-40.121507
-40.129025
-40.137206
-40.145659
-40.153948
-40.161647
-40.168342
-40.173699
-40.17754
-40.179888
-40.180928
-40.180916
-40.180077
-40.17907
-40.177334
-40.175399
-40.173645
-40.171795
-40.169875
-40.166539
-40.161575
-40.161421
-40.163253
-40.165733
-40.170622
-40.177053
-40.193661
-40.186863
-40.091009
-40.096352
-40.152499
-40.076633
-40.013441
-40.016998
-40.043321
-39.130233
-34.14902
-18.510916
9.1620528
-39.985131
-39.984938
-39.985478
-39.986221
-39.986404
-39.986442
-39.986416
-39.98637
-39.986316
-39.986256
-39.986203
-39.986165
-39.986124
-39.98606
-39.985939
-39.985747
-39.985472
-39.985085
-39.984589
-39.984007
-39.983378
-39.982756
-39.982207
-39.98182
-39.981721
-39.982085
-39.983097
-39.984873
-39.987455
-39.990848
-39.994988
-39.999768
-40.005004
-40.010399
-40.015521
-40.019903
-40.023177
-40.025109
-40.025613
-40.024708
-40.02276
-40.020043
-40.016903
-40.013834
-40.011447
-40.010277
-40.010487
-40.011801
-40.013581
-40.01526
-40.016527
-40.017338
-40.017786
-40.017988
-40.018018
-40.017893
-40.017628
-40.017221
-40.016679
-40.016002
-40.015182
-40.014198
-40.013078
-40.011839
-40.010491
-40.009001
-40.007491
-40.006253
-40.006134
-40.008411
-40.014205
-40.02358
-40.034989
-40.045749
-40.053209
-40.055761
-40.052942
-40.04602
-40.037924
-40.032102
-40.029294
-40.028204
-40.027876
-40.028215
-40.029242
-40.030737
-40.032368
-40.033734
-40.034804
-40.035666
-40.03622
-40.036584
-40.037026
-40.037583
-40.038122
-40.038639
-40.039136
-40.039689
-40.040356
-40.041142
-40.042024
-40.042981
-40.044003
-40.045072
-40.046153
-40.047207
-40.048241
-40.049291
-40.050339
-40.05135
-40.052507
-40.054049
-40.055649
-40.056818
-40.057761
-40.058402
-40.058906
-40.05948
-40.060253
-40.061112
-40.062034
-40.06303
-40.064169
-40.065516
-40.067082
-40.068796
-40.070544
-40.072211
-40.073673
-40.07483
-40.075838
-40.077072
-40.078308
-40.078396
-40.077087
-40.075207
-40.073243
-40.07202
-40.071952
-40.074158
-40.079438
-40.087901
-40.098811
-40.110963
-40.123095
-40.13416
-40.143399
-40.150102
-40.153429
-40.15321
-40.150599
-40.145232
-40.137673
-40.129428
-40.121531
-40.115724
-40.11146
-40.106796
-40.100231
-40.092677
-40.085164
-40.078385
-40.072988
-40.069167
-40.066473
-40.065072
-40.065752
-40.064103
-40.048015
-40.013878
-39.999188
-40.009465
-40.031689
-40.050382
-40.062032
-40.069608
-40.078973
-40.083078
-40.086059
-40.088846
-40.091167
-40.091831
-40.090364
-40.088979
-40.089134
-40.090223
-40.091587
-40.092983
-40.094482
-40.096285
-40.098442
-40.100091
-40.09919
-40.095215
-40.093701
-40.096476
-40.099803
-40.102676
-40.105909
-40.110085
-40.1154
-40.121857
-40.129173
-40.137144
-40.145436
-40.153652
-40.161373
-40.168155
-40.173628
-40.177548
-40.179864
-40.180693
-40.180388
-40.179463
-40.178171
-40.176336
-40.174598
-40.173315
-40.17247
-40.17106
-40.167581
-40.163172
-40.161258
-40.162296
-40.16518
-40.171012
-40.179679
-40.189708
-40.193267
-40.16814
-40.168156
-40.233991
-40.304814
-40.366917
-40.430497
-40.493838
-40.391509
-39.471475
-35.866391
-15.927498
-39.984494
-39.984317
-39.985051
-39.985923
-39.985861
-39.985893
-39.98591
-39.985914
-39.985908
-39.985894
-39.985883
-39.985874
-39.985858
-39.985796
-39.985661
-39.98545
-39.98517
-39.984826
-39.984411
-39.983943
-39.983455
-39.982984
-39.982584
-39.982334
-39.982359
-39.982817
-39.983935
-39.985823
-39.988497
-39.991968
-39.996192
-40.001182
-40.006694
-40.012487
-40.017999
-40.022566
-40.025675
-40.027034
-40.026601
-40.024767
-40.021938
-40.018496
-40.014852
-40.011609
-40.009421
-40.00871
-40.009382
-40.011085
-40.013059
-40.014829
-40.016064
-40.016744
-40.017
-40.016992
-40.01683
-40.016563
-40.016215
-40.015798
-40.015288
-40.014672
-40.01383
-40.012754
-40.011469
-40.010063
-40.008711
-40.007672
-40.006922
-40.006611
-40.007374
-40.010436
-40.016761
-40.026513
-40.038298
-40.049478
-40.057353
-40.060069
-40.056137
-40.046025
-40.034286
-40.025704
-40.021969
-40.02206
-40.023971
-40.026286
-40.02866
-40.030575
-40.032233
-40.033627
-40.034675
-40.035483
-40.036078
-40.036511
-40.036974
-40.037564
-40.038171
-40.038741
-40.039301
-40.039911
-40.040618
-40.041431
-40.04233
-40.043297
-40.044321
-40.045389
-40.046472
-40.047541
-40.04859
-40.049636
-40.05067
-40.051672
-40.052761
-40.05412
-40.055578
-40.056702
-40.057508
-40.058165
-40.058746
-40.059387
-40.060196
-40.061128
-40.062101
-40.063132
-40.064274
-40.065583
-40.067066
-40.068667
-40.070292
-40.071845
-40.073242
-40.074429
-40.075539
-40.076888
-40.078301
-40.078804
-40.077983
-40.076507
-40.075077
-40.074224
-40.074467
-40.076692
-40.081745
-40.089806
-40.100219
-40.111808
-40.12335
-40.133876
-40.142714
-40.149235
-40.152686
-40.152839
-40.149829
-40.144702
-40.137825
-40.129979
-40.122204
-40.115643
-40.110628
-40.10611
-40.100984
-40.094954
-40.088739
-40.083067
-40.078354
-40.074448
-40.071169
-40.068805
-40.067584
-40.062962
-40.048178
-40.020638
-40.015423
-40.028383
-40.045241
-40.058862
-40.068378
-40.075096
-40.079334
-40.082369
-40.085081
-40.087416
-40.089211
-40.090046
-40.089924
-40.089648
-40.089906
-40.090765
-40.09194
-40.093219
-40.094612
-40.096118
-40.09769
-40.098876
-40.098606
-40.097478
-40.097281
-40.098916
-40.101446
-40.104314
-40.107705
-40.111882
-40.116935
-40.123082
-40.129759
-40.137
-40.144512
-40.151949
-40.159
-40.165235
-40.170259
-40.173756
-40.175949
-40.176917
-40.17691
-40.175977
-40.174327
-40.172755
-40.171027
-40.169239
-40.167413
-40.165312
-40.162871
-40.160605
-40.159678
-40.160566
-40.163416
-40.168512
-40.175583
-40.182866
-40.18402
-40.181546
-40.197555
-40.248174
-40.308612
-40.366202
-40.431444
-40.509014
-40.510072
-40.295179
-39.900499
-27.841024
-39.98465
-39.982044
-39.983253
-39.986222
-39.986251
-39.986295
-39.986322
-39.986327
-39.986315
-39.986297
-39.986283
-39.986274
-39.986258
-39.986192
-39.985979
-39.985783
-39.985586
-39.985326
-39.985065
-39.984738
-39.984401
-39.984132
-39.983957
-39.983917
-39.984051
-39.984632
-39.985927
-39.98786
-39.990472
-39.993833
-39.997862
-40.002414
-40.007396
-40.012748
-40.018048
-40.02251
-40.025743
-40.027517
-40.027568
-40.026297
-40.023806
-40.020147
-40.015588
-40.011169
-40.008123
-40.007201
-40.008106
-40.010605
-40.012722
-40.014516
-40.015762
-40.016488
-40.016854
-40.017019
-40.017063
-40.017016
-40.016887
-40.016674
-40.016336
-40.015829
-40.015122
-40.014266
-40.013333
-40.012397
-40.011622
-40.010558
-40.00968
-40.009351
-40.010276
-40.013539
-40.020007
-40.029798
-40.041341
-40.052079
-40.058683
-40.060089
-40.055379
-40.046684
-40.038355
-40.032787
-40.030205
-40.029472
-40.029676
-40.030296
-40.03085
-40.031686
-40.032725
-40.033781
-40.034718
-40.035513
-40.036178
-40.036749
-40.037302
-40.037885
-40.038486
-40.039088
-40.0397
-40.040351
-40.041068
-40.041861
-40.042726
-40.043652
-40.044629
-40.045643
-40.046678
-40.047718
-40.048758
-40.0498
-40.050846
-40.051904
-40.053022
-40.054243
-40.055482
-40.056582
-40.057508
-40.058312
-40.059055
-40.059817
-40.060656
-40.061576
-40.062557
-40.063606
-40.064748
-40.066008
-40.067388
-40.068851
-40.07033
-40.071756
-40.073069
-40.074241
-40.075317
-40.076369
-40.077292
-40.077758
-40.07762
-40.077114
-40.076653
-40.076715
-40.077793
-40.080467
-40.085241
-40.092207
-40.100943
-40.110668
-40.120476
-40.129529
-40.13714
-40.142743
-40.145899
-40.146671
-40.14447
-40.140238
-40.134532
-40.128042
-40.121496
-40.115502
-40.110174
-40.105011
-40.099537
-40.093751
-40.088091
-40.082981
-40.078657
-40.075066
-40.072056
-40.069414
-40.066503
-40.061109
-40.051081
-40.038443
-40.034484
-40.039359
-40.049218
-40.058961
-40.066825
-40.072926
-40.077542
-40.08113
-40.084067
-40.086522
-40.088372
-40.089557
-40.090215
-40.090711
-40.091354
-40.09224
-40.09333
-40.094561
-40.095883
-40.097232
-40.098464
-40.099364
-40.099786
-40.099939
-40.100563
-40.102086
-40.104347
-40.107131
-40.110443
-40.114398
-40.119057
-40.12443
-40.130309
-40.136577
-40.143033
-40.14941
-40.155402
-40.160725
-40.165144
-40.168451
-40.170613
-40.171779
-40.172145
-40.171899
-40.171312
-40.170647
-40.169493
-40.168148
-40.166669
-40.165042
-40.163416
-40.162213
-40.16215
-40.163362
-40.165901
-40.170245
-40.176226
-40.182935
-40.189069
-40.197916
-40.219035
-40.257589
-40.306044
-40.357513
-40.408566
-40.435056
-40.492537
-40.280391
-40.319262
-27.592787
-39.984357
-39.981814
-39.983381
-39.98645
-39.986513
-39.986535
-39.986536
-39.986526
-39.986508
-39.986489
-39.986473
-39.986466
-39.986458
-39.986359
-39.986156
-39.986081
-39.98601
-39.985977
-39.985863
-39.985686
-39.985529
-39.985436
-39.985438
-39.985608
-39.985877
-39.986546
-39.987945
-39.989935
-39.992348
-39.995243
-39.998681
-40.002673
-40.007111
-40.011979
-40.016889
-40.02128
-40.024939
-40.027141
-40.027861
-40.026699
-40.024014
-40.020293
-40.016042
-40.012587
-40.010431
-40.009706
-40.010154
-40.011357
-40.012676
-40.013918
-40.014906
-40.015582
-40.015979
-40.016169
-40.016215
-40.016155
-40.015983
-40.015714
-40.015348
-40.014934
-40.014496
-40.013975
-40.01344
-40.012787
-40.012225
-40.012078
-40.012061
-40.01233
-40.013505
-40.016476
-40.02191
-40.029702
-40.038509
-40.046522
-40.051678
-40.052698
-40.049237
-40.043286
-40.037686
-40.03375
-40.031537
-40.030555
-40.030391
-40.030746
-40.031407
-40.032273
-40.033154
-40.03402
-40.034834
-40.035577
-40.036251
-40.036876
-40.037484
-40.038099
-40.038724
-40.03936
-40.040016
-40.040706
-40.041443
-40.042236
-40.043084
-40.043983
-40.044923
-40.045896
-40.046892
-40.047901
-40.048918
-40.049943
-40.050978
-40.052033
-40.053122
-40.054248
-40.055368
-40.056422
-40.05739
-40.058289
-40.059155
-40.060028
-40.060942
-40.061908
-40.062931
-40.064016
-40.065176
-40.066418
-40.067738
-40.069112
-40.070501
-40.07186
-40.073155
-40.074369
-40.075507
-40.076563
-40.077457
-40.078072
-40.078392
-40.078569
-40.078872
-40.079638
-40.081239
-40.084042
-40.088301
-40.09403
-40.100953
-40.108567
-40.116253
-40.123394
-40.129435
-40.133887
-40.136352
-40.136534
-40.135427
-40.132634
-40.128523
-40.123621
-40.11844
-40.113348
-40.108441
-40.103581
-40.098632
-40.093643
-40.088818
-40.084369
-40.080396
-40.076887
-40.073745
-40.070708
-40.067231
-40.06249
-40.056336
-40.050411
-40.048385
-40.050977
-40.05605
-40.062086
-40.067819
-40.07278
-40.076905
-40.080321
-40.08315
-40.085474
-40.087332
-40.088751
-40.089831
-40.090756
-40.091694
-40.092729
-40.093873
-40.095103
-40.096386
-40.097672
-40.098881
-40.099931
-40.100815
-40.101696
-40.102885
-40.104581
-40.106792
-40.109479
-40.11265
-40.116334
-40.12054
-40.125235
-40.130315
-40.135657
-40.1411
-40.146448
-40.151488
-40.15601
-40.159835
-40.162853
-40.16503
-40.16641
-40.167093
-40.167215
-40.166942
-40.166535
-40.16583
-40.16485
-40.16393
-40.163072
-40.162471
-40.162312
-40.162925
-40.164749
-40.167776
-40.17221
-40.178148
-40.185476
-40.194665
-40.20833
-40.230586
-40.263785
-40.306476
-40.354994
-40.401695
-40.443741
-40.598086
-40.386146
-40.60062
-24.946609
-39.985196
-39.981963
-39.986176
-39.986748
-39.986797
-39.986781
-39.986754
-39.986728
-39.986705
-39.986686
-39.986676
-39.986676
-39.986687
-39.986688
-39.986664
-39.986646
-39.986649
-39.986594
-39.986543
-39.986517
-39.986535
-39.986624
-39.986815
-39.98715
-39.987709
-39.988607
-39.989891
-39.991578
-39.993699
-39.996243
-39.99922
-40.002656
-40.006519
-40.010662
-40.014848
-40.018778
-40.02209
-40.024415
-40.025522
-40.025229
-40.023066
-40.019746
-40.016237
-40.013509
-40.011917
-40.011373
-40.011595
-40.012274
-40.013128
-40.013957
-40.014661
-40.015242
-40.015657
-40.015942
-40.016121
-40.016233
-40.016258
-40.016188
-40.016021
-40.015793
-40.015552
-40.015215
-40.014888
-40.014659
-40.014406
-40.014264
-40.014382
-40.014894
-40.01611
-40.018524
-40.022477
-40.027838
-40.033728
-40.038843
-40.04191
-40.042474
-40.041286
-40.038777
-40.036079
-40.033946
-40.03259
-40.031938
-40.031789
-40.031986
-40.032423
-40.032962
-40.033627
-40.034343
-40.035061
-40.035754
-40.036417
-40.037057
-40.037688
-40.038323
-40.038968
-40.039627
-40.040309
-40.041021
-40.041772
-40.042567
-40.043406
-40.044286
-40.045202
-40.046148
-40.047117
-40.048103
-40.049103
-40.050115
-40.05114
-40.052182
-40.053244
-40.054318
-40.055381
-40.05641
-40.057394
-40.058341
-40.05927
-40.060205
-40.061165
-40.062163
-40.063206
-40.064301
-40.065453
-40.066665
-40.06793
-40.069232
-40.070547
-40.071848
-40.073113
-40.074327
-40.075485
-40.076568
-40.07754
-40.078369
-40.079083
-40.079792
-40.080677
-40.081964
-40.083895
-40.086685
-40.090459
-40.095193
-40.100691
-40.106613
-40.11254
-40.118034
-40.122685
-40.126124
-40.128062
-40.128388
-40.127568
-40.125556
-40.122555
-40.118872
-40.11482
-40.11063
-40.106406
-40.102151
-40.097858
-40.093578
-40.089414
-40.085476
-40.081824
-40.078459
-40.075307
-40.072189
-40.068821
-40.064976
-40.060904
-40.057604
-40.056481
-40.057944
-40.06116
-40.065228
-40.069442
-40.073393
-40.076912
-40.079975
-40.082606
-40.084841
-40.086716
-40.088273
-40.089587
-40.090766
-40.091908
-40.093075
-40.094292
-40.095558
-40.096855
-40.098154
-40.099419
-40.100631
-40.101818
-40.103083
-40.104579
-40.10642
-40.10865
-40.111277
-40.114308
-40.117746
-40.121579
-40.125764
-40.130224
-40.134855
-40.139527
-40.14409
-40.148387
-40.152267
-40.155603
-40.158314
-40.160369
-40.161794
-40.162649
-40.163009
-40.162927
-40.162355
-40.161622
-40.16091
-40.160421
-40.159917
-40.159821
-40.159969
-40.160829
-40.162514
-40.165398
-40.169669
-40.175457
-40.183047
-40.193297
-40.20797
-40.229183
-40.258673
-40.29741
-40.344131
-40.398395
-40.498405
-40.732035
-40.505101
-40.985585
-22.787587
-39.986191
-39.984272
-39.987047
-39.987119
-39.987091
-39.987019
-39.986963
-39.986923
-39.986898
-39.986885
-39.986886
-39.986901
-39.98693
-39.986969
-39.987006
-39.987033
-39.987055
-39.987085
-39.987138
-39.987231
-39.987379
-39.987601
-39.987922
-39.988389
-39.989065
-39.98999
-39.991222
-39.992788
-39.994689
-39.996913
-39.999454
-40.002302
-40.005399
-40.00869
-40.011986
-40.015083
-40.017663
-40.019409
-40.020093
-40.019739
-40.018686
-40.017002
-40.01516
-40.013654
-40.012717
-40.012354
-40.012447
-40.012845
-40.0134
-40.013994
-40.014553
-40.014993
-40.015341
-40.015573
-40.015733
-40.015783
-40.015773
-40.015731
-40.015648
-40.015513
-40.015307
-40.015173
-40.015088
-40.0151
-40.015219
-40.015472
-40.015927
-40.01671
-40.01802
-40.020104
-40.023103
-40.026898
-40.030954
-40.034462
-40.036748
-40.037572
-40.037219
-40.03618
-40.034929
-40.033799
-40.032975
-40.032511
-40.032382
-40.032525
-40.032863
-40.03338
-40.033978
-40.034619
-40.035277
-40.035935
-40.036586
-40.037229
-40.037872
-40.038521
-40.039182
-40.039859
-40.040557
-40.041284
-40.042044
-40.042839
-40.043672
-40.044539
-40.045438
-40.046365
-40.047314
-40.048283
-40.049267
-40.050265
-40.051278
-40.052305
-40.053344
-40.05439
-40.055429
-40.05645
-40.057449
-40.058429
-40.059401
-40.060381
-40.06138
-40.062409
-40.063474
-40.064581
-40.065733
-40.066928
-40.068161
-40.06942
-40.07069
-40.071953
-40.073196
-40.074406
-40.075576
-40.076695
-40.077753
-40.078753
-40.079733
-40.080779
-40.082018
-40.083599
-40.085675
-40.088366
-40.091728
-40.095718
-40.100188
-40.1049
-40.109556
-40.113843
-40.117465
-40.120164
-40.121757
-40.122187
-40.12161
-40.120105
-40.117817
-40.114938
-40.111668
-40.108167
-40.104532
-40.100816
-40.097058
-40.093315
-40.089661
-40.08616
-40.08285
-40.079731
-40.076756
-40.073836
-40.070869
-40.067862
-40.065078
-40.063062
-40.0624
-40.063274
-40.065362
-40.068196
-40.071332
-40.07446
-40.077404
-40.080085
-40.08248
-40.084591
-40.086437
-40.088054
-40.089492
-40.090816
-40.092088
-40.093352
-40.094635
-40.095944
-40.097275
-40.098618
-40.09996
-40.101308
-40.102692
-40.104181
-40.105859
-40.107798
-40.110039
-40.112602
-40.115491
-40.118702
-40.122214
-40.125986
-40.129953
-40.134029
-40.138112
-40.142084
-40.145828
-40.149228
-40.152192
-40.154658
-40.156602
-40.158035
-40.159001
-40.159557
-40.159778
-40.159762
-40.159764
-40.159725
-40.15938
-40.158963
-40.158484
-40.158622
-40.159456
-40.161014
-40.163457
-40.167036
-40.172054
-40.178936
-40.188412
-40.201591
-40.219792
-40.244491
-40.277238
-40.318974
-40.378585
-40.50011
-40.675026
-40.604509
-41.221968
-33.285095
-39.986993
-39.986453
-39.987381
-39.987423
-39.987336
-39.987231
-39.987154
-39.987106
-39.987081
-39.987076
-39.987088
-39.987117
-39.987163
-39.987221
-39.987285
-39.987353
-39.987431
-39.987528
-39.987659
-39.987834
-39.988069
-39.98838
-39.988795
-39.989345
-39.990074
-39.991021
-39.992219
-39.993683
-39.995414
-39.997398
-39.999619
-40.002047
-40.004627
-40.007271
-40.009866
-40.012246
-40.014242
-40.015661
-40.016349
-40.016284
-40.015823
-40.015046
-40.014179
-40.013429
-40.012933
-40.012737
-40.012814
-40.013097
-40.013504
-40.013959
-40.014407
-40.014812
-40.015166
-40.015475
-40.015685
-40.015864
-40.015991
-40.016065
-40.016091
-40.016076
-40.016028
-40.015982
-40.015974
-40.016039
-40.01623
-40.016601
-40.017191
-40.018083
-40.019396
-40.021241
-40.023652
-40.026499
-40.02943
-40.031999
-40.033874
-40.034931
-40.035103
-40.034716
-40.034112
-40.033528
-40.03309
-40.032856
-40.032834
-40.033002
-40.033326
-40.033772
-40.034303
-40.034888
-40.035503
-40.036132
-40.036769
-40.037411
-40.038059
-40.038716
-40.039387
-40.040076
-40.040785
-40.041521
-40.042285
-40.043081
-40.043908
-40.044766
-40.045652
-40.046563
-40.047496
-40.048449
-40.049419
-40.050405
-40.051404
-40.052416
-40.053438
-40.054465
-40.055489
-40.056506
-40.057513
-40.058512
-40.059511
-40.060519
-40.061544
-40.062594
-40.063674
-40.064789
-40.065939
-40.067124
-40.068339
-40.069575
-40.070822
-40.072068
-40.073304
-40.074521
-40.075715
-40.076882
-40.078025
-40.079159
-40.080323
-40.081582
-40.083024
-40.084748
-40.086847
-40.089389
-40.09239
-40.095804
-40.099516
-40.103349
-40.10709
-40.110512
-40.113398
-40.115571
-40.116917
-40.117405
-40.117003
-40.115847
-40.114044
-40.111726
-40.109028
-40.106066
-40.102929
-40.099682
-40.09638
-40.093081
-40.089842
-40.086711
-40.083719
-40.08087
-40.078149
-40.075524
-40.072987
-40.070607
-40.068582
-40.067213
-40.066774
-40.067345
-40.068784
-40.070832
-40.073213
-40.075705
-40.078159
-40.080485
-40.082639
-40.084606
-40.086392
-40.088015
-40.089508
-40.090912
-40.092266
-40.093603
-40.094944
-40.096302
-40.097679
-40.099075
-40.100494
-40.101947
-40.103464
-40.105089
-40.106875
-40.108868
-40.111101
-40.113589
-40.116336
-40.119333
-40.122558
-40.125973
-40.129523
-40.133137
-40.136733
-40.14022
-40.143506
-40.146505
-40.149145
-40.151376
-40.153177
-40.154551
-40.15552
-40.156125
-40.15642
-40.156477
-40.156406
-40.156234
-40.155897
-40.155652
-40.155491
-40.155659
-40.156267
-40.157485
-40.159459
-40.162346
-40.166395
-40.171975
-40.179613
-40.189992
-40.203913
-40.222387
-40.246662
-40.278315
-40.325461
-40.413417
-40.545081
-40.645895
-40.799217
-40.074635
-39.987489
-39.987558
-39.987643
-39.987653
-39.987512
-39.987412
-39.987326
-39.987274
-39.987252
-39.987254
-39.987277
-39.987321
-39.987383
-39.987461
-39.987552
-39.987657
-39.987782
-39.987933
-39.988122
-39.988359
-39.988657
-39.989035
-39.989514
-39.990122
-39.990889
-39.991842
-39.993003
-39.994382
-39.995977
-39.997773
-39.999749
-40.001871
-40.004085
-40.006315
-40.008463
-40.010414
-40.012057
-40.013293
-40.014078
-40.014455
-40.014325
-40.013979
-40.013553
-40.013182
-40.012948
-40.012887
-40.012996
-40.013243
-40.01358
-40.013963
-40.014351
-40.014713
-40.015033
-40.015297
-40.015524
-40.015697
-40.01584
-40.015962
-40.016067
-40.01616
-40.016258
-40.016372
-40.016524
-40.016741
-40.017066
-40.017544
-40.018217
-40.019145
-40.020395
-40.022018
-40.024002
-40.026229
-40.02847
-40.030464
-40.032008
-40.033017
-40.033486
-40.033553
-40.033403
-40.033199
-40.033047
-40.033004
-40.033092
-40.033309
-40.033642
-40.034073
-40.034575
-40.035127
-40.035715
-40.036324
-40.03695
-40.037587
-40.038236
-40.038899
-40.039577
-40.040273
-40.04099
-40.041731
-40.042499
-40.043294
-40.044117
-40.044967
-40.045843
-40.046743
-40.047664
-40.048605
-40.049563
-40.050536
-40.051524
-40.052524
-40.053534
-40.054549
-40.055567
-40.056583
-40.057596
-40.05861
-40.059627
-40.060655
-40.061699
-40.062764
-40.063855
-40.064974
-40.066123
-40.0673
-40.068502
-40.069723
-40.070956
-40.072193
-40.073429
-40.074658
-40.075878
-40.077092
-40.078306
-40.079541
-40.080828
-40.082216
-40.083766
-40.085542
-40.0876
-40.089973
-40.09266
-40.095613
-40.098743
-40.101916
-40.104976
-40.107755
-40.110099
-40.111878
-40.113009
-40.113454
-40.113201
-40.112315
-40.110878
-40.108986
-40.106735
-40.104218
-40.101511
-40.098679
-40.095779
-40.092865
-40.089987
-40.087186
-40.08449
-40.081916
-40.079468
-40.077154
-40.075001
-40.073085
-40.07154
-40.070537
-40.070213
-40.070604
-40.071633
-40.07316
-40.075005
-40.077013
-40.079065
-40.081081
-40.083011
-40.084831
-40.086537
-40.088135
-40.089644
-40.091087
-40.092492
-40.09388
-40.09527
-40.096673
-40.098097
-40.099547
-40.101033
-40.102567
-40.104174
-40.105886
-40.107735
-40.109754
-40.111966
-40.114381
-40.117
-40.119812
-40.122796
-40.125918
-40.12913
-40.132374
-40.135584
-40.138687
-40.141612
-40.14429
-40.146667
-40.148701
-40.150375
-40.151686
-40.152649
-40.153295
-40.153666
-40.153818
-40.153808
-40.153666
-40.153391
-40.15309
-40.152823
-40.152749
-40.152988
-40.153644
-40.15484
-40.15671
-40.159423
-40.163207
-40.168357
-40.175196
-40.184065
-40.195345
-40.209475
-40.226994
-40.250633
-40.290115
-40.36018
-40.432849
-40.287114
-39.868428
-39.987686
-39.987769
-39.987813
-39.987803
-39.987651
-39.987533
-39.98747
-39.987418
-39.987402
-39.987413
-39.987449
-39.987507
-39.987586
-39.987684
-39.987802
-39.987941
-39.988105
-39.988303
-39.98854
-39.988828
-39.989178
-39.989608
-39.990136
-39.990783
-39.991571
-39.992518
-39.993639
-39.994939
-39.996413
-39.998048
-39.999818
-40.00169
-40.003617
-40.005539
-40.007383
-40.009067
-40.010511
-40.011651
-40.01246
-40.012952
-40.013144
-40.013131
-40.013019
-40.012907
-40.01286
-40.012909
-40.013063
-40.013305
-40.013611
-40.013952
-40.014302
-40.014641
-40.014956
-40.015243
-40.015499
-40.015722
-40.015915
-40.016085
-40.016242
-40.016399
-40.016574
-40.016776
-40.017025
-40.017344
-40.017764
-40.018318
-40.019039
-40.019967
-40.021138
-40.022569
-40.024233
-40.026038
-40.027833
-40.029454
-40.030774
-40.031733
-40.032332
-40.032657
-40.0328
-40.032865
-40.032931
-40.033046
-40.033238
-40.033515
-40.033874
-40.034305
-40.034797
-40.035334
-40.035905
-40.036502
-40.03712
-40.037753
-40.038403
-40.039068
-40.03975
-40.040451
-40.041172
-40.041917
-40.042686
-40.043479
-40.044299
-40.045143
-40.046011
-40.046901
-40.047813
-40.048743
-40.049691
-40.050654
-40.051632
-40.052622
-40.053622
-40.05463
-40.055643
-40.056658
-40.057677
-40.0587
-40.059731
-40.060773
-40.061831
-40.062907
-40.064007
-40.065131
-40.066281
-40.067454
-40.06865
-40.069863
-40.071089
-40.072324
-40.073564
-40.074806
-40.076052
-40.077306
-40.078577
-40.079882
-40.081248
-40.082709
-40.084308
-40.086083
-40.088067
-40.090273
-40.092689
-40.095272
-40.097948
-40.100618
-40.103163
-40.10546
-40.107395
-40.108872
-40.109824
-40.110217
-40.110051
-40.109358
-40.108194
-40.106628
-40.104733
-40.102583
-40.100241
-40.097769
-40.09522
-40.092644
-40.090085
-40.087581
-40.085163
-40.082854
-40.080673
-40.078644
-40.076806
-40.075226
-40.073994
-40.073208
-40.072943
-40.073211
-40.073948
-40.075147
-40.076612
-40.078255
-40.079987
-40.081742
-40.083472
-40.085152
-40.086768
-40.088322
-40.089819
-40.091275
-40.092705
-40.094125
-40.09555
-40.09699
-40.098454
-40.099949
-40.101486
-40.103079
-40.104746
-40.106509
-40.108391
-40.110414
-40.112592
-40.114931
-40.117429
-40.120074
-40.122848
-40.125718
-40.128645
-40.131579
-40.134467
-40.13725
-40.139872
-40.142277
-40.144421
-40.146272
-40.14781
-40.149031
-40.149941
-40.15056
-40.150915
-40.151043
-40.150981
-40.15076
-40.150413
-40.150006
-40.1496
-40.149274
-40.149102
-40.149153
-40.149499
-40.150226
-40.151414
-40.15316
-40.155546
-40.158609
-40.162284
-40.166364
-40.170404
-40.173497
-40.174411
-40.172769
-40.170685
-40.149455
-39.996243
-39.648861
-39.987743
-39.987834
-39.9879
-39.987894
-39.987753
-39.987623
-39.98758
-39.987535
-39.987528
-39.987551
-39.9876
-39.987674
-39.98777
-39.987889
-39.988032
-39.988201
-39.9884
-39.988635
-39.988914
-39.989244
-39.989638
-39.990109
-39.990673
-39.991345
-39.992142
-39.993075
-39.994155
-39.995381
-39.99675
-39.998246
-39.999847
-40.001523
-40.003232
-40.004925
-40.006548
-40.00804
-40.009346
-40.010423
-40.011251
-40.011835
-40.012202
-40.012407
-40.012519
-40.0126
-40.0127
-40.012847
-40.013051
-40.01331
-40.013609
-40.013934
-40.014266
-40.014594
-40.014907
-40.0152
-40.015472
-40.015725
-40.015959
-40.01618
-40.016398
-40.016621
-40.016864
-40.01714
-40.017465
-40.017859
-40.018344
-40.018945
-40.019687
-40.020593
-40.021682
-40.022954
-40.02438
-40.025888
-40.027379
-40.028748
-40.029916
-40.030839
-40.031521
-40.031984
-40.032311
-40.03256
-40.032786
-40.033028
-40.03331
-40.033646
-40.034039
-40.034484
-40.034977
-40.035509
-40.036074
-40.036664
-40.037277
-40.037908
-40.038557
-40.039224
-40.039908
-40.040612
-40.041337
-40.042083
-40.042853
-40.043645
-40.044461
-40.045301
-40.046162
-40.047045
-40.047948
-40.04887
-40.049809
-40.050764
-40.051734
-40.052716
-40.053709
-40.054711
-40.055721
-40.056737
-40.057759
-40.058789
-40.059829
-40.060881
-40.061949
-40.063034
-40.06414
-40.065267
-40.066417
-40.067589
-40.068781
-40.069991
-40.071215
-40.072451
-40.073697
-40.074953
-40.076221
-40.077506
-40.078818
-40.08017
-40.081582
-40.08308
-40.08469
-40.086436
-40.088333
-40.090383
-40.09257
-40.094854
-40.097176
-40.099458
-40.101611
-40.103543
-40.105167
-40.10641
-40.107221
-40.107573
-40.107459
-40.106903
-40.105943
-40.104629
-40.103018
-40.101168
-40.099133
-40.096967
-40.09472
-40.092436
-40.090158
-40.08792
-40.085756
-40.083692
-40.081755
-40.079976
-40.078395
-40.077065
-40.076048
-40.075405
-40.075179
-40.07538
-40.075997
-40.07689
-40.078064
-40.079427
-40.080907
-40.082447
-40.084007
-40.085558
-40.087087
-40.088587
-40.09006
-40.091511
-40.092952
-40.094392
-40.095843
-40.097313
-40.09881
-40.100343
-40.101921
-40.103556
-40.105262
-40.107056
-40.108953
-40.110967
-40.113106
-40.115372
-40.117762
-40.120265
-40.122861
-40.125522
-40.128213
-40.130894
-40.133519
-40.136042
-40.138415
-40.140593
-40.142541
-40.14423
-40.145642
-40.146767
-40.147609
-40.148178
-40.148491
-40.148572
-40.148446
-40.148137
-40.147672
-40.14709
-40.146428
-40.145733
-40.145045
-40.1444
-40.143823
-40.143332
-40.142931
-40.142596
-40.142242
-40.14169
-40.140583
-40.138315
-40.13387
-40.125547
-40.110565
-40.084972
-40.042169
-39.960807
-39.796048
-39.591297
-39.98774
-39.987833
-39.987919
-39.987927
-39.987803
-39.987717
-39.987654
-39.987622
-39.987628
-39.987665
-39.987729
-39.987819
-39.987933
-39.988072
-39.988238
-39.988434
-39.988663
-39.98893
-39.989243
-39.989609
-39.990037
-39.99054
-39.991129
-39.991816
-39.992613
-39.99353
-39.994569
-39.995732
-39.99701
-39.998391
-39.999854
-40.001371
-40.00291
-40.00443
-40.005889
-40.007242
-40.00845
-40.009481
-40.010323
-40.010975
-40.011459
-40.01181
-40.012075
-40.012296
-40.012509
-40.012737
-40.012992
-40.013276
-40.013583
-40.013906
-40.014234
-40.014559
-40.014876
-40.015179
-40.015469
-40.015747
-40.016014
-40.016277
-40.016543
-40.016821
-40.017119
-40.017455
-40.017839
-40.018288
-40.018818
-40.019449
-40.020195
-40.021073
-40.022088
-40.023233
-40.024481
-40.025779
-40.02706
-40.028256
-40.029311
-40.030197
-40.030911
-40.03147
-40.031918
-40.032293
-40.032635
-40.032974
-40.033332
-40.033722
-40.034148
-40.034614
-40.035117
-40.035652
-40.036216
-40.036804
-40.037414
-40.038045
-40.038694
-40.039361
-40.040047
-40.040753
-40.041479
-40.042227
-40.042996
-40.043787
-40.0446
-40.045436
-40.046292
-40.047169
-40.048066
-40.048981
-40.049913
-40.050861
-40.051824
-40.0528
-40.053788
-40.054787
-40.055794
-40.05681
-40.057836
-40.058871
-40.059917
-40.060977
-40.062051
-40.063143
-40.064254
-40.065385
-40.066536
-40.067708
-40.068899
-40.070107
-40.071332
-40.072571
-40.073825
-40.075093
-40.076378
-40.077687
-40.079025
-40.080406
-40.081843
-40.083352
-40.084951
-40.086652
-40.088461
-40.090373
-40.092368
-40.094412
-40.096455
-40.098438
-40.10029
-40.101943
-40.103328
-40.104391
-40.105091
-40.105406
-40.105329
-40.104873
-40.104068
-40.102951
-40.101566
-40.099959
-40.098179
-40.096271
-40.09428
-40.092247
-40.09021
-40.088206
-40.086266
-40.084419
-40.082695
-40.081127
-40.07975
-40.078607
-40.077743
-40.077195
-40.07699
-40.077132
-40.0776
-40.07834
-40.079315
-40.080471
-40.081755
-40.083123
-40.084539
-40.085979
-40.087425
-40.088871
-40.090311
-40.091749
-40.09319
-40.09464
-40.096107
-40.097597
-40.099119
-40.100679
-40.102285
-40.103948
-40.105678
-40.107487
-40.109385
-40.11138
-40.113477
-40.115675
-40.117969
-40.120348
-40.122792
-40.125277
-40.127772
-40.130243
-40.132653
-40.13496
-40.137127
-40.139115
-40.140894
-40.142438
-40.143729
-40.144758
-40.145521
-40.146022
-40.14627
-40.146278
-40.146059
-40.145628
-40.145005
-40.144207
-40.143254
-40.14216
-40.140934
-40.139576
-40.138072
-40.136385
-40.13445
-40.13215
-40.129294
-40.125561
-40.12044
-40.113148
-40.102465
-40.086555
-40.062711
-40.027085
-39.973661
-39.891863
-39.773647
-39.662431
-39.987694
-39.987777
-39.987873
-39.987907
-39.987801
-39.98775
-39.987694
-39.987681
-39.987704
-39.987757
-39.987837
-39.987942
-39.988074
-39.988232
-39.988419
-39.988638
-39.988892
-39.989187
-39.989527
-39.989921
-39.990376
-39.990902
-39.991509
-39.992205
-39.992999
-39.993897
-39.9949
-39.996007
-39.997211
-39.998498
-39.99985
-40.001244
-40.002651
-40.00404
-40.005377
-40.006628
-40.007763
-40.00876
-40.009607
-40.010305
-40.010868
-40.01132
-40.011694
-40.012016
-40.012315
-40.012608
-40.012908
-40.01322
-40.013543
-40.013872
-40.014204
-40.014534
-40.014857
-40.015172
-40.015479
-40.015779
-40.016075
-40.016373
-40.016678
-40.016999
-40.017342
-40.017724
-40.018153
-40.018641
-40.019202
-40.019848
-40.020591
-40.021437
-40.022388
-40.023435
-40.024551
-40.0257
-40.026835
-40.027908
-40.028882
-40.029736
-40.030466
-40.031083
-40.031607
-40.03207
-40.032496
-40.03291
-40.033329
-40.033765
-40.034225
-40.034712
-40.035227
-40.035768
-40.036335
-40.036925
-40.037535
-40.038166
-40.038815
-40.039483
-40.040171
-40.040878
-40.041605
-40.042353
-40.043121
-40.043911
-40.044722
-40.045554
-40.046406
-40.047278
-40.048169
-40.049079
-40.050005
-40.050948
-40.051906
-40.052877
-40.053861
-40.054856
-40.055862
-40.056879
-40.057906
-40.058945
-40.059996
-40.061061
-40.062141
-40.063237
-40.064352
-40.065486
-40.066639
-40.067811
-40.069002
-40.070211
-40.071438
-40.072681
-40.073941
-40.075219
-40.076518
-40.077842
-40.079198
-40.080594
-40.082041
-40.083547
-40.085123
-40.086775
-40.088501
-40.090292
-40.092128
-40.09398
-40.095805
-40.097556
-40.099178
-40.100616
-40.101819
-40.102743
-40.103356
-40.10364
-40.103586
-40.103206
-40.10252
-40.101556
-40.100351
-40.098942
-40.09737
-40.095676
-40.0939
-40.09208
-40.090251
-40.088448
-40.086701
-40.085042
-40.0835
-40.082107
-40.080893
-40.079894
-40.079141
-40.078662
-40.078471
-40.078571
-40.078945
-40.079563
-40.080392
-40.081392
-40.082526
-40.083757
-40.085055
-40.0864
-40.087772
-40.089165
-40.090572
-40.091991
-40.093426
-40.094878
-40.096355
-40.09786
-40.099399
-40.100979
-40.102606
-40.104287
-40.106031
-40.107846
-40.109738
-40.111711
-40.113768
-40.115904
-40.118115
-40.120387
-40.122704
-40.125042
-40.127376
-40.129674
-40.131906
-40.134036
-40.136032
-40.137861
-40.139495
-40.140911
-40.142092
-40.143026
-40.143705
-40.144128
-40.144297
-40.144215
-40.143888
-40.14332
-40.142518
-40.141485
-40.14022
-40.138714
-40.136954
-40.134905
-40.132517
-40.129714
-40.126381
-40.122342
-40.117342
-40.111
-40.102759
-40.091829
-40.077096
-40.057012
-40.029547
-39.99217
-39.941863
-39.876211
-39.800244
-39.7407
-39.987616
-39.987685
-39.987781
-39.987837
-39.987804
-39.98774
-39.987709
-39.987718
-39.987759
-39.987828
-39.987924
-39.988045
-39.988193
-39.988369
-39.988574
-39.988812
-39.989088
-39.989404
-39.989767
-39.990183
-39.990659
-39.991202
-39.991821
-39.992522
-39.99331
-39.99419
-39.995162
-39.996223
-39.997365
-39.998576
-39.999841
-40.001138
-40.002445
-40.003734
-40.00498
-40.006155
-40.007236
-40.008206
-40.009055
-40.009784
-40.010402
-40.010927
-40.011373
-40.011769
-40.012132
-40.012478
-40.012817
-40.013156
-40.013496
-40.013836
-40.014176
-40.014513
-40.014845
-40.015172
-40.015495
-40.015815
-40.016135
-40.01646
-40.016797
-40.017152
-40.017533
-40.017949
-40.018411
-40.018928
-40.019508
-40.020162
-40.020897
-40.021714
-40.022613
-40.023582
-40.024602
-40.025644
-40.026674
-40.02766
-40.028575
-40.029402
-40.030138
-40.030787
-40.031362
-40.031886
-40.032374
-40.032844
-40.03331
-40.033784
-40.034273
-40.034781
-40.03531
-40.03586
-40.036432
-40.037024
-40.037636
-40.038267
-40.038918
-40.039587
-40.040275
-40.040983
-40.041711
-40.042458
-40.043226
-40.044015
-40.044824
-40.045653
-40.046502
-40.04737
-40.048257
-40.049162
-40.050084
-40.051023
-40.051976
-40.052943
-40.053924
-40.054917
-40.055922
-40.056939
-40.057968
-40.059009
-40.060064
-40.061133
-40.062217
-40.063317
-40.064435
-40.065571
-40.066726
-40.067899
-40.069091
-40.070302
-40.07153
-40.072777
-40.074043
-40.075328
-40.076637
-40.077972
-40.079338
-40.080741
-40.082187
-40.083683
-40.085231
-40.086834
-40.088486
-40.090175
-40.091882
-40.093581
-40.095237
-40.09681
-40.098255
-40.09953
-40.100594
-40.101412
-40.101957
-40.102214
-40.102177
-40.101853
-40.101258
-40.100415
-40.099351
-40.098101
-40.096698
-40.095179
-40.09358
-40.091937
-40.090281
-40.088647
-40.087064
-40.085563
-40.084172
-40.08292
-40.081836
-40.080946
-40.080277
-40.079847
-40.079667
-40.079737
-40.080046
-40.080574
-40.081295
-40.082179
-40.083197
-40.08432
-40.085524
-40.08679
-40.0881
-40.089445
-40.090819
-40.092219
-40.093643
-40.095095
-40.096576
-40.09809
-40.099641
-40.101233
-40.102873
-40.104565
-40.106316
-40.10813
-40.110012
-40.111962
-40.113981
-40.116064
-40.118203
-40.120386
-40.122597
-40.124815
-40.127016
-40.129175
-40.131263
-40.133249
-40.135105
-40.136801
-40.138314
-40.139621
-40.140704
-40.141549
-40.142146
-40.142489
-40.142574
-40.142398
-40.141957
-40.141247
-40.140262
-40.138992
-40.137421
-40.135523
-40.133259
-40.130573
-40.127388
-40.123596
-40.11905
-40.11355
-40.106813
-40.098456
-40.087955
-40.074625
-40.057583
-40.035742
-40.007853
-39.972715
-39.929628
-39.879797
-39.829902
-39.795728
-39.987525
-39.987582
-39.987672
-39.987735
-39.987743
-39.987713
-39.987708
-39.987738
-39.987798
-39.987883
-39.987993
-39.988129
-39.988291
-39.988481
-39.988702
-39.988957
-39.989249
-39.989583
-39.989964
-39.990397
-39.990889
-39.991445
-39.992071
-39.992774
-39.993556
-39.99442
-39.995365
-39.996388
-39.997481
-39.998634
-39.99983
-40.001054
-40.002284
-40.003499
-40.004677
-40.005795
-40.006836
-40.007785
-40.008634
-40.009383
-40.010037
-40.010608
-40.01111
-40.011559
-40.01197
-40.012357
-40.012729
-40.013092
-40.013449
-40.013802
-40.014151
-40.014497
-40.014838
-40.015176
-40.015513
-40.015849
-40.016189
-40.016537
-40.016899
-40.01728
-40.017689
-40.018132
-40.018618
-40.019154
-40.019748
-40.020405
-40.021129
-40.021922
-40.022779
-40.02369
-40.024639
-40.025604
-40.02656
-40.027484
-40.028355
-40.029161
-40.029897
-40.030567
-40.031179
-40.031741
-40.032272
-40.032784
-40.033287
-40.033792
-40.034305
-40.034831
-40.035372
-40.035931
-40.036509
-40.037105
-40.037719
-40.038352
-40.039004
-40.039674
-40.040363
-40.041071
-40.041799
-40.042546
-40.043314
-40.044101
-40.044909
-40.045735
-40.046582
-40.047447
-40.048331
-40.049232
-40.050151
-40.051086
-40.052036
-40.053
-40.053978
-40.054969
-40.055974
-40.056991
-40.058021
-40.059064
-40.060122
-40.061193
-40.062281
-40.063384
-40.064503
-40.065641
-40.066798
-40.067972
-40.069166
-40.070378
-40.071609
-40.072859
-40.074129
-40.07542
-40.076735
-40.078076
-40.079447
-40.080852
-40.082293
-40.083774
-40.085295
-40.086853
-40.088442
-40.090048
-40.091653
-40.093233
-40.094758
-40.096195
-40.097507
-40.098659
-40.099617
-40.100354
-40.100847
-40.101084
-40.101059
-40.100778
-40.100252
-40.099501
-40.098547
-40.097421
-40.096153
-40.094774
-40.093318
-40.091818
-40.090304
-40.088808
-40.087359
-40.085987
-40.084718
-40.083579
-40.082595
-40.081789
-40.081183
-40.08079
-40.080619
-40.080668
-40.080931
-40.081393
-40.082034
-40.082832
-40.083763
-40.084804
-40.085933
-40.087134
-40.088393
-40.089698
-40.091043
-40.092424
-40.093838
-40.095285
-40.096768
-40.098286
-40.099844
-40.101445
-40.103092
-40.104791
-40.106544
-40.108354
-40.110224
-40.112153
-40.114139
-40.116175
-40.118255
-40.120365
-40.12249
-40.124612
-40.126708
-40.128755
-40.130727
-40.132599
-40.134341
-40.135931
-40.137343
-40.138558
-40.139556
-40.140322
-40.140844
-40.141112
-40.141116
-40.140847
-40.140296
-40.13945
-40.138292
-40.136801
-40.134949
-40.132696
-40.129984
-40.126742
-40.122872
-40.118243
-40.1127
-40.106028
-40.09795
-40.088117
-40.076083
-40.061311
-40.043183
-40.02105
-39.994344
-39.962823
-39.927075
-39.889467
-39.855554
-39.834409
-39.987445
-39.987493
-39.987575
-39.987643
-39.987673
-39.987678
-39.9877
-39.98775
-39.987826
-39.987924
-39.988047
-39.988194
-39.988368
-39.98857
-39.988804
-39.989071
-39.989377
-39.989725
-39.99012
-39.990566
-39.991069
-39.991633
-39.992265
-39.992968
-39.993744
-39.994595
-39.995519
-39.996513
-39.997568
-39.998675
-39.999821
-40.000989
-40.002163
-40.003323
-40.004451
-40.005528
-40.006539
-40.007472
-40.00832
-40.009081
-40.00976
-40.010363
-40.010902
-40.011389
-40.011837
-40.012254
-40.012651
-40.013034
-40.013406
-40.013771
-40.01413
-40.014484
-40.014834
-40.015182
-40.015529
-40.015879
-40.016235
-40.016601
-40.016982
-40.017383
-40.017813
-40.018276
-40.018779
-40.019328
-40.019929
-40.020587
-40.021302
-40.022074
-40.0229
-40.023768
-40.024666
-40.025577
-40.026481
-40.027361
-40.0282
-40.02899
-40.029724
-40.030405
-40.031038
-40.03163
-40.032191
-40.032733
-40.033264
-40.033792
-40.034324
-40.034865
-40.035418
-40.035985
-40.036568
-40.037167
-40.037784
-40.038419
-40.039071
-40.039742
-40.040432
-40.041141
-40.041869
-40.042616
-40.043383
-40.04417
-40.044975
-40.045801
-40.046645
-40.047508
-40.048389
-40.049288
-40.050204
-40.051136
-40.052084
-40.053046
-40.054022
-40.055012
-40.056016
-40.057033
-40.058064
-40.059109
-40.060168
-40.061242
-40.062331
-40.063437
-40.064558
-40.065697
-40.066855
-40.068031
-40.069226
-40.070439
-40.071672
-40.072925
-40.074198
-40.075493
-40.076812
-40.078157
-40.07953
-40.080932
-40.082367
-40.083833
-40.085329
-40.08685
-40.088388
-40.089928
-40.091455
-40.092945
-40.094372
-40.095708
-40.096922
-40.097983
-40.098863
-40.099539
-40.099994
-40.100216
-40.100199
-40.099949
-40.099475
-40.098793
-40.097923
-40.096892
-40.095726
-40.094456
-40.093112
-40.091723
-40.090321
-40.088933
-40.08759
-40.086318
-40.085144
-40.084092
-40.083184
-40.082442
-40.081882
-40.081517
-40.081352
-40.081387
-40.081618
-40.082033
-40.082617
-40.083352
-40.084218
-40.085197
-40.08627
-40.087422
-40.088639
-40.089912
-40.091233
-40.092597
-40.094001
-40.095444
-40.096925
-40.098446
-40.100008
-40.101613
-40.103265
-40.104966
-40.106719
-40.108524
-40.110383
-40.112293
-40.114251
-40.11625
-40.118282
-40.120335
-40.122394
-40.12444
-40.126455
-40.128416
-40.130299
-40.132081
-40.133736
-40.135242
-40.136575
-40.137715
-40.138643
-40.139342
-40.139799
-40.140001
-40.139933
-40.139581
-40.138931
-40.137964
-40.136655
-40.134974
-40.132881
-40.130326
-40.127241
-40.123538
-40.119111
-40.113816
-40.107492
-40.099927
-40.090867
-40.080007
-40.066996
-40.051444
-40.032975
-40.01129
-39.986304
-39.958367
-39.928632
-39.899546
-39.875252
-39.861064
-39.987389
-39.987432
-39.987507
-39.987576
-39.987622
-39.987651
-39.987694
-39.987758
-39.987846
-39.987954
-39.988086
-39.988242
-39.988425
-39.988636
-39.988879
-39.989157
-39.989473
-39.989831
-39.990235
-39.99069
-39.991201
-39.991772
-39.992407
-39.993109
-39.99388
-39.994721
-39.99563
-39.996601
-39.997629
-39.998704
-39.999813
-40.000942
-40.002076
-40.003198
-40.00429
-40.005339
-40.006328
-40.00725
-40.008096
-40.008865
-40.009559
-40.010184
-40.010749
-40.011262
-40.011734
-40.012174
-40.01259
-40.012987
-40.013372
-40.013746
-40.014113
-40.014474
-40.014831
-40.015187
-40.015543
-40.015904
-40.016271
-40.01665
-40.017044
-40.01746
-40.017905
-40.018381
-40.018896
-40.019454
-40.02006
-40.020716
-40.021424
-40.022181
-40.022984
-40.023822
-40.024685
-40.025559
-40.026428
-40.027277
-40.028095
-40.028872
-40.029605
-40.030292
-40.030939
-40.031549
-40.032131
-40.032694
-40.033244
-40.03379
-40.034336
-40.034888
-40.035449
-40.036023
-40.03661
-40.037213
-40.037832
-40.038468
-40.039122
-40.039794
-40.040484
-40.041193
-40.041921
-40.042668
-40.043435
-40.044221
-40.045025
-40.045849
-40.046692
-40.047554
-40.048433
-40.04933
-40.050244
-40.051174
-40.05212
-40.05308
-40.054055
-40.055045
-40.056048
-40.057065
-40.058097
-40.059143
-40.060203
-40.061278
-40.062369
-40.063476
-40.064599
-40.065739
-40.066898
-40.068075
-40.069271
-40.070486
-40.07172
-40.072974
-40.07425
-40.075548
-40.076869
-40.078215
-40.079588
-40.080988
-40.082416
-40.083869
-40.085345
-40.086838
-40.088337
-40.089829
-40.091299
-40.092724
-40.094082
-40.095346
-40.09649
-40.097486
-40.098312
-40.098946
-40.099374
-40.099585
-40.099574
-40.099346
-40.098908
-40.098275
-40.097466
-40.096503
-40.095413
-40.094222
-40.092959
-40.091653
-40.090332
-40.089025
-40.08776
-40.086563
-40.085458
-40.084468
-40.083616
-40.082919
-40.082392
-40.082046
-40.081886
-40.081912
-40.082121
-40.082504
-40.083049
-40.08374
-40.084561
-40.085495
-40.086528
-40.087643
-40.088831
-40.090079
-40.091381
-40.092732
-40.094128
-40.095566
-40.097046
-40.098567
-40.100131
-40.101739
-40.103394
-40.105095
-40.106846
-40.108647
-40.110495
-40.11239
-40.114326
-40.116298
-40.118295
-40.120306
-40.122315
-40.124307
-40.126262
-40.12816
-40.129978
-40.131694
-40.133285
-40.134728
-40.136002
-40.137085
-40.13796
-40.138607
-40.139014
-40.139162
-40.139035
-40.138617
-40.137887
-40.136822
-40.135392
-40.13356
-40.131277
-40.128486
-40.125111
-40.121057
-40.116206
-40.11042
-40.103526
-40.095326
-40.085588
-40.074059
-40.060464
-40.044545
-40.026108
-40.005102
-39.981752
-39.956722
-39.931342
-39.907813
-39.889187
-39.878769
-39.987361
-39.987401
-39.98747
-39.987539
-39.987593
-39.987637
-39.987691
-39.987765
-39.987859
-39.987974
-39.988112
-39.988274
-39.988463
-39.988681
-39.98893
-39.989214
-39.989536
-39.989901
-39.990311
-39.990773
-39.991288
-39.991863
-39.9925
-39.993201
-39.993969
-39.994803
-39.995701
-39.996658
-39.997668
-39.998722
-39.999807
-40.000912
-40.00202
-40.003117
-40.004188
-40.005218
-40.006194
-40.007108
-40.007952
-40.008726
-40.009429
-40.010068
-40.010648
-40.011177
-40.011665
-40.012119
-40.012547
-40.012955
-40.013347
-40.013728
-40.014101
-40.014467
-40.01483
-40.015191
-40.015553
-40.01592
-40.016295
-40.016682
-40.017086
-40.017511
-40.017965
-40.01845
-40.018972
-40.019536
-40.020144
-40.0208
-40.021502
-40.022249
-40.023037
-40.023856
-40.024698
-40.025548
-40.026395
-40.027226
-40.02803
-40.028799
-40.02953
-40.030221
-40.030875
-40.031497
-40.032092
-40.032667
-40.033229
-40.033786
-40.034342
-40.034902
-40.035469
-40.036047
-40.036638
-40.037243
-40.037864
-40.038501
-40.039156
-40.039828
-40.040518
-40.041228
-40.041956
-40.042703
-40.043469
-40.044254
-40.045059
-40.045882
-40.046724
-40.047584
-40.048462
-40.049358
-40.050271
-40.0512
-40.052144
-40.053104
-40.054078
-40.055067
-40.05607
-40.057087
-40.058119
-40.059166
-40.060227
-40.061303
-40.062394
-40.063502
-40.064627
-40.065767
-40.066927
-40.068104
-40.069301
-40.070516
-40.071752
-40.073008
-40.074285
-40.075584
-40.076906
-40.078253
-40.079626
-40.081023
-40.082446
-40.08389
-40.085352
-40.086825
-40.088298
-40.089759
-40.091191
-40.092575
-40.093888
-40.095106
-40.096205
-40.097161
-40.097952
-40.098559
-40.098969
-40.099173
-40.099167
-40.098953
-40.098538
-40.097937
-40.097166
-40.096248
-40.095206
-40.094067
-40.092858
-40.091606
-40.090339
-40.089086
-40.087872
-40.086723
-40.085664
-40.084715
-40.083899
-40.083231
-40.082725
-40.082391
-40.082234
-40.082256
-40.082451
-40.082815
-40.083335
-40.083998
-40.08479
-40.085696
-40.086702
-40.087794
-40.088962
-40.090194
-40.091483
-40.092825
-40.094215
-40.095649
-40.097128
-40.098649
-40.100214
-40.101823
-40.103478
-40.10518
-40.106929
-40.108725
-40.110567
-40.112451
-40.114373
-40.116326
-40.1183
-40.120283
-40.12226
-40.124216
-40.126132
-40.127988
-40.129764
-40.131438
-40.132986
-40.134388
-40.135622
-40.136668
-40.137505
-40.138118
-40.138489
-40.138599
-40.138431
-40.137966
-40.137181
-40.136047
-40.134532
-40.132595
-40.130183
-40.127231
-40.123659
-40.119368
-40.114237
-40.108124
-40.100859
-40.092255
-40.082098
-40.070171
-40.056262
-40.040198
-40.021908
-40.0015
-39.979366
-39.956319
-39.933713
-39.913491
-39.898027
-39.889603
-39.987352
-39.987391
-39.987457
-39.987527
-39.987585
-39.987634
-39.987692
-39.987769
-39.987866
-39.987984
-39.988125
-39.98829
-39.988482
-39.988702
-39.988955
-39.989242
-39.989568
-39.989936
-39.990349
-39.990813
-39.991332
-39.991908
-39.992545
-39.993247
-39.994013
-39.994843
-39.995736
-39.996686
-39.997688
-39.998731
-39.999805
-40.000897
-40.001993
-40.003078
-40.004138
-40.005159
-40.006128
-40.007038
-40.007882
-40.008657
-40.009365
-40.01001
-40.010597
-40.011135
-40.01163
-40.012091
-40.012525
-40.012938
-40.013335
-40.013719
-40.014095
-40.014463
-40.014829
-40.015193
-40.015558
-40.015929
-40.016308
-40.016699
-40.017108
-40.017538
-40.017994
-40.018484
-40.01901
-40.019576
-40.020186
-40.02084
-40.02154
-40.022283
-40.023063
-40.023873
-40.024704
-40.025543
-40.026379
-40.027201
-40.027998
-40.028764
-40.029494
-40.030186
-40.030844
-40.031471
-40.032072
-40.032653
-40.033222
-40.033784
-40.034345
-40.034908
-40.035479
-40.036059
-40.036651
-40.037258
-40.037879
-40.038517
-40.039172
-40.039845
-40.040536
-40.041245
-40.041973
-40.04272
-40.043486
-40.044271
-40.045075
-40.045898
-40.04674
-40.047599
-40.048477
-40.049372
-40.050284
-40.051213
-40.052156
-40.053115
-40.054089
-40.055078
-40.056081
-40.057098
-40.05813
-40.059177
-40.060239
-40.061315
-40.062407
-40.063515
-40.06464
-40.065782
-40.066941
-40.068119
-40.069316
-40.070532
-40.071768
-40.073024
-40.074302
-40.075602
-40.076925
-40.078272
-40.079644
-40.08104
-40.08246
-40.083899
-40.085354
-40.086817
-40.088278
-40.089723
-40.091136
-40.0925
-40.093791
-40.094987
-40.096064
-40.097
-40.097774
-40.098368
-40.09877
-40.098971
-40.098966
-40.098758
-40.098355
-40.097769
-40.097018
-40.096122
-40.095104
-40.093991
-40.092807
-40.091582
-40.090342
-40.089115
-40.087927
-40.086802
-40.085765
-40.084838
-40.084039
-40.083385
-40.08289
-40.082562
-40.082407
-40.082425
-40.082615
-40.082969
-40.083477
-40.084127
-40.084905
-40.085797
-40.08679
-40.087871
-40.089028
-40.090252
-40.091535
-40.092872
-40.094259
-40.095692
-40.097169
-40.09869
-40.100255
-40.101865
-40.10352
-40.105222
-40.10697
-40.108764
-40.110602
-40.112481
-40.114396
-40.116339
-40.118302
-40.12027
-40.122232
-40.12417
-40.126066
-40.127902
-40.129657
-40.13131
-40.132837
-40.134218
-40.135432
-40.136459
-40.137278
-40.137873
-40.138226
-40.138317
-40.138129
-40.13764
-40.136825
-40.135655
-40.134097
-40.132106
-40.129627
-40.126595
-40.122923
-40.118513
-40.113241
-40.106966
-40.099521
-40.090718
-40.080363
-40.068254
-40.054209
-40.038103
-40.019923
-39.999852
-39.978356
-39.956303
-39.935033
-39.916347
-39.902299
-39.894742
)
;

boundaryField
{
    leftWall
    {
        type            fixedFluxPressure;
        gradient        uniform 0;
        value           nonuniform List<scalar> 
20
(
16.270203
0.34149935
-39.985131
-39.984494
-39.98465
-39.984357
-39.985196
-39.986191
-39.986993
-39.987489
-39.987686
-39.987743
-39.98774
-39.987694
-39.987616
-39.987525
-39.987445
-39.987389
-39.987361
-39.987352
)
;
    }
    rightWall
    {
        type            fixedFluxPressure;
        gradient        uniform 0;
        value           nonuniform List<scalar> 
20
(
30.09584
9.1620528
-15.927498
-27.841024
-27.592787
-24.946609
-22.787587
-33.285095
-40.074635
-39.868428
-39.648861
-39.591297
-39.662431
-39.7407
-39.795728
-39.834409
-39.861064
-39.878769
-39.889603
-39.894742
)
;
    }
    lowerWall
    {
        type            fixedFluxPressure;
        gradient        uniform 0;
        value           nonuniform List<scalar> 
240
(
16.270203
16.261684
16.25111
16.246004
16.248575
16.256816
16.265568
16.270969
16.271584
16.26696
16.256389
16.239983
16.218579
16.193401
16.165753
16.136827
16.107454
16.07807
16.04898
16.020489
15.993056
15.967413
15.944307
15.924206
15.907529
15.894662
15.885782
15.881512
15.879898
15.879969
15.881086
15.882247
15.882649
15.881249
15.876964
15.870334
15.862933
15.854461
15.844822
15.834995
15.826337
15.818492
15.807563
15.787608
15.753439
15.702675
15.636373
15.558284
15.47387
15.389303
15.310365
15.2414
15.184675
15.140356
15.107031
15.082897
15.071867
15.072914
15.080264
15.09105
15.100162
15.097771
15.085724
15.061111
15.016961
14.950193
14.86209
14.756071
14.635424
14.501849
14.355153
14.194688
14.021381
13.838894
13.653086
13.470337
13.296242
13.134652
12.986789
12.851025
12.724318
12.608587
12.509001
12.424869
12.345725
12.257906
12.13739
11.976407
11.863245
11.858973
11.899751
11.970499
12.073353
12.140619
12.136682
12.110571
12.071433
12.000478
11.885393
11.720951
11.511004
11.26768
11.003256
10.723317
10.42701
10.11221
9.7807169
9.43904
9.0970044
8.7729642
8.4900818
8.2358902
7.9622944
7.7225819
7.6544267
7.6761369
7.7072944
7.7570729
7.8088553
7.8185819
7.8034155
7.7854397
7.7589237
7.7157556
7.6536651
7.5737867
7.4827294
7.3912508
7.303235
7.2077079
7.0838925
6.9001966
6.5980322
6.1909582
5.9202783
5.9228993
6.016783
6.1060869
6.1248488
6.0638261
5.8121628
5.240835
4.3721735
3.3640343
2.389289
1.5390309
0.81327059
0.1841139
-0.33378404
-0.68255741
-0.87997798
-1.0769501
-1.2788973
-1.3020417
-1.1936482
-1.0526548
-0.89471961
-0.77479054
-0.74700631
-0.76116396
-0.77501928
-0.81582616
-0.91238849
-1.0704788
-1.2896777
-1.5801224
-1.9755129
-2.5474141
-3.283775
-3.8958502
-4.1141701
-4.2140184
-4.3133897
-4.7129494
-5.8578521
-7.2100591
-7.5167773
-7.3436989
-7.2986729
-7.1607311
-6.8140617
-8.3693651
-12.33309
-12.861171
-11.930878
-11.765099
-11.814199
-11.828599
-11.857085
-11.875633
-11.560837
-10.867028
-14.253114
-21.982907
-21.701436
-17.093151
-16.488761
-16.821048
-16.877489
-16.879209
-16.886349
-16.92644
-16.948634
-16.905062
-16.867112
-16.869043
-16.873675
-16.875938
-16.879081
-16.882207
-16.886248
-16.894321
-16.900679
-16.858139
-16.810431
-17.28818
-17.889951
-17.804884
-17.545091
-17.114219
-18.76955
-23.551323
-22.946378
-21.491305
-21.53115
-21.625634
-21.315479
-20.374783
-23.825137
-34.04999
-32.511734
-28.948468
-29.143652
-29.386497
-29.39105
-28.025705
-21.356187
-12.168322
6.8447701
30.09584
)
;
    }
    atmosphere
    {
        type            fixedFluxPressure;
        gradient        uniform 0;
        value           nonuniform List<scalar> 
240
(
-39.987352
-39.987391
-39.987457
-39.987527
-39.987585
-39.987634
-39.987692
-39.987769
-39.987866
-39.987984
-39.988125
-39.98829
-39.988482
-39.988702
-39.988955
-39.989242
-39.989568
-39.989936
-39.990349
-39.990813
-39.991332
-39.991908
-39.992545
-39.993247
-39.994013
-39.994843
-39.995736
-39.996686
-39.997688
-39.998731
-39.999805
-40.000897
-40.001993
-40.003078
-40.004138
-40.005159
-40.006128
-40.007038
-40.007882
-40.008657
-40.009365
-40.01001
-40.010597
-40.011135
-40.01163
-40.012091
-40.012525
-40.012938
-40.013335
-40.013719
-40.014095
-40.014463
-40.014829
-40.015193
-40.015558
-40.015929
-40.016308
-40.016699
-40.017108
-40.017538
-40.017994
-40.018484
-40.01901
-40.019576
-40.020186
-40.02084
-40.02154
-40.022283
-40.023063
-40.023873
-40.024704
-40.025543
-40.026379
-40.027201
-40.027998
-40.028764
-40.029494
-40.030186
-40.030844
-40.031471
-40.032072
-40.032653
-40.033222
-40.033784
-40.034345
-40.034908
-40.035479
-40.036059
-40.036651
-40.037258
-40.037879
-40.038517
-40.039172
-40.039845
-40.040536
-40.041245
-40.041973
-40.04272
-40.043486
-40.044271
-40.045075
-40.045898
-40.04674
-40.047599
-40.048477
-40.049372
-40.050284
-40.051213
-40.052156
-40.053115
-40.054089
-40.055078
-40.056081
-40.057098
-40.05813
-40.059177
-40.060239
-40.061315
-40.062407
-40.063515
-40.06464
-40.065782
-40.066941
-40.068119
-40.069316
-40.070532
-40.071768
-40.073024
-40.074302
-40.075602
-40.076925
-40.078272
-40.079644
-40.08104
-40.08246
-40.083899
-40.085354
-40.086817
-40.088278
-40.089723
-40.091136
-40.0925
-40.093791
-40.094987
-40.096064
-40.097
-40.097774
-40.098368
-40.09877
-40.098971
-40.098966
-40.098758
-40.098355
-40.097769
-40.097018
-40.096122
-40.095104
-40.093991
-40.092807
-40.091582
-40.090342
-40.089115
-40.087927
-40.086802
-40.085765
-40.084838
-40.084039
-40.083385
-40.08289
-40.082562
-40.082407
-40.082425
-40.082615
-40.082969
-40.083477
-40.084127
-40.084905
-40.085797
-40.08679
-40.087871
-40.089028
-40.090252
-40.091535
-40.092872
-40.094259
-40.095692
-40.097169
-40.09869
-40.100255
-40.101865
-40.10352
-40.105222
-40.10697
-40.108764
-40.110602
-40.112481
-40.114396
-40.116339
-40.118302
-40.12027
-40.122232
-40.12417
-40.126066
-40.127902
-40.129657
-40.13131
-40.132837
-40.134218
-40.135432
-40.136459
-40.137278
-40.137873
-40.138226
-40.138317
-40.138129
-40.13764
-40.136825
-40.135655
-40.134097
-40.132106
-40.129627
-40.126595
-40.122923
-40.118513
-40.113241
-40.106966
-40.099521
-40.090718
-40.080363
-40.068254
-40.054209
-40.038103
-40.019923
-39.999852
-39.978356
-39.956303
-39.935033
-39.916347
-39.902299
-39.894742
)
;
    }
    defaultFaces
    {
        type            empty;
    }
}


// ************************************************************************* //
