/*--------------------------------*- C++ -*----------------------------------*\
| =========                 |                                                 |
| \\      /  F ield         | OpenFOAM: The Open Source CFD Toolbox           |
|  \\    /   O peration     | Version:  2606                                  |
|   \\  /    A nd           | Website:  www.openfoam.com                      |
|    \\/     M anipulation  |                                                 |
\*---------------------------------------------------------------------------*/
FoamFile
{
    version     2.0;
    format      ascii;
    arch        "LSB;label=32;scalar=64";
    class       surfaceScalarField;
    location    "0.65";
    object      phi;
}
// * * * * * * * * * * * * * * * * * * * * * * * * * * * * * * * * * * * * * //

dimensions      [0 3 -1 0 0 0 0];

oriented        oriented;

internalField   nonuniform List<scalar> 
5885
(
5.95351e-06
-2.98665e-08
5.98466e-06
-3.11538e-08
6.01639e-06
-3.17324e-08
6.04859e-06
-3.21968e-08
6.08152e-06
-3.29278e-08
6.11562e-06
-3.41007e-08
6.15119e-06
-3.55743e-08
6.18818e-06
-3.69897e-08
6.22617e-06
-3.7989e-08
6.26464e-06
-3.84705e-08
6.3033e-06
-3.86616e-08
6.3422e-06
-3.88919e-08
6.38148e-06
-3.92811e-08
6.42114e-06
-3.96624e-08
6.46089e-06
-3.97509e-08
6.50021e-06
-3.93205e-08
6.5385e-06
-3.82866e-08
6.57526e-06
-3.6763e-08
6.6103e-06
-3.50371e-08
6.64361e-06
-3.33102e-08
6.67502e-06
-3.14146e-08
6.70408e-06
-2.90583e-08
6.73058e-06
-2.65032e-08
6.75517e-06
-2.45842e-08
6.77897e-06
-2.3807e-08
6.80298e-06
-2.40059e-08
6.82778e-06
-2.48036e-08
6.85355e-06
-2.5767e-08
6.88001e-06
-2.6457e-08
6.90685e-06
-2.68372e-08
6.9342e-06
-2.73561e-08
6.96198e-06
-2.77818e-08
6.98855e-06
-2.65705e-08
7.01189e-06
-2.33378e-08
7.03203e-06
-2.01412e-08
7.04982e-06
-1.77846e-08
7.06583e-06
-1.60097e-08
7.08139e-06
-1.55678e-08
7.09828e-06
-1.68873e-08
7.117e-06
-1.87159e-08
7.13698e-06
-1.99862e-08
7.15786e-06
-2.08778e-08
7.17939e-06
-2.15264e-08
7.20176e-06
-2.23709e-08
7.22594e-06
-2.41798e-08
7.25286e-06
-2.69255e-08
7.28221e-06
-2.93478e-08
7.31201e-06
-2.97998e-08
7.34045e-06
-2.84369e-08
7.36871e-06
-2.82603e-08
7.40031e-06
-3.15965e-08
7.43698e-06
-3.66736e-08
7.47682e-06
-3.98363e-08
7.51557e-06
-3.87581e-08
7.54989e-06
-3.43161e-08
7.58061e-06
-3.07211e-08
7.61218e-06
-3.15705e-08
7.64818e-06
-3.59977e-08
7.68876e-06
-4.05813e-08
7.73139e-06
-4.26323e-08
7.77254e-06
-4.11481e-08
7.80961e-06
-3.70731e-08
7.84234e-06
-3.27233e-08
7.87234e-06
-3.00069e-08
7.90165e-06
-2.93086e-08
7.9314e-06
-2.97508e-08
7.96108e-06
-2.9674e-08
7.98895e-06
-2.78736e-08
8.01358e-06
-2.46263e-08
8.03454e-06
-2.09646e-08
8.05235e-06
-1.78073e-08
8.06801e-06
-1.56588e-08
8.08262e-06
-1.46126e-08
8.09743e-06
-1.48123e-08
-1.61388e-08
6.08723e-06
-5.56867e-08
6.11534e-06
-5.92677e-08
6.14497e-06
-6.13591e-08
6.176e-06
-6.32324e-08
6.20896e-06
-6.5885e-08
6.24454e-06
-6.96809e-08
6.28301e-06
-7.40463e-08
6.32387e-06
-7.78493e-08
6.36585e-06
-7.99651e-08
6.40751e-06
-8.01333e-08
6.44816e-06
-7.93059e-08
6.48815e-06
-7.88861e-08
6.52843e-06
-7.95618e-08
6.56971e-06
-8.09433e-08
6.61206e-06
-8.20996e-08
6.6549e-06
-8.21564e-08
6.69722e-06
-8.06073e-08
6.7381e-06
-7.76474e-08
6.77736e-06
-7.42948e-08
6.81549e-06
-7.14438e-08
6.85252e-06
-6.84398e-08
6.88714e-06
-6.36832e-08
6.91809e-06
-5.74457e-08
6.94598e-06
-5.24752e-08
6.97274e-06
-5.05653e-08
7.00007e-06
-5.13455e-08
7.02926e-06
-5.39933e-08
7.06083e-06
-5.73315e-08
7.09412e-06
-5.97527e-08
7.12829e-06
-6.10059e-08
7.16426e-06
-6.33252e-08
7.20327e-06
-6.67878e-08
7.24209e-06
-6.53921e-08
7.27537e-06
-5.66193e-08
7.30387e-06
-4.86362e-08
7.32874e-06
-4.26586e-08
7.34968e-06
-3.69448e-08
7.36855e-06
-3.44397e-08
7.38928e-06
-3.76184e-08
7.41271e-06
-4.21431e-08
7.43721e-06
-4.44925e-08
7.46212e-06
-4.57829e-08
7.48644e-06
-4.58504e-08
7.51046e-06
-4.63906e-08
7.53718e-06
-5.08953e-08
7.56999e-06
-5.97435e-08
7.60854e-06
-6.78968e-08
7.6464e-06
-6.76551e-08
7.67588e-06
-5.79229e-08
7.69895e-06
-5.13211e-08
7.72758e-06
-6.02299e-08
7.77031e-06
-7.94039e-08
7.82429e-06
-9.38186e-08
7.8764e-06
-9.08636e-08
7.91176e-06
-6.96786e-08
7.92769e-06
-4.66535e-08
7.93691e-06
-4.07886e-08
7.95391e-06
-5.29943e-08
7.98383e-06
-7.05077e-08
8.02136e-06
-8.01591e-08
8.05428e-06
-7.40656e-08
8.07067e-06
-5.34632e-08
8.06742e-06
-2.9471e-08
8.05314e-06
-1.57356e-08
8.04198e-06
-1.8144e-08
8.04499e-06
-3.27613e-08
8.0665e-06
-5.11844e-08
8.10373e-06
-6.51068e-08
8.14699e-06
-6.78788e-08
8.1841e-06
-5.80792e-08
8.20598e-06
-3.96861e-08
8.21083e-06
-2.05133e-08
8.20652e-06
-1.0297e-08
8.20327e-06
-1.15611e-08
-2.0799e-08
5.34463e-06
-7.91959e-08
5.36791e-06
-8.25476e-08
5.39123e-06
-8.46826e-08
5.4147e-06
-8.66951e-08
5.43811e-06
-8.93005e-08
5.46102e-06
-9.25846e-08
5.48302e-06
-9.60484e-08
5.50398e-06
-9.88053e-08
5.52417e-06
-1.00163e-07
5.54423e-06
-1.00188e-07
5.5647e-06
-9.97745e-08
5.58581e-06
-1e-07
5.60757e-06
-1.01324e-07
5.63002e-06
-1.03385e-07
5.65334e-06
-1.0542e-07
5.67792e-06
-1.06739e-07
5.70429e-06
-1.06974e-07
5.73287e-06
-1.06234e-07
5.7636e-06
-1.05024e-07
5.79583e-06
-1.03672e-07
5.82899e-06
-1.01597e-07
5.86328e-06
-9.79707e-08
5.89846e-06
-9.2632e-08
5.93362e-06
-8.76328e-08
5.96794e-06
-8.48887e-08
6.0013e-06
-8.46999e-08
6.03396e-06
-8.66514e-08
6.06616e-06
-8.95372e-08
6.09871e-06
-9.22962e-08
6.13238e-06
-9.46835e-08
6.1668e-06
-9.77405e-08
6.20125e-06
-1.01237e-07
6.23722e-06
-1.01366e-07
6.27649e-06
-9.58897e-08
6.31643e-06
-8.8577e-08
6.35559e-06
-8.18194e-08
6.39391e-06
-7.52576e-08
6.43022e-06
-7.07541e-08
6.46239e-06
-6.97886e-08
6.49099e-06
-7.07403e-08
6.51747e-06
-7.09691e-08
6.54274e-06
-7.10592e-08
6.56784e-06
-7.09494e-08
6.5944e-06
-7.29501e-08
6.62198e-06
-7.84728e-08
6.64942e-06
-8.71896e-08
6.6769e-06
-9.53714e-08
6.7072e-06
-9.79519e-08
6.74382e-06
-9.45486e-08
6.78487e-06
-9.23749e-08
6.8209e-06
-9.62576e-08
6.83966e-06
-9.81591e-08
6.83102e-06
-8.51829e-08
6.79198e-06
-5.18217e-08
6.72665e-06
-4.34472e-09
6.63716e-06
4.28336e-08
6.52869e-06
6.76791e-08
6.39806e-06
7.76377e-08
6.24519e-06
8.23627e-08
6.07442e-06
9.06105e-08
5.89449e-06
1.05867e-07
5.71687e-06
1.24157e-07
5.55073e-06
1.36663e-07
5.39838e-06
1.36618e-07
5.25712e-06
1.23113e-07
5.12399e-06
1.00372e-07
4.99818e-06
7.46217e-08
4.88069e-06
5.23865e-08
4.77325e-06
3.9557e-08
4.67739e-06
3.77853e-08
4.59622e-06
4.14866e-08
4.53657e-06
3.91364e-08
4.50146e-06
2.48102e-08
4.48948e-06
4.164e-10
-2.60845e-08
3.42899e-07
-9.39209e-08
3.56532e-07
-9.61808e-08
3.70412e-07
-9.85624e-08
3.84608e-07
-1.00891e-07
3.99289e-07
-1.03982e-07
4.14265e-07
-1.07561e-07
4.29534e-07
-1.11318e-07
4.45479e-07
-1.1475e-07
4.62812e-07
-1.17496e-07
4.82221e-07
-1.19597e-07
5.03943e-07
-1.21496e-07
5.27671e-07
-1.23728e-07
5.52884e-07
-1.26537e-07
5.79253e-07
-1.29753e-07
6.06783e-07
-1.3295e-07
6.35742e-07
-1.35698e-07
6.66478e-07
-1.37709e-07
6.99119e-07
-1.38875e-07
7.33154e-07
-1.3906e-07
7.67633e-07
-1.3815e-07
8.02343e-07
-1.36308e-07
8.39068e-07
-1.34695e-07
8.77719e-07
-1.31283e-07
9.18064e-07
-1.27978e-07
9.5952e-07
-1.26345e-07
1.00153e-06
-1.26707e-07
1.04375e-06
-1.28879e-07
1.08471e-06
-1.30496e-07
1.1253e-06
-1.32884e-07
1.16589e-06
-1.35273e-07
1.20531e-06
-1.37162e-07
1.24163e-06
-1.37557e-07
1.27531e-06
-1.35041e-07
1.3082e-06
-1.28784e-07
1.33987e-06
-1.20248e-07
1.36913e-06
-1.11079e-07
1.39671e-06
-1.02836e-07
1.42162e-06
-9.56632e-08
1.44202e-06
-9.01926e-08
1.45745e-06
-8.61687e-08
1.47017e-06
-8.36864e-08
1.48181e-06
-8.26961e-08
1.49531e-06
-8.44543e-08
1.51044e-06
-8.80804e-08
1.52706e-06
-9.50865e-08
1.54414e-06
-1.04271e-07
1.56283e-06
-1.14068e-07
1.58588e-06
-1.20998e-07
1.61526e-06
-1.23933e-07
1.64723e-06
-1.24341e-07
1.67309e-06
-1.22115e-07
1.68675e-06
-1.11819e-07
1.68877e-06
-8.72071e-08
1.68285e-06
-4.5899e-08
1.67476e-06
3.74707e-09
1.67049e-06
4.71001e-08
1.65137e-06
8.68006e-08
1.61459e-06
1.14416e-07
1.56386e-06
1.33093e-07
1.50684e-06
1.47627e-07
1.45216e-06
1.60549e-07
1.4058e-06
1.70514e-07
1.36956e-06
1.72904e-07
1.34185e-06
1.64336e-07
1.32044e-06
1.44518e-07
1.30368e-06
1.17128e-07
1.2914e-06
8.6908e-08
1.28568e-06
5.81012e-08
1.29123e-06
3.40099e-08
1.3122e-06
1.68196e-08
1.35269e-06
9.96312e-10
1.41631e-06
-2.44841e-08
1.49365e-06
-5.25302e-08
1.5806e-06
-8.65331e-08
-1.26263e-07
-6.57989e-07
-9.00456e-08
-6.60475e-07
-9.36944e-08
-6.61403e-07
-9.76348e-08
-6.60476e-07
-1.01818e-07
-6.58055e-07
-1.06402e-07
-6.54369e-07
-1.11247e-07
-6.49588e-07
-1.16098e-07
-6.43718e-07
-1.2062e-07
-6.36632e-07
-1.24582e-07
-6.28257e-07
-1.27971e-07
-6.18766e-07
-1.30988e-07
-6.08592e-07
-1.33901e-07
-5.98252e-07
-1.36877e-07
-5.88105e-07
-1.399e-07
-5.78239e-07
-1.42816e-07
-5.68522e-07
-1.45415e-07
-5.5874e-07
-1.47492e-07
-5.48793e-07
-1.48821e-07
-5.38731e-07
-1.49122e-07
-5.28591e-07
-1.4829e-07
-5.18058e-07
-1.46841e-07
-5.07176e-07
-1.45577e-07
-4.95234e-07
-1.43225e-07
-4.83206e-07
-1.40005e-07
-4.71698e-07
-1.37854e-07
-4.60806e-07
-1.37599e-07
-4.52161e-07
-1.37523e-07
-4.45453e-07
-1.37205e-07
-4.41053e-07
-1.37284e-07
-4.38627e-07
-1.37699e-07
-4.38665e-07
-1.37124e-07
-4.41119e-07
-1.35103e-07
-4.45026e-07
-1.31134e-07
-4.48758e-07
-1.25052e-07
-4.51413e-07
-1.17593e-07
-4.52668e-07
-1.09824e-07
-4.52818e-07
-1.02685e-07
-4.51851e-07
-9.6631e-08
-4.49993e-07
-9.20499e-08
-4.47096e-07
-8.90663e-08
-4.42939e-07
-8.78432e-08
-4.37177e-07
-8.84579e-08
-4.30496e-07
-9.11352e-08
-4.2291e-07
-9.56662e-08
-4.15874e-07
-1.02122e-07
-4.10503e-07
-1.09642e-07
-4.07743e-07
-1.16828e-07
-4.06844e-07
-1.21898e-07
-4.0702e-07
-1.23757e-07
-4.09347e-07
-1.22014e-07
-4.15913e-07
-1.15549e-07
-4.26099e-07
-1.01634e-07
-4.35462e-07
-7.78438e-08
-4.3669e-07
-4.46713e-08
-4.2586e-07
-7.08228e-09
-4.14714e-07
3.59531e-08
-3.9599e-07
6.8077e-08
-3.74895e-07
9.3321e-08
-3.53825e-07
1.12023e-07
-3.31645e-07
1.25448e-07
-3.05307e-07
1.3421e-07
-2.72472e-07
1.37679e-07
-2.33791e-07
1.34223e-07
-1.92267e-07
1.22812e-07
-1.5134e-07
1.03592e-07
-1.13e-07
7.87874e-08
-7.72241e-08
5.11324e-08
-4.02897e-08
2.11668e-08
-1.00618e-09
-5.27372e-09
4.11499e-08
-2.53366e-08
9.01427e-08
-4.79966e-08
1.4323e-07
-7.75717e-08
2.04879e-07
-1.14179e-07
2.75319e-07
-1.56973e-07
-2.06342e-07
-8.12474e-07
-8.2475e-08
-8.18836e-07
-8.73333e-08
-8.2413e-07
-9.23399e-08
-8.28434e-07
-9.75144e-08
-8.31995e-07
-1.0284e-07
-8.35076e-07
-1.08167e-07
-8.37904e-07
-1.1327e-07
-8.40606e-07
-1.17918e-07
-8.43226e-07
-1.21962e-07
-8.45806e-07
-1.25391e-07
-8.48464e-07
-1.28329e-07
-8.514e-07
-1.30965e-07
-8.54821e-07
-1.33455e-07
-8.58855e-07
-1.35867e-07
-8.63517e-07
-1.38154e-07
-8.68738e-07
-1.40193e-07
-8.74401e-07
-1.41828e-07
-8.8037e-07
-1.42853e-07
-8.86481e-07
-1.43011e-07
-8.92514e-07
-1.42257e-07
-8.98321e-07
-1.41033e-07
-9.04341e-07
-1.39558e-07
-9.10116e-07
-1.3745e-07
-9.15184e-07
-1.34938e-07
-9.19962e-07
-1.33076e-07
-9.2548e-07
-1.3208e-07
-9.31639e-07
-1.31364e-07
-9.3808e-07
-1.30763e-07
-9.44994e-07
-1.30371e-07
-9.52847e-07
-1.29845e-07
-9.61351e-07
-1.28619e-07
-9.70088e-07
-1.26366e-07
-9.78351e-07
-1.22871e-07
-9.85229e-07
-1.18174e-07
-9.9013e-07
-1.12692e-07
-9.9292e-07
-1.07033e-07
-9.93856e-07
-1.01749e-07
-9.93255e-07
-9.72319e-08
-9.91521e-07
-9.37836e-08
-9.89005e-07
-9.15828e-08
-9.86111e-07
-9.07368e-08
-9.83269e-07
-9.13002e-08
-9.81093e-07
-9.33113e-08
-9.80099e-07
-9.66601e-08
-9.81107e-07
-1.01114e-07
-9.84738e-07
-1.06011e-07
-9.91208e-07
-1.10358e-07
-1.00008e-06
-1.13027e-07
-1.01078e-06
-1.13057e-07
-1.02319e-06
-1.09604e-07
-1.03713e-06
-1.01607e-07
-1.05105e-06
-8.77157e-08
-1.06172e-06
-6.71733e-08
-1.06576e-06
-4.06247e-08
-1.06302e-06
-9.83029e-09
-1.04403e-06
1.69669e-08
-1.01912e-06
4.31627e-08
-9.90421e-07
6.46259e-08
-9.59147e-07
8.07486e-08
-9.2563e-07
9.1931e-08
-8.89674e-07
9.82538e-08
-8.51219e-07
9.92242e-08
-8.11191e-07
9.4194e-08
-7.71177e-07
8.27982e-08
-7.32927e-07
6.53422e-08
-6.97572e-07
4.34316e-08
-6.6646e-07
2.00211e-08
-6.37072e-07
-8.22187e-09
-6.0574e-07
-3.66057e-08
-5.68926e-07
-6.21508e-08
-5.26441e-07
-9.04813e-08
-4.79823e-07
-1.2419e-07
-4.30093e-07
-1.63909e-07
-3.77128e-07
-2.09938e-07
-2.62759e-07
-7.06994e-07
-7.50251e-08
-7.1366e-07
-8.06665e-08
-7.1971e-07
-8.629e-08
-7.25305e-07
-9.192e-08
-7.3065e-07
-9.74947e-08
-7.35951e-07
-1.02865e-07
-7.41372e-07
-1.07849e-07
-7.47002e-07
-1.12288e-07
-7.52877e-07
-1.16086e-07
-7.59023e-07
-1.19244e-07
-7.65504e-07
-1.21848e-07
-7.72428e-07
-1.2404e-07
-7.79923e-07
-1.25961e-07
-7.88091e-07
-1.27699e-07
-7.96984e-07
-1.2926e-07
-8.06601e-07
-1.30576e-07
-8.16892e-07
-1.31537e-07
-8.27737e-07
-1.32008e-07
-8.38887e-07
-1.3186e-07
-8.49999e-07
-1.31144e-07
-8.60906e-07
-1.30126e-07
-8.71581e-07
-1.28883e-07
-8.81743e-07
-1.27289e-07
-8.91162e-07
-1.25518e-07
-9.00223e-07
-1.24015e-07
-9.09462e-07
-1.22841e-07
-9.19032e-07
-1.21794e-07
-9.28939e-07
-1.20856e-07
-9.39281e-07
-1.20028e-07
-9.50063e-07
-1.19064e-07
-9.61036e-07
-1.17647e-07
-9.71812e-07
-1.1559e-07
-9.81871e-07
-1.12812e-07
-9.90665e-07
-1.0938e-07
-9.97823e-07
-1.05534e-07
-1.00325e-06
-1.01609e-07
-1.00706e-06
-9.79346e-08
-1.00952e-06
-9.47751e-08
-1.01097e-06
-9.23319e-08
-1.01182e-06
-9.07362e-08
-1.01249e-06
-9.00679e-08
-1.01342e-06
-9.03681e-08
-1.01509e-06
-9.16375e-08
-1.01797e-06
-9.3781e-08
-1.02255e-06
-9.65384e-08
-1.02917e-06
-9.93832e-08
-1.03796e-06
-1.01576e-07
-1.04868e-06
-1.02305e-07
-1.06094e-06
-1.00797e-07
-1.0742e-06
-9.6344e-08
-1.08755e-06
-8.82548e-08
-1.09931e-06
-7.59544e-08
-1.10716e-06
-5.93285e-08
-1.10861e-06
-3.91708e-08
-1.10105e-06
-1.73916e-08
-1.0892e-06
5.11488e-09
-1.07089e-06
2.48503e-08
-1.04714e-06
4.08836e-08
-1.0196e-06
5.32099e-08
-9.89139e-07
6.14652e-08
-9.56159e-07
6.52745e-08
-9.21127e-07
6.41912e-08
-8.84927e-07
5.79939e-08
-8.48708e-07
4.65796e-08
-8.1351e-07
3.01443e-08
-7.79393e-07
9.31388e-09
-7.47903e-07
-1.14683e-08
-7.20018e-07
-3.61073e-08
-6.93263e-07
-6.33607e-08
-6.63697e-07
-9.17167e-08
-6.31282e-07
-1.22896e-07
-5.97028e-07
-1.58444e-07
-5.6175e-07
-1.99187e-07
-5.26009e-07
-2.45679e-07
-2.98483e-07
-5.69719e-07
-6.8899e-08
-5.75386e-07
-7.50003e-08
-5.80774e-07
-8.09013e-08
-5.86062e-07
-8.66327e-08
-5.91419e-07
-9.21376e-08
-5.96986e-07
-9.7298e-08
-6.02852e-07
-1.01984e-07
-6.09043e-07
-1.06096e-07
-6.15539e-07
-1.09589e-07
-6.22304e-07
-1.12479e-07
-6.2932e-07
-1.14832e-07
-6.36608e-07
-1.16753e-07
-6.44219e-07
-1.1835e-07
-6.52218e-07
-1.19699e-07
-6.60657e-07
-1.20821e-07
-6.69547e-07
-1.21686e-07
-6.78849e-07
-1.22235e-07
-6.88454e-07
-1.22403e-07
-6.98173e-07
-1.22141e-07
-7.07815e-07
-1.21502e-07
-7.17335e-07
-1.20607e-07
-7.26726e-07
-1.19491e-07
-7.35875e-07
-1.1814e-07
-7.44707e-07
-1.16686e-07
-7.53378e-07
-1.15343e-07
-7.6206e-07
-1.14159e-07
-7.70774e-07
-1.1308e-07
-7.7955e-07
-1.1208e-07
-7.88476e-07
-1.11103e-07
-7.97539e-07
-1.1e-07
-8.06569e-07
-1.08617e-07
-8.15294e-07
-1.06865e-07
-8.2339e-07
-1.04716e-07
-8.30554e-07
-1.02217e-07
-8.36595e-07
-9.94926e-08
-8.41483e-07
-9.67199e-08
-8.45328e-07
-9.40901e-08
-8.48324e-07
-9.17787e-08
-8.50728e-07
-8.99278e-08
-8.52828e-07
-8.86361e-08
-8.5493e-07
-8.7966e-08
-8.57345e-07
-8.79531e-08
-8.60391e-07
-8.85912e-08
-8.64387e-07
-8.97854e-08
-8.69636e-07
-9.12894e-08
-8.76351e-07
-9.26685e-08
-8.84569e-07
-9.33581e-08
-8.94115e-07
-9.27591e-08
-9.046e-07
-9.03117e-08
-9.15415e-07
-8.5529e-08
-9.25631e-07
-7.80388e-08
-9.33949e-07
-6.76368e-08
-9.38798e-07
-5.44795e-08
-9.38739e-07
-3.92296e-08
-9.33238e-07
-2.28925e-08
-9.21407e-07
-6.71562e-09
-9.04334e-07
7.77737e-09
-8.83354e-07
1.99036e-08
-8.59025e-07
2.88804e-08
-8.31857e-07
3.42974e-08
-8.02418e-07
3.58357e-08
-7.7139e-07
3.31627e-08
-7.39534e-07
2.61375e-08
-7.08238e-07
1.52839e-08
-6.77949e-07
-1.44578e-10
-6.49402e-07
-1.92332e-08
-6.21073e-07
-3.97979e-08
-5.93941e-07
-6.32388e-08
-5.67783e-07
-8.95193e-08
-5.41162e-07
-1.18337e-07
-5.13777e-07
-1.50281e-07
-4.86055e-07
-1.86166e-07
-4.58561e-07
-2.2668e-07
-4.31845e-07
-2.72395e-07
-3.2382e-07
-4.92433e-07
-6.35817e-08
-4.97574e-07
-6.98587e-08
-5.02686e-07
-7.57891e-08
-5.07907e-07
-8.14126e-08
-5.13347e-07
-8.66971e-08
-5.19078e-07
-9.15675e-08
-5.25117e-07
-9.59447e-08
-5.31436e-07
-9.97773e-08
-5.37971e-07
-1.03054e-07
-5.44647e-07
-1.05803e-07
-5.51399e-07
-1.0808e-07
-5.58195e-07
-1.09957e-07
-5.6504e-07
-1.11505e-07
-5.71964e-07
-1.12774e-07
-5.79009e-07
-1.13776e-07
-5.86199e-07
-1.14495e-07
-5.93527e-07
-1.14907e-07
-6.00937e-07
-1.14992e-07
-6.08323e-07
-1.14756e-07
-6.15576e-07
-1.14248e-07
-6.22647e-07
-1.13535e-07
-6.29498e-07
-1.1264e-07
-6.3606e-07
-1.11578e-07
-6.4232e-07
-1.10427e-07
-6.48376e-07
-1.09286e-07
-6.54352e-07
-1.08183e-07
-6.60328e-07
-1.07104e-07
-6.6637e-07
-1.06038e-07
-6.72528e-07
-1.04946e-07
-6.78772e-07
-1.03755e-07
-6.8499e-07
-1.02399e-07
-6.91015e-07
-1.0084e-07
-6.96655e-07
-9.90763e-08
-7.01737e-07
-9.7135e-08
-7.0615e-07
-9.50796e-08
-7.09863e-07
-9.30064e-08
-7.12922e-07
-9.10314e-08
-7.15431e-07
-8.92701e-08
-7.17538e-07
-8.78205e-08
-7.1942e-07
-8.67535e-08
-7.21271e-07
-8.61156e-08
-7.23297e-07
-8.59266e-08
-7.25728e-07
-8.61601e-08
-7.28806e-07
-8.67079e-08
-7.32749e-07
-8.73464e-08
-7.37686e-07
-8.77315e-08
-7.43598e-07
-8.74455e-08
-7.50294e-07
-8.60632e-08
-7.57401e-07
-8.32049e-08
-7.64352e-07
-7.85776e-08
-7.7039e-07
-7.20014e-08
-7.74575e-07
-6.34518e-08
-7.75919e-07
-5.31356e-08
-7.73601e-07
-4.15471e-08
-7.67074e-07
-2.94197e-08
-7.56177e-07
-1.76119e-08
-7.41261e-07
-7.13934e-09
-7.22934e-07
1.57656e-09
-7.01662e-07
7.6089e-09
-6.7788e-07
1.05154e-08
-6.52174e-07
1.0129e-08
-6.25187e-07
6.17612e-09
-5.97502e-07
-1.54781e-09
-5.69543e-07
-1.26749e-08
-5.42421e-07
-2.72665e-08
-5.16633e-07
-4.50216e-08
-4.91084e-07
-6.53468e-08
-4.6584e-07
-8.84826e-08
-4.40879e-07
-1.14481e-07
-4.15855e-07
-1.43361e-07
-3.90699e-07
-1.75438e-07
-3.65637e-07
-2.11227e-07
-3.41047e-07
-2.51271e-07
-3.17393e-07
-2.9605e-07
-3.45961e-07
-4.68586e-07
-5.85731e-08
-4.73576e-07
-6.48694e-08
-4.78639e-07
-7.07258e-08
-4.83865e-07
-7.61872e-08
-4.89314e-07
-8.12475e-08
-4.95011e-07
-8.58707e-08
-5.00938e-07
-9.0018e-08
-5.07046e-07
-9.36686e-08
-5.13273e-07
-9.68278e-08
-5.19551e-07
-9.95244e-08
-5.25829e-07
-1.01802e-07
-5.32075e-07
-1.0371e-07
-5.38285e-07
-1.05295e-07
-5.44471e-07
-1.06588e-07
-5.50647e-07
-1.076e-07
-5.56812e-07
-1.0833e-07
-5.62947e-07
-1.08772e-07
-5.69012e-07
-1.08928e-07
-5.74955e-07
-1.08813e-07
-5.80739e-07
-1.08464e-07
-5.86353e-07
-1.07921e-07
-5.91786e-07
-1.07207e-07
-5.97018e-07
-1.06346e-07
-6.02055e-07
-1.0539e-07
-6.06944e-07
-1.04396e-07
-6.11735e-07
-1.03392e-07
-6.16454e-07
-1.02386e-07
-6.2112e-07
-1.01372e-07
-6.25737e-07
-1.00328e-07
-6.3028e-07
-9.92131e-08
-6.34688e-07
-9.79909e-08
-6.38888e-07
-9.66404e-08
-6.42804e-07
-9.51601e-08
-6.46371e-07
-9.35688e-08
-6.49542e-07
-9.1908e-08
-6.52307e-07
-9.02416e-08
-6.54689e-07
-8.86493e-08
-6.56746e-07
-8.72134e-08
-6.58562e-07
-8.60041e-08
-6.60244e-07
-8.50716e-08
-6.61916e-07
-8.44431e-08
-6.63724e-07
-8.41188e-08
-6.65828e-07
-8.40567e-08
-6.68385e-07
-8.41505e-08
-6.71518e-07
-8.42135e-08
-6.75264e-07
-8.39857e-08
-6.79541e-07
-8.31684e-08
-6.84135e-07
-8.14687e-08
-6.88703e-07
-7.86373e-08
-6.9278e-07
-7.44998e-08
-6.95803e-07
-6.89793e-08
-6.9713e-07
-6.21239e-08
-6.96124e-07
-5.41423e-08
-6.92252e-07
-4.54186e-08
-6.8518e-07
-3.64916e-08
-6.74798e-07
-2.79942e-08
-6.61343e-07
-2.05945e-08
-6.44937e-07
-1.48291e-08
-6.26044e-07
-1.12845e-08
-6.05147e-07
-1.03812e-08
-5.82638e-07
-1.23804e-08
-5.58989e-07
-1.74723e-08
-5.34798e-07
-2.57393e-08
-5.10379e-07
-3.70942e-08
-4.8615e-07
-5.14949e-08
-4.62337e-07
-6.88346e-08
-4.38709e-07
-8.89752e-08
-4.15229e-07
-1.11963e-07
-3.91874e-07
-1.37836e-07
-3.6856e-07
-1.66675e-07
-3.45288e-07
-1.98711e-07
-3.22204e-07
-2.3431e-07
-2.99593e-07
-2.73882e-07
-2.77847e-07
-3.17796e-07
-3.66355e-07
-4.66501e-07
-5.38998e-08
-4.71276e-07
-6.00943e-08
-4.76193e-07
-6.5809e-08
-4.81291e-07
-7.10897e-08
-4.86591e-07
-7.59475e-08
-4.92089e-07
-8.03725e-08
-4.97756e-07
-8.43507e-08
-5.03546e-07
-8.7878e-08
-5.09409e-07
-9.09651e-08
-5.15298e-07
-9.36357e-08
-5.21179e-07
-9.59211e-08
-5.27034e-07
-9.78552e-08
-5.32861e-07
-9.94688e-08
-5.38663e-07
-1.00786e-07
-5.44442e-07
-1.01821e-07
-5.5019e-07
-1.02582e-07
-5.55886e-07
-1.03076e-07
-5.61502e-07
-1.03312e-07
-5.67005e-07
-1.0331e-07
-5.7237e-07
-1.03098e-07
-5.77583e-07
-1.02709e-07
-5.82625e-07
-1.02164e-07
-5.8748e-07
-1.01491e-07
-5.92146e-07
-1.00724e-07
-5.96644e-07
-9.98982e-08
-6.01002e-07
-9.90337e-08
-6.05247e-07
-9.81406e-08
-6.09399e-07
-9.72203e-08
-6.13465e-07
-9.62622e-08
-6.17431e-07
-9.52463e-08
-6.21269e-07
-9.41536e-08
-6.24935e-07
-9.29739e-08
-6.28386e-07
-9.17092e-08
-6.3158e-07
-9.03751e-08
-6.34485e-07
-8.90026e-08
-6.37089e-07
-8.76381e-08
-6.39401e-07
-8.63373e-08
-6.41458e-07
-8.51566e-08
-6.43319e-07
-8.41431e-08
-6.45063e-07
-8.33273e-08
-6.46786e-07
-8.27199e-08
-6.48598e-07
-8.2307e-08
-6.50614e-07
-8.20408e-08
-6.52935e-07
-8.18291e-08
-6.55619e-07
-8.15294e-08
-6.58649e-07
-8.09558e-08
-6.61916e-07
-7.99014e-08
-6.65217e-07
-7.81677e-08
-6.68262e-07
-7.55918e-08
-6.7069e-07
-7.2072e-08
-6.72082e-07
-6.75873e-08
-6.71989e-07
-6.22166e-08
-6.69976e-07
-5.61553e-08
-6.65678e-07
-4.97164e-08
-6.58857e-07
-4.3313e-08
-6.49426e-07
-3.74252e-08
-6.37467e-07
-3.25539e-08
-6.23132e-07
-2.9164e-08
-6.06716e-07
-2.77003e-08
-5.88579e-07
-2.85185e-08
-5.69086e-07
-3.18735e-08
-5.48623e-07
-3.79352e-08
-5.27575e-07
-4.67877e-08
-5.06225e-07
-5.84441e-08
-4.84813e-07
-7.29069e-08
-4.63484e-07
-9.01635e-08
-4.42259e-07
-1.102e-07
-4.21177e-07
-1.33045e-07
-4.00262e-07
-1.58751e-07
-3.79517e-07
-1.8742e-07
-3.58983e-07
-2.19244e-07
-3.388e-07
-2.54493e-07
-3.19216e-07
-2.93466e-07
-3.00569e-07
-3.36443e-07
-3.83667e-07
-4.68314e-07
-4.9663e-08
-4.72745e-07
-5.56632e-08
-4.7737e-07
-6.11841e-08
-4.82194e-07
-6.62658e-08
-4.87216e-07
-7.09261e-08
-4.92419e-07
-7.51687e-08
-4.97777e-07
-7.89931e-08
-5.03252e-07
-8.24033e-08
-5.08805e-07
-8.54116e-08
-5.14403e-07
-8.80376e-08
-5.2002e-07
-9.0305e-08
-5.25636e-07
-9.2239e-08
-5.31241e-07
-9.38635e-08
-5.36828e-07
-9.51986e-08
-5.42389e-07
-9.62602e-08
-5.47911e-07
-9.70609e-08
-5.53374e-07
-9.76127e-08
-5.58756e-07
-9.79297e-08
-5.64034e-07
-9.80311e-08
-5.69192e-07
-9.79412e-08
-5.74215e-07
-9.76848e-08
-5.79094e-07
-9.72849e-08
-5.83819e-07
-9.67659e-08
-5.88388e-07
-9.61547e-08
-5.92811e-07
-9.54752e-08
-5.97101e-07
-9.47445e-08
-6.01268e-07
-9.39732e-08
-6.05324e-07
-9.31647e-08
-6.09271e-07
-9.23149e-08
-6.13103e-07
-9.14144e-08
-6.16802e-07
-9.04541e-08
-6.20346e-07
-8.94305e-08
-6.23706e-07
-8.83486e-08
-6.26858e-07
-8.72232e-08
-6.29781e-07
-8.60796e-08
-6.32467e-07
-8.4952e-08
-6.34925e-07
-8.38796e-08
-6.37182e-07
-8.29001e-08
-6.39282e-07
-8.2043e-08
-6.41284e-07
-8.13251e-08
-6.43257e-07
-8.07467e-08
-6.45276e-07
-8.0288e-08
-6.47413e-07
-7.99044e-08
-6.4972e-07
-7.95219e-08
-6.52214e-07
-7.90356e-08
-6.54854e-07
-7.83153e-08
-6.57535e-07
-7.72203e-08
-6.60083e-07
-7.5619e-08
-6.62266e-07
-7.34094e-08
-6.63798e-07
-7.05392e-08
-6.64364e-07
-6.70214e-08
-6.63633e-07
-6.29477e-08
-6.61293e-07
-5.8495e-08
-6.57087e-07
-5.39231e-08
-6.5084e-07
-4.95601e-08
-6.42485e-07
-4.57802e-08
-6.32064e-07
-4.29749e-08
-6.19704e-07
-4.15241e-08
-6.05622e-07
-4.17822e-08
-5.90091e-07
-4.40489e-08
-5.73409e-07
-4.8556e-08
-5.55876e-07
-5.54681e-08
-5.37774e-07
-6.48893e-08
-5.19338e-07
-7.68799e-08
-5.00764e-07
-9.14816e-08
-4.82201e-07
-1.08726e-07
-4.63755e-07
-1.28645e-07
-4.45516e-07
-1.51284e-07
-4.27551e-07
-1.76715e-07
-4.09924e-07
-2.05047e-07
-3.92727e-07
-2.36441e-07
-3.7612e-07
-2.71101e-07
-3.60337e-07
-3.09248e-07
-3.45682e-07
-3.51098e-07
-3.96849e-07
-4.69659e-07
-4.59034e-08
-4.73689e-07
-5.16331e-08
-4.77963e-07
-5.69105e-08
-4.82462e-07
-6.17668e-08
-4.87168e-07
-6.62194e-08
-4.9206e-07
-7.0277e-08
-4.97108e-07
-7.39454e-08
-5.02279e-07
-7.72323e-08
-5.0754e-07
-8.01502e-08
-5.12863e-07
-8.27154e-08
-5.18221e-07
-8.4947e-08
-5.23595e-07
-8.6865e-08
-5.28969e-07
-8.84888e-08
-5.34332e-07
-8.9836e-08
-5.3967e-07
-9.09222e-08
-5.44969e-07
-9.17618e-08
-5.50213e-07
-9.23691e-08
-5.55382e-07
-9.27601e-08
-5.6046e-07
-9.29533e-08
-5.65431e-07
-9.29699e-08
-5.70285e-07
-9.28312e-08
-5.75012e-07
-9.25581e-08
-5.79605e-07
-9.2172e-08
-5.84066e-07
-9.16941e-08
-5.88398e-07
-9.11436e-08
-5.92607e-07
-9.05348e-08
-5.96703e-07
-8.9878e-08
-6.00689e-07
-8.91781e-08
-6.04568e-07
-8.84356e-08
-6.08335e-07
-8.76479e-08
-6.11976e-07
-8.68123e-08
-6.15477e-07
-8.59301e-08
-6.18817e-07
-8.50082e-08
-6.2198e-07
-8.40602e-08
-6.24954e-07
-8.31063e-08
-6.27734e-07
-8.21717e-08
-6.3033e-07
-8.12833e-08
-6.32765e-07
-8.04662e-08
-6.35069e-07
-7.97387e-08
-6.37285e-07
-7.91091e-08
-6.39459e-07
-7.8573e-08
-6.41636e-07
-7.81106e-08
-6.43856e-07
-7.76844e-08
-6.4614e-07
-7.72374e-08
-6.48482e-07
-7.66937e-08
-6.50834e-07
-7.59636e-08
-6.531e-07
-7.49536e-08
-6.55138e-07
-7.35808e-08
-6.5676e-07
-7.17878e-08
-6.57741e-07
-6.95573e-08
-6.57839e-07
-6.69239e-08
-6.56805e-07
-6.39819e-08
-6.54411e-07
-6.08887e-08
-6.50473e-07
-5.78609e-08
-6.44869e-07
-5.51644e-08
-6.37551e-07
-5.30984e-08
-6.28549e-07
-5.19769e-08
-6.17964e-07
-5.21093e-08
-6.0596e-07
-5.37858e-08
-5.92748e-07
-5.72604e-08
-5.78564e-07
-6.27404e-08
-5.63647e-07
-7.03853e-08
-5.48225e-07
-8.03114e-08
-5.32502e-07
-9.2603e-08
-5.16657e-07
-1.07326e-07
-5.00849e-07
-1.24535e-07
-4.85209e-07
-1.44284e-07
-4.69856e-07
-1.66637e-07
-4.54897e-07
-1.91674e-07
-4.40441e-07
-2.19503e-07
-4.26624e-07
-2.50259e-07
-4.13624e-07
-2.841e-07
-4.01676e-07
-3.21197e-07
-3.9106e-07
-3.61713e-07
-4.05808e-07
-4.70904e-07
-4.25993e-08
-4.74532e-07
-4.80046e-08
-4.78443e-07
-5.29999e-08
-4.82604e-07
-5.7606e-08
-4.86987e-07
-6.18368e-08
-4.91562e-07
-6.57012e-08
-4.96301e-07
-6.92067e-08
-5.01172e-07
-7.2362e-08
-5.06143e-07
-7.51787e-08
-5.11188e-07
-7.76705e-08
-5.16282e-07
-7.98529e-08
-5.21405e-07
-8.17423e-08
-5.26539e-07
-8.33551e-08
-5.31668e-07
-8.47073e-08
-5.36776e-07
-8.58138e-08
-5.41848e-07
-8.66892e-08
-5.46869e-07
-8.73481e-08
-5.51823e-07
-8.78063e-08
-5.56695e-07
-8.80816e-08
-5.61472e-07
-8.81925e-08
-5.66145e-07
-8.8158e-08
-5.70707e-07
-8.79964e-08
-5.75153e-07
-8.77261e-08
-5.79482e-07
-8.73648e-08
-5.83697e-07
-8.69289e-08
-5.87801e-07
-8.64313e-08
-5.91797e-07
-8.58817e-08
-5.95688e-07
-8.52865e-08
-5.99475e-07
-8.46487e-08
-6.03153e-07
-8.39697e-08
-6.06714e-07
-8.32512e-08
-6.10147e-07
-8.24975e-08
-6.13439e-07
-8.17164e-08
-6.16578e-07
-8.09205e-08
-6.19559e-07
-8.01259e-08
-6.2238e-07
-7.93512e-08
-6.25048e-07
-7.86151e-08
-6.2758e-07
-7.79343e-08
-6.29999e-07
-7.73202e-08
-6.32331e-07
-7.67767e-08
-6.34606e-07
-7.62979e-08
-6.36849e-07
-7.58671e-08
-6.39079e-07
-7.54549e-08
-6.41297e-07
-7.50192e-08
-6.43484e-07
-7.45068e-08
-6.4559e-07
-7.38575e-08
-6.47532e-07
-7.30119e-08
-6.4919e-07
-7.19223e-08
-6.50415e-07
-7.0563e-08
-6.51031e-07
-6.89411e-08
-6.50851e-07
-6.71037e-08
-6.49689e-07
-6.51434e-08
-6.47379e-07
-6.31991e-08
-6.43787e-07
-6.14533e-08
-6.38826e-07
-6.01247e-08
-6.32467e-07
-5.94575e-08
-6.24736e-07
-5.97083e-08
-6.15712e-07
-6.11322e-08
-6.05527e-07
-6.39712e-08
-5.94346e-07
-6.84418e-08
-5.82357e-07
-7.47289e-08
-5.6976e-07
-8.29833e-08
-5.56746e-07
-9.33252e-08
-5.43499e-07
-1.0585e-07
-5.30187e-07
-1.20637e-07
-5.16967e-07
-1.37755e-07
-5.03981e-07
-1.5727e-07
-4.91364e-07
-1.79254e-07
-4.79249e-07
-2.0379e-07
-4.67775e-07
-2.30976e-07
-4.57105e-07
-2.60929e-07
-4.47433e-07
-2.93773e-07
-4.38991e-07
-3.29639e-07
-4.32051e-07
-3.68653e-07
-4.10936e-07
-4.72571e-07
-3.96997e-08
-4.75828e-07
-4.47465e-08
-4.79395e-07
-4.94329e-08
-4.83231e-07
-5.37702e-08
-4.87301e-07
-5.77667e-08
-4.91574e-07
-6.14292e-08
-4.96016e-07
-6.47645e-08
-5.00597e-07
-6.77805e-08
-5.05289e-07
-7.04869e-08
-5.10065e-07
-7.28953e-08
-5.14899e-07
-7.50183e-08
-5.19772e-07
-7.68696e-08
-5.24664e-07
-7.84632e-08
-5.29558e-07
-7.98133e-08
-5.34438e-07
-8.09339e-08
-5.39289e-07
-8.18385e-08
-5.44095e-07
-8.25415e-08
-5.48843e-07
-8.30581e-08
-5.5352e-07
-8.34047e-08
-5.58115e-07
-8.3598e-08
-5.62618e-07
-8.36545e-08
-5.67024e-07
-8.35906e-08
-5.71328e-07
-8.34219e-08
-5.75529e-07
-8.3164e-08
-5.79627e-07
-8.28312e-08
-5.83623e-07
-8.24354e-08
-5.87519e-07
-8.19861e-08
-5.91315e-07
-8.14903e-08
-5.95011e-07
-8.09528e-08
-5.98603e-07
-8.03775e-08
-6.02085e-07
-7.97687e-08
-6.0545e-07
-7.91323e-08
-6.0869e-07
-7.84767e-08
-6.11797e-07
-7.78132e-08
-6.14768e-07
-7.7155e-08
-6.17603e-07
-7.65163e-08
-6.20308e-07
-7.59106e-08
-6.22893e-07
-7.53491e-08
-6.25374e-07
-7.48394e-08
-6.27768e-07
-7.43832e-08
-6.3009e-07
-7.39756e-08
-6.32353e-07
-7.36036e-08
-6.34562e-07
-7.32462e-08
-6.36707e-07
-7.28738e-08
-6.38763e-07
-7.24508e-08
-6.40682e-07
-7.19392e-08
-6.42389e-07
-7.13045e-08
-6.43787e-07
-7.05239e-08
-6.44756e-07
-6.95939e-08
-6.4516e-07
-6.85372e-08
-6.44856e-07
-6.7408e-08
-6.43704e-07
-6.62945e-08
-6.41584e-07
-6.53197e-08
-6.38398e-07
-6.4639e-08
-6.34088e-07
-6.44352e-08
-6.28634e-07
-6.49107e-08
-6.22064e-07
-6.62787e-08
-6.14444e-07
-6.87523e-08
-6.05879e-07
-7.25354e-08
-5.96506e-07
-7.78147e-08
-5.86481e-07
-8.47543e-08
-5.7597e-07
-9.34946e-08
-5.65141e-07
-1.04154e-07
-5.54161e-07
-1.1683e-07
-5.43187e-07
-1.31611e-07
-5.32372e-07
-1.4857e-07
-5.21861e-07
-1.67781e-07
-5.11798e-07
-1.89317e-07
-5.0233e-07
-2.13257e-07
-4.93615e-07
-2.39691e-07
-4.85828e-07
-2.68715e-07
-4.79171e-07
-3.0043e-07
-4.73875e-07
-3.34935e-07
-4.70202e-07
-3.72326e-07
-4.12689e-07
-4.74648e-07
-3.7146e-08
-4.77577e-07
-4.18172e-08
-4.8083e-07
-4.61797e-08
-4.84364e-07
-5.02362e-08
-4.88141e-07
-5.39899e-08
-4.92126e-07
-5.7444e-08
-4.96288e-07
-6.06029e-08
-5.00596e-07
-6.34727e-08
-5.05022e-07
-6.60612e-08
-5.09539e-07
-6.83775e-08
-5.14126e-07
-7.04321e-08
-5.18759e-07
-7.22362e-08
-5.2342e-07
-7.38021e-08
-5.28092e-07
-7.51421e-08
-5.32757e-07
-7.62687e-08
-5.37401e-07
-7.71946e-08
-5.42009e-07
-7.79331e-08
-5.46569e-07
-7.84982e-08
-5.51069e-07
-7.8905e-08
-5.55499e-07
-7.91684e-08
-5.5985e-07
-7.93034e-08
-5.64116e-07
-7.9324e-08
-5.68294e-07
-7.92443e-08
-5.7238e-07
-7.90778e-08
-5.76374e-07
-7.88375e-08
-5.80275e-07
-7.85344e-08
-5.84083e-07
-7.81778e-08
-5.87799e-07
-7.7775e-08
-5.91419e-07
-7.7332e-08
-5.94943e-07
-7.68541e-08
-5.98364e-07
-7.6347e-08
-6.01679e-07
-7.58176e-08
-6.04881e-07
-7.52745e-08
-6.07966e-07
-7.4728e-08
-6.10932e-07
-7.41891e-08
-6.1378e-07
-7.36691e-08
-6.16512e-07
-7.31783e-08
-6.19137e-07
-7.27249e-08
-6.21662e-07
-7.23143e-08
-6.24097e-07
-7.19479e-08
-6.2645e-07
-7.16225e-08
-6.28724e-07
-7.13294e-08
-6.30915e-07
-7.10546e-08
-6.3301e-07
-7.07793e-08
-6.34979e-07
-7.04817e-08
-6.36778e-07
-7.01404e-08
-6.38343e-07
-6.97392e-08
-6.39594e-07
-6.92728e-08
-6.40436e-07
-6.87524e-08
-6.40762e-07
-6.82105e-08
-6.40466e-07
-6.77041e-08
-6.39444e-07
-6.73164e-08
-6.37607e-07
-6.71568e-08
-6.34886e-07
-6.73592e-08
-6.31243e-07
-6.80786e-08
-6.26668e-07
-6.94853e-08
-6.21189e-07
-7.17582e-08
-6.14863e-07
-7.50775e-08
-6.07782e-07
-7.96169e-08
-6.00058e-07
-8.55384e-08
-5.91825e-07
-9.29878e-08
-5.83225e-07
-1.02094e-07
-5.74408e-07
-1.1297e-07
-5.65525e-07
-1.25714e-07
-5.56724e-07
-1.40411e-07
-5.48153e-07
-1.57141e-07
-5.39958e-07
-1.75975e-07
-5.32288e-07
-1.96987e-07
-5.25296e-07
-2.20249e-07
-5.19147e-07
-2.4584e-07
-5.14024e-07
-2.73839e-07
-5.10127e-07
-3.04326e-07
-5.07685e-07
-3.37378e-07
-5.06951e-07
-3.73061e-07
-4.11434e-07
-4.76934e-07
-3.48796e-08
-4.7958e-07
-3.91715e-08
-4.82555e-07
-4.32049e-08
-4.85816e-07
-4.69757e-08
-4.89324e-07
-5.04819e-08
-4.93044e-07
-5.37233e-08
-4.96946e-07
-5.67014e-08
-5.00999e-07
-5.94197e-08
-5.05176e-07
-6.1884e-08
-5.09452e-07
-6.41012e-08
-5.13805e-07
-6.60797e-08
-5.18212e-07
-6.78288e-08
-5.22656e-07
-6.93587e-08
-5.27118e-07
-7.068e-08
-5.31583e-07
-7.1804e-08
-5.36035e-07
-7.27423e-08
-5.40461e-07
-7.35068e-08
-5.44849e-07
-7.41103e-08
-5.49188e-07
-7.45663e-08
-5.53468e-07
-7.48883e-08
-5.57682e-07
-7.50895e-08
-5.61823e-07
-7.51825e-08
-5.65888e-07
-7.51799e-08
-5.69872e-07
-7.50939e-08
-5.73773e-07
-7.49359e-08
-5.77591e-07
-7.47165e-08
-5.81325e-07
-7.44444e-08
-5.84973e-07
-7.41273e-08
-5.88533e-07
-7.37717e-08
-5.92003e-07
-7.33839e-08
-5.9538e-07
-7.29703e-08
-5.98659e-07
-7.25385e-08
-6.01836e-07
-7.20968e-08
-6.0491e-07
-7.16546e-08
-6.07877e-07
-7.12216e-08
-6.10739e-07
-7.08072e-08
-6.13498e-07
-7.04198e-08
-6.16157e-07
-7.00661e-08
-6.1872e-07
-6.97508e-08
-6.21192e-07
-6.94758e-08
-6.23574e-07
-6.92401e-08
-6.25865e-07
-6.9039e-08
-6.28055e-07
-6.88646e-08
-6.30128e-07
-6.87066e-08
-6.32056e-07
-6.85541e-08
-6.33798e-07
-6.83982e-08
-6.35301e-07
-6.82358e-08
-6.365e-07
-6.8074e-08
-6.37319e-07
-6.79334e-08
-6.37677e-07
-6.78522e-08
-6.37494e-07
-6.78875e-08
-6.36693e-07
-6.81172e-08
-6.3521e-07
-6.86392e-08
-6.32999e-07
-6.95703e-08
-6.30034e-07
-7.10432e-08
-6.26316e-07
-7.3203e-08
-6.21873e-07
-7.62016e-08
-6.16758e-07
-8.01925e-08
-6.11049e-07
-8.53253e-08
-6.04847e-07
-9.17411e-08
-5.98264e-07
-9.957e-08
-5.91429e-07
-1.08929e-07
-5.84475e-07
-1.19924e-07
-5.7754e-07
-1.32649e-07
-5.70765e-07
-1.47186e-07
-5.64292e-07
-1.63614e-07
-5.58266e-07
-1.82001e-07
-5.52836e-07
-2.02417e-07
-5.48158e-07
-2.24927e-07
-5.444e-07
-2.49598e-07
-5.41742e-07
-2.76496e-07
-5.40385e-07
-3.05683e-07
-5.4055e-07
-3.37213e-07
-5.42478e-07
-3.71132e-07
-4.07476e-07
-4.79276e-07
-3.28459e-08
-4.81683e-07
-3.6765e-08
-4.84416e-07
-4.0472e-08
-4.87434e-07
-4.39578e-08
-4.907e-07
-4.7216e-08
-4.9418e-07
-5.0243e-08
-4.97844e-07
-5.30376e-08
-5.01663e-07
-5.5601e-08
-5.0561e-07
-5.79364e-08
-5.09663e-07
-6.00489e-08
-5.13798e-07
-6.19448e-08
-5.17995e-07
-6.36317e-08
-5.22236e-07
-6.51178e-08
-5.26503e-07
-6.64125e-08
-5.30782e-07
-6.75256e-08
-5.35057e-07
-6.84673e-08
-5.39315e-07
-6.92485e-08
-5.43545e-07
-6.98806e-08
-5.47736e-07
-7.03754e-08
-5.5188e-07
-7.07449e-08
-5.55968e-07
-7.1001e-08
-5.59995e-07
-7.11552e-08
-5.63957e-07
-7.12187e-08
-5.67848e-07
-7.12026e-08
-5.71667e-07
-7.11173e-08
-5.75411e-07
-7.09725e-08
-5.79078e-07
-7.07768e-08
-5.82668e-07
-7.05378e-08
-5.86178e-07
-7.02622e-08
-5.89605e-07
-6.99568e-08
-5.92946e-07
-6.96286e-08
-5.962e-07
-6.92852e-08
-5.99361e-07
-6.8935e-08
-6.02429e-07
-6.85866e-08
-6.05403e-07
-6.82485e-08
-6.08281e-07
-6.79292e-08
-6.11064e-07
-6.7636e-08
-6.13755e-07
-6.73752e-08
-6.16354e-07
-6.71515e-08
-6.18862e-07
-6.6968e-08
-6.21276e-07
-6.68256e-08
-6.23592e-07
-6.67234e-08
-6.25798e-07
-6.66587e-08
-6.27877e-07
-6.66278e-08
-6.29803e-07
-6.66281e-08
-6.31541e-07
-6.66601e-08
-6.33047e-07
-6.67301e-08
-6.34268e-07
-6.68533e-08
-6.35145e-07
-6.70565e-08
-6.35616e-07
-6.73805e-08
-6.35622e-07
-6.78813e-08
-6.35108e-07
-6.86314e-08
-6.34028e-07
-6.97187e-08
-6.32352e-07
-7.12458e-08
-6.30067e-07
-7.33278e-08
-6.27181e-07
-7.60892e-08
-6.23722e-07
-7.96603e-08
-6.19742e-07
-8.41732e-08
-6.1531e-07
-8.97572e-08
-6.10515e-07
-9.65363e-08
-6.05459e-07
-1.04626e-07
-6.00255e-07
-1.14133e-07
-5.95026e-07
-1.25153e-07
-5.89899e-07
-1.37775e-07
-5.85008e-07
-1.52077e-07
-5.8049e-07
-1.68132e-07
-5.76485e-07
-1.86006e-07
-5.73142e-07
-2.0576e-07
-5.70614e-07
-2.27454e-07
-5.69068e-07
-2.51144e-07
-5.68683e-07
-2.76882e-07
-5.69653e-07
-3.04713e-07
-5.72189e-07
-3.34677e-07
-5.76522e-07
-3.66799e-07
-4.01096e-07
-4.81583e-07
-3.09962e-08
-4.83792e-07
-3.45556e-08
-4.8632e-07
-3.79449e-08
-4.89127e-07
-4.11509e-08
-4.92179e-07
-4.4164e-08
-4.95444e-07
-4.69778e-08
-4.98893e-07
-4.95885e-08
-5.02499e-07
-5.19951e-08
-5.06237e-07
-5.41986e-08
-5.10084e-07
-5.62021e-08
-5.14018e-07
-5.80103e-08
-5.18021e-07
-5.96288e-08
-5.22075e-07
-6.10645e-08
-5.26162e-07
-6.23252e-08
-5.30268e-07
-6.34194e-08
-5.34379e-07
-6.43562e-08
-5.38483e-07
-6.51452e-08
-5.42567e-07
-6.57963e-08
-5.46622e-07
-6.632e-08
-5.5064e-07
-6.6727e-08
-5.54614e-07
-6.70277e-08
-5.58536e-07
-6.72327e-08
-5.62403e-07
-6.73522e-08
-5.66209e-07
-6.73961e-08
-5.69953e-07
-6.73742e-08
-5.7363e-07
-6.72954e-08
-5.77239e-07
-6.71679e-08
-5.80778e-07
-6.69991e-08
-5.84244e-07
-6.67959e-08
-5.87635e-07
-6.65653e-08
-5.90949e-07
-6.63146e-08
-5.94183e-07
-6.60514e-08
-5.97334e-07
-6.57837e-08
-6.00402e-07
-6.55196e-08
-6.03383e-07
-6.52671e-08
-6.06278e-07
-6.5034e-08
-6.09087e-07
-6.48272e-08
-6.11809e-07
-6.4653e-08
-6.14444e-07
-6.45168e-08
-6.16989e-07
-6.44227e-08
-6.19441e-07
-6.43738e-08
-6.21792e-07
-6.43723e-08
-6.24031e-07
-6.44196e-08
-6.26141e-07
-6.45176e-08
-6.281e-07
-6.46698e-08
-6.29877e-07
-6.48833e-08
-6.31436e-07
-6.5171e-08
-6.32736e-07
-6.55534e-08
-6.33732e-07
-6.6061e-08
-6.34376e-07
-6.67354e-08
-6.34627e-07
-6.76307e-08
-6.34444e-07
-6.88139e-08
-6.33798e-07
-7.03642e-08
-6.32671e-07
-7.23724e-08
-6.3106e-07
-7.4939e-08
-6.28977e-07
-7.8172e-08
-6.26453e-07
-8.21839e-08
-6.23537e-07
-8.7089e-08
-6.20294e-07
-9.30002e-08
-6.16804e-07
-1.00026e-07
-6.1316e-07
-1.0827e-07
-6.09466e-07
-1.17828e-07
-6.05833e-07
-1.28786e-07
-6.02382e-07
-1.41226e-07
-5.99237e-07
-1.55221e-07
-5.96532e-07
-1.70838e-07
-5.94401e-07
-1.88136e-07
-5.92989e-07
-2.07172e-07
-5.92447e-07
-2.27996e-07
-5.92937e-07
-2.50654e-07
-5.94633e-07
-2.75186e-07
-5.9772e-07
-3.01626e-07
-6.02401e-07
-3.29996e-07
-6.08892e-07
-3.60308e-07
-3.9256e-07
-4.838e-07
-2.9287e-08
-4.8585e-07
-3.25049e-08
-4.88206e-07
-3.55894e-08
-4.90833e-07
-3.85246e-08
-4.93698e-07
-4.12985e-08
-4.96773e-07
-4.39026e-08
-5.00031e-07
-4.63309e-08
-5.03445e-07
-4.85804e-08
-5.06994e-07
-5.06505e-08
-5.10654e-07
-5.25423e-08
-5.14405e-07
-5.42587e-08
-5.1823e-07
-5.58039e-08
-5.22111e-07
-5.71834e-08
-5.26033e-07
-5.84036e-08
-5.2998e-07
-5.94718e-08
-5.33941e-07
-6.0396e-08
-5.37901e-07
-6.11845e-08
-5.41852e-07
-6.1846e-08
-5.45782e-07
-6.23894e-08
-5.49685e-07
-6.28243e-08
-5.53553e-07
-6.31602e-08
-5.57379e-07
-6.34065e-08
-5.61158e-07
-6.35726e-08
-5.64887e-07
-6.36676e-08
-5.68561e-07
-6.37003e-08
-5.72178e-07
-6.36791e-08
-5.75734e-07
-6.36117e-08
-5.79228e-07
-6.35054e-08
-5.82657e-07
-6.33671e-08
-5.86018e-07
-6.32039e-08
-5.8931e-07
-6.3023e-08
-5.92529e-07
-6.28318e-08
-5.95675e-07
-6.26383e-08
-5.98744e-07
-6.245e-08
-6.01737e-07
-6.22747e-08
-6.04651e-07
-6.21197e-08
-6.07486e-07
-6.19921e-08
-6.10241e-07
-6.18983e-08
-6.12913e-07
-6.18445e-08
-6.15499e-07
-6.1836e-08
-6.17995e-07
-6.18778e-08
-6.20393e-07
-6.19746e-08
-6.22682e-07
-6.21312e-08
-6.24846e-07
-6.23537e-08
-6.26865e-07
-6.26503e-08
-6.28716e-07
-6.30327e-08
-6.30369e-07
-6.35179e-08
-6.31793e-07
-6.41301e-08
-6.32952e-07
-6.49012e-08
-6.33815e-07
-6.5873e-08
-6.34348e-07
-6.70969e-08
-6.34527e-07
-6.86345e-08
-6.34334e-07
-7.05574e-08
-6.33759e-07
-7.29464e-08
-6.32809e-07
-7.58898e-08
-6.31499e-07
-7.94817e-08
-6.29863e-07
-8.38201e-08
-6.27947e-07
-8.90047e-08
-6.25813e-07
-9.51341e-08
-6.23535e-07
-1.02304e-07
-6.21199e-07
-1.10607e-07
-6.189e-07
-1.20126e-07
-6.16744e-07
-1.30943e-07
-6.14841e-07
-1.43128e-07
-6.13312e-07
-1.5675e-07
-6.12282e-07
-1.71868e-07
-6.11881e-07
-1.88537e-07
-6.12249e-07
-2.06804e-07
-6.13532e-07
-2.26713e-07
-6.15885e-07
-2.483e-07
-6.19475e-07
-2.71596e-07
-6.2448e-07
-2.96621e-07
-6.3109e-07
-3.23386e-07
-6.39508e-07
-3.51889e-07
-3.82117e-07
-4.85893e-07
-2.76813e-08
-4.87819e-07
-3.05785e-08
-4.90035e-07
-3.33741e-08
-4.92509e-07
-3.60502e-08
-4.95214e-07
-3.85934e-08
-4.98124e-07
-4.09932e-08
-5.01212e-07
-4.32424e-08
-5.04456e-07
-4.53363e-08
-5.07834e-07
-4.72726e-08
-5.11325e-07
-4.9051e-08
-5.14911e-07
-5.06728e-08
-5.18574e-07
-5.21409e-08
-5.22298e-07
-5.34595e-08
-5.26068e-07
-5.46337e-08
-5.2987e-07
-5.56697e-08
-5.33692e-07
-5.65743e-08
-5.37522e-07
-5.73548e-08
-5.41349e-07
-5.80185e-08
-5.45165e-07
-5.85735e-08
-5.48962e-07
-5.90278e-08
-5.52732e-07
-5.93902e-08
-5.56469e-07
-5.96691e-08
-5.60169e-07
-5.98732e-08
-5.63826e-07
-6.00107e-08
-5.67436e-07
-6.00898e-08
-5.70997e-07
-6.01182e-08
-5.74506e-07
-6.01032e-08
-5.77959e-07
-6.00519e-08
-5.81356e-07
-5.99711e-08
-5.84692e-07
-5.98678e-08
-5.87966e-07
-5.9749e-08
-5.91175e-07
-5.96222e-08
-5.94319e-07
-5.94948e-08
-5.97395e-07
-5.93744e-08
-6.00401e-07
-5.92684e-08
-6.03337e-07
-5.9184e-08
-6.062e-07
-5.91284e-08
-6.0899e-07
-5.91086e-08
-6.11703e-07
-5.91312e-08
-6.14336e-07
-5.92028e-08
-6.16884e-07
-5.93299e-08
-6.19339e-07
-5.95194e-08
-6.21692e-07
-5.97787e-08
-6.23928e-07
-6.0117e-08
-6.26033e-07
-6.05458e-08
-6.27986e-07
-6.108e-08
-6.29765e-07
-6.17394e-08
-6.31345e-07
-6.25498e-08
-6.32702e-07
-6.35439e-08
-6.33813e-07
-6.47624e-08
-6.34655e-07
-6.62537e-08
-6.35215e-07
-6.80747e-08
-6.35482e-07
-7.029e-08
-6.35457e-07
-7.29715e-08
-6.35149e-07
-7.61973e-08
-6.34581e-07
-8.005e-08
-6.33786e-07
-8.46155e-08
-6.32809e-07
-8.9981e-08
-6.3171e-07
-9.6233e-08
-6.30559e-07
-1.03456e-07
-6.29434e-07
-1.11731e-07
-6.28427e-07
-1.21133e-07
-6.27635e-07
-1.31735e-07
-6.27163e-07
-1.436e-07
-6.27124e-07
-1.56789e-07
-6.27637e-07
-1.71355e-07
-6.28827e-07
-1.87346e-07
-6.30829e-07
-2.04803e-07
-6.33781e-07
-2.23761e-07
-6.37832e-07
-2.44249e-07
-6.4314e-07
-2.66287e-07
-6.49874e-07
-2.89887e-07
-6.58211e-07
-3.15049e-07
-6.68339e-07
-3.41761e-07
-3.69996e-07
-4.87843e-07
-2.6148e-08
-4.89675e-07
-2.8747e-08
-4.91778e-07
-3.12712e-08
-4.94126e-07
-3.37018e-08
-4.96695e-07
-3.60242e-08
-4.99461e-07
-3.82271e-08
-5.02402e-07
-4.0302e-08
-5.05495e-07
-4.2243e-08
-5.08721e-07
-4.40465e-08
-5.12061e-07
-4.57109e-08
-5.15498e-07
-4.72364e-08
-5.19014e-07
-4.86245e-08
-5.22595e-07
-4.98783e-08
-5.26227e-07
-5.10018e-08
-5.29896e-07
-5.20002e-08
-5.33592e-07
-5.28792e-08
-5.37301e-07
-5.36449e-08
-5.41016e-07
-5.43038e-08
-5.44727e-07
-5.48627e-08
-5.48426e-07
-5.53288e-08
-5.52107e-07
-5.57098e-08
-5.55762e-07
-5.60135e-08
-5.59388e-07
-5.62475e-08
-5.62979e-07
-5.64197e-08
-5.66532e-07
-5.65373e-08
-5.70042e-07
-5.66077e-08
-5.73508e-07
-5.66377e-08
-5.76926e-07
-5.66342e-08
-5.80293e-07
-5.66037e-08
-5.83608e-07
-5.6553e-08
-5.86868e-07
-5.64891e-08
-5.90071e-07
-5.64191e-08
-5.93216e-07
-5.63502e-08
-5.963e-07
-5.62899e-08
-5.99323e-07
-5.62455e-08
-6.02283e-07
-5.62243e-08
-6.05178e-07
-5.62336e-08
-6.08006e-07
-5.62806e-08
-6.10764e-07
-5.63727e-08
-6.1345e-07
-5.65175e-08
-6.16057e-07
-5.67226e-08
-6.18579e-07
-5.69967e-08
-6.21009e-07
-5.73492e-08
-6.23334e-07
-5.77914e-08
-6.25543e-07
-5.83372e-08
-6.2762e-07
-5.90034e-08
-6.29548e-07
-5.98116e-08
-6.31309e-07
-6.07881e-08
-6.32888e-07
-6.19655e-08
-6.34267e-07
-6.33827e-08
-6.35436e-07
-6.50852e-08
-6.36385e-07
-6.71252e-08
-6.37114e-07
-6.95611e-08
-6.37628e-07
-7.24572e-08
-6.37942e-07
-7.58827e-08
-6.38082e-07
-7.99105e-08
-6.38081e-07
-8.46161e-08
-6.37986e-07
-9.00759e-08
-6.37853e-07
-9.63661e-08
-6.37748e-07
-1.03561e-07
-6.37746e-07
-1.11732e-07
-6.37933e-07
-1.20947e-07
-6.38399e-07
-1.31268e-07
-6.39245e-07
-1.42754e-07
-6.40577e-07
-1.55457e-07
-6.42508e-07
-1.69424e-07
-6.45158e-07
-1.84697e-07
-6.48652e-07
-2.01308e-07
-6.53126e-07
-2.19288e-07
-6.58718e-07
-2.38657e-07
-6.65578e-07
-2.59427e-07
-6.73863e-07
-2.81602e-07
-6.83739e-07
-3.05173e-07
-6.9538e-07
-3.3012e-07
-3.56407e-07
-4.89641e-07
-2.46611e-08
-4.91403e-07
-2.69852e-08
-4.93418e-07
-2.92564e-08
-4.95664e-07
-3.1456e-08
-4.98119e-07
-3.3569e-08
-5.00763e-07
-3.55834e-08
-5.03574e-07
-3.749e-08
-5.06535e-07
-3.92819e-08
-5.09627e-07
-4.09547e-08
-5.12832e-07
-4.25057e-08
-5.16135e-07
-4.39339e-08
-5.19519e-07
-4.52401e-08
-5.22971e-07
-4.64262e-08
-5.26478e-07
-4.74953e-08
-5.30026e-07
-4.84515e-08
-5.33606e-07
-4.92996e-08
-5.37207e-07
-5.00446e-08
-5.40818e-07
-5.06921e-08
-5.44433e-07
-5.12482e-08
-5.48042e-07
-5.17191e-08
-5.51641e-07
-5.21117e-08
-5.55221e-07
-5.24329e-08
-5.58779e-07
-5.26896e-08
-5.6231e-07
-5.2889e-08
-5.6581e-07
-5.30379e-08
-5.69274e-07
-5.31431e-08
-5.72701e-07
-5.3211e-08
-5.76087e-07
-5.32483e-08
-5.7943e-07
-5.32611e-08
-5.82727e-07
-5.32561e-08
-5.85976e-07
-5.32398e-08
-5.89176e-07
-5.32193e-08
-5.92325e-07
-5.32016e-08
-5.95421e-07
-5.3194e-08
-5.98463e-07
-5.32037e-08
-6.01449e-07
-5.32381e-08
-6.04378e-07
-5.33047e-08
-6.07247e-07
-5.3411e-08
-6.10055e-07
-5.35649e-08
-6.12798e-07
-5.37746e-08
-6.15471e-07
-5.4049e-08
-6.1807e-07
-5.43978e-08
-6.20587e-07
-5.48319e-08
-6.23014e-07
-5.53642e-08
-6.25342e-07
-5.60097e-08
-6.27559e-07
-5.67867e-08
-6.29653e-07
-5.77173e-08
-6.31613e-07
-5.8828e-08
-6.33428e-07
-6.01503e-08
-6.35089e-07
-6.17213e-08
-6.36591e-07
-6.35832e-08
-6.37932e-07
-6.5784e-08
-6.39117e-07
-6.83764e-08
-6.40156e-07
-7.1418e-08
-6.41068e-07
-7.49703e-08
-6.41881e-07
-7.90978e-08
-6.4263e-07
-8.38671e-08
-6.43361e-07
-8.93453e-08
-6.44127e-07
-9.55995e-08
-6.44993e-07
-1.02695e-07
-6.4603e-07
-1.10695e-07
-6.47318e-07
-1.19659e-07
-6.48944e-07
-1.29642e-07
-6.51002e-07
-1.40696e-07
-6.53593e-07
-1.52867e-07
-6.56822e-07
-1.66195e-07
-6.60805e-07
-1.80714e-07
-6.6566e-07
-1.96453e-07
-6.71514e-07
-2.13434e-07
-6.78499e-07
-2.31672e-07
-6.86755e-07
-2.51172e-07
-6.96427e-07
-2.7193e-07
-7.07668e-07
-2.93932e-07
-7.2064e-07
-3.17149e-07
-3.41539e-07
-4.91285e-07
-2.32001e-08
-4.92998e-07
-2.52722e-08
-4.94946e-07
-2.73091e-08
-4.97109e-07
-2.92928e-08
-4.99469e-07
-3.12083e-08
-5.02009e-07
-3.30434e-08
-5.04711e-07
-3.47885e-08
-5.07556e-07
-3.64361e-08
-5.1053e-07
-3.79811e-08
-5.13616e-07
-3.94199e-08
-5.16799e-07
-4.0751e-08
-5.20065e-07
-4.19741e-08
-5.234e-07
-4.30903e-08
-5.26794e-07
-4.41019e-08
-5.30233e-07
-4.50121e-08
-5.33708e-07
-4.58247e-08
-5.37209e-07
-4.65439e-08
-5.40726e-07
-4.71745e-08
-5.44253e-07
-4.77217e-08
-5.47781e-07
-4.81912e-08
-5.51304e-07
-4.85888e-08
-5.54816e-07
-4.89209e-08
-5.58312e-07
-4.91936e-08
-5.61787e-07
-4.94135e-08
-5.65238e-07
-4.95869e-08
-5.68661e-07
-4.97201e-08
-5.72053e-07
-4.98192e-08
-5.75411e-07
-4.98904e-08
-5.78733e-07
-4.99398e-08
-5.82015e-07
-4.99736e-08
-5.85257e-07
-4.99982e-08
-5.88456e-07
-5.00202e-08
-5.91611e-07
-5.00465e-08
-5.94721e-07
-5.00843e-08
-5.97784e-07
-5.01408e-08
-6.00799e-07
-5.02232e-08
-6.03765e-07
-5.03393e-08
-6.06679e-07
-5.04968e-08
-6.0954e-07
-5.0704e-08
-6.12344e-07
-5.09697e-08
-6.1509e-07
-5.13035e-08
-6.17772e-07
-5.17158e-08
-6.20385e-07
-5.22186e-08
-6.22924e-07
-5.28255e-08
-6.25381e-07
-5.35525e-08
-6.27749e-07
-5.44183e-08
-6.30022e-07
-5.5445e-08
-6.32191e-07
-5.66587e-08
-6.34252e-07
-5.80895e-08
-6.36201e-07
-5.97722e-08
-6.38038e-07
-6.17461e-08
-6.39767e-07
-6.40549e-08
-6.41397e-07
-6.67464e-08
-6.42943e-07
-6.98722e-08
-6.44426e-07
-7.3487e-08
-6.45876e-07
-7.76479e-08
-6.47329e-07
-8.24136e-08
-6.48831e-07
-8.78433e-08
-6.50435e-07
-9.39961e-08
-6.522e-07
-1.00929e-07
-6.54197e-07
-1.08698e-07
-6.56499e-07
-1.17356e-07
-6.59191e-07
-1.26951e-07
-6.6236e-07
-1.37527e-07
-6.66102e-07
-1.49125e-07
-6.70518e-07
-1.61779e-07
-6.75715e-07
-1.75517e-07
-6.81806e-07
-1.90362e-07
-6.88909e-07
-2.06331e-07
-6.97148e-07
-2.23433e-07
-7.06653e-07
-2.41667e-07
-7.1756e-07
-2.61024e-07
-7.30009e-07
-2.81483e-07
-7.44145e-07
-3.03012e-07
-3.25564e-07
-4.92778e-07
-2.17496e-08
-4.94459e-07
-2.35914e-08
-4.96356e-07
-2.54123e-08
-4.98453e-07
-2.7195e-08
-5.00737e-07
-2.8925e-08
-5.03189e-07
-3.05904e-08
-5.05797e-07
-3.21813e-08
-5.08543e-07
-3.369e-08
-5.11413e-07
-3.51107e-08
-5.14393e-07
-3.64395e-08
-5.1747e-07
-3.76741e-08
-5.2063e-07
-3.88136e-08
-5.23862e-07
-3.98586e-08
-5.27154e-07
-4.08104e-08
-5.30494e-07
-4.16714e-08
-5.33875e-07
-4.24446e-08
-5.37285e-07
-4.31336e-08
-5.40717e-07
-4.37424e-08
-5.44163e-07
-4.42755e-08
-5.47616e-07
-4.47378e-08
-5.51071e-07
-4.51347e-08
-5.5452e-07
-4.54716e-08
-5.5796e-07
-4.57542e-08
-5.61385e-07
-4.59883e-08
-5.64792e-07
-4.61799e-08
-5.68177e-07
-4.63347e-08
-5.71538e-07
-4.64586e-08
-5.74871e-07
-4.65573e-08
-5.78174e-07
-4.66366e-08
-5.81445e-07
-4.67025e-08
-5.84682e-07
-4.67612e-08
-5.87884e-07
-4.6819e-08
-5.91048e-07
-4.68825e-08
-5.94173e-07
-4.69587e-08
-5.9726e-07
-4.70547e-08
-6.00305e-07
-4.71776e-08
-6.0331e-07
-4.73353e-08
-6.06271e-07
-4.75356e-08
-6.09187e-07
-4.77871e-08
-6.12058e-07
-4.80991e-08
-6.1488e-07
-4.84815e-08
-6.1765e-07
-4.89454e-08
-6.20366e-07
-4.9503e-08
-6.23022e-07
-5.01685e-08
-6.25617e-07
-5.09581e-08
-6.28144e-07
-5.18906e-08
-6.30602e-07
-5.29877e-08
-6.32986e-07
-5.42744e-08
-6.35296e-07
-5.57793e-08
-6.37534e-07
-5.75349e-08
-6.39703e-07
-5.95774e-08
-6.41811e-07
-6.19467e-08
-6.43871e-07
-6.46859e-08
-6.45902e-07
-6.78413e-08
-6.47928e-07
-7.14616e-08
-6.49978e-07
-7.55972e-08
-6.52092e-07
-8.03002e-08
-6.54312e-07
-8.56227e-08
-6.56691e-07
-9.16166e-08
-6.59288e-07
-9.83324e-08
-6.62168e-07
-1.05818e-07
-6.65403e-07
-1.14121e-07
-6.69072e-07
-1.23282e-07
-6.73258e-07
-1.33341e-07
-6.78051e-07
-1.44332e-07
-6.83546e-07
-1.56283e-07
-6.89845e-07
-1.69217e-07
-6.97054e-07
-1.83153e-07
-7.05283e-07
-1.98102e-07
-7.14648e-07
-2.14068e-07
-7.25268e-07
-2.31046e-07
-7.3727e-07
-2.49022e-07
-7.5078e-07
-2.67972e-07
-7.65933e-07
-2.8786e-07
-3.08635e-07
-4.94125e-07
-2.02972e-08
-4.95788e-07
-2.19293e-08
-4.97648e-07
-2.35517e-08
-4.99695e-07
-2.5148e-08
-5.01915e-07
-2.67046e-08
-5.04296e-07
-2.82099e-08
-5.06823e-07
-2.96541e-08
-5.09483e-07
-3.10295e-08
-5.12264e-07
-3.233e-08
-5.15152e-07
-3.35514e-08
-5.18135e-07
-3.46908e-08
-5.21202e-07
-3.5747e-08
-5.2434e-07
-3.67198e-08
-5.27541e-07
-3.761e-08
-5.30793e-07
-3.84193e-08
-5.34087e-07
-3.915e-08
-5.37416e-07
-3.9805e-08
-5.40771e-07
-4.03877e-08
-5.44144e-07
-4.09021e-08
-5.4753e-07
-4.13523e-08
-5.50921e-07
-4.17431e-08
-5.54314e-07
-4.20793e-08
-5.57702e-07
-4.23661e-08
-5.61081e-07
-4.26088e-08
-5.64448e-07
-4.28127e-08
-5.678e-07
-4.29833e-08
-5.71132e-07
-4.31259e-08
-5.74444e-07
-4.32459e-08
-5.77732e-07
-4.33488e-08
-5.80994e-07
-4.34405e-08
-5.84229e-07
-4.35267e-08
-5.87434e-07
-4.36136e-08
-5.90609e-07
-4.37076e-08
-5.93753e-07
-4.38153e-08
-5.96864e-07
-4.39435e-08
-5.99942e-07
-4.40994e-08
-6.02987e-07
-4.42907e-08
-6.05997e-07
-4.45254e-08
-6.08972e-07
-4.48122e-08
-6.11911e-07
-4.51604e-08
-6.14812e-07
-4.55804e-08
-6.17674e-07
-4.60832e-08
-6.20495e-07
-4.66814e-08
-6.23275e-07
-4.73891e-08
-6.2601e-07
-4.82225e-08
-6.28701e-07
-4.91999e-08
-6.31346e-07
-5.03424e-08
-6.33947e-07
-5.16737e-08
-6.36506e-07
-5.32206e-08
-6.39028e-07
-5.50133e-08
-6.4152e-07
-5.70849e-08
-6.43995e-07
-5.94717e-08
-6.46468e-07
-6.22127e-08
-6.4896e-07
-6.53491e-08
-6.51497e-07
-6.89244e-08
-6.54111e-07
-7.29832e-08
-6.5684e-07
-7.75715e-08
-6.59728e-07
-8.27352e-08
-6.62825e-07
-8.85198e-08
-6.66188e-07
-9.49695e-08
-6.69879e-07
-1.02127e-07
-6.73969e-07
-1.10032e-07
-6.7853e-07
-1.18721e-07
-6.83642e-07
-1.28229e-07
-6.89391e-07
-1.38583e-07
-6.95867e-07
-1.49807e-07
-7.03163e-07
-1.61921e-07
-7.1138e-07
-1.74937e-07
-7.20619e-07
-1.88862e-07
-7.3099e-07
-2.03697e-07
-7.42602e-07
-2.19434e-07
-7.55571e-07
-2.36054e-07
-7.70012e-07
-2.53531e-07
-7.86046e-07
-2.71826e-07
-2.90888e-07
-4.95334e-07
-1.88339e-08
-4.96989e-07
-2.02753e-08
-4.98825e-07
-2.17155e-08
-5.00833e-07
-2.31396e-08
-5.03003e-07
-2.45345e-08
-5.05324e-07
-2.58892e-08
-5.07784e-07
-2.71944e-08
-5.10371e-07
-2.84423e-08
-5.13074e-07
-2.96269e-08
-5.15881e-07
-3.07438e-08
-5.18782e-07
-3.17898e-08
-5.21766e-07
-3.27634e-08
-5.24822e-07
-3.36637e-08
-5.27941e-07
-3.4491e-08
-5.31114e-07
-3.52466e-08
-5.34332e-07
-3.59321e-08
-5.37587e-07
-3.65499e-08
-5.40871e-07
-3.7103e-08
-5.44179e-07
-3.75944e-08
-5.47503e-07
-3.80281e-08
-5.50838e-07
-3.84081e-08
-5.54179e-07
-3.87387e-08
-5.5752e-07
-3.90246e-08
-5.60859e-07
-3.92706e-08
-5.6419e-07
-3.94814e-08
-5.67511e-07
-3.96622e-08
-5.70819e-07
-3.98177e-08
-5.74112e-07
-3.99533e-08
-5.77387e-07
-4.0074e-08
-5.80642e-07
-4.01853e-08
-5.83876e-07
-4.02928e-08
-5.87087e-07
-4.04024e-08
-5.90274e-07
-4.05202e-08
-5.93437e-07
-4.06525e-08
-5.96575e-07
-4.08058e-08
-5.99687e-07
-4.09872e-08
-6.02774e-07
-4.12042e-08
-6.05834e-07
-4.14648e-08
-6.08869e-07
-4.17777e-08
-6.11877e-07
-4.21521e-08
-6.14859e-07
-4.25983e-08
-6.17815e-07
-4.31274e-08
-6.20744e-07
-4.37519e-08
-6.23648e-07
-4.44857e-08
-6.26526e-07
-4.53444e-08
-6.2938e-07
-4.63458e-08
-6.32213e-07
-4.75099e-08
-6.35028e-07
-4.88591e-08
-6.3783e-07
-5.04182e-08
-6.40628e-07
-5.22151e-08
-6.43433e-07
-5.42799e-08
-6.46259e-07
-5.66457e-08
-6.49125e-07
-5.93472e-08
-6.52053e-07
-6.24215e-08
-6.5507e-07
-6.5907e-08
-6.5821e-07
-6.98434e-08
-6.6151e-07
-7.42711e-08
-6.65014e-07
-7.92307e-08
-6.68772e-07
-8.47619e-08
-6.72839e-07
-9.09033e-08
-6.77274e-07
-9.7692e-08
-6.82143e-07
-1.05163e-07
-6.87517e-07
-1.13347e-07
-6.93472e-07
-1.22274e-07
-7.00088e-07
-1.31967e-07
-7.07449e-07
-1.42446e-07
-7.15644e-07
-1.53726e-07
-7.24766e-07
-1.65815e-07
-7.3491e-07
-1.78718e-07
-7.46176e-07
-1.92431e-07
-7.58667e-07
-2.06944e-07
-7.72485e-07
-2.22236e-07
-7.87738e-07
-2.38278e-07
-8.04534e-07
-2.55031e-07
-2.72443e-07
-4.96414e-07
-1.73532e-08
-4.98068e-07
-1.86213e-08
-4.99889e-07
-1.98946e-08
-5.01869e-07
-2.11595e-08
-5.04e-07
-2.24039e-08
-5.06272e-07
-2.36174e-08
-5.08675e-07
-2.47909e-08
-5.112e-07
-2.59173e-08
-5.13836e-07
-2.69905e-08
-5.16574e-07
-2.80061e-08
-5.19403e-07
-2.89608e-08
-5.22313e-07
-2.98526e-08
-5.25296e-07
-3.06804e-08
-5.28343e-07
-3.14442e-08
-5.31445e-07
-3.21446e-08
-5.34595e-07
-3.27828e-08
-5.37784e-07
-3.33608e-08
-5.41006e-07
-3.3881e-08
-5.44254e-07
-3.4346e-08
-5.47523e-07
-3.47592e-08
-5.50807e-07
-3.51242e-08
-5.54101e-07
-3.54448e-08
-5.574e-07
-3.57251e-08
-5.60701e-07
-3.59694e-08
-5.64001e-07
-3.61822e-08
-5.67295e-07
-3.63679e-08
-5.70582e-07
-3.65312e-08
-5.73858e-07
-3.66769e-08
-5.77122e-07
-3.68098e-08
-5.80373e-07
-3.69351e-08
-5.83607e-07
-3.7058e-08
-5.86826e-07
-3.71842e-08
-5.90027e-07
-3.73193e-08
-5.9321e-07
-3.74694e-08
-5.96375e-07
-3.76408e-08
-5.99522e-07
-3.78403e-08
-6.02651e-07
-3.80752e-08
-6.05762e-07
-3.83533e-08
-6.08857e-07
-3.86832e-08
-6.11935e-07
-3.90738e-08
-6.14998e-07
-3.9535e-08
-6.18048e-07
-4.0078e-08
-6.21085e-07
-4.07147e-08
-6.24112e-07
-4.14587e-08
-6.27131e-07
-4.23251e-08
-6.30147e-07
-4.33305e-08
-6.33163e-07
-4.44939e-08
-6.36186e-07
-4.58359e-08
-6.39225e-07
-4.73798e-08
-6.42289e-07
-4.91509e-08
-6.45393e-07
-5.11766e-08
-6.48552e-07
-5.34864e-08
-6.51787e-07
-5.61118e-08
-6.55123e-07
-5.90855e-08
-6.58588e-07
-6.24418e-08
-6.62216e-07
-6.62157e-08
-6.66044e-07
-7.04428e-08
-6.70116e-07
-7.51584e-08
-6.74481e-07
-8.03976e-08
-6.7919e-07
-8.61938e-08
-6.84303e-07
-9.25792e-08
-6.89882e-07
-9.95838e-08
-6.95994e-07
-1.07235e-07
-7.02711e-07
-1.15557e-07
-7.1011e-07
-1.24569e-07
-7.18268e-07
-1.34288e-07
-7.2727e-07
-1.44724e-07
-7.37201e-07
-1.55884e-07
-7.48152e-07
-1.67768e-07
-7.60212e-07
-1.8037e-07
-7.73477e-07
-1.93679e-07
-7.8804e-07
-2.07672e-07
-8.03999e-07
-2.2232e-07
-8.21448e-07
-2.37582e-07
-2.53408e-07
-4.97372e-07
-1.58507e-08
-4.99032e-07
-1.69614e-08
-5.00845e-07
-1.80819e-08
-5.02805e-07
-1.91997e-08
-5.04905e-07
-2.03039e-08
-5.07138e-07
-2.13848e-08
-5.09494e-07
-2.24341e-08
-5.11967e-07
-2.34448e-08
-5.14546e-07
-2.44112e-08
-5.17223e-07
-2.53288e-08
-5.1999e-07
-2.61943e-08
-5.22836e-07
-2.70056e-08
-5.25756e-07
-2.77614e-08
-5.28739e-07
-2.84611e-08
-5.31778e-07
-2.91052e-08
-5.34866e-07
-2.96945e-08
-5.37997e-07
-3.02305e-08
-5.41162e-07
-3.07151e-08
-5.44358e-07
-3.11507e-08
-5.47577e-07
-3.154e-08
-5.50815e-07
-3.18861e-08
-5.54067e-07
-3.21926e-08
-5.57329e-07
-3.24631e-08
-5.60597e-07
-3.27014e-08
-5.63868e-07
-3.29115e-08
-5.67138e-07
-3.30975e-08
-5.70406e-07
-3.32637e-08
-5.73669e-07
-3.34144e-08
-5.76924e-07
-3.35543e-08
-5.80171e-07
-3.36881e-08
-5.83408e-07
-3.38208e-08
-5.86635e-07
-3.39577e-08
-5.8985e-07
-3.4104e-08
-5.93054e-07
-3.42656e-08
-5.96247e-07
-3.44483e-08
-5.99428e-07
-3.46587e-08
-6.026e-07
-3.49039e-08
-6.05762e-07
-3.51913e-08
-6.08916e-07
-3.55291e-08
-6.12064e-07
-3.59259e-08
-6.15207e-07
-3.63915e-08
-6.18349e-07
-3.69362e-08
-6.21492e-07
-3.75717e-08
-6.2464e-07
-3.83109e-08
-6.27798e-07
-3.9168e-08
-6.3097e-07
-4.01586e-08
-6.34163e-07
-4.13004e-08
-6.37387e-07
-4.26124e-08
-6.40651e-07
-4.4116e-08
-6.43968e-07
-4.58339e-08
-6.47353e-07
-4.77911e-08
-6.50826e-07
-5.0014e-08
-6.54407e-07
-5.25304e-08
-6.58123e-07
-5.53697e-08
-6.62003e-07
-5.85619e-08
-6.6608e-07
-6.2138e-08
-6.70394e-07
-6.61291e-08
-6.74987e-07
-7.05662e-08
-6.79905e-07
-7.54797e-08
-6.852e-07
-8.08989e-08
-6.90928e-07
-8.68513e-08
-6.97149e-07
-9.33627e-08
-7.03928e-07
-1.00456e-07
-7.11332e-07
-1.08152e-07
-7.19433e-07
-1.16468e-07
-7.28306e-07
-1.25414e-07
-7.38029e-07
-1.35001e-07
-7.48681e-07
-1.45231e-07
-7.60346e-07
-1.56103e-07
-7.73108e-07
-1.67609e-07
-7.87052e-07
-1.79735e-07
-8.02265e-07
-1.92459e-07
-8.18833e-07
-2.05751e-07
-8.36842e-07
-2.19573e-07
-2.33874e-07
-4.98218e-07
-1.43238e-08
-4.99888e-07
-1.52914e-08
-5.01699e-07
-1.62716e-08
-5.03645e-07
-1.72535e-08
-5.05722e-07
-1.82272e-08
-5.07923e-07
-1.91838e-08
-5.10241e-07
-2.01156e-08
-5.1267e-07
-2.10162e-08
-5.15201e-07
-2.18802e-08
-5.17826e-07
-2.27032e-08
-5.20538e-07
-2.3482e-08
-5.2333e-07
-2.42142e-08
-5.26193e-07
-2.48985e-08
-5.2912e-07
-2.55341e-08
-5.32104e-07
-2.61211e-08
-5.35138e-07
-2.66602e-08
-5.38216e-07
-2.71523e-08
-5.41332e-07
-2.75991e-08
-5.4448e-07
-2.80026e-08
-5.47655e-07
-2.8365e-08
-5.50852e-07
-2.8689e-08
-5.54067e-07
-2.89778e-08
-5.57296e-07
-2.92345e-08
-5.60534e-07
-2.94627e-08
-5.6378e-07
-2.9666e-08
-5.67029e-07
-2.9848e-08
-5.70281e-07
-3.00125e-08
-5.73531e-07
-3.01637e-08
-5.7678e-07
-3.03056e-08
-5.80025e-07
-3.04429e-08
-5.83266e-07
-3.05801e-08
-5.86501e-07
-3.0722e-08
-5.89732e-07
-3.08738e-08
-5.92957e-07
-3.10407e-08
-5.96176e-07
-3.12284e-08
-5.99392e-07
-3.14429e-08
-6.02605e-07
-3.1691e-08
-6.05817e-07
-3.19797e-08
-6.09029e-07
-3.23168e-08
-6.12245e-07
-3.27104e-08
-6.15467e-07
-3.31697e-08
-6.18698e-07
-3.37047e-08
-6.21944e-07
-3.43263e-08
-6.25208e-07
-3.50465e-08
-6.28498e-07
-3.58785e-08
-6.3182e-07
-3.68369e-08
-6.35183e-07
-3.79378e-08
-6.38597e-07
-3.91988e-08
-6.42074e-07
-4.06391e-08
-6.45628e-07
-4.22794e-08
-6.49278e-07
-4.41417e-08
-6.53042e-07
-4.62498e-08
-6.56944e-07
-4.86283e-08
-6.6101e-07
-5.13031e-08
-6.65271e-07
-5.43007e-08
-6.69761e-07
-5.76481e-08
-6.74518e-07
-6.13724e-08
-6.79584e-07
-6.55009e-08
-6.85004e-07
-7.00597e-08
-6.90829e-07
-7.50741e-08
-6.97112e-07
-8.05679e-08
-7.03912e-07
-8.65629e-08
-7.1129e-07
-9.30788e-08
-7.19309e-07
-1.00133e-07
-7.28039e-07
-1.07738e-07
-7.37549e-07
-1.15904e-07
-7.47913e-07
-1.24638e-07
-7.59204e-07
-1.3394e-07
-7.715e-07
-1.43807e-07
-7.84877e-07
-1.54231e-07
-7.99415e-07
-1.65197e-07
-8.15192e-07
-1.76682e-07
-8.32285e-07
-1.88658e-07
-8.50771e-07
-2.01087e-07
-2.13922e-07
-4.98959e-07
-1.27715e-08
-5.00643e-07
-1.36083e-08
-5.02455e-07
-1.44596e-08
-5.04393e-07
-1.53157e-08
-5.06452e-07
-1.61676e-08
-5.08629e-07
-1.70075e-08
-5.10916e-07
-1.78283e-08
-5.13308e-07
-1.86241e-08
-5.15798e-07
-1.939e-08
-5.18379e-07
-2.01216e-08
-5.21045e-07
-2.0816e-08
-5.23789e-07
-2.14708e-08
-5.26603e-07
-2.20844e-08
-5.29481e-07
-2.2656e-08
-5.32417e-07
-2.31856e-08
-5.35404e-07
-2.36733e-08
-5.38436e-07
-2.41201e-08
-5.41508e-07
-2.45272e-08
-5.44614e-07
-2.48962e-08
-5.4775e-07
-2.52291e-08
-5.5091e-07
-2.55281e-08
-5.54092e-07
-2.5796e-08
-5.57291e-07
-2.60357e-08
-5.60503e-07
-2.62502e-08
-5.63727e-07
-2.64428e-08
-5.66958e-07
-2.66167e-08
-5.70195e-07
-2.67755e-08
-5.73436e-07
-2.69227e-08
-5.7668e-07
-2.70623e-08
-5.79924e-07
-2.71984e-08
-5.83169e-07
-2.73351e-08
-5.86414e-07
-2.7477e-08
-5.89659e-07
-2.76287e-08
-5.92905e-07
-2.77952e-08
-5.96151e-07
-2.79817e-08
-5.994e-07
-2.81939e-08
-6.02654e-07
-2.84379e-08
-6.05913e-07
-2.87204e-08
-6.09181e-07
-2.90484e-08
-6.12462e-07
-2.94298e-08
-6.15759e-07
-2.98731e-08
-6.19076e-07
-3.03876e-08
-6.22419e-07
-3.09832e-08
-6.25795e-07
-3.16712e-08
-6.2921e-07
-3.24635e-08
-6.32673e-07
-3.33737e-08
-6.36195e-07
-3.44162e-08
-6.39787e-07
-3.56071e-08
-6.43462e-07
-3.69635e-08
-6.47238e-07
-3.8504e-08
-6.51131e-07
-4.02481e-08
-6.55164e-07
-4.22168e-08
-6.59361e-07
-4.44318e-08
-6.63748e-07
-4.69158e-08
-6.68357e-07
-4.96919e-08
-6.73222e-07
-5.27836e-08
-6.7838e-07
-5.62146e-08
-6.83872e-07
-6.00082e-08
-6.89745e-07
-6.41871e-08
-6.96046e-07
-6.87731e-08
-7.02828e-07
-7.37862e-08
-7.10145e-07
-7.92452e-08
-7.18058e-07
-8.51666e-08
-7.26626e-07
-9.15643e-08
-7.35914e-07
-9.84494e-08
-7.45989e-07
-1.05829e-07
-7.56918e-07
-1.13709e-07
-7.68772e-07
-1.22086e-07
-7.8162e-07
-1.30959e-07
-7.95536e-07
-1.40316e-07
-8.1059e-07
-1.50143e-07
-8.26853e-07
-1.60419e-07
-8.44396e-07
-1.71115e-07
-8.63286e-07
-1.82197e-07
-1.93622e-07
-4.99602e-07
-1.11937e-08
-5.01299e-07
-1.19107e-08
-5.03116e-07
-1.26431e-08
-5.0505e-07
-1.33822e-08
-5.07097e-07
-1.41203e-08
-5.09254e-07
-1.48504e-08
-5.11516e-07
-1.55661e-08
-5.13878e-07
-1.62621e-08
-5.16334e-07
-1.69338e-08
-5.18879e-07
-1.75773e-08
-5.21505e-07
-1.81897e-08
-5.24207e-07
-1.87686e-08
-5.26979e-07
-1.93124e-08
-5.29815e-07
-1.98204e-08
-5.32708e-07
-2.02922e-08
-5.35654e-07
-2.0728e-08
-5.38645e-07
-2.11283e-08
-5.41679e-07
-2.1494e-08
-5.44748e-07
-2.18266e-08
-5.47849e-07
-2.21276e-08
-5.50978e-07
-2.23991e-08
-5.54131e-07
-2.26434e-08
-5.57304e-07
-2.2863e-08
-5.60493e-07
-2.30606e-08
-5.63697e-07
-2.3239e-08
-5.66913e-07
-2.34013e-08
-5.70138e-07
-2.35504e-08
-5.73371e-07
-2.36898e-08
-5.7661e-07
-2.3823e-08
-5.79855e-07
-2.39535e-08
-5.83105e-07
-2.40853e-08
-5.86359e-07
-2.42224e-08
-5.89619e-07
-2.43691e-08
-5.92884e-07
-2.45298e-08
-5.96157e-07
-2.47095e-08
-5.99438e-07
-2.49131e-08
-6.02729e-07
-2.51465e-08
-6.06034e-07
-2.54156e-08
-6.09355e-07
-2.57271e-08
-6.12697e-07
-2.6088e-08
-6.16064e-07
-2.65061e-08
-6.19462e-07
-2.69899e-08
-6.22897e-07
-2.75485e-08
-6.26376e-07
-2.81921e-08
-6.29908e-07
-2.89316e-08
-6.33503e-07
-2.97789e-08
-6.37172e-07
-3.07473e-08
-6.40929e-07
-3.18509e-08
-6.44788e-07
-3.3105e-08
-6.48766e-07
-3.4526e-08
-6.52882e-07
-3.61313e-08
-6.5716e-07
-3.79389e-08
-6.61624e-07
-3.9968e-08
-6.66302e-07
-4.22381e-08
-6.71224e-07
-4.47693e-08
-6.76426e-07
-4.7582e-08
-6.81944e-07
-5.06964e-08
-6.8782e-07
-5.41326e-08
-6.94097e-07
-5.79101e-08
-7.00823e-07
-6.20473e-08
-7.08048e-07
-6.65614e-08
-7.15825e-07
-7.14681e-08
-7.24211e-07
-7.67809e-08
-7.33263e-07
-8.25115e-08
-7.43044e-07
-8.86687e-08
-7.53615e-07
-9.52583e-08
-7.65041e-07
-1.02283e-07
-7.77387e-07
-1.09741e-07
-7.90718e-07
-1.17628e-07
-8.051e-07
-1.25933e-07
-8.20599e-07
-1.34643e-07
-8.3728e-07
-1.43738e-07
-8.55206e-07
-1.5319e-07
-8.74435e-07
-1.62968e-07
-1.73032e-07
-5.00148e-07
-9.59123e-09
-5.0186e-07
-1.0198e-08
-5.03683e-07
-1.08202e-08
-5.05615e-07
-1.14504e-08
-5.07654e-07
-1.20818e-08
-5.09796e-07
-1.27082e-08
-5.12038e-07
-1.33242e-08
-5.14375e-07
-1.39249e-08
-5.16803e-07
-1.45062e-08
-5.19316e-07
-1.50645e-08
-5.21908e-07
-1.55971e-08
-5.24575e-07
-1.61017e-08
-5.27311e-07
-1.65768e-08
-5.3011e-07
-1.70216e-08
-5.32966e-07
-1.74356e-08
-5.35876e-07
-1.78188e-08
-5.38832e-07
-1.81716e-08
-5.41831e-07
-1.84947e-08
-5.44869e-07
-1.87892e-08
-5.4794e-07
-1.90564e-08
-5.51041e-07
-1.92981e-08
-5.54168e-07
-1.95163e-08
-5.57318e-07
-1.97131e-08
-5.60487e-07
-1.9891e-08
-5.63674e-07
-2.00522e-08
-5.66876e-07
-2.01996e-08
-5.7009e-07
-2.03359e-08
-5.73316e-07
-2.04639e-08
-5.76553e-07
-2.05868e-08
-5.79798e-07
-2.07079e-08
-5.83053e-07
-2.08306e-08
-5.86317e-07
-2.09585e-08
-5.8959e-07
-2.10955e-08
-5.92874e-07
-2.12457e-08
-5.96171e-07
-2.14133e-08
-5.99481e-07
-2.16029e-08
-6.02808e-07
-2.18196e-08
-6.06155e-07
-2.20689e-08
-6.09525e-07
-2.23567e-08
-6.12923e-07
-2.26894e-08
-6.16356e-07
-2.30739e-08
-6.19828e-07
-2.35179e-08
-6.23347e-07
-2.40295e-08
-6.26921e-07
-2.46177e-08
-6.30561e-07
-2.52922e-08
-6.34276e-07
-2.60638e-08
-6.3808e-07
-2.69439e-08
-6.41986e-07
-2.79451e-08
-6.4601e-07
-2.90807e-08
-6.50171e-07
-3.03651e-08
-6.54489e-07
-3.18133e-08
-6.58987e-07
-3.34409e-08
-6.63691e-07
-3.52645e-08
-6.68628e-07
-3.73007e-08
-6.73831e-07
-3.95668e-08
-6.79333e-07
-4.20802e-08
-6.85171e-07
-4.48583e-08
-6.91386e-07
-4.79179e-08
-6.9802e-07
-5.12756e-08
-7.05121e-07
-5.49469e-08
-7.12736e-07
-5.89462e-08
-7.20917e-07
-6.32867e-08
-7.29719e-07
-6.79796e-08
-7.39196e-07
-7.30343e-08
-7.49407e-07
-7.84577e-08
-7.60411e-07
-8.42542e-08
-7.72269e-07
-9.04252e-08
-7.85041e-07
-9.6969e-08
-7.98789e-07
-1.0388e-07
-8.13574e-07
-1.11149e-07
-8.29456e-07
-1.18762e-07
-8.46493e-07
-1.26701e-07
-8.64742e-07
-1.34941e-07
-8.84255e-07
-1.43454e-07
-1.52205e-07
-5.00631e-07
-7.96568e-09
-5.02358e-07
-8.47047e-09
-5.04189e-07
-8.99019e-09
-5.06121e-07
-9.51841e-09
-5.08153e-07
-1.00493e-08
-5.10284e-07
-1.05777e-08
-5.12509e-07
-1.10988e-08
-5.14826e-07
-1.16084e-08
-5.17229e-07
-1.21027e-08
-5.19715e-07
-1.25785e-08
-5.22279e-07
-1.30334e-08
-5.24916e-07
-1.34653e-08
-5.2762e-07
-1.38728e-08
-5.30386e-07
-1.42549e-08
-5.33211e-07
-1.46112e-08
-5.36088e-07
-1.49416e-08
-5.39014e-07
-1.52462e-08
-5.41983e-07
-1.55255e-08
-5.44991e-07
-1.57806e-08
-5.48035e-07
-1.60124e-08
-5.51111e-07
-1.62225e-08
-5.54214e-07
-1.64125e-08
-5.57343e-07
-1.65842e-08
-5.60495e-07
-1.67398e-08
-5.63666e-07
-1.68812e-08
-5.66854e-07
-1.70109e-08
-5.70059e-07
-1.71312e-08
-5.73279e-07
-1.72447e-08
-5.76511e-07
-1.73541e-08
-5.79757e-07
-1.74622e-08
-5.83015e-07
-1.75722e-08
-5.86287e-07
-1.76871e-08
-5.89572e-07
-1.78103e-08
-5.92872e-07
-1.79455e-08
-5.96189e-07
-1.80963e-08
-5.99525e-07
-1.82668e-08
-6.02884e-07
-1.84615e-08
-6.06267e-07
-1.86851e-08
-6.09681e-07
-1.89429e-08
-6.1313e-07
-1.92405e-08
-6.1662e-07
-1.95839e-08
-6.20158e-07
-1.99799e-08
-6.23752e-07
-2.04354e-08
-6.27412e-07
-2.09585e-08
-6.31146e-07
-2.15576e-08
-6.34968e-07
-2.22419e-08
-6.38891e-07
-2.30215e-08
-6.42929e-07
-2.3907e-08
-6.471e-07
-2.491e-08
-6.51423e-07
-2.60428e-08
-6.55918e-07
-2.73181e-08
-6.6061e-07
-2.87494e-08
-6.65524e-07
-3.03505e-08
-6.70689e-07
-3.21357e-08
-6.76136e-07
-3.41195e-08
-6.819e-07
-3.63164e-08
-6.88017e-07
-3.87411e-08
-6.94528e-07
-4.14077e-08
-7.01473e-07
-4.433e-08
-7.08899e-07
-4.7521e-08
-7.16853e-07
-5.09926e-08
-7.25384e-07
-5.47556e-08
-7.34544e-07
-5.8819e-08
-7.44388e-07
-6.31905e-08
-7.5497e-07
-6.78756e-08
-7.66347e-07
-7.28775e-08
-7.78576e-07
-7.81968e-08
-7.91714e-07
-8.38313e-08
-8.05818e-07
-8.97757e-08
-8.20945e-07
-9.60215e-08
-8.37151e-07
-1.02556e-07
-8.54489e-07
-1.09363e-07
-8.7301e-07
-1.16421e-07
-8.92761e-07
-1.23703e-07
-1.3118e-07
-5.01258e-07
-6.31481e-09
-5.03004e-07
-6.72449e-09
-5.04846e-07
-7.14832e-09
-5.06783e-07
-7.5808e-09
-5.08816e-07
-8.017e-09
-5.10941e-07
-8.45245e-09
-5.13157e-07
-8.88313e-09
-5.1546e-07
-9.30539e-09
-5.17847e-07
-9.71601e-09
-5.20313e-07
-1.01122e-08
-5.22855e-07
-1.04917e-08
-5.25468e-07
-1.08526e-08
-5.28147e-07
-1.11937e-08
-5.30888e-07
-1.1514e-08
-5.33686e-07
-1.1813e-08
-5.36537e-07
-1.20906e-08
-5.39437e-07
-1.23467e-08
-5.4238e-07
-1.25817e-08
-5.45364e-07
-1.27964e-08
-5.48385e-07
-1.29917e-08
-5.51439e-07
-1.31687e-08
-5.54522e-07
-1.33288e-08
-5.57633e-07
-1.34736e-08
-5.60768e-07
-1.36047e-08
-5.63925e-07
-1.37241e-08
-5.67102e-07
-1.38338e-08
-5.70298e-07
-1.39357e-08
-5.73511e-07
-1.40321e-08
-5.7674e-07
-1.41251e-08
-5.79985e-07
-1.42174e-08
-5.83245e-07
-1.43114e-08
-5.86523e-07
-1.44099e-08
-5.89817e-07
-1.45159e-08
-5.9313e-07
-1.46322e-08
-5.96465e-07
-1.47622e-08
-5.99822e-07
-1.49093e-08
-6.03206e-07
-1.50772e-08
-6.06621e-07
-1.52701e-08
-6.10072e-07
-1.54924e-08
-6.13563e-07
-1.57489e-08
-6.17102e-07
-1.60448e-08
-6.20697e-07
-1.63856e-08
-6.24355e-07
-1.67776e-08
-6.28086e-07
-1.72273e-08
-6.31902e-07
-1.77419e-08
-6.35815e-07
-1.83292e-08
-6.39839e-07
-1.89976e-08
-6.4399e-07
-1.97562e-08
-6.48285e-07
-2.06147e-08
-6.52745e-07
-2.15833e-08
-6.5739e-07
-2.26727e-08
-6.62246e-07
-2.38939e-08
-6.67338e-07
-2.52586e-08
-6.72695e-07
-2.67785e-08
-6.78349e-07
-2.84657e-08
-6.84333e-07
-3.0332e-08
-6.90685e-07
-3.23896e-08
-6.97443e-07
-3.46499e-08
-7.04649e-07
-3.71243e-08
-7.12346e-07
-3.98233e-08
-7.20582e-07
-4.27567e-08
-7.29405e-07
-4.5933e-08
-7.38864e-07
-4.93598e-08
-7.49012e-07
-5.30429e-08
-7.59901e-07
-5.69866e-08
-7.71585e-07
-6.11933e-08
-7.84119e-07
-6.5663e-08
-7.97557e-07
-7.03936e-08
-8.11952e-07
-7.53802e-08
-8.27358e-07
-8.06153e-08
-8.43827e-07
-8.60877e-08
-8.61406e-07
-9.17832e-08
-8.80143e-07
-9.76835e-08
-9.0008e-07
-1.03767e-07
-1.10006e-07
-5.0232e-07
-4.61421e-09
-5.0411e-07
-4.93499e-09
-5.05989e-07
-5.26867e-09
-5.07959e-07
-5.61083e-09
-5.10019e-07
-5.95737e-09
-5.12167e-07
-6.30458e-09
-5.14401e-07
-6.64908e-09
-5.16719e-07
-6.9878e-09
-5.19117e-07
-7.31802e-09
-5.21592e-07
-7.63738e-09
-5.24139e-07
-7.94387e-09
-5.26756e-07
-8.23584e-09
-5.29438e-07
-8.51206e-09
-5.32181e-07
-8.77171e-09
-5.34979e-07
-9.01427e-09
-5.3783e-07
-9.23947e-09
-5.4073e-07
-9.44728e-09
-5.43673e-07
-9.63795e-09
-5.46658e-07
-9.81196e-09
-5.49679e-07
-9.97005e-09
-5.52735e-07
-1.01131e-08
-5.55821e-07
-1.02423e-08
-5.58936e-07
-1.03589e-08
-5.62076e-07
-1.04643e-08
-5.6524e-07
-1.05601e-08
-5.68426e-07
-1.0648e-08
-5.71632e-07
-1.07297e-08
-5.74858e-07
-1.0807e-08
-5.78101e-07
-1.08816e-08
-5.81363e-07
-1.09557e-08
-5.84643e-07
-1.10314e-08
-5.87942e-07
-1.1111e-08
-5.91261e-07
-1.11968e-08
-5.94602e-07
-1.12914e-08
-5.97967e-07
-1.13973e-08
-6.01358e-07
-1.15175e-08
-6.04781e-07
-1.1655e-08
-6.08238e-07
-1.18131e-08
-6.11734e-07
-1.19956e-08
-6.15277e-07
-1.22063e-08
-6.18872e-07
-1.24494e-08
-6.22528e-07
-1.27295e-08
-6.26254e-07
-1.30518e-08
-6.3006e-07
-1.34216e-08
-6.33957e-07
-1.38446e-08
-6.37959e-07
-1.43273e-08
-6.42081e-07
-1.48765e-08
-6.46337e-07
-1.54997e-08
-6.50747e-07
-1.62045e-08
-6.55331e-07
-1.69994e-08
-6.60111e-07
-1.78928e-08
-6.65112e-07
-1.88939e-08
-6.70359e-07
-2.00118e-08
-6.75881e-07
-2.12561e-08
-6.81711e-07
-2.26363e-08
-6.87881e-07
-2.4162e-08
-6.94428e-07
-2.58427e-08
-7.0139e-07
-2.76876e-08
-7.08809e-07
-2.97058e-08
-7.16726e-07
-3.19054e-08
-7.25189e-07
-3.42943e-08
-7.34242e-07
-3.68794e-08
-7.43936e-07
-3.96662e-08
-7.54319e-07
-4.26596e-08
-7.65443e-07
-4.58626e-08
-7.77359e-07
-4.92769e-08
-7.9012e-07
-5.29023e-08
-8.03777e-07
-5.67369e-08
-8.1838e-07
-6.07766e-08
-8.33981e-07
-6.50147e-08
-8.50627e-07
-6.94422e-08
-8.68363e-07
-7.40471e-08
-8.87231e-07
-7.88146e-08
-9.07272e-07
-8.37264e-08
-8.87612e-08
-5.0049e-07
-2.79678e-09
-5.02393e-07
-3.03241e-09
-5.04382e-07
-3.27903e-09
-5.0646e-07
-3.53351e-09
-5.08624e-07
-3.7927e-09
-5.10875e-07
-4.05361e-09
-5.13211e-07
-4.3135e-09
-5.15629e-07
-4.56993e-09
-5.18126e-07
-4.82071e-09
-5.207e-07
-5.06391e-09
-5.23346e-07
-5.29784e-09
-5.26061e-07
-5.52099e-09
-5.28841e-07
-5.73214e-09
-5.31682e-07
-5.93069e-09
-5.3458e-07
-6.11618e-09
-5.37531e-07
-6.28831e-09
-5.40531e-07
-6.44699e-09
-5.43577e-07
-6.5923e-09
-5.46664e-07
-6.72454e-09
-5.4979e-07
-6.8442e-09
-5.52951e-07
-6.95202e-09
-5.56145e-07
-7.04886e-09
-5.59368e-07
-7.13576e-09
-5.62618e-07
-7.21389e-09
-5.65894e-07
-7.28455e-09
-5.69193e-07
-7.34907e-09
-5.72514e-07
-7.40882e-09
-5.75856e-07
-7.46516e-09
-5.79218e-07
-7.51957e-09
-5.826e-07
-7.57359e-09
-5.86003e-07
-7.62893e-09
-5.89426e-07
-7.68738e-09
-5.92872e-07
-7.75078e-09
-5.96343e-07
-7.82107e-09
-5.9984e-07
-7.90031e-09
-6.03367e-07
-7.9907e-09
-6.06927e-07
-8.09465e-09
-6.10525e-07
-8.21473e-09
-6.14167e-07
-8.3537e-09
-6.17859e-07
-8.51457e-09
-6.21607e-07
-8.70067e-09
-6.25421e-07
-8.91563e-09
-6.2931e-07
-9.16332e-09
-6.33284e-07
-9.44792e-09
-6.37354e-07
-9.77389e-09
-6.41536e-07
-1.01461e-08
-6.45843e-07
-1.05697e-08
-6.50292e-07
-1.10507e-08
-6.54901e-07
-1.15949e-08
-6.59692e-07
-1.22089e-08
-6.64686e-07
-1.28991e-08
-6.69907e-07
-1.36726e-08
-6.75383e-07
-1.45365e-08
-6.81141e-07
-1.54981e-08
-6.87212e-07
-1.65647e-08
-6.93631e-07
-1.77436e-08
-7.00432e-07
-1.9042e-08
-7.07652e-07
-2.04668e-08
-7.15333e-07
-2.20249e-08
-7.23516e-07
-2.37226e-08
-7.32245e-07
-2.55659e-08
-7.41564e-07
-2.75599e-08
-7.51521e-07
-2.97092e-08
-7.62164e-07
-3.2017e-08
-7.7354e-07
-3.44856e-08
-7.85701e-07
-3.71163e-08
-7.98695e-07
-3.99088e-08
-8.1257e-07
-4.28616e-08
-8.27375e-07
-4.59713e-08
-8.43157e-07
-4.92328e-08
-8.59961e-07
-5.26389e-08
-8.77827e-07
-5.61804e-08
-8.96796e-07
-5.98457e-08
-9.16902e-07
-6.36208e-08
-6.74891e-08
-4.70805e-07
-8.57004e-10
-4.72835e-07
-1.00262e-09
-4.74957e-07
-1.15656e-09
-4.77174e-07
-1.31688e-09
-4.79485e-07
-1.48149e-09
-4.81891e-07
-1.6483e-09
-4.84389e-07
-1.81534e-09
-4.86978e-07
-1.98082e-09
-4.89656e-07
-2.1432e-09
-4.92419e-07
-2.30112e-09
-4.95263e-07
-2.45338e-09
-4.98186e-07
-2.59858e-09
-5.01183e-07
-2.73523e-09
-5.0425e-07
-2.86365e-09
-5.07383e-07
-2.98329e-09
-5.10577e-07
-3.09384e-09
-5.13829e-07
-3.19522e-09
-5.17134e-07
-3.28737e-09
-5.20488e-07
-3.37042e-09
-5.23887e-07
-3.44467e-09
-5.27329e-07
-3.51061e-09
-5.30809e-07
-3.56887e-09
-5.34325e-07
-3.62019e-09
-5.37873e-07
-3.66547e-09
-5.41452e-07
-3.70564e-09
-5.45059e-07
-3.74171e-09
-5.48694e-07
-3.77463e-09
-5.52353e-07
-3.80537e-09
-5.56038e-07
-3.8349e-09
-5.59747e-07
-3.86424e-09
-5.63482e-07
-3.89457e-09
-5.67242e-07
-3.9271e-09
-5.7103e-07
-3.96312e-09
-5.74847e-07
-4.00398e-09
-5.78696e-07
-4.05111e-09
-5.82581e-07
-4.10602e-09
-5.86505e-07
-4.17034e-09
-5.90474e-07
-4.24581e-09
-5.94493e-07
-4.33433e-09
-5.9857e-07
-4.43799e-09
-6.02711e-07
-4.55915e-09
-6.06927e-07
-4.70032e-09
-6.11226e-07
-4.86421e-09
-6.1562e-07
-5.05374e-09
-6.20122e-07
-5.27208e-09
-6.24746e-07
-5.52262e-09
-6.29506e-07
-5.80903e-09
-6.34422e-07
-6.13531e-09
-6.39511e-07
-6.50573e-09
-6.44795e-07
-6.92479e-09
-6.50297e-07
-7.39721e-09
-6.56042e-07
-7.92791e-09
-6.62057e-07
-8.52201e-09
-6.6837e-07
-9.18471e-09
-6.75014e-07
-9.9212e-09
-6.82021e-07
-1.07366e-08
-6.89427e-07
-1.16358e-08
-6.9727e-07
-1.26238e-08
-7.05589e-07
-1.37054e-08
-7.14427e-07
-1.48851e-08
-7.23826e-07
-1.61672e-08
-7.3383e-07
-1.75556e-08
-7.44486e-07
-1.90535e-08
-7.55839e-07
-2.06634e-08
-7.67937e-07
-2.23871e-08
-7.80828e-07
-2.42255e-08
-7.94558e-07
-2.61789e-08
-8.09174e-07
-2.82461e-08
-8.2472e-07
-3.04252e-08
-8.4124e-07
-3.2713e-08
-8.58774e-07
-3.51046e-08
-8.77361e-07
-3.75938e-08
-8.97034e-07
-4.01727e-08
-9.17822e-07
-4.28322e-08
-4.5561e-08
-3.35128e-07
6.20605e-10
-3.36704e-07
5.7326e-10
-3.38381e-07
5.21237e-10
-3.40163e-07
4.65316e-10
-3.42052e-07
4.06624e-10
-3.44046e-07
3.46164e-10
-3.46147e-07
2.85022e-10
-3.48352e-07
2.24124e-10
-3.50659e-07
1.64272e-10
-3.53066e-07
1.06113e-10
-3.5557e-07
4.99084e-11
-3.58165e-07
-2.81638e-12
-3.60852e-07
-4.85332e-11
-3.63624e-07
-9.16535e-11
-3.66477e-07
-1.3068e-10
-3.69405e-07
-1.6544e-10
-3.72404e-07
-1.95901e-10
-3.7547e-07
-2.22041e-10
-3.78596e-07
-2.43869e-10
-3.8178e-07
-2.61518e-10
-3.85015e-07
-2.75244e-10
-3.88299e-07
-2.85369e-10
-3.91627e-07
-2.92274e-10
-3.94996e-07
-2.96394e-10
-3.98403e-07
-2.98175e-10
-4.01847e-07
-2.98083e-10
-4.05325e-07
-2.96604e-10
-4.08836e-07
-2.94184e-10
-4.1238e-07
-2.91229e-10
-4.15956e-07
-2.88169e-10
-4.19565e-07
-2.855e-10
-4.23209e-07
-2.83767e-10
-4.26888e-07
-2.83576e-10
-4.30607e-07
-2.85602e-10
-4.34367e-07
-2.90538e-10
-4.38174e-07
-2.99068e-10
-4.42032e-07
-3.11929e-10
-4.45948e-07
-3.29994e-10
-4.49928e-07
-3.54254e-10
-4.5398e-07
-3.85775e-10
-4.58114e-07
-4.25714e-10
-4.62339e-07
-4.75367e-10
-4.66667e-07
-5.36185e-10
-4.71111e-07
-6.09732e-10
-4.75685e-07
-6.97662e-10
-4.80406e-07
-8.01706e-10
-4.85291e-07
-9.2375e-10
-4.90361e-07
-1.06592e-09
-4.95636e-07
-1.23054e-09
-5.01141e-07
-1.42001e-09
-5.06902e-07
-1.63678e-09
-5.12946e-07
-1.88346e-09
-5.19306e-07
-2.16286e-09
-5.26013e-07
-2.47792e-09
-5.33102e-07
-2.83151e-09
-5.40613e-07
-3.22633e-09
-5.48583e-07
-3.66498e-09
-5.57057e-07
-4.15005e-09
-5.66078e-07
-4.68423e-09
-5.75693e-07
-5.27017e-09
-5.8595e-07
-5.91042e-09
-5.96898e-07
-6.60731e-09
-6.08589e-07
-7.36285e-09
-6.21074e-07
-8.17871e-09
-6.34405e-07
-9.05621e-09
-6.48634e-07
-9.99631e-09
-6.63813e-07
-1.09996e-08
-6.79993e-07
-1.2066e-08
-6.97223e-07
-1.31954e-08
-7.15549e-07
-1.43867e-08
-7.35016e-07
-1.56383e-08
-7.55662e-07
-1.69475e-08
-7.77524e-07
-1.83112e-08
-8.0063e-07
-1.97259e-08
-2.11869e-08
-3.76256e-08
-3.70524e-08
-3.65312e-08
-3.60659e-08
-3.56594e-08
-3.53133e-08
-3.50283e-08
-3.48042e-08
-3.46399e-08
-3.45338e-08
-3.44839e-08
-3.44868e-08
-3.45353e-08
-3.46269e-08
-3.47576e-08
-3.4923e-08
-3.51189e-08
-3.5341e-08
-3.55849e-08
-3.58465e-08
-3.61218e-08
-3.64071e-08
-3.66994e-08
-3.69958e-08
-3.7294e-08
-3.75921e-08
-3.78887e-08
-3.81829e-08
-3.84742e-08
-3.87625e-08
-3.9048e-08
-3.93318e-08
-3.96154e-08
-3.99009e-08
-4.01915e-08
-4.04905e-08
-4.08023e-08
-4.11323e-08
-4.14866e-08
-4.18724e-08
-4.22982e-08
-4.27736e-08
-4.33098e-08
-4.39194e-08
-4.46171e-08
-4.54187e-08
-4.63425e-08
-4.74085e-08
-4.86391e-08
-5.00593e-08
-5.16962e-08
-5.35797e-08
-5.57426e-08
-5.82205e-08
-6.1052e-08
-6.42783e-08
-6.79432e-08
-7.20932e-08
-7.67775e-08
-8.20478e-08
-8.79582e-08
-9.45655e-08
-1.01928e-07
-1.10107e-07
-1.19163e-07
-1.2916e-07
-1.40159e-07
-1.52225e-07
-1.65421e-07
-1.79807e-07
-1.95446e-07
-2.12393e-07
-2.30705e-07
-2.50431e-07
)
;

boundaryField
{
    leftWall
    {
        type            calculated;
        value           nonuniform List<scalar> 0();
    }
    rightWall
    {
        type            calculated;
        value           nonuniform List<scalar> 0();
    }
    lowerWall
    {
        type            calculated;
        value           uniform 0;
    }
    atmosphere
    {
        type            calculated;
        value           uniform 0;
    }
    defaultFaces
    {
        type            empty;
    }
    procBoundary2to1
    {
        type            processor;
        value           nonuniform List<scalar> 
40
(
-5.92364e-06
-6.06141e-06
-5.32112e-06
-3.28174e-07
6.54113e-07
8.04904e-07
6.99544e-07
5.63593e-07
4.87116e-07
4.63578e-07
4.61828e-07
4.64078e-07
4.659e-07
4.676e-07
4.6967e-07
4.72093e-07
4.74668e-07
4.77244e-07
4.79734e-07
4.82091e-07
4.84287e-07
4.86309e-07
4.88154e-07
4.89824e-07
4.91328e-07
4.92673e-07
4.93871e-07
4.94933e-07
4.9587e-07
4.96692e-07
4.97407e-07
4.98024e-07
4.98545e-07
4.99005e-07
4.99606e-07
5.00619e-07
4.98673e-07
4.68867e-07
3.33651e-07
3.8244e-08
)
;
    }
    procBoundary2to3
    {
        type            processor;
        value           nonuniform List<scalar> 
40
(
8.11357e-06
8.20793e-06
4.49477e-06
1.68077e-06
3.55395e-07
-3.20712e-07
-4.90286e-07
-4.06506e-07
-2.9525e-07
-2.57452e-07
-2.83258e-07
-3.32501e-07
-3.82102e-07
-4.26923e-07
-4.68447e-07
-5.08205e-07
-5.46436e-07
-5.82903e-07
-6.17429e-07
-6.49951e-07
-6.8046e-07
-7.08968e-07
-7.35507e-07
-7.6012e-07
-7.82862e-07
-8.03793e-07
-8.22978e-07
-8.40483e-07
-8.56377e-07
-8.70723e-07
-8.83585e-07
-8.95024e-07
-9.05083e-07
-9.13785e-07
-9.21254e-07
-9.28516e-07
-9.38175e-07
-9.39751e-07
-8.25004e-07
-2.71617e-07
)
;
    }
}


// ************************************************************************* //
