/*--------------------------------*- C++ -*----------------------------------*\
| =========                 |                                                 |
| \\      /  F ield         | OpenFOAM: The Open Source CFD Toolbox           |
|  \\    /   O peration     | Version:  2606                                  |
|   \\  /    A nd           | Website:  www.openfoam.com                      |
|    \\/     M anipulation  |                                                 |
\*---------------------------------------------------------------------------*/
FoamFile
{
    version     2.0;
    format      ascii;
    arch        "LSB;label=32;scalar=64";
    class       volVectorField;
    location    "2.249894";
    object      U;
}
// * * * * * * * * * * * * * * * * * * * * * * * * * * * * * * * * * * * * * //

dimensions      [0 1 -1 0 0 0 0];

internalField   nonuniform List<vector> 
4000
(
(0.010997267 0.027783844 0)
(0.012091552 0.083373566 0)
(0.014477539 0.13625714 0)
(0.018266737 0.18699548 0)
(0.023488402 0.23614065 0)
(0.030103706 0.28458838 0)
(0.038093209 0.33303059 0)
(0.047377642 0.38184372 0)
(0.05797181 0.43104678 0)
(0.069924139 0.48067616 0)
(0.083303491 0.53087452 0)
(0.098075028 0.58173424 0)
(0.11429482 0.63312457 0)
(0.13206116 0.68512797 0)
(0.15125858 0.73759232 0)
(0.17182197 0.78984347 0)
(0.19371019 0.84151065 0)
(0.21675348 0.89214364 0)
(0.24111593 0.94152612 0)
(0.26678585 0.99016888 0)
(0.29370243 1.038022 0)
(0.32174116 1.085059 0)
(0.35096317 1.1311588 0)
(0.38164847 1.1769566 0)
(0.41369429 1.2228824 0)
(0.44687785 1.2680865 0)
(0.48106357 1.3120976 0)
(0.51625557 1.3546845 0)
(0.55251097 1.3961762 0)
(0.58979215 1.4366716 0)
(0.62794719 1.4759937 0)
(0.66693559 1.5137999 0)
(0.70695172 1.5504401 0)
(0.74819239 1.5863903 0)
(0.79067365 1.6218991 0)
(0.83420006 1.6566335 0)
(0.87863762 1.6902287 0)
(0.92399664 1.7226369 0)
(0.97029631 1.7539603 0)
(1.0174301 1.7841362 0)
(1.0652655 1.8130028 0)
(1.1138132 1.8405726 0)
(1.1632941 1.8672064 0)
(1.2140241 1.8934074 0)
(1.2662429 1.919544 0)
(1.3199915 1.945664 0)
(1.375165 1.9716679 0)
(1.431314 1.9968258 0)
(1.487848 2.020022 0)
(1.5443092 2.0421893 0)
(1.6004204 2.0618747 0)
(1.655199 2.0771294 0)
(1.7102636 2.0920643 0)
(1.7667871 2.1066011 0)
(1.820937 2.1155064 0)
(1.8747883 2.1218673 0)
(1.9330905 2.1331887 0)
(1.993485 2.1427625 0)
(2.0465307 2.1453661 0)
(2.1021872 2.1469274 0)
(2.1671449 2.1563374 0)
(2.2290278 2.1629217 0)
(2.2796896 2.1588251 0)
(2.3407424 2.1610606 0)
(2.409323 2.1663619 0)
(2.4640042 2.16343 0)
(2.5307242 2.1640753 0)
(2.6023936 2.1645455 0)
(2.6555338 2.1597313 0)
(2.7230931 2.1512876 0)
(2.7854199 2.145676 0)
(2.8379941 2.1325267 0)
(2.9055091 2.1271489 0)
(2.989643 2.1157433 0)
(3.0479391 2.1114314 0)
(3.0926651 2.0858717 0)
(3.1603276 2.0730776 0)
(3.2454055 2.0527826 0)
(3.3010458 2.0445902 0)
(3.3391767 2.0097925 0)
(3.4183733 1.9855609 0)
(3.4863686 1.9756176 0)
(3.5360097 1.9504328 0)
(3.6141137 1.9145301 0)
(3.6858078 1.898014 0)
(3.7299717 1.8783021 0)
(3.7847345 1.8292977 0)
(3.8441996 1.7984916 0)
(3.920392 1.7687934 0)
(3.9882103 1.7406119 0)
(4.0347403 1.7133446 0)
(4.0836463 1.6687185 0)
(4.1545901 1.6250504 0)
(4.2257664 1.5911901 0)
(4.2711704 1.5634147 0)
(4.3029954 1.5082431 0)
(4.3825065 1.4532128 0)
(4.4607546 1.4255237 0)
(4.5171311 1.3989898 0)
(4.5830668 1.3204278 0)
(0.032536551 0.027352686 0)
(0.032937605 0.082083502 0)
(0.034466717 0.1342557 0)
(0.037664773 0.18441252 0)
(0.042690228 0.23308437 0)
(0.049433731 0.2811443 0)
(0.057773139 0.32928883 0)
(0.067409161 0.37793161 0)
(0.078311528 0.42708006 0)
(0.090523193 0.47671675 0)
(0.10414113 0.52691479 0)
(0.11900252 0.577767 0)
(0.13523036 0.62908631 0)
(0.15310303 0.68087759 0)
(0.17230785 0.73312351 0)
(0.1927586 0.78519742 0)
(0.21454433 0.83669338 0)
(0.23729349 0.88726126 0)
(0.26158323 0.93642479 0)
(0.28723571 0.98482491 0)
(0.31417256 1.0325196 0)
(0.34207774 1.0795622 0)
(0.37109927 1.1256471 0)
(0.40187368 1.1711141 0)
(0.43382742 1.2168273 0)
(0.46664789 1.2620082 0)
(0.50032015 1.3060409 0)
(0.53508951 1.3485445 0)
(0.57100634 1.389876 0)
(0.60790852 1.4302699 0)
(0.64544625 1.4696979 0)
(0.68378114 1.5075975 0)
(0.72334921 1.5441189 0)
(0.76437816 1.5797685 0)
(0.80666486 1.6149845 0)
(0.84986386 1.6495246 0)
(0.89396934 1.6828728 0)
(0.93914899 1.71488 0)
(0.98539219 1.7457222 0)
(1.0324318 1.7754787 0)
(1.0800525 1.804004 0)
(1.1283185 1.8312512 0)
(1.1775133 1.8575104 0)
(1.2279565 1.8832771 0)
(1.2798972 1.908912 0)
(1.3332359 1.9345303 0)
(1.3876981 1.9601246 0)
(1.4429123 1.9849227 0)
(1.4983373 2.007617 0)
(1.553889 2.0293102 0)
(1.6094616 2.0485455 0)
(1.6636207 2.0630229 0)
(1.7181884 2.0772421 0)
(1.7743379 2.0914207 0)
(1.8278177 2.0997447 0)
(1.8811792 2.105245 0)
(1.9390285 2.1159294 0)
(1.9988037 2.1244838 0)
(2.0517064 2.1262925 0)
(2.1071858 2.1277027 0)
(2.1710469 2.1363196 0)
(2.2327571 2.1411816 0)
(2.2838217 2.1368812 0)
(2.3437998 2.1392119 0)
(2.4110023 2.1435055 0)
(2.4658172 2.1409031 0)
(2.5311398 2.1423623 0)
(2.6013883 2.1405561 0)
(2.6552038 2.1342743 0)
(2.7207624 2.126536 0)
(2.7830968 2.1188469 0)
(2.8356637 2.1083236 0)
(2.9001464 2.1069498 0)
(2.9827474 2.0906838 0)
(3.0427787 2.0785857 0)
(3.0874306 2.0597433 0)
(3.1523405 2.0522884 0)
(3.2356002 2.0248314 0)
(3.2914945 2.00872 0)
(3.3305605 1.9810026 0)
(3.4059572 1.9602896 0)
(3.4735484 1.9387006 0)
(3.5225672 1.9209964 0)
(3.5981828 1.8890019 0)
(3.668289 1.8574369 0)
(3.7109993 1.8424942 0)
(3.7670972 1.7976242 0)
(3.8277235 1.7603739 0)
(3.8970055 1.7384645 0)
(3.9617756 1.7090322 0)
(4.010802 1.6722617 0)
(4.0629356 1.6283762 0)
(4.1291757 1.5965485 0)
(4.1959409 1.5610409 0)
(4.2403092 1.5200426 0)
(4.2717986 1.4726771 0)
(4.3497507 1.4238577 0)
(4.4219389 1.3823778 0)
(4.4800357 1.3509876 0)
(4.551119 1.2894644 0)
(0.054987907 0.027143817 0)
(0.054690783 0.081335321 0)
(0.055377279 0.13303082 0)
(0.057971768 0.18274459 0)
(0.062753674 0.23094634 0)
(0.069527221 0.27844433 0)
(0.078078543 0.32589174 0)
(0.08788218 0.37372277 0)
(0.098849491 0.42197942 0)
(0.11101734 0.47068413 0)
(0.12454656 0.51992579 0)
(0.13915868 0.56986049 0)
(0.15502095 0.62030086 0)
(0.1725668 0.6711664 0)
(0.19129645 0.72253372 0)
(0.21113301 0.77384838 0)
(0.23230885 0.82466532 0)
(0.25425623 0.87475863 0)
(0.27798366 0.92337012 0)
(0.30326845 0.97115367 0)
(0.32984325 1.0183297 0)
(0.35724643 1.0650438 0)
(0.38564418 1.1108754 0)
(0.41600058 1.1557084 0)
(0.44741531 1.2008307 0)
(0.47950268 1.2457368 0)
(0.5123162 1.2897043 0)
(0.54630899 1.3320785 0)
(0.58155081 1.3731508 0)
(0.6178538 1.4133017 0)
(0.65473421 1.4528077 0)
(0.69240328 1.4909293 0)
(0.73137774 1.5274104 0)
(0.77190444 1.5626418 0)
(0.8136952 1.5973745 0)
(0.85633662 1.6316695 0)
(0.89986024 1.6648443 0)
(0.94451103 1.6964677 0)
(0.9903023 1.7267535 0)
(1.0369307 1.7560741 0)
(1.084121 1.7844267 0)
(1.1319297 1.8116305 0)
(1.1806231 1.8377452 0)
(1.230511 1.8632163 0)
(1.2817494 1.8885128 0)
(1.334299 1.9138273 0)
(1.3878849 1.9394058 0)
(1.4420468 1.9643142 0)
(1.4961931 1.9872887 0)
(1.5504325 2.0095267 0)
(1.6047257 2.0290465 0)
(1.6574641 2.043616 0)
(1.7107511 2.0583584 0)
(1.7659532 2.0730886 0)
(1.8182868 2.0815982 0)
(1.8705723 2.0874997 0)
(1.9275735 2.0986262 0)
(1.9862287 2.1077882 0)
(2.0384479 2.1095049 0)
(2.0934977 2.1109406 0)
(2.1566848 2.1204561 0)
(2.2161913 2.1258954 0)
(2.2661864 2.122416 0)
(2.3246622 2.1254684 0)
(2.3890128 2.1300436 0)
(2.4420373 2.129795 0)
(2.5066776 2.1304121 0)
(2.5739145 2.1276025 0)
(2.626219 2.1227766 0)
(2.6898265 2.1152029 0)
(2.7499197 2.1082153 0)
(2.8016961 2.1025704 0)
(2.8659574 2.0989993 0)
(2.9429478 2.0811859 0)
(3.0017939 2.0677499 0)
(3.0472666 2.0563774 0)
(3.1125391 2.0452725 0)
(3.1896914 2.0152787 0)
(3.242939 1.9979235 0)
(3.2839586 1.9768376 0)
(3.356428 1.9541948 0)
(3.4182305 1.9307392 0)
(3.4688852 1.918042 0)
(3.5431326 1.8844957 0)
(3.6060545 1.8463483 0)
(3.6488829 1.8377697 0)
(3.7044537 1.7989223 0)
(3.7646355 1.7554303 0)
(3.8310851 1.7342085 0)
(3.8903876 1.7129857 0)
(3.9335311 1.6793067 0)
(3.9915002 1.6320297 0)
(4.0586894 1.5980156 0)
(4.1174334 1.5696551 0)
(4.1540645 1.52888 0)
(4.1884596 1.4823958 0)
(4.2643144 1.4335715 0)
(4.3262427 1.392974 0)
(4.3800792 1.3675997 0)
(4.4632149 1.3057629 0)
(0.078256973 0.026991187 0)
(0.077239767 0.080821231 0)
(0.077090469 0.13222946 0)
(0.079102671 0.18173508 0)
(0.083667197 0.22976102 0)
(0.090516833 0.27705631 0)
(0.099370977 0.32424588 0)
(0.10949008 0.37181184 0)
(0.12071505 0.41984363 0)
(0.13306644 0.46837257 0)
(0.14678277 0.51743718 0)
(0.16147326 0.56719637 0)
(0.17729473 0.61743065 0)
(0.1948361 0.66794718 0)
(0.21343245 0.71890034 0)
(0.23298809 0.76983399 0)
(0.25393244 0.82028696 0)
(0.27543491 0.87017442 0)
(0.29894024 0.91853159 0)
(0.32411306 0.96596174 0)
(0.3505007 1.0127346 0)
(0.37747952 1.0590442 0)
(0.40518182 1.1044548 0)
(0.43513304 1.1483624 0)
(0.4660891 1.1923693 0)
(0.49738207 1.2363432 0)
(0.52906499 1.2795396 0)
(0.56186645 1.3210091 0)
(0.59592535 1.3608597 0)
(0.63102044 1.3995322 0)
(0.66647606 1.4377446 0)
(0.70254314 1.4748807 0)
(0.73993771 1.5103875 0)
(0.77911001 1.5444673 0)
(0.81980453 1.5781203 0)
(0.86149481 1.6117794 0)
(0.90414934 1.6446876 0)
(0.94805968 1.6760228 0)
(0.99326315 1.7058342 0)
(1.0394175 1.7347189 0)
(1.0861368 1.7629397 0)
(1.1334067 1.7902299 0)
(1.1815078 1.8163908 0)
(1.2307747 1.841786 0)
(1.281412 1.8667882 0)
(1.333294 1.8917722 0)
(1.3861042 1.9172849 0)
(1.4394137 1.9422607 0)
(1.4926345 1.9657922 0)
(1.5459956 1.988878 0)
(1.599308 2.0087918 0)
(1.6513793 2.0238738 0)
(1.7040984 2.0394989 0)
(1.7582477 2.0545305 0)
(1.8098663 2.063134 0)
(1.8622489 2.0700137 0)
(1.9189508 2.081822 0)
(1.9762783 2.0914466 0)
(2.0281189 2.0937514 0)
(2.0825896 2.0954439 0)
(2.1439237 2.1049606 0)
(2.2020226 2.1113795 0)
(2.2523872 2.1088649 0)
(2.3099156 2.1125321 0)
(2.372856 2.1184752 0)
(2.425774 2.1201786 0)
(2.4876499 2.1209718 0)
(2.5534823 2.1181213 0)
(2.6080415 2.1134051 0)
(2.6688033 2.1069187 0)
(2.7310779 2.100973 0)
(2.784812 2.0979066 0)
(2.8414349 2.0923935 0)
(2.9127531 2.0796297 0)
(2.980178 2.0609546 0)
(3.0275635 2.0525364 0)
(3.0823845 2.0394191 0)
(3.1554873 2.0152821 0)
(3.2166012 1.9910323 0)
(3.2586484 1.9731885 0)
(3.3218211 1.9529893 0)
(3.3876762 1.9272586 0)
(3.4383212 1.9167081 0)
(3.5024698 1.8877111 0)
(3.5685442 1.8447412 0)
(3.617182 1.832513 0)
(3.6686259 1.8054738 0)
(3.7322313 1.7576581 0)
(3.7916363 1.7304353 0)
(3.8476844 1.7220666 0)
(3.8995598 1.694573 0)
(3.960627 1.6364431 0)
(4.0149771 1.5970409 0)
(4.0616459 1.5825045 0)
(4.1148283 1.5397778 0)
(4.1504606 1.4946977 0)
(4.2109175 1.4508732 0)
(4.2763911 1.4071969 0)
(4.3349435 1.3777752 0)
(4.4185905 1.3192867 0)
(0.10256514 0.026942988 0)
(0.10081661 0.080699402 0)
(0.099846131 0.1321388 0)
(0.10129594 0.18178877 0)
(0.10565031 0.23000689 0)
(0.11257842 0.2774544 0)
(0.121745 0.32470268 0)
(0.13219194 0.37227133 0)
(0.14367292 0.42030014 0)
(0.15618363 0.46882767 0)
(0.17006155 0.51782042 0)
(0.18482689 0.56741823 0)
(0.20058682 0.61737912 0)
(0.21806046 0.66736207 0)
(0.23643405 0.71752005 0)
(0.25557272 0.76746893 0)
(0.27611894 0.81670741 0)
(0.29689183 0.86533672 0)
(0.31969984 0.9122161 0)
(0.34423564 0.95797813 0)
(0.36997846 1.0031266 0)
(0.39620995 1.0481074 0)
(0.42287177 1.0926322 0)
(0.45202916 1.1354957 0)
(0.48229253 1.1784181 0)
(0.51271761 1.2216599 0)
(0.54326617 1.2645059 0)
(0.57491301 1.3057278 0)
(0.60795567 1.3452094 0)
(0.64227151 1.3833261 0)
(0.67703815 1.4211301 0)
(0.71237394 1.4582451 0)
(0.74903479 1.4938388 0)
(0.78763011 1.5276723 0)
(0.82797675 1.5607826 0)
(0.8694492 1.5940759 0)
(0.91187539 1.6269792 0)
(0.95552026 1.6583224 0)
(1.0003895 1.6877724 0)
(1.046069 1.7160343 0)
(1.0920753 1.7437229 0)
(1.1384026 1.7707095 0)
(1.1855148 1.7967031 0)
(1.2337906 1.8218487 0)
(1.2834618 1.8463266 0)
(1.3344772 1.8707448 0)
(1.3864603 1.8958625 0)
(1.438984 1.9205718 0)
(1.4911942 1.9444896 0)
(1.5434385 1.9682895 0)
(1.5956029 1.9884504 0)
(1.64649 2.0040936 0)
(1.6980646 2.020621 0)
(1.7511687 2.0357939 0)
(1.8018287 2.0442284 0)
(1.8533395 2.0516816 0)
(1.9089256 2.0641541 0)
(1.9646256 2.0742402 0)
(2.0163041 2.0768054 0)
(2.071494 2.0802347 0)
(2.1314187 2.0913021 0)
(2.1883156 2.0986994 0)
(2.2389019 2.0976925 0)
(2.2961527 2.1010605 0)
(2.3584711 2.1079709 0)
(2.4098254 2.1112895 0)
(2.468749 2.1125885 0)
(2.5362763 2.1096161 0)
(2.5915516 2.1052462 0)
(2.6490882 2.1002125 0)
(2.7127101 2.0977077 0)
(2.7664964 2.0959529 0)
(2.81835 2.0884413 0)
(2.8862327 2.0777995 0)
(2.9561117 2.0617599 0)
(3.0050894 2.0532441 0)
(3.0570048 2.0375039 0)
(3.1272237 2.0153936 0)
(3.1888953 1.9931932 0)
(3.2323473 1.9771 0)
(3.2935637 1.9565765 0)
(3.3621467 1.9294497 0)
(3.4123717 1.9174512 0)
(3.4687801 1.8917298 0)
(3.5402811 1.852111 0)
(3.5982034 1.8292909 0)
(3.6363213 1.8140813 0)
(3.6973695 1.7767755 0)
(3.7678226 1.7309495 0)
(3.8233973 1.7215848 0)
(3.860006 1.7173232 0)
(3.9256814 1.6675543 0)
(3.9857915 1.6070514 0)
(4.0284213 1.5843943 0)
(4.0753232 1.5594865 0)
(4.1210585 1.519998 0)
(4.1788458 1.4774553 0)
(4.2410031 1.4312478 0)
(4.2949376 1.3995822 0)
(4.3823612 1.3416778 0)
(0.12785914 0.026841113 0)
(0.12540106 0.08048286 0)
(0.12365459 0.13193186 0)
(0.12459124 0.18172199 0)
(0.12875232 0.23014366 0)
(0.13575129 0.27777112 0)
(0.14521737 0.32512452 0)
(0.15599056 0.37276587 0)
(0.16772806 0.42090091 0)
(0.18038713 0.4695891 0)
(0.19441252 0.51872479 0)
(0.20927188 0.56841319 0)
(0.22499601 0.61840822 0)
(0.24239329 0.66824869 0)
(0.26054531 0.71803721 0)
(0.27929462 0.76743795 0)
(0.29952899 0.81593385 0)
(0.31968218 0.86384292 0)
(0.34197238 0.90994555 0)
(0.3662 0.95491048 0)
(0.39170753 0.99936507 0)
(0.41763925 1.0437668 0)
(0.44352002 1.0879862 0)
(0.47213828 1.1301741 0)
(0.50209918 1.1720798 0)
(0.53202989 1.2144635 0)
(0.56167843 1.2567596 0)
(0.59229521 1.2975509 0)
(0.62443504 1.3365048 0)
(0.65812113 1.3738337 0)
(0.69230203 1.4108211 0)
(0.7267911 1.4474412 0)
(0.76232893 1.4827312 0)
(0.79978225 1.5158332 0)
(0.83906974 1.5474455 0)
(0.87934352 1.5789266 0)
(0.92021584 1.6102172 0)
(0.96208939 1.6401866 0)
(1.005278 1.6683408 0)
(1.0495554 1.6954433 0)
(1.0944601 1.7224427 0)
(1.1398222 1.7493098 0)
(1.1860358 1.7755104 0)
(1.2336025 1.8008306 0)
(1.2826817 1.8252059 0)
(1.3330997 1.8493749 0)
(1.3845124 1.8740722 0)
(1.4364064 1.8983348 0)
(1.487779 1.9224851 0)
(1.5390961 1.9468822 0)
(1.590263 1.9673905 0)
(1.6402844 1.98391 0)
(1.6912908 2.0015395 0)
(1.7434845 2.0168759 0)
(1.7932625 2.0250921 0)
(1.8446847 2.0332174 0)
(1.8999722 2.0468912 0)
(1.9541452 2.0571144 0)
(2.0051497 2.0594923 0)
(2.0601946 2.0642756 0)
(2.1196063 2.0769248 0)
(2.1754391 2.0856888 0)
(2.2257849 2.0859547 0)
(2.2822019 2.0899256 0)
(2.3433722 2.0978539 0)
(2.3943141 2.1023564 0)
(2.4493566 2.103183 0)
(2.516242 2.1020262 0)
(2.5741074 2.0971671 0)
(2.6315007 2.0935152 0)
(2.6942403 2.093315 0)
(2.7471456 2.0931322 0)
(2.7965866 2.0853913 0)
(2.8625985 2.0750401 0)
(2.9324567 2.0607922 0)
(2.9825938 2.0535303 0)
(3.0334349 2.0368156 0)
(3.1038191 2.0149452 0)
(3.1673387 1.9938967 0)
(3.2116089 1.9814798 0)
(3.2684956 1.961204 0)
(3.3391863 1.9327953 0)
(3.3910155 1.9165952 0)
(3.4419541 1.8941486 0)
(3.5120725 1.8614369 0)
(3.5761793 1.8330794 0)
(3.6187506 1.8185893 0)
(3.6585389 1.7896767 0)
(3.7351861 1.7514174 0)
(3.8000324 1.721897 0)
(3.8442704 1.7226584 0)
(3.8867859 1.6916938 0)
(3.9480112 1.6364069 0)
(4.000317 1.5963061 0)
(4.0584332 1.5570227 0)
(4.1010434 1.5392022 0)
(4.1402522 1.511993 0)
(4.2128571 1.4665026 0)
(4.2678149 1.4174372 0)
(4.3519414 1.3606479 0)
(0.1549507 0.02645781 0)
(0.15171864 0.079405345 0)
(0.14911206 0.13043021 0)
(0.14946543 0.18011643 0)
(0.15335777 0.22866922 0)
(0.16033526 0.27652764 0)
(0.17002012 0.32410088 0)
(0.18108884 0.37193912 0)
(0.19311 0.42027345 0)
(0.20595725 0.4691542 0)
(0.22014667 0.51837488 0)
(0.23510619 0.56800117 0)
(0.25078853 0.61783406 0)
(0.26808855 0.66733615 0)
(0.28598523 0.7165756 0)
(0.30425404 0.76532028 0)
(0.32402027 0.81310589 0)
(0.3432857 0.86051661 0)
(0.36484808 0.90595217 0)
(0.38855283 0.94979489 0)
(0.41352836 0.99285893 0)
(0.43890884 1.0359225 0)
(0.46369553 1.0793072 0)
(0.49131454 1.1204828 0)
(0.52053082 1.160947 0)
(0.54963155 1.2019816 0)
(0.57809045 1.24335 0)
(0.60738656 1.2835097 0)
(0.63829792 1.3218629 0)
(0.67103989 1.3583655 0)
(0.70444279 1.3944609 0)
(0.73807812 1.4305819 0)
(0.77254952 1.4659015 0)
(0.80887558 1.4990427 0)
(0.84720486 1.5301028 0)
(0.88666835 1.5607217 0)
(0.92667541 1.5914072 0)
(0.96761735 1.6210866 0)
(1.0100305 1.6489475 0)
(1.053818 1.6756111 0)
(1.0984783 1.7024031 0)
(1.1437103 1.7295108 0)
(1.1896776 1.7561661 0)
(1.2367682 1.781882 0)
(1.2852622 1.806359 0)
(1.334975 1.830335 0)
(1.3856204 1.8542671 0)
(1.4365929 1.8775417 0)
(1.4869509 1.901491 0)
(1.5372314 1.9260644 0)
(1.5871677 1.9465873 0)
(1.6360645 1.9640775 0)
(1.6861754 1.9829951 0)
(1.7370603 1.9982139 0)
(1.7859969 2.0061423 0)
(1.8372468 2.0155567 0)
(1.8916277 2.0303181 0)
(1.9445688 2.0404303 0)
(1.9959729 2.0432095 0)
(2.0500046 2.0506951 0)
(2.107986 2.0643583 0)
(2.1619766 2.0738055 0)
(2.2124925 2.0745103 0)
(2.2687332 2.0788529 0)
(2.3290022 2.087719 0)
(2.3799159 2.0933327 0)
(2.4322341 2.0933276 0)
(2.4965019 2.0938043 0)
(2.5540327 2.0908143 0)
(2.6116102 2.0890852 0)
(2.6749766 2.0890039 0)
(2.7285774 2.0891949 0)
(2.775885 2.081886 0)
(2.8374813 2.0713799 0)
(2.9075117 2.059407 0)
(2.9603462 2.0529973 0)
(3.0107898 2.0354948 0)
(3.0758018 2.0139729 0)
(3.1402189 1.9973673 0)
(3.1890497 1.9868762 0)
(3.2396058 1.9652283 0)
(3.3093017 1.9365758 0)
(3.3668597 1.9175712 0)
(3.4153885 1.8991311 0)
(3.4816714 1.8697817 0)
(3.5476459 1.8398285 0)
(3.596275 1.8246512 0)
(3.6366095 1.798567 0)
(3.7020496 1.7690538 0)
(3.7692556 1.7388385 0)
(3.8211984 1.7301476 0)
(3.8687424 1.7012794 0)
(3.9066108 1.6584095 0)
(3.9566172 1.6229301 0)
(4.0331321 1.5796138 0)
(4.0875315 1.5468429 0)
(4.1177808 1.5371466 0)
(4.1598119 1.4947447 0)
(4.2322044 1.4428446 0)
(4.3174493 1.3863174 0)
(0.18245845 0.025785493 0)
(0.17856042 0.077369213 0)
(0.17529321 0.12739502 0)
(0.17527337 0.17646006 0)
(0.17901812 0.224648 0)
(0.18599126 0.27225767 0)
(0.19580927 0.31959395 0)
(0.20703396 0.36719171 0)
(0.21917087 0.41531596 0)
(0.23202279 0.46404795 0)
(0.24616772 0.51313554 0)
(0.26104753 0.56260109 0)
(0.27655041 0.61228115 0)
(0.29360265 0.66157116 0)
(0.31116452 0.71040124 0)
(0.32901819 0.7585517 0)
(0.34851775 0.80560065 0)
(0.36719353 0.8524146 0)
(0.38765456 0.8974369 0)
(0.41033026 0.94078229 0)
(0.43464775 0.98321714 0)
(0.45953232 1.0255679 0)
(0.4831705 1.0685006 0)
(0.50956511 1.1090391 0)
(0.53796678 1.1482817 0)
(0.56637191 1.1879974 0)
(0.59383581 1.2284064 0)
(0.62193347 1.2679643 0)
(0.65161961 1.3058669 0)
(0.68338645 1.3417286 0)
(0.71616978 1.3769437 0)
(0.74926908 1.4124174 0)
(0.78295411 1.44773 0)
(0.8183008 1.4812628 0)
(0.8558323 1.5122771 0)
(0.89471426 1.5424085 0)
(0.93409324 1.5728058 0)
(0.97422509 1.6026254 0)
(1.0158302 1.6306626 0)
(1.05889 1.6571226 0)
(1.1027253 1.6833526 0)
(1.146863 1.710056 0)
(1.191632 1.7366804 0)
(1.2376474 1.7625 0)
(1.2851744 1.7870266 0)
(1.3339784 1.8108734 0)
(1.3838215 1.8341613 0)
(1.4339578 1.8565752 0)
(1.4834845 1.8801812 0)
(1.5329866 1.904646 0)
(1.5819923 1.925227 0)
(1.6298467 1.9437402 0)
(1.6793518 1.9638914 0)
(1.7298436 1.9794598 0)
(1.7781533 1.9874975 0)
(1.8285712 1.9983181 0)
(1.8824351 2.0140026 0)
(1.9345445 2.0236689 0)
(1.9854322 2.0268683 0)
(2.0392576 2.0365264 0)
(2.0968114 2.0519021 0)
(2.1490129 2.062204 0)
(2.1995874 2.0634191 0)
(2.2553704 2.0687232 0)
(2.3148648 2.0785613 0)
(2.3659402 2.0848915 0)
(2.4161656 2.08397 0)
(2.4772177 2.0859153 0)
(2.5347233 2.0856374 0)
(2.592444 2.0853411 0)
(2.6559539 2.0847425 0)
(2.7106113 2.0844971 0)
(2.7566539 2.0778035 0)
(2.8149505 2.0670168 0)
(2.8836281 2.056528 0)
(2.9359494 2.0515676 0)
(2.9870243 2.0346937 0)
(3.0515969 2.0130749 0)
(3.1133798 1.99826 0)
(3.1630117 1.9901455 0)
(3.2165766 1.9670209 0)
(3.284572 1.9364321 0)
(3.3400148 1.9194313 0)
(3.3895848 1.9063603 0)
(3.4556893 1.8782962 0)
(3.5221532 1.8422949 0)
(3.572501 1.8272523 0)
(3.6159493 1.8084164 0)
(3.677442 1.7832096 0)
(3.740164 1.7581026 0)
(3.7916347 1.7428195 0)
(3.846608 1.707787 0)
(3.8867557 1.6677778 0)
(3.9280211 1.6430626 0)
(3.9988422 1.6127987 0)
(4.0601177 1.5741618 0)
(4.1024688 1.5510943 0)
(4.1325742 1.506205 0)
(4.1970673 1.4685962 0)
(4.2825026 1.4192495 0)
(0.21088548 0.025178347 0)
(0.20634751 0.075415945 0)
(0.20245359 0.12438578 0)
(0.20204711 0.17270725 0)
(0.20555162 0.22038453 0)
(0.21236994 0.26761924 0)
(0.22216292 0.31462088 0)
(0.23344554 0.3618837 0)
(0.24569234 0.40969031 0)
(0.25860519 0.45816668 0)
(0.27276117 0.50703687 0)
(0.28760489 0.55625491 0)
(0.30296982 0.60564698 0)
(0.31976873 0.65456319 0)
(0.33692522 0.70280925 0)
(0.35422322 0.75014651 0)
(0.37324711 0.79616767 0)
(0.39100871 0.8420604 0)
(0.41050689 0.88641072 0)
(0.43261972 0.92916939 0)
(0.45648893 0.97108907 0)
(0.48112891 1.0128251 0)
(0.5035831 1.0556428 0)
(0.52867898 1.0961274 0)
(0.55626593 1.1347565 0)
(0.58413817 1.1736176 0)
(0.61079496 1.213429 0)
(0.6379891 1.2525388 0)
(0.66655654 1.2902028 0)
(0.69735453 1.3256426 0)
(0.72948449 1.3600391 0)
(0.76210772 1.3946761 0)
(0.79516114 1.4297021 0)
(0.82949374 1.4636467 0)
(0.86599274 1.4948536 0)
(0.90404913 1.5245832 0)
(0.94265909 1.5546328 0)
(0.98182489 1.5846559 0)
(1.0223345 1.613115 0)
(1.0644081 1.6397325 0)
(1.1075559 1.6657897 0)
(1.1512387 1.6924463 0)
(1.1955706 1.7193093 0)
(1.2411062 1.745423 0)
(1.288058 1.7701792 0)
(1.3362323 1.7939736 0)
(1.3853248 1.8166303 0)
(1.4345081 1.8381683 0)
(1.4830585 1.861169 0)
(1.531632 1.884882 0)
(1.5796788 1.9051613 0)
(1.6265057 1.9247091 0)
(1.6748621 1.9454502 0)
(1.7245746 1.9605927 0)
(1.7734951 1.9702312 0)
(1.8229846 1.984468 0)
(1.8756459 1.9999393 0)
(1.9265089 2.0081695 0)
(1.9765176 2.0123525 0)
(2.0288889 2.0250219 0)
(2.0854005 2.0413955 0)
(2.1367584 2.0508624 0)
(2.1876975 2.0519607 0)
(2.2426667 2.0591056 0)
(2.3014364 2.0699999 0)
(2.3524604 2.0767336 0)
(2.4013679 2.0754172 0)
(2.4598472 2.0784838 0)
(2.5156313 2.0808752 0)
(2.5724213 2.0821461 0)
(2.6360779 2.0813565 0)
(2.6924766 2.0796549 0)
(2.738232 2.073667 0)
(2.7934682 2.0625016 0)
(2.860758 2.0526607 0)
(2.913317 2.0478854 0)
(2.9631806 2.0344871 0)
(3.0251752 2.0148309 0)
(3.0887125 1.9974404 0)
(3.1399905 1.9887393 0)
(3.1896161 1.968019 0)
(3.2561989 1.9400911 0)
(3.3154605 1.9209473 0)
(3.3623618 1.9127805 0)
(3.4204715 1.8844606 0)
(3.4914911 1.8469291 0)
(3.5468053 1.8297257 0)
(3.5943823 1.8205608 0)
(3.6494251 1.8004704 0)
(3.7057721 1.7768489 0)
(3.7599107 1.7526439 0)
(3.8210224 1.7105346 0)
(3.8575689 1.6839899 0)
(3.8904317 1.66736 0)
(3.9620507 1.6412274 0)
(4.0276529 1.5976422 0)
(4.0718454 1.5700636 0)
(4.1045015 1.5223614 0)
(4.1655222 1.4941203 0)
(4.2485141 1.4555694 0)
(0.24057761 0.024809108 0)
(0.23542884 0.074101251 0)
(0.23105437 0.1224183 0)
(0.23041924 0.17040765 0)
(0.23379446 0.21798801 0)
(0.24052328 0.26525317 0)
(0.25032955 0.31229142 0)
(0.26171817 0.3595234 0)
(0.27414506 0.40722742 0)
(0.28717975 0.45556858 0)
(0.30134762 0.50424388 0)
(0.31610999 0.55310908 0)
(0.33127792 0.6019511 0)
(0.34769891 0.65013007 0)
(0.36425767 0.69741831 0)
(0.3807919 0.74359859 0)
(0.39922761 0.78826663 0)
(0.41614975 0.8329168 0)
(0.43447765 0.87620806 0)
(0.45542556 0.91773523 0)
(0.47810593 0.95830524 0)
(0.50197619 0.99876415 0)
(0.52340999 1.0411513 0)
(0.54725305 1.0817618 0)
(0.57417668 1.1200831 0)
(0.60189417 1.1581674 0)
(0.62818413 1.1973443 0)
(0.65450654 1.2361773 0)
(0.68207402 1.2739161 0)
(0.71200876 1.3094443 0)
(0.74367501 1.3434827 0)
(0.77613747 1.3774849 0)
(0.80899464 1.4121785 0)
(0.84261155 1.446703 0)
(0.87817092 1.4786593 0)
(0.91544303 1.5083917 0)
(0.95333773 1.5380895 0)
(0.99158653 1.5682645 0)
(1.031139 1.5974223 0)
(1.0726022 1.6248318 0)
(1.1155489 1.6514435 0)
(1.1591281 1.6786423 0)
(1.2031829 1.7061672 0)
(1.2482387 1.7328281 0)
(1.2945606 1.7580648 0)
(1.3420303 1.7819761 0)
(1.3903318 1.8040994 0)
(1.4385575 1.8251323 0)
(1.4861062 1.8473082 0)
(1.5334863 1.8690204 0)
(1.5800538 1.8883519 0)
(1.6256432 1.9090334 0)
(1.6727146 1.9297559 0)
(1.7199031 1.9432385 0)
(1.7664665 1.953163 0)
(1.8150225 1.9686252 0)
(1.8669431 1.9844847 0)
(1.9162439 1.9923163 0)
(1.9662257 1.9985655 0)
(2.0186401 2.0143724 0)
(2.0743071 2.03106 0)
(2.1247139 2.0397907 0)
(2.1752642 2.0416023 0)
(2.2289855 2.0509692 0)
(2.287045 2.0626376 0)
(2.3383732 2.0691214 0)
(2.3869596 2.0675713 0)
(2.4436567 2.0714913 0)
(2.4985585 2.0759238 0)
(2.5534225 2.0786171 0)
(2.6154676 2.0783783 0)
(2.6743433 2.0744695 0)
(2.7212216 2.0683806 0)
(2.7728943 2.0572893 0)
(2.8379367 2.0489282 0)
(2.8936191 2.042822 0)
(2.9412846 2.0339314 0)
(2.9957935 2.0158221 0)
(3.0625246 1.9975291 0)
(3.1206519 1.9832594 0)
(3.1659516 1.9671682 0)
(3.2255783 1.9455697 0)
(3.2902431 1.9247823 0)
(3.3414323 1.9129225 0)
(3.3923493 1.8857488 0)
(3.4591361 1.8554196 0)
(3.5174851 1.8392484 0)
(3.5708556 1.8329537 0)
(3.629534 1.8132592 0)
(3.6736324 1.7884624 0)
(3.7224973 1.7595486 0)
(3.7897854 1.720646 0)
(3.8338912 1.7008164 0)
(3.8621793 1.6913873 0)
(3.926005 1.6599123 0)
(3.9913198 1.613304 0)
(4.035596 1.587024 0)
(4.0793684 1.5503224 0)
(4.137178 1.5233576 0)
(4.2186586 1.4841674 0)
(0.27139713 0.024488084 0)
(0.265637 0.072976064 0)
(0.26087483 0.1207791 0)
(0.26008406 0.16855966 0)
(0.26335005 0.21615085 0)
(0.26996841 0.26354032 0)
(0.27973093 0.31067727 0)
(0.29115159 0.35787173 0)
(0.30368808 0.4053692 0)
(0.31677124 0.45338233 0)
(0.33085997 0.50162795 0)
(0.3454496 0.54991225 0)
(0.36035361 0.59801008 0)
(0.37630963 0.64535751 0)
(0.39212987 0.69175471 0)
(0.40779344 0.73694489 0)
(0.4256479 0.78042661 0)
(0.44187247 0.82395559 0)
(0.45907044 0.86646732 0)
(0.47895719 0.90734509 0)
(0.50079353 0.94732994 0)
(0.52439916 0.9869608 0)
(0.54509346 1.0287742 0)
(0.56746854 1.0691845 0)
(0.59332406 1.1067405 0)
(0.6203722 1.1435169 0)
(0.64600187 1.1816367 0)
(0.67180459 1.2199363 0)
(0.69866059 1.2576581 0)
(0.72777558 1.293374 0)
(0.75887073 1.327198 0)
(0.79108762 1.3605373 0)
(0.82386058 1.3945896 0)
(0.85691245 1.4294293 0)
(0.89147549 1.4624069 0)
(0.92786598 1.4926399 0)
(0.96510747 1.5222247 0)
(1.002603 1.5525556 0)
(1.0412293 1.5823828 0)
(1.0817603 1.6104325 0)
(1.1239203 1.6369933 0)
(1.1667931 1.6637525 0)
(1.2100801 1.6909317 0)
(1.254256 1.7172846 0)
(1.2995765 1.7424143 0)
(1.3460094 1.7662052 0)
(1.3931223 1.7877158 0)
(1.4400221 1.8082688 0)
(1.4866385 1.8299306 0)
(1.5330969 1.8502057 0)
(1.5781923 1.8689375 0)
(1.6227839 1.8906261 0)
(1.6690619 1.9115474 0)
(1.7146499 1.9245394 0)
(1.7612389 1.9367794 0)
(1.8098379 1.9557336 0)
(1.8607465 1.9711857 0)
(1.9088704 1.9779131 0)
(1.9577613 1.9869985 0)
(2.009222 2.0048914 0)
(2.0631925 2.020318 0)
(2.1130974 2.027094 0)
(2.1640078 2.0305588 0)
(2.2169095 2.0423602 0)
(2.2735549 2.0548787 0)
(2.3242945 2.0613551 0)
(2.3727842 2.0601639 0)
(2.4280727 2.0650344 0)
(2.4825543 2.0708631 0)
(2.5360811 2.0740559 0)
(2.5951866 2.0739126 0)
(2.6556148 2.0686173 0)
(2.7045691 2.0621863 0)
(2.7537712 2.0519962 0)
(2.8151702 2.0455647 0)
(2.8736678 2.0389643 0)
(2.9212221 2.0324692 0)
(2.9691807 2.0145539 0)
(3.0361587 1.9971726 0)
(3.0995817 1.9793878 0)
(3.1436228 1.967696 0)
(3.1970007 1.9498796 0)
(3.2640573 1.9288916 0)
(3.3186866 1.9123664 0)
(3.3677052 1.8875795 0)
(3.4267677 1.8662763 0)
(3.4872364 1.8523692 0)
(3.5472909 1.8409068 0)
(3.6043581 1.8230756 0)
(3.64209 1.7971582 0)
(3.6923909 1.7677503 0)
(3.7582505 1.7388073 0)
(3.8044987 1.7256519 0)
(3.833812 1.7125705 0)
(3.8929035 1.6720259 0)
(3.9556146 1.6287341 0)
(4.0011399 1.6101307 0)
(4.0531433 1.5854656 0)
(4.1056824 1.5559537 0)
(4.1848349 1.5073411 0)
(0.30337867 0.024246012 0)
(0.29704439 0.072133416 0)
(0.29204343 0.11960998 0)
(0.29121663 0.16731676 0)
(0.29442872 0.21501357 0)
(0.30093435 0.26260708 0)
(0.3105999 0.30992175 0)
(0.32197588 0.35714784 0)
(0.33455568 0.40447338 0)
(0.34764749 0.45215375 0)
(0.36160389 0.49994963 0)
(0.37595425 0.54763422 0)
(0.39053746 0.5949527 0)
(0.40599722 0.64141695 0)
(0.42098709 0.68690967 0)
(0.43569997 0.73111075 0)
(0.45293302 0.77342614 0)
(0.46856451 0.81587483 0)
(0.48464455 0.85778847 0)
(0.50339319 0.89823532 0)
(0.52420895 0.93773352 0)
(0.54748454 0.97650928 0)
(0.56780695 1.017699 0)
(0.58885373 1.0583493 0)
(0.61363868 1.096044 0)
(0.64078869 1.1321196 0)
(0.66672257 1.1695178 0)
(0.69244077 1.2074278 0)
(0.71888249 1.2451789 0)
(0.7472776 1.2813038 0)
(0.77776295 1.3152256 0)
(0.80970231 1.3479758 0)
(0.84251516 1.3810211 0)
(0.87526925 1.4156123 0)
(0.90884664 1.4495245 0)
(0.94417459 1.480487 0)
(0.98067077 1.5098542 0)
(1.0174679 1.5399605 0)
(1.055188 1.5702925 0)
(1.094915 1.5994082 0)
(1.1366396 1.6269334 0)
(1.1791979 1.6542902 0)
(1.2219313 1.681764 0)
(1.2652223 1.7081682 0)
(1.3093986 1.7331905 0)
(1.3546443 1.7564079 0)
(1.4004461 1.7772679 0)
(1.4459846 1.7975685 0)
(1.4916829 1.8177597 0)
(1.5372281 1.8363538 0)
(1.5807817 1.8557333 0)
(1.6240172 1.8781078 0)
(1.6692989 1.8975117 0)
(1.7134013 1.9105441 0)
(1.7573815 1.9259242 0)
(1.8051737 1.945402 0)
(1.8542377 1.9591478 0)
(1.9009058 1.9662697 0)
(1.9487227 1.9780207 0)
(1.999823 1.9964437 0)
(2.0517226 2.0098871 0)
(2.1012932 2.0152062 0)
(2.1519035 2.0209968 0)
(2.2036862 2.0350265 0)
(2.2585132 2.0482092 0)
(2.3092764 2.0542939 0)
(2.3590496 2.0525797 0)
(2.4136392 2.0577915 0)
(2.4676359 2.0643127 0)
(2.5205799 2.0674607 0)
(2.576135 2.0673087 0)
(2.6362037 2.0625737 0)
(2.6876448 2.0562621 0)
(2.735294 2.0474651 0)
(2.7939946 2.0418706 0)
(2.854403 2.034769 0)
(2.9022074 2.0289035 0)
(2.9468651 2.0114984 0)
(3.0106448 1.9956253 0)
(3.0749995 1.9793235 0)
(3.1205759 1.9696782 0)
(3.1726285 1.9525792 0)
(3.2387969 1.9314639 0)
(3.2928566 1.914182 0)
(3.3437128 1.8936006 0)
(3.3976308 1.8764959 0)
(3.4583342 1.8628194 0)
(3.5247788 1.8436509 0)
(3.5774639 1.8279714 0)
(3.6111895 1.8087198 0)
(3.6664941 1.7841175 0)
(3.7302164 1.7565348 0)
(3.7734229 1.7441736 0)
(3.8041978 1.7233685 0)
(3.865365 1.6816923 0)
(3.9228125 1.651615 0)
(3.9690035 1.6408064 0)
(4.0256452 1.6163012 0)
(4.0735151 1.5820885 0)
(4.1495459 1.5244153 0)
(0.33659457 0.024020613 0)
(0.3297265 0.071399827 0)
(0.32465155 0.11866065 0)
(0.32391054 0.1663789 0)
(0.32711188 0.2142494 0)
(0.33347903 0.26212612 0)
(0.34295754 0.30973035 0)
(0.35416744 0.35713757 0)
(0.36667462 0.4044639 0)
(0.37976983 0.45195004 0)
(0.3936269 0.49935982 0)
(0.40775027 0.54645997 0)
(0.42202055 0.59301241 0)
(0.43701337 0.6386476 0)
(0.45116133 0.68330437 0)
(0.46488192 0.72659002 0)
(0.48143556 0.76783065 0)
(0.49658714 0.809214 0)
(0.51163645 0.85056457 0)
(0.52912543 0.89078861 0)
(0.54877831 0.93009065 0)
(0.57171635 0.9681486 0)
(0.59185152 1.0086831 0)
(0.61207291 1.0494278 0)
(0.63607426 1.087282 0)
(0.66301501 1.122674 0)
(0.6891527 1.1589752 0)
(0.71507938 1.196041 0)
(0.74151382 1.2336102 0)
(0.76934482 1.2704527 0)
(0.79911334 1.3052174 0)
(0.8306039 1.3381295 0)
(0.86343622 1.3704455 0)
(0.89611488 1.4044651 0)
(0.92871354 1.4391778 0)
(0.96262498 1.4715323 0)
(0.99813589 1.5011224 0)
(1.0341998 1.5307244 0)
(1.0709152 1.560647 0)
(1.1092734 1.5894606 0)
(1.1495887 1.6162328 0)
(1.1908468 1.6423882 0)
(1.2322434 1.6687792 0)
(1.2741275 1.694532 0)
(1.3170332 1.7192051 0)
(1.3610648 1.7421596 0)
(1.4055242 1.7632046 0)
(1.4497724 1.7838106 0)
(1.494056 1.8028281 0)
(1.5379172 1.8199285 0)
(1.5805875 1.8394923 0)
(1.6236305 1.8618882 0)
(1.6673345 1.8801244 0)
(1.7104 1.8944743 0)
(1.7541606 1.9122519 0)
(1.8010288 1.9314479 0)
(1.8472148 1.9437437 0)
(1.8939336 1.9515979 0)
(1.9419091 1.9665371 0)
(1.9922495 1.9853269 0)
(2.0407729 1.9977063 0)
(2.0900647 2.0027585 0)
(2.1407605 2.0119578 0)
(2.1926875 2.0271919 0)
(2.2458597 2.0401188 0)
(2.2958568 2.0451105 0)
(2.3462573 2.043294 0)
(2.3998096 2.0497137 0)
(2.4527114 2.0571263 0)
(2.5051429 2.0606528 0)
(2.5571132 2.0600303 0)
(2.6160447 2.056024 0)
(2.6709524 2.0489015 0)
(2.7181696 2.041261 0)
(2.7742249 2.036446 0)
(2.834614 2.0298758 0)
(2.8823778 2.0245848 0)
(2.927084 2.0081154 0)
(2.987525 1.9933419 0)
(3.0478798 1.9814542 0)
(3.0961584 1.9718881 0)
(3.1511426 1.9539332 0)
(3.213115 1.9333668 0)
(3.2639548 1.9183732 0)
(3.3201116 1.9002642 0)
(3.3713842 1.8845019 0)
(3.4307836 1.8704531 0)
(3.4969816 1.8501802 0)
(3.5478029 1.8357551 0)
(3.5821521 1.8253349 0)
(3.6367901 1.8025811 0)
(3.6999618 1.7705072 0)
(3.7410974 1.7547229 0)
(3.775442 1.7315567 0)
(3.8397287 1.6996486 0)
(3.8904582 1.6823157 0)
(3.9339496 1.6738039 0)
(3.9945292 1.6400637 0)
(4.0403015 1.5995374 0)
(4.1136761 1.5404704 0)
(0.37180552 0.023807365 0)
(0.36448003 0.070780327 0)
(0.35947161 0.11798684 0)
(0.35891415 0.16591211 0)
(0.36215537 0.21414572 0)
(0.36839319 0.26245898 0)
(0.37763918 0.31044437 0)
(0.38861582 0.35804738 0)
(0.40098132 0.40528065 0)
(0.41375309 0.45238974 0)
(0.42714764 0.49915922 0)
(0.44068476 0.54540964 0)
(0.45431512 0.59090744 0)
(0.46863033 0.63530541 0)
(0.48163379 0.67892352 0)
(0.49404548 0.72139273 0)
(0.5096393 0.76192704 0)
(0.5242614 0.80271149 0)
(0.53853966 0.84401182 0)
(0.55525191 0.88448476 0)
(0.57401422 0.92407548 0)
(0.59676664 0.96177871 0)
(0.61751656 1.0014823 0)
(0.63714232 1.0422546 0)
(0.66020563 1.0806038 0)
(0.68688544 1.1158507 0)
(0.71326413 1.1512966 0)
(0.73941681 1.1872231 0)
(0.76582629 1.2237779 0)
(0.79293994 1.2603723 0)
(0.82150712 1.2953386 0)
(0.85188833 1.3279659 0)
(0.88415413 1.35889 0)
(0.91657215 1.3911873 0)
(0.94838554 1.4254579 0)
(0.9808113 1.4590838 0)
(1.0151522 1.4895929 0)
(1.0505044 1.5192121 0)
(1.0864689 1.5491953 0)
(1.123797 1.5785802 0)
(1.1630934 1.6058855 0)
(1.2035056 1.6318685 0)
(1.2439148 1.6577 0)
(1.2844516 1.6827465 0)
(1.3258949 1.7061948 0)
(1.3684043 1.72802 0)
(1.4111947 1.7490039 0)
(1.4538495 1.769946 0)
(1.4966732 1.788661 0)
(1.5391387 1.8054513 0)
(1.5809986 1.8248393 0)
(1.6238063 1.8464423 0)
(1.6668015 1.8647985 0)
(1.7084054 1.8817986 0)
(1.7510111 1.9022915 0)
(1.7966095 1.9207141 0)
(1.8415396 1.9306228 0)
(1.8879614 1.9398648 0)
(1.9352064 1.9578597 0)
(1.9840317 1.9757141 0)
(2.0303394 1.9854091 0)
(2.0792521 1.9907216 0)
(2.1300148 2.0032903 0)
(2.1814205 2.0194975 0)
(2.2315317 2.0316861 0)
(2.2810823 2.0349048 0)
(2.3327126 2.0335474 0)
(2.3861049 2.0413203 0)
(2.437893 2.049452 0)
(2.4889947 2.0532363 0)
(2.5389209 2.0501829 0)
(2.5970098 2.0447562 0)
(2.6545293 2.0375991 0)
(2.7018364 2.0322476 0)
(2.7557194 2.0295868 0)
(2.8144801 2.0247422 0)
(2.8609026 2.0212525 0)
(2.9068881 2.0059678 0)
(2.9654145 1.991057 0)
(3.0205359 1.9826332 0)
(3.0724853 1.9725657 0)
(3.1304467 1.9543 0)
(3.1851314 1.9357824 0)
(3.233692 1.9220941 0)
(3.2962765 1.9051434 0)
(3.3494547 1.8901304 0)
(3.405267 1.8774058 0)
(3.4655106 1.8604837 0)
(3.5119358 1.8514467 0)
(3.558785 1.8373447 0)
(3.6176278 1.8067577 0)
(3.6654357 1.7807961 0)
(3.6981809 1.7694808 0)
(3.749553 1.7497699 0)
(3.817478 1.7230925 0)
(3.862049 1.7109654 0)
(3.9006381 1.6977504 0)
(3.9593222 1.6550777 0)
(4.0040955 1.6144837 0)
(4.0791562 1.5615825 0)
(0.40756535 0.02348394 0)
(0.39996725 0.069900525 0)
(0.39534819 0.11692492 0)
(0.39519108 0.16492663 0)
(0.39864134 0.21336746 0)
(0.40482714 0.26196166 0)
(0.41377127 0.31022078 0)
(0.42426645 0.35798649 0)
(0.43605513 0.40515073 0)
(0.44832251 0.45185545 0)
(0.46104435 0.4980506 0)
(0.47370755 0.54372304 0)
(0.48628452 0.58864931 0)
(0.49953525 0.63246772 0)
(0.51201089 0.67532102 0)
(0.52363071 0.71710307 0)
(0.53861586 0.75683702 0)
(0.55324302 0.79665509 0)
(0.56704215 0.83752959 0)
(0.582868 0.87815224 0)
(0.60055352 0.91815829 0)
(0.62292298 0.955759 0)
(0.64431532 0.99453547 0)
(0.6637285 1.0349219 0)
(0.68576405 1.0734877 0)
(0.71174081 1.1084981 0)
(0.73782771 1.1428575 0)
(0.76386585 1.1772718 0)
(0.79027602 1.2123732 0)
(0.81692862 1.2484271 0)
(0.84434578 1.2838888 0)
(0.87334348 1.3171112 0)
(0.90479863 1.3473909 0)
(0.93700326 1.3779052 0)
(0.96843628 1.410811 0)
(0.99941141 1.4449184 0)
(1.0322297 1.4764071 0)
(1.0666285 1.5061501 0)
(1.1018802 1.535991 0)
(1.1382925 1.5656634 0)
(1.1766251 1.5934669 0)
(1.216252 1.6195051 0)
(1.2557236 1.6451943 0)
(1.2948892 1.670126 0)
(1.3348359 1.6927959 0)
(1.3757296 1.7136781 0)
(1.4168199 1.7342804 0)
(1.4579014 1.7549641 0)
(1.499006 1.7737432 0)
(1.5398258 1.7909174 0)
(1.5811265 1.8094396 0)
(1.6238299 1.8287916 0)
(1.6660016 1.8468179 0)
(1.7066656 1.8664788 0)
(1.7493613 1.8887489 0)
(1.7937558 1.9057352 0)
(1.8372186 1.915012 0)
(1.8820169 1.9276422 0)
(1.9294534 1.9471815 0)
(1.9768993 1.962721 0)
(2.0213796 1.9703296 0)
(2.0681007 1.978139 0)
(2.1174201 1.9942396 0)
(2.1684843 2.0099818 0)
(2.2169 2.0198509 0)
(2.2666375 2.0209222 0)
(2.318601 2.0219706 0)
(2.3713207 2.0317869 0)
(2.4217035 2.0402147 0)
(2.4713269 2.0422509 0)
(2.5217057 2.0348028 0)
(2.5776444 2.0293498 0)
(2.6351673 2.0263719 0)
(2.6826873 2.0249424 0)
(2.7349537 2.0249965 0)
(2.7923383 2.0208288 0)
(2.8377112 2.017141 0)
(2.8858662 2.001654 0)
(2.9422972 1.9878065 0)
(2.992681 1.9819489 0)
(3.0498472 1.9712254 0)
(3.1059244 1.9546164 0)
(3.1533199 1.9386603 0)
(3.205854 1.923968 0)
(3.2723722 1.9087111 0)
(3.3254301 1.8973543 0)
(3.3749897 1.8876305 0)
(3.4312011 1.872842 0)
(3.4790927 1.8624206 0)
(3.5349916 1.8426329 0)
(3.5931453 1.8108152 0)
(3.6287213 1.7953254 0)
(3.6636371 1.7869997 0)
(3.727911 1.7740909 0)
(3.7942763 1.7463777 0)
(3.8297692 1.7348475 0)
(3.8621193 1.712714 0)
(3.9252049 1.6644804 0)
(3.9721745 1.6306651 0)
(4.0482394 1.5879001 0)
(0.44294285 0.02311486 0)
(0.43530376 0.069115764 0)
(0.43136286 0.1160818 0)
(0.43193865 0.1641692 0)
(0.43583043 0.2127691 0)
(0.44210351 0.26157969 0)
(0.45076377 0.31010133 0)
(0.46076464 0.35813271 0)
(0.47219936 0.40546434 0)
(0.48407935 0.45216308 0)
(0.49628636 0.498104 0)
(0.50838868 0.54328192 0)
(0.52027817 0.58758442 0)
(0.53276829 0.63066049 0)
(0.54417654 0.67297054 0)
(0.55461354 0.71450238 0)
(0.56866312 0.75400514 0)
(0.58318111 0.79320284 0)
(0.59669312 0.8335608 0)
(0.6118442 0.87383308 0)
(0.62835589 0.91350915 0)
(0.64997161 0.95011363 0)
(0.67180289 0.98673563 0)
(0.69112852 1.0253682 0)
(0.71200383 1.0632451 0)
(0.73691775 1.0979034 0)
(0.76229987 1.1314886 0)
(0.78795999 1.164627 0)
(0.81441371 1.1981418 0)
(0.84089373 1.233183 0)
(0.86727479 1.2687988 0)
(0.89447989 1.3029539 0)
(0.92456158 1.3333767 0)
(0.9562518 1.3624506 0)
(0.98757401 1.393444 0)
(1.0174417 1.4270786 0)
(1.0484847 1.4592551 0)
(1.0815099 1.4889564 0)
(1.115846 1.5179802 0)
(1.151327 1.546957 0)
(1.1886956 1.5744147 0)
(1.2275225 1.6000239 0)
(1.2660986 1.6254159 0)
(1.3037674 1.6506209 0)
(1.3418124 1.6732096 0)
(1.3807332 1.6936026 0)
(1.4201698 1.7137451 0)
(1.4598173 1.7340429 0)
(1.4992956 1.7533056 0)
(1.5387047 1.7715928 0)
(1.579277 1.7894551 0)
(1.6212193 1.8059895 0)
(1.6626326 1.8233891 0)
(1.7032159 1.8451262 0)
(1.7464015 1.8679129 0)
(1.7893343 1.8835197 0)
(1.8316432 1.8947132 0)
(1.8751871 1.9109925 0)
(1.923049 1.9301073 0)
(1.9686617 1.9433491 0)
(2.0122102 1.9508893 0)
(2.0567111 1.9636741 0)
(2.105109 1.9814856 0)
(2.1547608 1.9960139 0)
(2.2022132 2.0037072 0)
(2.251883 2.0034874 0)
(2.3024138 2.009794 0)
(2.3542653 2.0208202 0)
(2.4040589 2.0273176 0)
(2.453193 2.0256077 0)
(2.5036407 2.0162997 0)
(2.5573615 2.0141935 0)
(2.6127605 2.0170439 0)
(2.6608881 2.0195837 0)
(2.7117705 2.0200543 0)
(2.7689178 2.0136269 0)
(2.8142697 2.0071583 0)
(2.8647924 1.9929925 0)
(2.9185512 1.9829862 0)
(2.9658485 1.9793261 0)
(3.0271133 1.9675714 0)
(3.0792113 1.9531845 0)
(3.1220895 1.9396951 0)
(3.1797306 1.9268574 0)
(3.2459261 1.9133161 0)
(3.2956806 1.9060618 0)
(3.34092 1.8978853 0)
(3.3963538 1.8818882 0)
(3.4503466 1.8653885 0)
(3.5111379 1.8416896 0)
(3.5586948 1.8231276 0)
(3.5875948 1.818012 0)
(3.6378774 1.8094085 0)
(3.7086613 1.7894203 0)
(3.7649533 1.7643452 0)
(3.7887737 1.7531237 0)
(3.8267331 1.7195114 0)
(3.8951058 1.6757358 0)
(3.9407459 1.6532256 0)
(4.0171476 1.6150117 0)
(0.48015537 0.022747373 0)
(0.47294923 0.06857305 0)
(0.47004671 0.11570851 0)
(0.47138912 0.16412262 0)
(0.4757541 0.21313017 0)
(0.48219143 0.26235309 0)
(0.4906789 0.31123664 0)
(0.50023037 0.35948128 0)
(0.51099381 0.40687323 0)
(0.5220602 0.45349838 0)
(0.53326659 0.49913305 0)
(0.5443519 0.54369235 0)
(0.5550893 0.58711199 0)
(0.56642004 0.62895248 0)
(0.57678103 0.66978365 0)
(0.5859738 0.71002001 0)
(0.59878758 0.74845958 0)
(0.6129855 0.78631443 0)
(0.62635737 0.82544835 0)
(0.64097299 0.86487005 0)
(0.65620446 0.9040224 0)
(0.67666982 0.93984518 0)
(0.69864768 0.97435867 0)
(0.71819078 1.0108426 0)
(0.73822322 1.0475752 0)
(0.76213998 1.0817456 0)
(0.78654101 1.1148626 0)
(0.81131914 1.1470053 0)
(0.83741762 1.1786831 0)
(0.86361455 1.2119298 0)
(0.88898905 1.2467825 0)
(0.91407588 1.2814074 0)
(0.94218661 1.3122471 0)
(0.97276815 1.3402797 0)
(1.0037827 1.3691477 0)
(1.0328532 1.4015729 0)
(1.0620511 1.4342832 0)
(1.093279 1.4643888 0)
(1.1263187 1.4926483 0)
(1.1606407 1.5205101 0)
(1.1968304 1.54712 0)
(1.234639 1.5719836 0)
(1.2722735 1.5968749 0)
(1.3082584 1.6227808 0)
(1.3440481 1.6463536 0)
(1.3807522 1.667121 0)
(1.4184995 1.686891 0)
(1.4567057 1.7066632 0)
(1.4945069 1.7267444 0)
(1.5326217 1.7467785 0)
(1.5724832 1.7646115 0)
(1.6135236 1.7793826 0)
(1.6547906 1.7957911 0)
(1.6964336 1.8182533 0)
(1.73962 1.8411396 0)
(1.7809233 1.8564026 0)
(1.8229405 1.8703941 0)
(1.8671114 1.8901079 0)
(1.9135664 1.9080576 0)
(1.9569984 1.9192942 0)
(2.0012027 1.9283581 0)
(2.0456999 1.9455542 0)
(2.0935776 1.9655383 0)
(2.1403217 1.9794109 0)
(2.1866874 1.9843098 0)
(2.2354939 1.98743 0)
(2.2853025 1.997793 0)
(2.3364006 2.0079277 0)
(2.3857755 2.0109622 0)
(2.4346022 2.0049036 0)
(2.4849122 1.9984528 0)
(2.5361767 2.0022201 0)
(2.5886398 2.0088131 0)
(2.6374859 2.0122736 0)
(2.6869209 2.0092589 0)
(2.7442636 2.0004619 0)
(2.7905441 1.9930369 0)
(2.8423689 1.9841459 0)
(2.8938334 1.9783201 0)
(2.9391736 1.9763218 0)
(3.0000864 1.9649918 0)
(3.0501064 1.9523135 0)
(3.0926907 1.9412509 0)
(3.1514803 1.9321639 0)
(3.2138052 1.9200022 0)
(3.2598069 1.915007 0)
(3.3071021 1.9036503 0)
(3.3645313 1.8837098 0)
(3.4183527 1.8675509 0)
(3.4765193 1.8487452 0)
(3.5187 1.840824 0)
(3.5544954 1.8396663 0)
(3.6169438 1.8266643 0)
(3.6844503 1.7966983 0)
(3.7238322 1.7806616 0)
(3.7429464 1.7655464 0)
(3.797636 1.7285664 0)
(3.8677352 1.6904838 0)
(3.9088832 1.6743491 0)
(3.9826534 1.6345384 0)
(0.51814188 0.022578431 0)
(0.511924 0.068911923 0)
(0.51039461 0.11674118 0)
(0.51270828 0.16587996 0)
(0.51758781 0.21552171 0)
(0.52410967 0.26518394 0)
(0.53225449 0.3142726 0)
(0.54112414 0.36241758 0)
(0.55098051 0.40928178 0)
(0.56096167 0.45491965 0)
(0.57082782 0.49921698 0)
(0.58071689 0.5421379 0)
(0.59011342 0.58384373 0)
(0.60007912 0.62390468 0)
(0.60937351 0.66288158 0)
(0.61729358 0.70150108 0)
(0.62854784 0.73867313 0)
(0.64221093 0.77489789 0)
(0.65561597 0.81232774 0)
(0.67001955 0.85043523 0)
(0.68413261 0.88870964 0)
(0.70315353 0.92374485 0)
(0.72477732 0.95609706 0)
(0.74450141 0.98970996 0)
(0.76371399 1.0242899 0)
(0.78632039 1.0572026 0)
(0.80910718 1.0897465 0)
(0.83195506 1.1213997 0)
(0.85675893 1.1516144 0)
(0.88227214 1.1828878 0)
(0.90672297 1.2164527 0)
(0.92956607 1.2511997 0)
(0.95533364 1.2827799 0)
(0.98448119 1.3105977 0)
(1.015194 1.3377118 0)
(1.0440224 1.3685603 0)
(1.0717702 1.4015125 0)
(1.1011094 1.4326102 0)
(1.1325584 1.4608138 0)
(1.1654581 1.4879219 0)
(1.200238 1.5138887 0)
(1.2368413 1.5382915 0)
(1.2735987 1.5628605 0)
(1.3083255 1.589702 0)
(1.342373 1.6152606 0)
(1.3776465 1.6373015 0)
(1.4145325 1.657008 0)
(1.4522476 1.6762906 0)
(1.4896004 1.6970491 0)
(1.5272896 1.7187146 0)
(1.5667408 1.73736 0)
(1.6073177 1.7523824 0)
(1.6483414 1.7689617 0)
(1.6906884 1.7902618 0)
(1.7347027 1.8125985 0)
(1.7764472 1.8295669 0)
(1.8170535 1.84611 0)
(1.860463 1.8669936 0)
(1.9057823 1.8849572 0)
(1.9498215 1.8938569 0)
(1.9931395 1.9052756 0)
(2.0377925 1.9257425 0)
(2.0829895 1.9468202 0)
(2.1259696 1.9598325 0)
(2.1724463 1.9643724 0)
(2.2204804 1.9734328 0)
(2.270197 1.9858552 0)
(2.319448 1.9938692 0)
(2.3673629 1.9927357 0)
(2.416829 1.9837771 0)
(2.4665683 1.9839927 0)
(2.5158859 1.9920208 0)
(2.565665 1.9988838 0)
(2.6147337 1.9993991 0)
(2.662671 1.9918606 0)
(2.7177744 1.9850733 0)
(2.7668945 1.9803539 0)
(2.8182645 1.9780414 0)
(2.8688965 1.9752053 0)
(2.9135074 1.974266 0)
(2.9713862 1.9644669 0)
(3.0204223 1.9535832 0)
(3.0638626 1.9452912 0)
(3.121398 1.9365901 0)
(3.1790497 1.9254788 0)
(3.2225503 1.9202011 0)
(3.2749305 1.9036688 0)
(3.3360004 1.8813844 0)
(3.381286 1.8730246 0)
(3.4327041 1.8641122 0)
(3.4809636 1.8569513 0)
(3.5302523 1.8539337 0)
(3.5948457 1.8338744 0)
(3.6458505 1.8053357 0)
(3.6715291 1.7956708 0)
(3.704493 1.7723485 0)
(3.7764122 1.736637 0)
(3.8368563 1.7029326 0)
(3.8680278 1.6921595 0)
(3.9408892 1.648127 0)
(0.55801345 0.02285019 0)
(0.55335397 0.070450697 0)
(0.55341286 0.11929099 0)
(0.55668738 0.1690121 0)
(0.56191138 0.21872556 0)
(0.56824693 0.26794689 0)
(0.57571353 0.31626994 0)
(0.58347213 0.36348487 0)
(0.59189558 0.40924803 0)
(0.60023438 0.45353405 0)
(0.60819561 0.49618648 0)
(0.61663541 0.53709143 0)
(0.62450783 0.57662584 0)
(0.63295332 0.6143423 0)
(0.64121239 0.65085806 0)
(0.64805839 0.68726432 0)
(0.65730473 0.72273169 0)
(0.66991275 0.75682751 0)
(0.68323113 0.79178217 0)
(0.69744061 0.8276966 0)
(0.71037129 0.86436853 0)
(0.72735019 0.89850902 0)
(0.74773015 0.92920334 0)
(0.76719555 0.96007472 0)
(0.78585399 0.99233579 0)
(0.80762647 1.0238895 0)
(0.82917863 1.0561079 0)
(0.85007293 1.088296 0)
(0.87345777 1.1183668 0)
(0.89807642 1.1484202 0)
(0.92174599 1.1808425 0)
(0.94255091 1.2156951 0)
(0.96563064 1.2483943 0)
(0.99284352 1.2770269 0)
(1.0229601 1.3032831 0)
(1.0524608 1.3323681 0)
(1.0802132 1.3650216 0)
(1.1084138 1.3976575 0)
(1.1388156 1.4271757 0)
(1.1709336 1.4547573 0)
(1.2050624 1.4809234 0)
(1.2414387 1.5053916 0)
(1.2787583 1.5297107 0)
(1.3139035 1.5572602 0)
(1.34712 1.5855054 0)
(1.38145 1.6099086 0)
(1.4177993 1.6303011 0)
(1.4553788 1.6495191 0)
(1.4929721 1.6709115 0)
(1.5308817 1.6942528 0)
(1.5700343 1.714321 0)
(1.609783 1.7307241 0)
(1.6505043 1.7491381 0)
(1.693346 1.7703787 0)
(1.7362625 1.7891425 0)
(1.7768437 1.806521 0)
(1.8183913 1.8306116 0)
(1.8634332 1.853102 0)
(1.904046 1.8640679 0)
(1.9474323 1.8708729 0)
(1.9905398 1.8890842 0)
(2.035491 1.9142703 0)
(2.0785846 1.9311831 0)
(2.1201873 1.9386598 0)
(2.1642965 1.9471919 0)
(2.2099435 1.9626874 0)
(2.2576439 1.9754622 0)
(2.3047472 1.9794106 0)
(2.3517393 1.9725821 0)
(2.4007246 1.966901 0)
(2.4493783 1.9741633 0)
(2.4972894 1.9828435 0)
(2.5444597 1.9872694 0)
(2.5928993 1.9833334 0)
(2.6400416 1.9733606 0)
(2.6915581 1.9730043 0)
(2.7423041 1.9750932 0)
(2.7912192 1.9782261 0)
(2.8429805 1.9769608 0)
(2.8884003 1.9751064 0)
(2.9421099 1.9659619 0)
(2.9897898 1.9562213 0)
(3.0352829 1.9487387 0)
(3.0915168 1.9383251 0)
(3.1439646 1.928518 0)
(3.1865378 1.9212543 0)
(3.2423654 1.9034463 0)
(3.3021784 1.8852937 0)
(3.3417059 1.8835388 0)
(3.3896076 1.8796388 0)
(3.4496937 1.8681855 0)
(3.5054362 1.8593433 0)
(3.5582282 1.8405497 0)
(3.5931684 1.8173347 0)
(3.6233872 1.8013188 0)
(3.6797787 1.7745341 0)
(3.7517949 1.7385512 0)
(3.7927895 1.7177812 0)
(3.8211833 1.7057319 0)
(3.8982028 1.6583313 0)
(0.60243953 0.0235822 0)
(0.59934467 0.072760052 0)
(0.60044819 0.12257428 0)
(0.60387684 0.17247386 0)
(0.60849482 0.22150276 0)
(0.61382813 0.26922569 0)
(0.62013761 0.31553535 0)
(0.62653208 0.36052602 0)
(0.633341 0.40395037 0)
(0.6400705 0.44574786 0)
(0.64614298 0.48581047 0)
(0.65288135 0.52397412 0)
(0.65888278 0.56072768 0)
(0.66544632 0.59569336 0)
(0.67255093 0.62948062 0)
(0.67876721 0.66357767 0)
(0.68675244 0.69757971 0)
(0.69793407 0.73011208 0)
(0.71048474 0.76269021 0)
(0.72423896 0.79629524 0)
(0.73608115 0.83144406 0)
(0.75092229 0.86529574 0)
(0.76941208 0.89588357 0)
(0.78814 0.92533451 0)
(0.80632036 0.95567958 0)
(0.82684959 0.98612549 0)
(0.8466223 1.018592 0)
(0.86468174 1.052606 0)
(0.8858376 1.0844874 0)
(0.91031417 1.1145641 0)
(0.93534643 1.145957 0)
(0.95662765 1.1808268 0)
(0.97898222 1.2148395 0)
(1.0056696 1.2450816 0)
(1.0362397 1.2716611 0)
(1.0672011 1.2997502 0)
(1.0965249 1.3320854 0)
(1.1249097 1.3667248 0)
(1.1548939 1.3990721 0)
(1.1864398 1.4284757 0)
(1.2197075 1.4554047 0)
(1.2551946 1.4798377 0)
(1.2923318 1.5034657 0)
(1.3283774 1.5310211 0)
(1.3617259 1.5622118 0)
(1.3956345 1.5905666 0)
(1.4316529 1.6128957 0)
(1.4688596 1.6325717 0)
(1.5060674 1.6530718 0)
(1.5428126 1.6749885 0)
(1.5800849 1.6956936 0)
(1.6191972 1.7150135 0)
(1.6601347 1.734031 0)
(1.7014312 1.7515901 0)
(1.742614 1.7686153 0)
(1.78328 1.7924062 0)
(1.8260348 1.8190189 0)
(1.867669 1.8355879 0)
(1.9102624 1.8450685 0)
(1.9517602 1.8608617 0)
(1.9941698 1.8839716 0)
(2.0371411 1.9022369 0)
(2.0777952 1.9129652 0)
(2.1198688 1.9226203 0)
(2.1608098 1.939402 0)
(2.2046709 1.955869 0)
(2.2490455 1.965072 0)
(2.2934157 1.9635605 0)
(2.3397576 1.9556253 0)
(2.3868116 1.9596708 0)
(2.4353848 1.9690668 0)
(2.4812221 1.9752519 0)
(2.5262675 1.9746272 0)
(2.5730736 1.9667498 0)
(2.6198988 1.9632246 0)
(2.6684162 1.9714219 0)
(2.7188837 1.9790537 0)
(2.7649791 1.984364 0)
(2.8186847 1.9808734 0)
(2.865837 1.9737822 0)
(2.9141937 1.965033 0)
(2.9626868 1.9565622 0)
(3.0113565 1.9493036 0)
(3.0639973 1.939181 0)
(3.1112403 1.9310621 0)
(3.1540461 1.9223389 0)
(3.2112226 1.9072537 0)
(3.2661063 1.8946022 0)
(3.3047044 1.8953138 0)
(3.3557347 1.8906706 0)
(3.4196468 1.8738343 0)
(3.4718421 1.8602729 0)
(3.5094752 1.8463526 0)
(3.5419112 1.8230768 0)
(3.5934537 1.7961045 0)
(3.6592061 1.7709251 0)
(3.7108884 1.7465133 0)
(3.7359082 1.7354131 0)
(3.7769318 1.7178357 0)
(3.8588318 1.6654713 0)
(0.65077324 0.024430864 0)
(0.6489229 0.074761749 0)
(0.65039111 0.12487166 0)
(0.65306257 0.17403243 0)
(0.65608355 0.22127937 0)
(0.65953958 0.26635986 0)
(0.66405919 0.30956555 0)
(0.66850793 0.3513162 0)
(0.67303719 0.39144209 0)
(0.67745626 0.42983744 0)
(0.68100804 0.46651683 0)
(0.6858891 0.50142452 0)
(0.69005591 0.53524152 0)
(0.69454268 0.56776654 0)
(0.70025082 0.59946409 0)
(0.70589009 0.63201931 0)
(0.71203036 0.66544592 0)
(0.72157681 0.69772129 0)
(0.73403382 0.72901118 0)
(0.7482151 0.76079728 0)
(0.75976951 0.79457671 0)
(0.77253715 0.82845769 0)
(0.78857804 0.86026632 0)
(0.80564684 0.89060178 0)
(0.82354186 0.92111925 0)
(0.84516087 0.95184596 0)
(0.86702186 0.98520793 0)
(0.88558595 1.0217631 0)
(0.90663395 1.0566038 0)
(0.93160595 1.0881292 0)
(0.95840599 1.1191329 0)
(0.98130695 1.154187 0)
(1.0035563 1.189877 0)
(1.0296061 1.2224346 0)
(1.060305 1.2506247 0)
(1.0927278 1.2785405 0)
(1.1243136 1.3105782 0)
(1.1538546 1.3475356 0)
(1.1835075 1.3848815 0)
(1.2141951 1.4195088 0)
(1.2465872 1.4499091 0)
(1.2818038 1.4754013 0)
(1.319414 1.4974136 0)
(1.3568005 1.52201 0)
(1.3907086 1.5526864 0)
(1.4234141 1.5842703 0)
(1.4581099 1.6106913 0)
(1.4944628 1.6325293 0)
(1.5314884 1.6524179 0)
(1.5678943 1.6736028 0)
(1.6036306 1.6965052 0)
(1.6414378 1.7171313 0)
(1.682008 1.7330537 0)
(1.7234625 1.7476108 0)
(1.762715 1.767463 0)
(1.8017891 1.7929817 0)
(1.8434551 1.8150598 0)
(1.8846522 1.8295808 0)
(1.9251316 1.8445786 0)
(1.9653288 1.8638262 0)
(2.006791 1.881035 0)
(2.0475361 1.8924376 0)
(2.0880547 1.9031553 0)
(2.1262714 1.9203897 0)
(2.1650632 1.9390845 0)
(2.2050536 1.9519309 0)
(2.2465629 1.954877 0)
(2.2893484 1.9506195 0)
(2.3325881 1.9524034 0)
(2.3782557 1.9615306 0)
(2.4258418 1.9681591 0)
(2.4702809 1.9684293 0)
(2.5134 1.9612627 0)
(2.5584404 1.9594185 0)
(2.6039881 1.9684413 0)
(2.6509584 1.9801483 0)
(2.7001525 1.9874505 0)
(2.7440739 1.9888914 0)
(2.7970354 1.9795197 0)
(2.8457361 1.968288 0)
(2.8913882 1.9627645 0)
(2.9416367 1.958137 0)
(2.9898761 1.9533401 0)
(3.0352259 1.9461066 0)
(3.0813025 1.9366943 0)
(3.1259967 1.926676 0)
(3.1810825 1.9147332 0)
(3.2313926 1.9048206 0)
(3.2718195 1.9049715 0)
(3.3277686 1.8971851 0)
(3.3868876 1.875571 0)
(3.4289018 1.8627233 0)
(3.461301 1.8464475 0)
(3.5050717 1.8185345 0)
(3.5689586 1.7932124 0)
(3.6215309 1.7752591 0)
(3.6532529 1.7646846 0)
(3.6900525 1.7485479 0)
(3.7438423 1.7171697 0)
(3.8190059 1.659646 0)
(0.70419696 0.024723469 0)
(0.70279812 0.07488616 0)
(0.70349493 0.12409985 0)
(0.70401393 0.17143093 0)
(0.7040667 0.21586749 0)
(0.70459354 0.25742961 0)
(0.70670078 0.29688732 0)
(0.70870949 0.3349837 0)
(0.71048619 0.37166591 0)
(0.71225493 0.40682507 0)
(0.71335001 0.44054613 0)
(0.71657382 0.47297525 0)
(0.71959629 0.50491878 0)
(0.7225879 0.53643522 0)
(0.72783274 0.567476 0)
(0.73379627 0.59960428 0)
(0.73889931 0.63328366 0)
(0.74618488 0.66655303 0)
(0.75761745 0.69806516 0)
(0.77191126 0.72913091 0)
(0.78480496 0.76245304 0)
(0.79833556 0.79726251 0)
(0.81459909 0.8315879 0)
(0.83167155 0.86510103 0)
(0.85016516 0.89776538 0)
(0.87221593 0.9297768 0)
(0.89530189 0.96379584 0)
(0.91434935 1.002346 0)
(0.9347633 1.0404634 0)
(0.96019126 1.0744361 0)
(0.98939059 1.1054363 0)
(1.0155564 1.1402162 0)
(1.0386272 1.1771465 0)
(1.064306 1.2113593 0)
(1.0950413 1.2411822 0)
(1.1288107 1.2695312 0)
(1.163265 1.3009212 0)
(1.1957195 1.3384863 0)
(1.2264454 1.379466 0)
(1.2570489 1.4194023 0)
(1.288338 1.4560645 0)
(1.3221362 1.4877343 0)
(1.3592144 1.513055 0)
(1.3978413 1.5364139 0)
(1.433684 1.5657572 0)
(1.4652247 1.5999243 0)
(1.4974384 1.6305476 0)
(1.5317193 1.6547341 0)
(1.5670843 1.6747426 0)
(1.602395 1.6943899 0)
(1.6371912 1.7165361 0)
(1.6733248 1.7372344 0)
(1.7111844 1.7531473 0)
(1.7500068 1.7674857 0)
(1.7890649 1.7854628 0)
(1.828896 1.8064533 0)
(1.8685049 1.8256166 0)
(1.9065779 1.8435839 0)
(1.945171 1.8628063 0)
(1.9858024 1.8793718 0)
(2.0257548 1.8893929 0)
(2.0656838 1.8967084 0)
(2.1038476 1.9111239 0)
(2.1410451 1.9297554 0)
(2.1772841 1.9450911 0)
(2.2136533 1.9526106 0)
(2.2519966 1.9524103 0)
(2.2921225 1.9541778 0)
(2.3334295 1.9616792 0)
(2.3775344 1.9673993 0)
(2.4237634 1.9662209 0)
(2.4670404 1.9599779 0)
(2.5087594 1.9573792 0)
(2.5514914 1.9681548 0)
(2.5954162 1.981213 0)
(2.6402717 1.9908789 0)
(2.6879483 1.9928574 0)
(2.7320495 1.9848318 0)
(2.7800853 1.9741117 0)
(2.8289901 1.9684442 0)
(2.8752359 1.9686369 0)
(2.9241408 1.9680755 0)
(2.9691407 1.9649292 0)
(3.0093421 1.9565523 0)
(3.0606812 1.9409835 0)
(3.1054682 1.9305583 0)
(3.1509226 1.9231056 0)
(3.202678 1.9146048 0)
(3.2472537 1.9113945 0)
(3.3017804 1.9005938 0)
(3.3527334 1.8769573 0)
(3.3869392 1.863459 0)
(3.4251428 1.8405543 0)
(3.4786624 1.8164255 0)
(3.5349739 1.7950252 0)
(3.5673073 1.7886388 0)
(3.6057091 1.7763338 0)
(3.6610528 1.7427271 0)
(3.703868 1.707383 0)
(3.7680154 1.6576186 0)
(0.75999044 0.023854161 0)
(0.75841967 0.07183883 0)
(0.75738531 0.11857851 0)
(0.75444547 0.16290396 0)
(0.75025875 0.20368339 0)
(0.74697405 0.24134335 0)
(0.74631306 0.27720609 0)
(0.7457417 0.31223595 0)
(0.74482432 0.34649125 0)
(0.74417337 0.37984775 0)
(0.74358694 0.41237775 0)
(0.74593498 0.44427601 0)
(0.74936339 0.47637319 0)
(0.751826 0.5090454 0)
(0.75721497 0.54114686 0)
(0.76411719 0.57417113 0)
(0.770067 0.60945815 0)
(0.77699331 0.64535715 0)
(0.78834273 0.6792479 0)
(0.80410184 0.71134565 0)
(0.8194535 0.74528376 0)
(0.83459618 0.78160136 0)
(0.851881 0.81891968 0)
(0.86876588 0.85702365 0)
(0.88720313 0.89395124 0)
(0.91018865 0.92891666 0)
(0.93568582 0.96427768 0)
(0.95673536 1.0045064 0)
(0.97700864 1.0458912 0)
(1.0023129 1.0836739 0)
(1.0339875 1.1165358 0)
(1.064421 1.1533135 0)
(1.0890907 1.1954255 0)
(1.1140869 1.2357282 0)
(1.1449485 1.2700861 0)
(1.1805171 1.3008084 0)
(1.2192595 1.3315121 0)
(1.2557246 1.3691305 0)
(1.2871301 1.413103 0)
(1.3149516 1.4575241 0)
(1.3434246 1.4971393 0)
(1.3749532 1.530346 0)
(1.4108152 1.555748 0)
(1.4489907 1.5759107 0)
(1.4859417 1.599436 0)
(1.5168093 1.6304434 0)
(1.5457693 1.6618926 0)
(1.5771289 1.6870519 0)
(1.6103889 1.7066341 0)
(1.6446365 1.7231649 0)
(1.6788178 1.741371 0)
(1.7133188 1.7600717 0)
(1.749117 1.7749189 0)
(1.7857619 1.7875177 0)
(1.8227427 1.8015748 0)
(1.8602613 1.8180258 0)
(1.8976881 1.836465 0)
(1.934924 1.8567815 0)
(1.9736661 1.8766847 0)
(2.0123576 1.8910382 0)
(2.0510393 1.8999958 0)
(2.0892311 1.9103513 0)
(2.126033 1.9256358 0)
(2.1617466 1.9405505 0)
(2.195909 1.9513784 0)
(2.2295255 1.9564897 0)
(2.2641457 1.9614975 0)
(2.3007832 1.9699127 0)
(2.3396061 1.9751754 0)
(2.3817566 1.9729995 0)
(2.4267049 1.9653226 0)
(2.4683726 1.9620592 0)
(2.5088099 1.9705089 0)
(2.5515186 1.9830706 0)
(2.5935853 1.992422 0)
(2.6375968 1.9952819 0)
(2.6826135 1.9905992 0)
(2.7245436 1.981444 0)
(2.7706957 1.9785882 0)
(2.8187586 1.982042 0)
(2.8632885 1.986098 0)
(2.9103702 1.9836687 0)
(2.9547567 1.9745799 0)
(2.9921013 1.9594776 0)
(3.0436242 1.9445129 0)
(3.0883803 1.9371762 0)
(3.1284626 1.9338791 0)
(3.1805411 1.9262939 0)
(3.228738 1.9163801 0)
(3.2739095 1.903624 0)
(3.3188366 1.8796212 0)
(3.3543045 1.8591303 0)
(3.4019495 1.8378977 0)
(3.450778 1.8210222 0)
(3.492229 1.8065969 0)
(3.5234303 1.7967039 0)
(3.578051 1.7678726 0)
(3.620943 1.7328678 0)
(3.6536855 1.703623 0)
(3.7203593 1.6636584 0)
(0.81331707 0.021929616 0)
(0.81154044 0.066218077 0)
(0.80841034 0.1095377 0)
(0.80134065 0.15043685 0)
(0.79241823 0.18762142 0)
(0.7853935 0.22210874 0)
(0.78272302 0.25572057 0)
(0.78064738 0.28944819 0)
(0.77848991 0.3234607 0)
(0.77707828 0.35748406 0)
(0.77682449 0.39145161 0)
(0.77977741 0.42514729 0)
(0.78550288 0.45943977 0)
(0.78797434 0.49504676 0)
(0.793562 0.52984523 0)
(0.80245662 0.56494241 0)
(0.81086182 0.60269859 0)
(0.81760396 0.64224263 0)
(0.82776722 0.67990618 0)
(0.8435973 0.71402005 0)
(0.86106854 0.74796107 0)
(0.8786491 0.7844937 0)
(0.89845273 0.82344025 0)
(0.91626568 0.86602004 0)
(0.93412901 0.90900701 0)
(0.95673019 0.94880813 0)
(0.98415447 0.98498096 0)
(1.0077991 1.02458 0)
(1.0294429 1.0663397 0)
(1.055045 1.1075276 0)
(1.0897172 1.14389 0)
(1.1264019 1.183435 0)
(1.156219 1.2311328 0)
(1.1798868 1.2812317 0)
(1.2090584 1.3240212 0)
(1.2452082 1.3585712 0)
(1.2852724 1.3890468 0)
(1.3258445 1.4215231 0)
(1.3594528 1.4614627 0)
(1.3861333 1.5036108 0)
(1.4119353 1.5418243 0)
(1.4396506 1.5743622 0)
(1.4709145 1.5998261 0)
(1.5047776 1.6176958 0)
(1.5385465 1.6344018 0)
(1.5676083 1.6580935 0)
(1.592257 1.6871746 0)
(1.618578 1.7134981 0)
(1.64786 1.7342867 0)
(1.6792575 1.750002 0)
(1.7114038 1.7651579 0)
(1.7428157 1.7834367 0)
(1.7748452 1.7996304 0)
(1.808473 1.8114608 0)
(1.843742 1.820702 0)
(1.8801128 1.8318354 0)
(1.9161195 1.8488382 0)
(1.9527302 1.8699816 0)
(1.9911704 1.8894016 0)
(2.0296072 1.904191 0)
(2.0678015 1.9172561 0)
(2.1057103 1.9305287 0)
(2.1431123 1.9421988 0)
(2.1790319 1.9508457 0)
(2.2131579 1.9569288 0)
(2.2456725 1.9640119 0)
(2.2785307 1.9737611 0)
(2.3141571 1.9807945 0)
(2.350688 1.9806306 0)
(2.3903044 1.9730454 0)
(2.433686 1.9697465 0)
(2.4741577 1.9745866 0)
(2.5142371 1.9836167 0)
(2.5567765 1.9911369 0)
(2.5967972 1.9960547 0)
(2.6374932 1.9955338 0)
(2.6787507 1.9922549 0)
(2.7208034 1.9930098 0)
(2.7661506 1.9993928 0)
(2.812644 2.0036181 0)
(2.8553533 2.0037026 0)
(2.9027504 1.9914691 0)
(2.9450658 1.9755952 0)
(2.9818127 1.9615098 0)
(3.0297949 1.9555354 0)
(3.0748584 1.952112 0)
(3.1135945 1.9500034 0)
(3.1629325 1.9382501 0)
(3.2116238 1.9196053 0)
(3.2487722 1.9028422 0)
(3.2899464 1.8806574 0)
(3.3326281 1.8592596 0)
(3.3835662 1.8419341 0)
(3.4171273 1.8329166 0)
(3.4541569 1.8187819 0)
(3.4973914 1.7919711 0)
(3.5472159 1.7558713 0)
(3.5751549 1.7299596 0)
(3.6132079 1.7097951 0)
(3.6832661 1.6834456 0)
(0.86140604 0.019569993 0)
(0.86002225 0.059778672 0)
(0.85512324 0.099812609 0)
(0.84412357 0.1379723 0)
(0.83124599 0.1729668 0)
(0.82236125 0.20666211 0)
(0.82033897 0.24076567 0)
(0.81950541 0.27607257 0)
(0.81854876 0.31278573 0)
(0.81813685 0.35024115 0)
(0.81892642 0.38801462 0)
(0.82246772 0.42536881 0)
(0.83006658 0.4629498 0)
(0.83249107 0.50212696 0)
(0.8368901 0.54038843 0)
(0.8464252 0.57752967 0)
(0.85719707 0.61679904 0)
(0.86441129 0.65928824 0)
(0.8725258 0.70100803 0)
(0.8869881 0.73788001 0)
(0.90671406 0.77085925 0)
(0.92802738 0.80559406 0)
(0.95227594 0.84357693 0)
(0.97350586 0.88861693 0)
(0.99156815 0.93835512 0)
(1.0114239 0.98598437 0)
(1.0396727 1.0250997 0)
(1.0661066 1.0636243 0)
(1.0904452 1.1035391 0)
(1.1192103 1.1442191 0)
(1.1576652 1.1832168 0)
(1.200237 1.2260223 0)
(1.234868 1.2780717 0)
(1.2563505 1.3355601 0)
(1.2820658 1.3847163 0)
(1.3163196 1.4215002 0)
(1.355952 1.4481239 0)
(1.395052 1.4723606 0)
(1.425906 1.5035715 0)
(1.4471191 1.539753 0)
(1.4659376 1.575741 0)
(1.4871236 1.6075692 0)
(1.5126848 1.6329318 0)
(1.5418922 1.6494273 0)
(1.5718826 1.6610897 0)
(1.5999404 1.6768472 0)
(1.6236225 1.7005386 0)
(1.6472117 1.7257658 0)
(1.6733353 1.7470971 0)
(1.7020084 1.763602 0)
(1.7325236 1.7761124 0)
(1.7630874 1.7917186 0)
(1.7934823 1.8076333 0)
(1.8245922 1.8192152 0)
(1.8566423 1.827483 0)
(1.8899725 1.8372316 0)
(1.9253554 1.8516629 0)
(1.963128 1.8697302 0)
(2.001829 1.8890801 0)
(2.0401413 1.908844 0)
(2.0780335 1.9276683 0)
(2.1157018 1.9427086 0)
(2.153499 1.9521983 0)
(2.1898525 1.9577674 0)
(2.223232 1.9639952 0)
(2.2546634 1.9724003 0)
(2.2885427 1.979897 0)
(2.324114 1.9833655 0)
(2.3587574 1.9814374 0)
(2.3956229 1.9788066 0)
(2.4369209 1.9833359 0)
(2.4767931 1.9894136 0)
(2.5157939 1.9944772 0)
(2.5580898 1.9963757 0)
(2.5982469 1.9973056 0)
(2.6381679 1.9988876 0)
(2.6783076 2.0050178 0)
(2.7202331 2.0138763 0)
(2.7652294 2.0188451 0)
(2.8099951 2.0179202 0)
(2.8517629 2.0100546 0)
(2.8967958 1.9936679 0)
(2.937059 1.9819485 0)
(2.9758776 1.9780123 0)
(3.0215855 1.9766624 0)
(3.0645232 1.9718933 0)
(3.1043588 1.9613528 0)
(3.1490218 1.9411202 0)
(3.1930296 1.9204049 0)
(3.2295739 1.9018278 0)
(3.2717825 1.885379 0)
(3.3165257 1.8700161 0)
(3.3588459 1.8551028 0)
(3.3867546 1.8450172 0)
(3.4318183 1.8181388 0)
(3.469102 1.787868 0)
(3.5073041 1.7612103 0)
(3.541852 1.7429869 0)
(3.5859314 1.7325342 0)
(3.6557684 1.7124577 0)
(0.90586195 0.017820406 0)
(0.90597065 0.055335993 0)
(0.90055829 0.09389182 0)
(0.88715548 0.13176688 0)
(0.87273193 0.16790868 0)
(0.86472083 0.20453823 0)
(0.86526996 0.24220673 0)
(0.86689689 0.28168805 0)
(0.86721328 0.32294191 0)
(0.86718437 0.36473329 0)
(0.86760963 0.40604841 0)
(0.87068063 0.44594738 0)
(0.87922468 0.48484631 0)
(0.88239968 0.52546072 0)
(0.88388393 0.5657079 0)
(0.89355065 0.60298216 0)
(0.90759641 0.64093202 0)
(0.91770843 0.68373816 0)
(0.9251614 0.72861651 0)
(0.93576524 0.7697742 0)
(0.95569456 0.80263201 0)
(0.980926 0.83272256 0)
(1.0107804 0.86510629 0)
(1.0391004 0.9075827 0)
(1.0627074 0.96178991 0)
(1.0791215 1.0215949 0)
(1.1056799 1.0727331 0)
(1.1326706 1.1185223 0)
(1.1622935 1.1575962 0)
(1.1946423 1.1967534 0)
(1.239205 1.2311283 0)
(1.2865764 1.2686563 0)
(1.3205133 1.3196561 0)
(1.3340644 1.3794801 0)
(1.3451717 1.4341106 0)
(1.3709252 1.4712505 0)
(1.4037354 1.4940734 0)
(1.4374913 1.5092088 0)
(1.4649296 1.5294168 0)
(1.4836062 1.5547581 0)
(1.4995321 1.5820773 0)
(1.517304 1.6085485 0)
(1.5376482 1.6339167 0)
(1.5624545 1.6523129 0)
(1.5894902 1.6634237 0)
(1.6171715 1.6740547 0)
(1.6432732 1.6917301 0)
(1.6666143 1.7172047 0)
(1.6911067 1.7416976 0)
(1.7189618 1.7597522 0)
(1.7479949 1.7717047 0)
(1.776314 1.7851687 0)
(1.8022347 1.8040417 0)
(1.8288279 1.8191919 0)
(1.857922 1.8297171 0)
(1.8912398 1.8382232 0)
(1.928185 1.8478015 0)
(1.9663568 1.8635437 0)
(2.0047071 1.8845144 0)
(2.0436611 1.9082959 0)
(2.0830182 1.9295612 0)
(2.121078 1.9456766 0)
(2.1582958 1.956499 0)
(2.194296 1.9635362 0)
(2.2276212 1.969172 0)
(2.2589984 1.9732174 0)
(2.2932982 1.9767966 0)
(2.3285005 1.9798098 0)
(2.3627266 1.9826982 0)
(2.3979417 1.9881309 0)
(2.438052 1.9946538 0)
(2.4788287 1.9979946 0)
(2.5158417 1.999473 0)
(2.5552958 2.0000307 0)
(2.5958356 2.0040132 0)
(2.6348616 2.0129257 0)
(2.6742096 2.0236882 0)
(2.7169599 2.0309758 0)
(2.7604609 2.0314425 0)
(2.8038944 2.0258012 0)
(2.8455621 2.0158195 0)
(2.8882524 2.0066515 0)
(2.9295345 2.0041691 0)
(2.9696104 2.0043519 0)
(3.0138246 1.9966808 0)
(3.0524233 1.9830384 0)
(3.0938035 1.961853 0)
(3.1349851 1.9405786 0)
(3.1760422 1.9261631 0)
(3.2158106 1.9139193 0)
(3.2583767 1.9016331 0)
(3.2963161 1.886617 0)
(3.3357119 1.8653772 0)
(3.3686083 1.8422979 0)
(3.4095126 1.8157416 0)
(3.4391518 1.7973612 0)
(3.4838531 1.7816931 0)
(3.5242026 1.7739394 0)
(3.563166 1.7688497 0)
(3.6333305 1.7439746 0)
(0.95171299 0.018020913 0)
(0.95443068 0.056174032 0)
(0.95018679 0.096590066 0)
(0.9359028 0.13766974 0)
(0.92099088 0.17811917 0)
(0.91386795 0.21937037 0)
(0.91643723 0.26070903 0)
(0.92024368 0.30300668 0)
(0.92129734 0.34639325 0)
(0.92137191 0.38965041 0)
(0.92068864 0.43154608 0)
(0.9230211 0.47145932 0)
(0.93194667 0.50910936 0)
(0.9384761 0.54927838 0)
(0.93610485 0.59089064 0)
(0.94410668 0.62858183 0)
(0.96091558 0.66408218 0)
(0.97621204 0.70506519 0)
(0.98626775 0.75244793 0)
(0.99257381 0.80064808 0)
(1.0070016 0.84006789 0)
(1.03299 0.86925845 0)
(1.0669886 0.89547595 0)
(1.104231 0.93005912 0)
(1.1396339 0.97927652 0)
(1.1633925 1.0437936 0)
(1.1908427 1.1113082 0)
(1.2148281 1.1745707 0)
(1.2392819 1.2267164 0)
(1.2746668 1.2651876 0)
(1.3164863 1.2958635 0)
(1.3567727 1.3258559 0)
(1.3853537 1.3605077 0)
(1.3943345 1.4037891 0)
(1.3908689 1.4509992 0)
(1.4035022 1.485308 0)
(1.4276421 1.5032126 0)
(1.4549451 1.51273 0)
(1.4795315 1.5262699 0)
(1.4974616 1.5453013 0)
(1.5114854 1.5682132 0)
(1.5294886 1.5886232 0)
(1.550985 1.6093311 0)
(1.5734342 1.6337797 0)
(1.5993819 1.648413 0)
(1.6274316 1.6581529 0)
(1.6557077 1.6720561 0)
(1.6838459 1.6942441 0)
(1.7086398 1.7243589 0)
(1.7320652 1.7543774 0)
(1.7592084 1.7728735 0)
(1.7877553 1.7803817 0)
(1.8142313 1.7923395 0)
(1.8383393 1.8083054 0)
(1.864961 1.8219461 0)
(1.8965061 1.8346334 0)
(1.9326873 1.8456694 0)
(1.9723109 1.85794 0)
(2.0125567 1.8748643 0)
(2.0522144 1.8994411 0)
(2.0911741 1.9244791 0)
(2.1283872 1.9448237 0)
(2.1635776 1.9603242 0)
(2.197586 1.970149 0)
(2.2300779 1.9732592 0)
(2.2613674 1.9711157 0)
(2.2947835 1.9730641 0)
(2.3293008 1.979677 0)
(2.3638397 1.9883963 0)
(2.3973891 1.9967271 0)
(2.4355699 2.002955 0)
(2.4762886 2.0053028 0)
(2.5123002 2.0067106 0)
(2.5506951 2.010123 0)
(2.5920138 2.0177904 0)
(2.6308601 2.0272067 0)
(2.6723126 2.0339102 0)
(2.7145707 2.0366722 0)
(2.7535965 2.0357947 0)
(2.7970287 2.0317935 0)
(2.8394733 2.028933 0)
(2.8799639 2.0288063 0)
(2.9231502 2.0259831 0)
(2.9639167 2.0175456 0)
(3.0038435 2.0011158 0)
(3.0388698 1.98109 0)
(3.0816305 1.9633477 0)
(3.1211096 1.9513277 0)
(3.1609719 1.944086 0)
(3.2029929 1.9326858 0)
(3.2426292 1.9158201 0)
(3.2757395 1.8934702 0)
(3.3148944 1.865861 0)
(3.3477307 1.8465554 0)
(3.3909313 1.8306543 0)
(3.4249103 1.825516 0)
(3.4672001 1.8203914 0)
(3.5053333 1.8152786 0)
(3.5462458 1.8019104 0)
(3.614677 1.7678655 0)
(1.0045506 0.019808368 0)
(1.0097621 0.060627578 0)
(1.0076117 0.10420137 0)
(0.99281131 0.1489936 0)
(0.97716035 0.19293383 0)
(0.97006867 0.23691523 0)
(0.97360006 0.27959072 0)
(0.97907164 0.32217815 0)
(0.98031026 0.36569127 0)
(0.98003537 0.40914459 0)
(0.97748821 0.45118905 0)
(0.97822319 0.49076369 0)
(0.98698407 0.52745139 0)
(0.99824536 0.56713486 0)
(0.99382203 0.61107098 0)
(0.9975217 0.65113371 0)
(1.0162195 0.68385897 0)
(1.038709 0.71892353 0)
(1.0568977 0.76467853 0)
(1.0668396 0.82020923 0)
(1.0684704 0.87579289 0)
(1.0891625 0.91393493 0)
(1.1253842 0.93667461 0)
(1.1711476 0.95811101 0)
(1.2193694 0.99358286 0)
(1.2615034 1.0504237 0)
(1.3009536 1.1253391 0)
(1.3200303 1.2102125 0)
(1.3234444 1.2805694 0)
(1.3437452 1.3255693 0)
(1.3756244 1.3467987 0)
(1.4050241 1.3592332 0)
(1.4173844 1.3751256 0)
(1.422194 1.3993311 0)
(1.4172012 1.4319604 0)
(1.4186114 1.4642542 0)
(1.4352074 1.4823429 0)
(1.4580483 1.4916557 0)
(1.4820946 1.5025782 0)
(1.502302 1.5192427 0)
(1.5165448 1.5436794 0)
(1.5357261 1.5649154 0)
(1.5616892 1.5828963 0)
(1.5890483 1.6077573 0)
(1.6128718 1.6380694 0)
(1.6400742 1.6571503 0)
(1.6720759 1.6679682 0)
(1.7060358 1.6820329 0)
(1.7341394 1.7072392 0)
(1.7597018 1.7366843 0)
(1.7836119 1.7697075 0)
(1.8094708 1.7871269 0)
(1.8343005 1.7957309 0)
(1.8574963 1.8058468 0)
(1.8821509 1.8160157 0)
(1.9123171 1.8304123 0)
(1.94763 1.8469959 0)
(1.9863421 1.8646112 0)
(2.0265595 1.8797438 0)
(2.0675798 1.9004041 0)
(2.1060144 1.9260943 0)
(2.1421523 1.9490186 0)
(2.1757004 1.9665609 0)
(2.2069915 1.9773165 0)
(2.2367733 1.9794381 0)
(2.2665583 1.9756916 0)
(2.2995366 1.9770218 0)
(2.3351276 1.9833049 0)
(2.3699297 1.9914832 0)
(2.4026074 1.9988838 0)
(2.4386809 2.0059451 0)
(2.4774324 2.0122217 0)
(2.5129413 2.018285 0)
(2.5513481 2.0242545 0)
(2.5924959 2.0299498 0)
(2.6304982 2.035497 0)
(2.6711245 2.0383225 0)
(2.7094967 2.0402623 0)
(2.7461549 2.0417963 0)
(2.7893488 2.0446157 0)
(2.830335 2.0476976 0)
(2.8700149 2.0476166 0)
(2.9147825 2.036813 0)
(2.9524364 2.0200285 0)
(2.987761 2.0020808 0)
(3.0225235 1.9870564 0)
(3.0644289 1.979199 0)
(3.1034067 1.9707324 0)
(3.1459258 1.9589538 0)
(3.1872319 1.9402262 0)
(3.2231342 1.918088 0)
(3.2557708 1.8941225 0)
(3.2959914 1.8758725 0)
(3.3365662 1.8668071 0)
(3.3807739 1.8611534 0)
(3.4115343 1.8653478 0)
(3.454325 1.8565199 0)
(3.4975921 1.8382388 0)
(3.5327647 1.8219596 0)
(3.5964058 1.7943532 0)
(1.0637172 0.020371932 0)
(1.0706095 0.061334219 0)
(1.0717699 0.1051728 0)
(1.0575735 0.15142229 0)
(1.0413611 0.19726052 0)
(1.0332277 0.24347465 0)
(1.0358314 0.287898 0)
(1.0413967 0.33155079 0)
(1.0422154 0.3759544 0)
(1.0412969 0.42052402 0)
(1.0372009 0.46427605 0)
(1.0345103 0.505832 0)
(1.0428106 0.54388598 0)
(1.0593762 0.58277503 0)
(1.0597216 0.63101401 0)
(1.0534315 0.67850705 0)
(1.0677038 0.71623953 0)
(1.0972669 0.74422307 0)
(1.1291088 0.78066843 0)
(1.1528083 0.8347571 0)
(1.154285 0.90195798 0)
(1.1492246 0.96394681 0)
(1.1758643 1.0040625 0)
(1.2266965 1.0284377 0)
(1.2972353 1.050711 0)
(1.3642943 1.0942094 0)
(1.4147943 1.1574193 0)
(1.4271853 1.2307871 0)
(1.4046666 1.2980945 0)
(1.3883674 1.344878 0)
(1.3985711 1.3604889 0)
(1.4115144 1.3611427 0)
(1.418651 1.3625205 0)
(1.4259753 1.3707657 0)
(1.4289407 1.390082 0)
(1.4263581 1.4214442 0)
(1.4370585 1.4483477 0)
(1.4580049 1.4657902 0)
(1.4828392 1.4800984 0)
(1.5110173 1.4962316 0)
(1.5338994 1.5248435 0)
(1.5590013 1.5527033 0)
(1.5911137 1.5710952 0)
(1.6253832 1.5909737 0)
(1.6525217 1.6215515 0)
(1.6776809 1.6544971 0)
(1.7074108 1.6795638 0)
(1.7408207 1.6968654 0)
(1.7706779 1.7221264 0)
(1.8006254 1.7470348 0)
(1.8241485 1.7786474 0)
(1.84721 1.8030605 0)
(1.8690854 1.8132369 0)
(1.8885993 1.8201476 0)
(1.9095419 1.8249115 0)
(1.9384689 1.8364697 0)
(1.974863 1.854121 0)
(2.0145951 1.8774163 0)
(2.0542182 1.8956599 0)
(2.0952759 1.9138101 0)
(2.1331901 1.9369835 0)
(2.1672682 1.959435 0)
(2.1981255 1.9765611 0)
(2.2260876 1.9867278 0)
(2.2530774 1.9888772 0)
(2.2812881 1.9864703 0)
(2.3133887 1.986866 0)
(2.3489375 1.9909302 0)
(2.3824266 1.9976561 0)
(2.4135359 2.0055173 0)
(2.4474419 2.0148003 0)
(2.4841229 2.0243776 0)
(2.521057 2.032193 0)
(2.5600092 2.0371342 0)
(2.600157 2.0394489 0)
(2.637775 2.0415836 0)
(2.6748077 2.0444446 0)
(2.7082558 2.048714 0)
(2.7440058 2.0528899 0)
(2.7860885 2.0563636 0)
(2.8260385 2.0570737 0)
(2.8659498 2.0510522 0)
(2.9054159 2.036989 0)
(2.939779 2.0206509 0)
(2.9757745 2.0076436 0)
(3.0104257 1.9978059 0)
(3.0504787 1.9872503 0)
(3.0890815 1.9733295 0)
(3.1304021 1.9567716 0)
(3.1676672 1.9389328 0)
(3.2031014 1.9220228 0)
(3.2434104 1.9068874 0)
(3.2893854 1.8960856 0)
(3.3267764 1.8952604 0)
(3.3650811 1.894849 0)
(3.4023874 1.8906686 0)
(3.4515757 1.870171 0)
(3.4856915 1.8583646 0)
(3.5162011 1.8502226 0)
(3.5844528 1.8331133 0)
(1.1282768 0.019056776 0)
(1.1360375 0.057037823 0)
(1.1411905 0.097275828 0)
(1.1292256 0.14149917 0)
(1.1132863 0.18716615 0)
(1.1040323 0.2348287 0)
(1.105087 0.28159805 0)
(1.110152 0.32732396 0)
(1.1112991 0.37344106 0)
(1.1107032 0.41965091 0)
(1.1077862 0.46641665 0)
(1.1004176 0.51114787 0)
(1.1071579 0.55199161 0)
(1.1288911 0.58609232 0)
(1.145934 0.63369819 0)
(1.1354568 0.68964525 0)
(1.1372708 0.73856327 0)
(1.1633356 0.7695761 0)
(1.205481 0.79284111 0)
(1.2462267 0.83169655 0)
(1.2666512 0.89557001 0)
(1.2556935 0.97427769 0)
(1.2638943 1.0444468 0)
(1.3071397 1.0899611 0)
(1.3766232 1.1229975 0)
(1.4571225 1.1525133 0)
(1.4994395 1.1928357 0)
(1.4893989 1.2350892 0)
(1.4556314 1.2871688 0)
(1.4107191 1.327499 0)
(1.3971506 1.3436949 0)
(1.4000527 1.3442322 0)
(1.4027025 1.3497782 0)
(1.4129873 1.3471249 0)
(1.4325465 1.3562749 0)
(1.4392983 1.3840698 0)
(1.4501147 1.4165827 0)
(1.4776907 1.4420293 0)
(1.5147005 1.4692086 0)
(1.5605598 1.4950904 0)
(1.5974209 1.537347 0)
(1.620406 1.5849565 0)
(1.6510138 1.6171154 0)
(1.6855998 1.6347957 0)
(1.7119087 1.6578831 0)
(1.7311252 1.6845737 0)
(1.7545674 1.7083201 0)
(1.7852454 1.725989 0)
(1.8155309 1.7513669 0)
(1.846975 1.7772715 0)
(1.8754211 1.807403 0)
(1.8953006 1.8375928 0)
(1.9124836 1.8510143 0)
(1.9268988 1.8541046 0)
(1.9422259 1.8508377 0)
(1.9686692 1.8567451 0)
(2.0068212 1.8742216 0)
(2.048403 1.9026396 0)
(2.0876202 1.9269821 0)
(2.1282353 1.947311 0)
(2.1666169 1.9657879 0)
(2.199231 1.9827773 0)
(2.2276343 1.9957581 0)
(2.2527668 2.0026962 0)
(2.2772006 2.0042623 0)
(2.3032101 2.0042277 0)
(2.3328273 2.0059952 0)
(2.3666321 2.0102202 0)
(2.3990495 2.0162716 0)
(2.4294937 2.0236721 0)
(2.461819 2.0325174 0)
(2.4973562 2.0421065 0)
(2.5362438 2.0496369 0)
(2.5750238 2.0542445 0)
(2.6125581 2.0567707 0)
(2.6481715 2.0590379 0)
(2.6803352 2.0631789 0)
(2.7111266 2.0666174 0)
(2.7471097 2.0670085 0)
(2.786969 2.0651944 0)
(2.8247182 2.061318 0)
(2.8623054 2.0526062 0)
(2.8954985 2.0404165 0)
(2.9294835 2.0277924 0)
(2.9656656 2.0158715 0)
(2.9989627 2.0038046 0)
(3.0359099 1.9889046 0)
(3.0725581 1.9726799 0)
(3.1116989 1.957676 0)
(3.1509103 1.9447625 0)
(3.1948331 1.9337951 0)
(3.2395722 1.925279 0)
(3.2770364 1.9236902 0)
(3.3125141 1.9236987 0)
(3.3621299 1.9117824 0)
(3.4057492 1.9012597 0)
(3.4425181 1.8937144 0)
(3.4701994 1.8942721 0)
(3.5118964 1.889171 0)
(3.5845341 1.8774167 0)
(1.1848204 0.019060658 0)
(1.1917896 0.055232566 0)
(1.2014829 0.09084374 0)
(1.1964029 0.13304978 0)
(1.1860276 0.18036813 0)
(1.1795398 0.23230516 0)
(1.1809998 0.28582644 0)
(1.18515 0.33925146 0)
(1.1861805 0.39214103 0)
(1.1851666 0.44446946 0)
(1.1842264 0.49900948 0)
(1.1679924 0.55113836 0)
(1.1643389 0.60045823 0)
(1.1917244 0.63846596 0)
(1.229875 0.6860293 0)
(1.2187111 0.75149813 0)
(1.1936041 0.80673994 0)
(1.2105383 0.84883495 0)
(1.2679235 0.87467494 0)
(1.3283297 0.8977201 0)
(1.3718952 0.95382257 0)
(1.3679014 1.0221194 0)
(1.3445712 1.0911491 0)
(1.3773281 1.1375696 0)
(1.4473406 1.1611519 0)
(1.5159501 1.1791508 0)
(1.5294922 1.1967429 0)
(1.5132589 1.2037826 0)
(1.4829702 1.2405495 0)
(1.427231 1.278569 0)
(1.3941348 1.3084094 0)
(1.4006659 1.3132485 0)
(1.4099095 1.3302888 0)
(1.4243793 1.3403743 0)
(1.4525639 1.3410082 0)
(1.4856105 1.3612539 0)
(1.5117229 1.4076727 0)
(1.5588588 1.4601828 0)
(1.6096768 1.519816 0)
(1.6635279 1.5565785 0)
(1.7037116 1.5976421 0)
(1.7136661 1.6447604 0)
(1.7239161 1.6854409 0)
(1.7443151 1.7003936 0)
(1.7602394 1.713318 0)
(1.7742067 1.7302649 0)
(1.7952821 1.7449107 0)
(1.8277681 1.7616591 0)
(1.8633006 1.7843729 0)
(1.9001955 1.8110239 0)
(1.93765 1.8430033 0)
(1.9605982 1.8757867 0)
(1.9709685 1.8946986 0)
(1.9771296 1.8931356 0)
(1.9830224 1.8813648 0)
(2.0044908 1.8785737 0)
(2.0456696 1.8934883 0)
(2.0923159 1.925995 0)
(2.1320622 1.9575661 0)
(2.1711271 1.9850936 0)
(2.206092 2.004265 0)
(2.2349135 2.0158605 0)
(2.2605345 2.0222886 0)
(2.2834302 2.0236887 0)
(2.3069234 2.0234091 0)
(2.331907 2.0256881 0)
(2.3595834 2.0310176 0)
(2.3905039 2.0379681 0)
(2.4212887 2.0451439 0)
(2.4510638 2.0515142 0)
(2.4825896 2.0571502 0)
(2.5189895 2.0642675 0)
(2.5594648 2.071122 0)
(2.5971844 2.0763611 0)
(2.6307427 2.0809402 0)
(2.6619629 2.0848742 0)
(2.6909642 2.0885659 0)
(2.72182 2.0875638 0)
(2.7576948 2.0809199 0)
(2.7942434 2.0728703 0)
(2.8296638 2.064849 0)
(2.8633027 2.0556429 0)
(2.8923066 2.0446458 0)
(2.9262164 2.0307457 0)
(2.961716 2.0156812 0)
(2.9957229 2.0014671 0)
(3.0297609 1.9884181 0)
(3.0622303 1.9782811 0)
(3.0996489 1.9696693 0)
(3.1453729 1.960476 0)
(3.1893411 1.954847 0)
(3.2256725 1.9558854 0)
(3.2671376 1.9524228 0)
(3.3148826 1.9428083 0)
(3.3566928 1.9361632 0)
(3.3834166 1.9420079 0)
(3.424171 1.9407095 0)
(3.4745976 1.9325557 0)
(3.514123 1.9319942 0)
(3.5773787 1.9263932 0)
(1.6709425 0.020847273 0)
(1.6697316 0.062519273 0)
(1.6715054 0.09460801 0)
(1.6605141 0.1241616 0)
(1.6396263 0.15832153 0)
(1.6176688 0.19944395 0)
(1.5990276 0.24375632 0)
(1.5800197 0.28853564 0)
(1.5583474 0.3354125 0)
(1.537318 0.38586589 0)
(1.5234373 0.44203239 0)
(1.4928026 0.5083623 0)
(1.4633103 0.59101791 0)
(1.4670127 0.65977061 0)
(1.4974417 0.70545639 0)
(1.4844951 0.7702876 0)
(1.4347848 0.84679254 0)
(1.4037285 0.93070004 0)
(1.4110883 0.98531758 0)
(1.462002 0.98398655 0)
(1.5161837 0.99772066 0)
(1.499085 1.0489942 0)
(1.4512402 1.0967874 0)
(1.4339007 1.1521773 0)
(1.4542628 1.1656819 0)
(1.4811761 1.1825696 0)
(1.4883963 1.1895994 0)
(1.4865072 1.197757 0)
(1.4736957 1.2124872 0)
(1.439616 1.2426367 0)
(1.400852 1.279816 0)
(1.417519 1.2971607 0)
(1.4659063 1.3291087 0)
(1.4985895 1.3907106 0)
(1.5393687 1.4101403 0)
(1.5941115 1.42242 0)
(1.641023 1.4823931 0)
(1.7011513 1.5385468 0)
(1.7356511 1.6156826 0)
(1.7730475 1.643878 0)
(1.7928124 1.6680515 0)
(1.7902506 1.6928297 0)
(1.7779502 1.7244625 0)
(1.7813991 1.7448127 0)
(1.7926811 1.75255 0)
(1.810669 1.766789 0)
(1.8401169 1.7763011 0)
(1.87622 1.8010029 0)
(1.9145846 1.8279481 0)
(1.9565478 1.8487131 0)
(2.0013606 1.8832697 0)
(2.0263011 1.9221259 0)
(2.0203789 1.9555225 0)
(2.0154118 1.9501841 0)
(2.0116276 1.9289371 0)
(2.0312025 1.9155639 0)
(2.0774787 1.9252203 0)
(2.1333216 1.9594886 0)
(2.1758644 1.9964616 0)
(2.2134298 2.0285893 0)
(2.2439485 2.0487175 0)
(2.2698856 2.056073 0)
(2.293923 2.0528585 0)
(2.3165849 2.0460403 0)
(2.3407835 2.0452152 0)
(2.3640761 2.0522866 0)
(2.3884487 2.0636312 0)
(2.4150837 2.0745149 0)
(2.4434461 2.0837625 0)
(2.473085 2.0890142 0)
(2.5069035 2.0906591 0)
(2.546502 2.0946085 0)
(2.5868184 2.099733 0)
(2.6201637 2.1059486 0)
(2.6476844 2.113525 0)
(2.6746986 2.1188311 0)
(2.7039565 2.1195944 0)
(2.7362983 2.1128359 0)
(2.7703862 2.1000741 0)
(2.8031317 2.086917 0)
(2.8350566 2.0755259 0)
(2.8641242 2.064794 0)
(2.8908799 2.052969 0)
(2.9249338 2.0385802 0)
(2.9598458 2.0253225 0)
(2.9937305 2.0155166 0)
(3.0255379 2.0085655 0)
(3.0601097 2.0012639 0)
(3.0998118 1.9934464 0)
(3.1378117 1.9910057 0)
(3.1781831 1.9910158 0)
(3.2236758 1.9872994 0)
(3.2677073 1.9830777 0)
(3.3008698 1.9877502 0)
(3.3341801 1.9920364 0)
(3.3833601 1.9859744 0)
(3.4356441 1.9754979 0)
(3.4710261 1.9798762 0)
(3.5012451 1.9857959 0)
(3.5655722 1.9769586 0)
(6.5051473 0.0016423136 0)
(6.4861173 0.010363509 0)
(6.4606009 0.015083887 0)
(6.406256 0.017110503 0)
(6.3218902 0.027744417 0)
(6.2167691 0.048246478 0)
(6.0975118 0.075271606 0)
(5.9594549 0.10602426 0)
(5.7982296 0.14462115 0)
(5.6197956 0.19418578 0)
(5.4346314 0.24265233 0)
(5.1959163 0.30591989 0)
(4.9292617 0.40756673 0)
(4.7415874 0.52263583 0)
(4.6198202 0.5859989 0)
(4.3867376 0.64619342 0)
(4.077013 0.73049513 0)
(3.786783 0.87041343 0)
(3.6108114 1.0127755 0)
(3.5239718 1.0720644 0)
(3.3760797 1.0537998 0)
(3.1158352 1.0371841 0)
(2.8111709 1.0379593 0)
(2.5191428 1.0829598 0)
(2.2314756 1.0790713 0)
(1.9831276 0.99969401 0)
(1.8313518 1.0072211 0)
(1.7282358 1.044812 0)
(1.653372 1.0930351 0)
(1.6184398 1.1782511 0)
(1.6131475 1.2989722 0)
(1.680174 1.3758423 0)
(1.7198164 1.4553079 0)
(1.6705124 1.5266216 0)
(1.6688513 1.5765148 0)
(1.7418551 1.5585454 0)
(1.7777845 1.5936131 0)
(1.7712785 1.602169 0)
(1.7848133 1.6653223 0)
(1.801802 1.689579 0)
(1.8161283 1.7018565 0)
(1.8231899 1.7209291 0)
(1.8093976 1.7478387 0)
(1.8173979 1.780138 0)
(1.8395818 1.7871987 0)
(1.8910094 1.7785125 0)
(1.9260214 1.7967216 0)
(1.9411026 1.8280516 0)
(1.9696125 1.8640837 0)
(2.0064216 1.884254 0)
(2.0668583 1.9100812 0)
(2.1100223 1.9490506 0)
(2.1070718 1.9863567 0)
(2.0821188 1.9905317 0)
(2.0605914 1.9604364 0)
(2.0675536 1.9447883 0)
(2.1090075 1.9541144 0)
(2.1712382 1.9942089 0)
(2.2147544 2.0401061 0)
(2.2508016 2.0760807 0)
(2.2781187 2.0959373 0)
(2.3028155 2.0996938 0)
(2.3265998 2.0855216 0)
(2.3535556 2.0707023 0)
(2.3818841 2.0683795 0)
(2.4048514 2.0797387 0)
(2.4277398 2.0952442 0)
(2.4510029 2.1092539 0)
(2.4760259 2.1202264 0)
(2.5047806 2.1248812 0)
(2.5408017 2.1256483 0)
(2.5817628 2.1277511 0)
(2.6170958 2.1312022 0)
(2.6437357 2.1397239 0)
(2.6662455 2.1498542 0)
(2.6920948 2.1540225 0)
(2.7236635 2.1495921 0)
(2.7560927 2.1366301 0)
(2.787098 2.1183319 0)
(2.8174551 2.1004107 0)
(2.8449349 2.0862374 0)
(2.8705988 2.0746836 0)
(2.8995098 2.0623715 0)
(2.9365012 2.0498878 0)
(2.9703996 2.0425262 0)
(3.0033404 2.0393256 0)
(3.0389191 2.0347376 0)
(3.07231 2.0315686 0)
(3.1051939 2.0295644 0)
(3.147466 2.0244429 0)
(3.1885247 2.025397 0)
(3.2217048 2.0350593 0)
(3.2546628 2.0437802 0)
(3.2957193 2.0452731 0)
(3.3459866 2.0378496 0)
(3.3878411 2.0357954 0)
(3.4198133 2.0391452 0)
(3.4640616 2.0312459 0)
(3.5017981 2.0292559 0)
(3.5593733 2.0263697 0)
(7 -5.9579382e-14 0)
(7 -6.9194498e-14 0)
(7 -4.1282292e-14 0)
(7 3.7995186e-14 0)
(7 3.3587311e-14 0)
(7 4.8355175e-15 0)
(7 1.4317665e-13 0)
(7 1.8398944e-15 0)
(7 4.0164943e-15 0)
(7 -5.2329947e-14 0)
(7 8.6382053e-15 0)
(7 -1.3270745e-13 0)
(7 -1.1078187e-13 0)
(7 1.2228743e-13 0)
(7 -3.8820251e-14 0)
(7 2.7356918e-14 0)
(7 1.280716e-13 0)
(7 -2.4484299e-14 0)
(7 -6.748134e-14 0)
(7 -1.5824435e-14 0)
(7 -4.364119e-14 0)
(7 -8.2404226e-14 0)
(7 7.9055947e-14 0)
(7.0170363 -0.0022338832 0)
(6.7665429 -0.029411788 0)
(6.2739108 -0.018963682 0)
(5.8069423 0.1800915 0)
(5.3665049 0.41149159 0)
(4.9620813 0.63819629 0)
(4.5626281 0.84307311 0)
(4.2129511 1.0553158 0)
(4.0183328 1.1947019 0)
(3.7401454 1.3045611 0)
(3.3684403 1.4558313 0)
(3.1266692 1.6603902 0)
(3.0479128 1.7948029 0)
(2.5923147 1.6766827 0)
(2.170028 1.4586619 0)
(1.9830857 1.4823187 0)
(1.9052429 1.5719787 0)
(1.9243276 1.6216741 0)
(1.954709 1.6880426 0)
(1.925742 1.7677487 0)
(1.9121385 1.8409253 0)
(1.949688 1.86131 0)
(1.9818835 1.8679865 0)
(1.9453602 1.8625218 0)
(1.9277283 1.8755256 0)
(1.9584131 1.9046927 0)
(2.0140383 1.9457115 0)
(2.1056858 1.9711478 0)
(2.1787576 2.0143948 0)
(2.1916238 2.0576863 0)
(2.1462069 2.0518499 0)
(2.1026481 2.0063113 0)
(2.1003949 1.9789263 0)
(2.1499799 1.9753153 0)
(2.2218639 2.0219178 0)
(2.2698488 2.0754709 0)
(2.3019194 2.119229 0)
(2.3242532 2.1369059 0)
(2.3420922 2.1366472 0)
(2.3593253 2.118186 0)
(2.3904185 2.1057224 0)
(2.4178094 2.1078504 0)
(2.4406988 2.1255708 0)
(2.4627528 2.1427647 0)
(2.4840173 2.1581647 0)
(2.5082754 2.1667191 0)
(2.539755 2.166367 0)
(2.5800669 2.1647181 0)
(2.6205912 2.1630126 0)
(2.6483471 2.1661407 0)
(2.6690246 2.1789665 0)
(2.6889704 2.189248 0)
(2.714539 2.188558 0)
(2.7445413 2.1771226 0)
(2.7754322 2.1578258 0)
(2.8049083 2.1365907 0)
(2.8319427 2.1193031 0)
(2.8532003 2.1085219 0)
(2.8784832 2.0992664 0)
(2.9130463 2.0896769 0)
(2.9497859 2.0829492 0)
(2.9818581 2.0824737 0)
(3.0144226 2.0835771 0)
(3.0479228 2.0845133 0)
(3.0843664 2.0818676 0)
(3.1232114 2.0758834 0)
(3.1577107 2.0772887 0)
(3.1841692 2.0915978 0)
(3.2174227 2.1014841 0)
(3.2585502 2.1049106 0)
(3.2968446 2.1073369 0)
(3.3395658 2.1047001 0)
(3.3849186 2.0973604 0)
(3.4300169 2.0851377 0)
(3.468657 2.0758724 0)
(3.4875684 2.0906556 0)
(3.5387035 2.0909518 0)
(7 2.7826881e-14 0)
(7 1.0714306e-14 0)
(7 -2.9209291e-14 0)
(7 1.9571999e-14 0)
(7 3.6247723e-14 0)
(7 1.8486265e-14 0)
(7 1.2016531e-13 0)
(7 -3.5781604e-15 0)
(7 2.2398009e-14 0)
(7 -2.5885981e-14 0)
(7 -2.2931375e-14 0)
(7 -1.0188457e-13 0)
(7 -1.4952909e-13 0)
(7 2.6542087e-14 0)
(7 -4.2329997e-14 0)
(7 6.8967575e-14 0)
(7 1.9470734e-13 0)
(7 -1.0212984e-15 0)
(7 -1.1750569e-13 0)
(7 -5.9852452e-14 0)
(7 -4.4877306e-14 0)
(7 -1.5509486e-14 0)
(7 3.2795823e-14 0)
(7 5.2819672e-14 0)
(7 -1.3130424e-14 0)
(7 3.6746322e-14 0)
(7 1.8679034e-14 0)
(7 1.0610518e-14 0)
(7 8.907763e-15 0)
(7 -3.4369708e-14 0)
(7 -2.651542e-14 0)
(7 5.4982836e-15 0)
(7 3.1594177e-14 0)
(7 -9.6360804e-14 0)
(7 -5.7570804e-14 0)
(7.0169292 -0.0023722182 0)
(6.6463837 0.062201763 0)
(5.7783324 0.14804858 0)
(4.9709884 0.50433501 0)
(4.4154438 0.85762529 0)
(4.0397782 1.1128428 0)
(3.7155716 1.3264985 0)
(3.3592502 1.5465711 0)
(3.1203278 1.8007705 0)
(2.9731836 1.9696423 0)
(2.7010183 2.0179967 0)
(2.292854 1.8152668 0)
(2.1014547 1.760725 0)
(2.1177086 1.8392515 0)
(2.1411967 1.9465332 0)
(2.1907983 1.9992466 0)
(2.2461521 2.0493538 0)
(2.2339404 2.0995301 0)
(2.1564403 2.0986093 0)
(2.1127168 2.0576956 0)
(2.1187146 2.042266 0)
(2.1824547 2.0336856 0)
(2.2550137 2.0927488 0)
(2.3125718 2.144667 0)
(2.351035 2.1786312 0)
(2.3704139 2.183814 0)
(2.3848259 2.1683449 0)
(2.4099184 2.1419508 0)
(2.4513942 2.1245817 0)
(2.4766935 2.1379507 0)
(2.4979209 2.1609646 0)
(2.511404 2.1855484 0)
(2.5249216 2.2070262 0)
(2.544479 2.2142538 0)
(2.5748243 2.2110167 0)
(2.6155088 2.2104386 0)
(2.6520824 2.2080679 0)
(2.6762155 2.2141119 0)
(2.6970535 2.225996 0)
(2.7190996 2.2277461 0)
(2.7437389 2.2147836 0)
(2.7714718 2.1912143 0)
(2.8052221 2.1654215 0)
(2.8365788 2.144393 0)
(2.8570159 2.1368972 0)
(2.87531 2.133776 0)
(2.9041329 2.1277252 0)
(2.9428251 2.1208171 0)
(2.9786652 2.1194308 0)
(3.007109 2.1273927 0)
(3.0398071 2.1327708 0)
(3.0776743 2.1334331 0)
(3.1146888 2.1337039 0)
(3.1480156 2.1365867 0)
(3.1779042 2.1441049 0)
(3.2040588 2.1586972 0)
(3.2345898 2.1699571 0)
(3.2634096 2.1761787 0)
(3.3068977 2.1703533 0)
(3.3633928 2.1529491 0)
(3.4041304 2.1464837 0)
(3.4293739 2.1495685 0)
(3.463843 2.1409516 0)
(3.4830003 2.1482542 0)
(3.5363268 2.1334113 0)
(7 1.592527e-14 0)
(7 6.2382716e-14 0)
(7 1.0010379e-14 0)
(7 4.1029728e-14 0)
(7 5.3881861e-14 0)
(7 -2.1069068e-14 0)
(7 9.0749909e-14 0)
(7 1.9035612e-14 0)
(7 -1.1673553e-14 0)
(7 -2.4312793e-14 0)
(7 -2.3714498e-14 0)
(7 -2.8052566e-14 0)
(7 -1.3948664e-13 0)
(7 -2.881859e-14 0)
(7 -3.280955e-14 0)
(7 7.3853692e-14 0)
(7 1.2829801e-13 0)
(7 -6.2336036e-14 0)
(7 -8.6732219e-14 0)
(7 -8.0955745e-14 0)
(7 -1.1639521e-14 0)
(7 4.1089945e-15 0)
(7 1.4527909e-14 0)
(7 4.1661807e-14 0)
(7 2.358071e-14 0)
(7 3.3338652e-14 0)
(7 2.9944e-14 0)
(7 1.1328977e-15 0)
(7 -3.4518988e-14 0)
(7 -2.1193075e-14 0)
(7 -1.3223828e-14 0)
(7 -1.5763331e-14 0)
(7 -1.3154141e-15 0)
(7 -4.5535826e-14 0)
(7 -2.9945739e-13 0)
(7 1.5196403e-09 0)
(7 4.352161e-11 0)
(7 -2.9415072e-09 0)
(7 1.2126987e-10 0)
(7 -8.7402167e-10 0)
(7 8.4885446e-11 0)
(7 1.7207238e-10 0)
(7.0112679 -0.005040892 0)
(6.9204638 0.036087258 0)
(6.7034767 0.12994454 0)
(6.2313458 0.31440358 0)
(5.3535451 0.52327342 0)
(4.4009856 0.879878 0)
(3.7635962 1.2526933 0)
(3.3872528 1.5931168 0)
(3.1986795 1.8312604 0)
(3.0171003 1.9688771 0)
(2.6873425 2.0084459 0)
(2.4432348 2.0588875 0)
(2.3465546 2.0470678 0)
(2.3055831 2.0367972 0)
(2.2985843 2.0581678 0)
(2.3073162 2.1323452 0)
(2.3149192 2.2006862 0)
(2.3406679 2.2300596 0)
(2.3635735 2.2505194 0)
(2.3754965 2.2273813 0)
(2.4250373 2.2134325 0)
(2.4824993 2.2042391 0)
(2.5267192 2.2032099 0)
(2.5473268 2.2100336 0)
(2.5617283 2.2381458 0)
(2.5698936 2.2612052 0)
(2.5872655 2.2616715 0)
(2.6186165 2.2529891 0)
(2.6640729 2.2458416 0)
(2.691701 2.247648 0)
(2.7105429 2.2663545 0)
(2.7240574 2.2748972 0)
(2.7416331 2.2627587 0)
(2.762759 2.2360092 0)
(2.7944549 2.2086014 0)
(2.8325747 2.185348 0)
(2.8578901 2.1764825 0)
(2.8744642 2.1832171 0)
(2.893633 2.1873605 0)
(2.9258715 2.1851102 0)
(2.9614978 2.1840747 0)
(2.9910142 2.1916401 0)
(3.0178002 2.2037749 0)
(3.0506044 2.2114818 0)
(3.0861771 2.2147807 0)
(3.1245103 2.2146301 0)
(3.1616325 2.2150406 0)
(3.18976 2.2244302 0)
(3.207878 2.2417567 0)
(3.2255015 2.2508604 0)
(3.2619824 2.2447673 0)
(3.3188804 2.2259851 0)
(3.3620877 2.2106562 0)
(3.3901651 2.212767 0)
(3.4250409 2.2041525 0)
(3.4557916 2.186596 0)
(3.4596084 2.1939483 0)
(3.5083971 2.1683644 0)
(7 1.5838097e-14 0)
(7 3.2848601e-14 0)
(7 2.3572454e-14 0)
(7 8.8806576e-14 0)
(7 6.7457875e-14 0)
(7 -6.7659232e-14 0)
(7 4.9693524e-14 0)
(7 6.6106641e-14 0)
(7 -1.6169643e-14 0)
(7 -2.0020327e-14 0)
(7 -3.0457058e-14 0)
(7 -4.4664995e-14 0)
(7 -5.4910007e-14 0)
(7 -6.6184681e-14 0)
(7 2.6698261e-14 0)
(7 5.2993355e-14 0)
(7 1.0056268e-13 0)
(7 -5.0515075e-14 0)
(7 -3.7601648e-14 0)
(7 -6.4393459e-14 0)
(7 5.1668036e-15 0)
(7 1.9740636e-14 0)
(7 2.3486003e-15 0)
(7 1.3387494e-14 0)
(7 1.470305e-14 0)
(7 2.0125733e-14 0)
(7 -1.9205882e-14 0)
(7 -7.8052081e-15 0)
(7 -3.4706e-14 0)
(7 2.0490431e-15 0)
(7 2.4802478e-14 0)
(7 -9.7936454e-15 0)
(7 -3.8173921e-14 0)
(7 -3.8529415e-14 0)
(7 -4.2513705e-14 0)
(7 1.3714357e-12 0)
(7 -1.3386208e-12 0)
(7 -5.292012e-13 0)
(7 1.0413167e-12 0)
(7 3.9705262e-13 0)
(7 -2.7408847e-13 0)
(7 -1.146545e-12 0)
(7 5.4024285e-12 0)
(7 -5.5405158e-12 0)
(7 -6.0092373e-13 0)
(7 -3.0228297e-11 0)
(7 -2.6907908e-13 0)
(7 -4.0753355e-11 0)
(7 6.5063185e-12 0)
(7.0150533 -0.0028298232 0)
(6.8117842 0.066850203 0)
(6.3653529 0.22254851 0)
(5.6982684 0.50195222 0)
(4.9903858 0.90118788 0)
(4.4262534 1.2414609 0)
(3.9046778 1.5254544 0)
(3.5438465 1.8040098 0)
(3.085756 2.007348 0)
(2.8184083 2.1500829 0)
(2.6536249 2.1863318 0)
(2.5290335 2.2378195 0)
(2.4849604 2.216671 0)
(2.4991123 2.2266892 0)
(2.5082455 2.2574539 0)
(2.5248937 2.2662767 0)
(2.5547864 2.2814303 0)
(2.5708468 2.3227093 0)
(2.577391 2.348133 0)
(2.5966164 2.3379606 0)
(2.6432325 2.3208409 0)
(2.7129752 2.2862969 0)
(2.7442803 2.2865643 0)
(2.76124 2.3149677 0)
(2.7600941 2.2992082 0)
(2.7625408 2.2704685 0)
(2.7854165 2.24073 0)
(2.8282816 2.2166986 0)
(2.865859 2.205239 0)
(2.8897555 2.2112818 0)
(2.9111154 2.225501 0)
(2.9414635 2.2325972 0)
(2.9790858 2.2364333 0)
(3.0101322 2.2509599 0)
(3.0344083 2.2717353 0)
(3.0594835 2.2908027 0)
(3.0884003 2.3040898 0)
(3.1194928 2.3104325 0)
(3.1516059 2.3103882 0)
(3.1748672 2.3158459 0)
(3.1869227 2.3362765 0)
(3.1934243 2.3550957 0)
(3.2227109 2.3462958 0)
(3.2620745 2.3234131 0)
(3.3047424 2.2981759 0)
(3.3535649 2.2695201 0)
(3.3908776 2.2514773 0)
(3.4144158 2.2464735 0)
(3.4389512 2.2289728 0)
(3.4454964 2.2030175 0)
(3.4957358 2.1172625 0)
(7 1.0721599e-15 0)
(7 -5.5151703e-15 0)
(7 1.1548125e-14 0)
(7 1.0429479e-13 0)
(7 4.3455275e-14 0)
(7 -8.1853426e-14 0)
(7 1.8713619e-14 0)
(7 6.1518781e-14 0)
(7 -1.9772111e-14 0)
(7 -4.0192921e-15 0)
(7 -3.5868809e-14 0)
(7 -3.0970664e-14 0)
(7 -1.3622963e-14 0)
(7 -4.4325568e-14 0)
(7 3.0585998e-14 0)
(7 4.564067e-14 0)
(7 2.8946884e-14 0)
(7 1.8306502e-14 0)
(7 -6.2608407e-14 0)
(7 -1.6297536e-15 0)
(7 -1.0928019e-14 0)
(7 3.3430216e-14 0)
(7 -1.0341457e-14 0)
(7 -8.9588952e-15 0)
(7 8.6745031e-15 0)
(7 1.2362904e-14 0)
(7 -3.9252988e-14 0)
(7 1.4622951e-14 0)
(7 -1.3396691e-14 0)
(7 -1.4839862e-14 0)
(7 1.5550515e-14 0)
(7 -2.8971037e-15 0)
(7 -1.7755899e-14 0)
(7 -1.1227002e-14 0)
(7 -5.4928146e-14 0)
(7 -5.8266018e-15 0)
(7 5.2705249e-14 0)
(7 2.1171904e-14 0)
(7 -8.3461114e-15 0)
(7 -1.4174591e-14 0)
(7 7.2451673e-15 0)
(7 -4.2772014e-15 0)
(7 -1.1733909e-14 0)
(7 -4.6128881e-14 0)
(7 -7.5217678e-16 0)
(7 1.5621913e-14 0)
(7 2.3684199e-14 0)
(7 1.3238041e-14 0)
(7 6.3864545e-12 0)
(6.9999965 1.1904396e-07 0)
(7.0000031 -9.5031713e-08 0)
(7.0000004 -1.1001966e-08 0)
(7 -6.0261113e-09 0)
(7 -3.5562852e-09 0)
(7 -3.0688395e-09 0)
(7.0119166 -0.0031291538 0)
(6.8696971 0.058466659 0)
(6.373222 0.24921024 0)
(5.6870311 0.60547978 0)
(4.992251 0.97931027 0)
(4.254175 1.4099634 0)
(3.7982502 1.7409959 0)
(3.5303181 2.0091617 0)
(3.131941 2.1879029 0)
(2.9086368 2.2626024 0)
(2.7838352 2.2785112 0)
(2.7177415 2.2988436 0)
(2.644429 2.3840744 0)
(2.6238834 2.3977484 0)
(2.655014 2.376342 0)
(2.7257124 2.3676851 0)
(2.7490268 2.3791204 0)
(2.7620692 2.3792519 0)
(2.7546839 2.3221662 0)
(2.7624468 2.3023945 0)
(2.8040587 2.2814095 0)
(2.8441409 2.2659912 0)
(2.869219 2.2836318 0)
(2.8952129 2.3037196 0)
(2.9282399 2.3249853 0)
(2.9689448 2.3428314 0)
(3.0062261 2.3717589 0)
(3.0346481 2.4139463 0)
(3.0606147 2.4444185 0)
(3.1008554 2.464919 0)
(3.1444604 2.4798066 0)
(3.1905768 2.483481 0)
(3.2358342 2.4754574 0)
(3.2738593 2.4598414 0)
(3.3056911 2.4392948 0)
(3.3355012 2.4101539 0)
(3.3758477 2.3728824 0)
(3.4137098 2.3240708 0)
(3.4465581 2.2570267 0)
(3.4873986 2.1911243 0)
(3.5289514 2.1237522 0)
(3.5568908 2.0520516 0)
(3.5942114 1.9858807 0)
(3.6046791 1.9296919 0)
(3.6451588 1.8058479 0)
(7 9.2265633e-15 0)
(7 9.2850889e-15 0)
(7 -3.1154968e-15 0)
(7 3.00192e-14 0)
(7 8.1320164e-15 0)
(7 -5.9765197e-14 0)
(7 -5.9819797e-15 0)
(7 2.5779879e-14 0)
(7 4.9847104e-15 0)
(7 1.5634432e-14 0)
(7 -4.436276e-14 0)
(7 3.201209e-15 0)
(7 2.80638e-15 0)
(7 -8.4229713e-15 0)
(7 -1.3308539e-14 0)
(7 1.4017597e-14 0)
(7 2.1954262e-14 0)
(7 -1.2272034e-14 0)
(7 -3.1742874e-14 0)
(7 1.387725e-14 0)
(7 -2.1902851e-14 0)
(7 2.8631498e-14 0)
(7 2.9072314e-15 0)
(7 -2.507139e-14 0)
(7 1.3215853e-15 0)
(7 5.9827961e-15 0)
(7 -8.8587971e-15 0)
(7 1.0208994e-14 0)
(7 4.1944096e-15 0)
(7 -2.8846182e-14 0)
(7 -2.4593972e-15 0)
(7 1.0215187e-14 0)
(7 9.7776092e-15 0)
(7 -1.0120914e-14 0)
(7 -1.1796801e-14 0)
(7 -3.8127639e-15 0)
(7 4.8474675e-14 0)
(7 2.7552858e-15 0)
(7 -3.8577119e-14 0)
(7 -5.4678427e-15 0)
(7 2.313829e-14 0)
(7 1.952349e-15 0)
(7 -2.1790004e-14 0)
(7 -2.6005633e-14 0)
(7 -1.0780264e-14 0)
(7 7.0915708e-15 0)
(7 2.7855499e-14 0)
(7 5.058141e-14 0)
(7 9.7995595e-15 0)
(7 -2.6228443e-13 0)
(7 -2.3009478e-13 0)
(7 3.1240569e-13 0)
(7 -2.9935089e-13 0)
(7 3.951238e-13 0)
(7 1.6264581e-09 0)
(6.9999984 9.6049702e-07 0)
(6.9999978 -7.8777035e-07 0)
(7.0000031 -8.5435799e-08 0)
(7.0000004 -4.7109451e-08 0)
(7.0000002 -2.5924734e-08 0)
(7.0086839 -0.0037306143 0)
(6.9441961 0.032707086 0)
(6.6060414 0.20231716 0)
(6.0130777 0.50994294 0)
(5.2949556 0.92492012 0)
(4.6311621 1.3024281 0)
(4.1458315 1.6671883 0)
(3.4802673 2.0596449 0)
(3.1723683 2.331423 0)
(3.0678216 2.364401 0)
(2.924715 2.3687729 0)
(2.8168519 2.4058903 0)
(2.7733399 2.3758642 0)
(2.7866291 2.3465447 0)
(2.875325 2.3634071 0)
(2.9550295 2.3669239 0)
(3.0110515 2.3313574 0)
(3.0693937 2.3028762 0)
(3.123678 2.2823988 0)
(3.1793479 2.2596575 0)
(3.2348089 2.2191631 0)
(3.2924882 2.1669426 0)
(3.3398271 2.1194792 0)
(3.3853088 2.0670066 0)
(3.4301862 2.0199539 0)
(3.4782063 1.9713749 0)
(3.5263958 1.9278128 0)
(3.5738299 1.8860722 0)
(3.612537 1.85394 0)
(3.6449936 1.8202565 0)
(3.6710897 1.7838171 0)
(3.6960721 1.7480949 0)
(3.7145896 1.7153981 0)
(3.7318722 1.6733005 0)
(3.7410796 1.6467468 0)
(3.7468364 1.6188719 0)
(3.7500039 1.5914499 0)
(3.76091 1.57546 0)
(3.7475888 1.536354 0)
(3.751272 1.4870136 0)
(7 2.3658136e-15 0)
(7 2.2019269e-14 0)
(7 5.753766e-15 0)
(7 -1.1567635e-14 0)
(7 6.8648166e-15 0)
(7 4.2334274e-17 0)
(7 -5.2698117e-15 0)
(7 1.2641514e-15 0)
(7 -1.3496762e-14 0)
(7 2.8786071e-14 0)
(7 8.5000666e-15 0)
(7 -3.1979209e-15 0)
(7 -1.4932613e-14 0)
(7 7.4959607e-16 0)
(7 -1.7360126e-14 0)
(7 1.3175622e-14 0)
(7 1.4675518e-14 0)
(7 -7.42243e-15 0)
(7 7.4321682e-16 0)
(7 -1.1693046e-14 0)
(7 -1.9878619e-15 0)
(7 2.5694805e-14 0)
(7 1.8087355e-15 0)
(7 -3.4178099e-15 0)
(7 -3.0461493e-15 0)
(7 -1.7391043e-14 0)
(7 -1.0206818e-15 0)
(7 1.8489887e-14 0)
(7 -6.3212287e-15 0)
(7 -9.0603403e-15 0)
(7 -9.1531628e-15 0)
(7 4.4263156e-15 0)
(7 1.1530876e-14 0)
(7 7.102422e-16 0)
(7 -1.5286281e-15 0)
(7 2.9441943e-15 0)
(7 9.551687e-15 0)
(7 1.2745876e-14 0)
(7 -1.2172568e-14 0)
(7 -8.8434126e-15 0)
(7 5.3030068e-15 0)
(7 4.3480273e-15 0)
(7 -2.9469037e-15 0)
(7 -5.3707321e-15 0)
(7 5.9863847e-15 0)
(7 1.085294e-14 0)
(7 1.9021571e-15 0)
(7 1.0208669e-14 0)
(7 -5.2110811e-16 0)
(7 -1.2216823e-14 0)
(7 -3.6828857e-15 0)
(7 -1.1559446e-14 0)
(7 1.3457475e-15 0)
(7 1.6862084e-16 0)
(7 9.2218125e-13 0)
(7 -2.2523297e-10 0)
(7 1.7843293e-10 0)
(7 1.9621103e-11 0)
(7 1.2339204e-11 0)
(7 -8.0689912e-12 0)
(7 1.0006067e-10 0)
(7 -8.3757635e-12 0)
(7 2.2757385e-11 0)
(7 -9.1727429e-10 0)
(7 5.7078178e-11 0)
(7.0072916 -0.0018324188 0)
(6.9664593 0.014121171 0)
(6.6367222 0.18103878 0)
(6.1584134 0.54327363 0)
(5.5351842 0.96461629 0)
(4.8127435 1.3995846 0)
(4.0654989 1.8726714 0)
(3.8266334 2.1345063 0)
(3.4999477 2.4262317 0)
(3.1991712 2.6393259 0)
(3.0004648 2.8155825 0)
(2.8540377 2.9551349 0)
(2.7486268 3.083461 0)
(2.6477221 3.2136485 0)
(2.570529 3.3221315 0)
(2.505069 3.4032478 0)
(2.452469 3.4662811 0)
(2.3704834 3.5325738 0)
(2.3138543 3.5933417 0)
(2.2548002 3.6523653 0)
(2.219512 3.6994519 0)
(2.1769049 3.7487787 0)
(2.153227 3.7950417 0)
(2.1165666 3.8473274 0)
(2.098673 3.891201 0)
(2.0684679 3.9345048 0)
(2.0574764 3.9679653 0)
(2.0318272 4.0057911 0)
(2.0236612 4.0394805 0)
(2.0014292 4.0799145 0)
(1.9968705 4.1144365 0)
(1.9792061 4.151387 0)
(1.9795437 4.1832213 0)
(1.9667452 4.2116974 0)
(1.9601682 4.261525 0)
)
;

boundaryField
{
    cylinder
    {
        type            slip;
    }
    outlet
    {
        type            zeroGradient;
    }
    farfield
    {
        type            fixedValue;
        value           uniform (7 0 0);
    }
    bottom
    {
        type            symmetryPlane;
    }
    defaultFaces
    {
        type            empty;
    }
}


// ************************************************************************* //
