/*--------------------------------*- C++ -*----------------------------------*\
| =========                 |                                                 |
| \\      /  F ield         | OpenFOAM: The Open Source CFD Toolbox           |
|  \\    /   O peration     | Version:  2606                                  |
|   \\  /    A nd           | Website:  www.openfoam.com                      |
|    \\/     M anipulation  |                                                 |
\*---------------------------------------------------------------------------*/
FoamFile
{
    version     2.0;
    format      ascii;
    arch        "LSB;label=32;scalar=64";
    class       volScalarField;
    location    "0.75";
    object      p_rgh;
}
// * * * * * * * * * * * * * * * * * * * * * * * * * * * * * * * * * * * * * //

dimensions      [1 -1 -2 0 0 0 0];

internalField   nonuniform List<scalar> 
3000
(
11.0935
11.0058
10.9204
10.8404
10.7681
10.7056
10.656
10.6198
10.5915
10.5637
10.53
10.4845
10.4235
10.3517
10.2785
10.2056
10.1342
10.0624
9.92972
9.70056
9.51844
9.5207
9.57836
9.63619
9.78621
10.0701
10.2775
10.2715
10.2024
10.117
10.0182
9.96467
9.95604
9.94751
9.92116
9.86646
9.77175
9.63694
9.47103
9.28119
9.07236
8.85733
8.66226
8.51271
8.41063
8.33655
8.27479
8.20396
8.06116
7.78118
7.51667
7.47126
7.51134
7.58144
7.69784
7.75445
7.74025
7.72132
7.71883
7.76725
8.00827
8.27061
8.48346
8.3833
8.28123
8.32044
8.3756
8.26159
8.06352
7.80948
7.36761
6.65721
6.02697
6.04532
6.27479
-9.59161
-9.88807
-10.1741
-10.4389
-10.675
-10.8748
-11.0268
-11.1304
-11.2077
-11.2866
-11.3902
-11.5401
-11.7481
-11.9928
-12.2337
-12.4627
-12.6887
-12.9361
-13.3901
-14.2699
-14.9252
-14.869
-14.687
-14.403
-13.8183
-12.7496
-12.0557
-12.1418
-12.3592
-12.688
-13.0306
-13.1739
-13.1789
-13.1947
-13.2691
-13.4506
-13.7751
-14.2373
-14.8038
-15.4444
-16.135
-16.8307
-17.4527
-17.9296
-18.2602
-18.5028
-18.7099
-18.9454
-19.4103
-20.3095
-21.1298
-21.1794
-21.0675
-20.8093
-20.4125
-20.2656
-20.3049
-20.3709
-20.4713
-20.6762
-21.0894
-21.809
-22.6376
-22.9418
-22.9158
-22.9308
-23.0188
-23.1915
-23.3738
-23.4225
-23.3686
-22.9635
-22.039
-21.5003
-21.5506
-34.2007
-34.2011
-34.2016
-34.2023
-34.203
-34.2036
-34.2041
-34.2046
-34.2049
-34.2052
-34.2055
-34.2058
-34.2062
-34.2065
-34.2067
-34.2068
-34.207
-34.2081
-34.21
-34.2118
-34.2131
-34.2139
-34.2141
-34.2133
-34.2118
-34.2108
-34.2107
-34.2111
-34.2118
-34.2123
-34.2125
-34.2124
-34.2122
-34.212
-34.2119
-34.2121
-34.2124
-34.213
-34.2137
-34.2144
-34.2149
-34.2151
-34.2152
-34.2155
-34.2162
-34.217
-34.2182
-34.2198
-34.2217
-34.2225
-34.2216
-34.2194
-34.2162
-34.2129
-34.2101
-34.208
-34.2064
-34.2052
-34.2053
-34.2084
-34.2161
-34.2273
-34.2392
-34.2495
-34.2566
-34.2598
-34.26
-34.2579
-34.254
-34.2508
-34.2386
-34.2222
-34.2204
-34.2305
-34.2354
-34.1964
-34.1977
-34.1991
-34.2007
-34.2019
-34.2029
-34.2037
-34.2042
-34.2047
-34.2051
-34.2054
-34.2058
-34.2063
-34.2066
-34.2069
-34.2071
-34.2074
-34.2083
-34.2099
-34.2116
-34.2127
-34.2132
-34.2133
-34.2126
-34.2114
-34.2105
-34.2105
-34.211
-34.2116
-34.2122
-34.2124
-34.2123
-34.2121
-34.212
-34.212
-34.2121
-34.2126
-34.2131
-34.2138
-34.2145
-34.215
-34.2153
-34.2154
-34.2157
-34.2162
-34.2169
-34.2179
-34.2194
-34.2212
-34.2221
-34.2214
-34.2194
-34.2167
-34.214
-34.2119
-34.2103
-34.2089
-34.2078
-34.2078
-34.2104
-34.2172
-34.2275
-34.2385
-34.2476
-34.2534
-34.2563
-34.2571
-34.257
-34.256
-34.2511
-34.2416
-34.2298
-34.2233
-34.2242
-34.227
-34.2008
-34.2012
-34.2018
-34.2024
-34.203
-34.2036
-34.2041
-34.2046
-34.205
-34.2054
-34.2058
-34.2061
-34.2065
-34.2069
-34.2072
-34.2075
-34.208
-34.2088
-34.2099
-34.2111
-34.212
-34.2125
-34.2127
-34.2124
-34.2119
-34.2114
-34.2112
-34.2114
-34.2118
-34.2121
-34.2124
-34.2124
-34.2124
-34.2124
-34.2124
-34.2126
-34.213
-34.2134
-34.214
-34.2145
-34.215
-34.2153
-34.2156
-34.216
-34.2165
-34.2171
-34.2179
-34.2189
-34.2198
-34.2202
-34.2198
-34.2186
-34.2169
-34.215
-34.2135
-34.2124
-34.2117
-34.2116
-34.2126
-34.2154
-34.2207
-34.2281
-34.236
-34.243
-34.248
-34.2506
-34.2511
-34.2496
-34.2466
-34.2438
-34.2388
-34.2332
-34.2313
-34.2311
-34.2308
-34.2019
-34.202
-34.2024
-34.2029
-34.2035
-34.204
-34.2045
-34.205
-34.2054
-34.2057
-34.2061
-34.2064
-34.2068
-34.2072
-34.2075
-34.2079
-34.2084
-34.2091
-34.2099
-34.2107
-34.2114
-34.2118
-34.212
-34.2119
-34.2117
-34.2116
-34.2116
-34.2117
-34.2119
-34.2122
-34.2124
-34.2125
-34.2126
-34.2127
-34.2128
-34.2131
-34.2134
-34.2138
-34.2142
-34.2147
-34.2151
-34.2155
-34.2158
-34.2162
-34.2167
-34.2173
-34.2179
-34.2186
-34.2192
-34.2194
-34.2191
-34.2184
-34.2173
-34.2162
-34.2152
-34.2146
-34.2144
-34.2149
-34.2162
-34.2189
-34.223
-34.2283
-34.234
-34.239
-34.2429
-34.2452
-34.2461
-34.2456
-34.2443
-34.241
-34.2371
-34.2331
-34.2301
-34.2292
-34.229
-34.2038
-34.2037
-34.2038
-34.204
-34.2044
-34.2047
-34.205
-34.2054
-34.2057
-34.2061
-34.2064
-34.2067
-34.2071
-34.2074
-34.2078
-34.2082
-34.2087
-34.2093
-34.2099
-34.2105
-34.211
-34.2114
-34.2116
-34.2117
-34.2117
-34.2117
-34.2118
-34.2119
-34.2121
-34.2123
-34.2125
-34.2126
-34.2128
-34.2129
-34.2131
-34.2134
-34.2137
-34.214
-34.2144
-34.2148
-34.2152
-34.2156
-34.216
-34.2164
-34.2168
-34.2173
-34.2178
-34.2183
-34.2187
-34.2189
-34.2187
-34.2183
-34.2178
-34.2172
-34.2167
-34.2165
-34.2167
-34.2174
-34.2189
-34.2212
-34.2244
-34.2282
-34.2322
-34.2359
-34.2388
-34.2407
-34.2416
-34.2416
-34.2407
-34.2388
-34.2367
-34.2346
-34.2328
-34.2314
-34.2304
-34.2049
-34.2046
-34.2046
-34.2047
-34.2049
-34.2052
-34.2055
-34.2057
-34.2061
-34.2064
-34.2067
-34.207
-34.2073
-34.2077
-34.2081
-34.2085
-34.2089
-34.2094
-34.2099
-34.2104
-34.2108
-34.2112
-34.2114
-34.2116
-34.2117
-34.2118
-34.2119
-34.212
-34.2122
-34.2124
-34.2126
-34.2128
-34.2129
-34.2131
-34.2134
-34.2136
-34.2139
-34.2142
-34.2146
-34.215
-34.2154
-34.2157
-34.2161
-34.2165
-34.2169
-34.2174
-34.2178
-34.2182
-34.2185
-34.2186
-34.2186
-34.2184
-34.2182
-34.218
-34.2178
-34.2179
-34.2184
-34.2192
-34.2206
-34.2226
-34.2251
-34.228
-34.231
-34.2337
-34.2359
-34.2375
-34.2383
-34.2384
-34.2378
-34.2367
-34.2352
-34.2337
-34.2325
-34.2316
-34.2309
-34.2057
-34.2054
-34.2053
-34.2053
-34.2054
-34.2056
-34.2058
-34.2061
-34.2064
-34.2066
-34.2069
-34.2072
-34.2076
-34.2079
-34.2083
-34.2086
-34.2091
-34.2095
-34.2099
-34.2103
-34.2107
-34.211
-34.2113
-34.2115
-34.2116
-34.2118
-34.2119
-34.2121
-34.2123
-34.2125
-34.2127
-34.2129
-34.2131
-34.2133
-34.2136
-34.2138
-34.2141
-34.2144
-34.2148
-34.2151
-34.2155
-34.2159
-34.2162
-34.2166
-34.217
-34.2174
-34.2178
-34.2181
-34.2184
-34.2186
-34.2186
-34.2187
-34.2186
-34.2186
-34.2188
-34.2191
-34.2196
-34.2205
-34.2218
-34.2235
-34.2255
-34.2278
-34.2301
-34.2322
-34.2339
-34.2352
-34.236
-34.2362
-34.2359
-34.2353
-34.2343
-34.2333
-34.2324
-34.2317
-34.2311
-34.2062
-34.206
-34.2058
-34.2058
-34.2059
-34.206
-34.2062
-34.2064
-34.2067
-34.2069
-34.2072
-34.2075
-34.2078
-34.2081
-34.2084
-34.2088
-34.2092
-34.2096
-34.2099
-34.2103
-34.2107
-34.211
-34.2112
-34.2114
-34.2116
-34.2118
-34.212
-34.2122
-34.2124
-34.2126
-34.2128
-34.213
-34.2132
-34.2135
-34.2137
-34.214
-34.2143
-34.2146
-34.2149
-34.2153
-34.2156
-34.216
-34.2163
-34.2167
-34.2171
-34.2174
-34.2178
-34.2181
-34.2184
-34.2186
-34.2188
-34.2189
-34.219
-34.2192
-34.2195
-34.2199
-34.2205
-34.2214
-34.2226
-34.224
-34.2257
-34.2275
-34.2293
-34.2309
-34.2324
-34.2334
-34.2341
-34.2344
-34.2344
-34.234
-34.2335
-34.2328
-34.2322
-34.2317
-34.2313
-34.2067
-34.2064
-34.2063
-34.2062
-34.2063
-34.2064
-34.2065
-34.2067
-34.2069
-34.2072
-34.2074
-34.2077
-34.208
-34.2083
-34.2086
-34.2089
-34.2093
-34.2096
-34.21
-34.2103
-34.2106
-34.2109
-34.2112
-34.2114
-34.2117
-34.2119
-34.2121
-34.2123
-34.2125
-34.2127
-34.2129
-34.2131
-34.2134
-34.2136
-34.2139
-34.2141
-34.2144
-34.2147
-34.2151
-34.2154
-34.2157
-34.2161
-34.2164
-34.2168
-34.2171
-34.2175
-34.2178
-34.2181
-34.2184
-34.2187
-34.2189
-34.2191
-34.2194
-34.2197
-34.22
-34.2205
-34.2212
-34.222
-34.2231
-34.2243
-34.2257
-34.2272
-34.2286
-34.23
-34.2311
-34.2321
-34.2327
-34.233
-34.2331
-34.233
-34.2327
-34.2323
-34.2319
-34.2316
-34.2313
-34.207
-34.2067
-34.2066
-34.2066
-34.2066
-34.2067
-34.2068
-34.207
-34.2072
-34.2074
-34.2076
-34.2079
-34.2082
-34.2084
-34.2087
-34.2091
-34.2094
-34.2097
-34.21
-34.2103
-34.2106
-34.2109
-34.2112
-34.2114
-34.2117
-34.2119
-34.2121
-34.2123
-34.2126
-34.2128
-34.213
-34.2132
-34.2135
-34.2137
-34.214
-34.2143
-34.2146
-34.2149
-34.2152
-34.2155
-34.2158
-34.2162
-34.2165
-34.2169
-34.2172
-34.2176
-34.2179
-34.2182
-34.2185
-34.2188
-34.2191
-34.2194
-34.2197
-34.22
-34.2205
-34.221
-34.2217
-34.2225
-34.2234
-34.2245
-34.2257
-34.2269
-34.2281
-34.2292
-34.2302
-34.231
-34.2316
-34.2319
-34.2321
-34.2321
-34.232
-34.2318
-34.2315
-34.2313
-34.2312
-34.2072
-34.207
-34.2069
-34.2069
-34.2069
-34.207
-34.2071
-34.2072
-34.2074
-34.2076
-34.2078
-34.2081
-34.2083
-34.2086
-34.2089
-34.2092
-34.2095
-34.2098
-34.2101
-34.2104
-34.2107
-34.211
-34.2112
-34.2115
-34.2117
-34.2119
-34.2122
-34.2124
-34.2126
-34.2129
-34.2131
-34.2133
-34.2136
-34.2139
-34.2141
-34.2144
-34.2147
-34.215
-34.2153
-34.2156
-34.2159
-34.2163
-34.2166
-34.217
-34.2173
-34.2176
-34.218
-34.2183
-34.2186
-34.2189
-34.2192
-34.2196
-34.2199
-34.2203
-34.2208
-34.2214
-34.222
-34.2227
-34.2236
-34.2245
-34.2255
-34.2266
-34.2276
-34.2285
-34.2294
-34.2301
-34.2306
-34.231
-34.2312
-34.2313
-34.2313
-34.2313
-34.2312
-34.2311
-34.231
-34.2073
-34.2072
-34.2071
-34.2071
-34.2071
-34.2072
-34.2073
-34.2074
-34.2076
-34.2078
-34.208
-34.2082
-34.2085
-34.2087
-34.209
-34.2093
-34.2096
-34.2099
-34.2102
-34.2104
-34.2107
-34.211
-34.2113
-34.2115
-34.2118
-34.212
-34.2122
-34.2125
-34.2127
-34.2129
-34.2132
-34.2134
-34.2137
-34.214
-34.2142
-34.2145
-34.2148
-34.2151
-34.2154
-34.2157
-34.216
-34.2164
-34.2167
-34.217
-34.2174
-34.2177
-34.2181
-34.2184
-34.2187
-34.2191
-34.2194
-34.2198
-34.2202
-34.2206
-34.2211
-34.2216
-34.2222
-34.2229
-34.2237
-34.2245
-34.2254
-34.2263
-34.2272
-34.228
-34.2287
-34.2294
-34.2299
-34.2303
-34.2305
-34.2307
-34.2308
-34.2308
-34.2308
-34.2308
-34.2308
-34.2074
-34.2073
-34.2073
-34.2073
-34.2073
-34.2074
-34.2075
-34.2076
-34.2078
-34.208
-34.2082
-34.2084
-34.2086
-34.2089
-34.2091
-34.2094
-34.2097
-34.2099
-34.2102
-34.2105
-34.2108
-34.211
-34.2113
-34.2115
-34.2118
-34.212
-34.2123
-34.2125
-34.2128
-34.213
-34.2133
-34.2135
-34.2138
-34.2141
-34.2143
-34.2146
-34.2149
-34.2152
-34.2155
-34.2158
-34.2161
-34.2165
-34.2168
-34.2171
-34.2175
-34.2178
-34.2181
-34.2185
-34.2188
-34.2192
-34.2195
-34.2199
-34.2203
-34.2208
-34.2213
-34.2218
-34.2224
-34.223
-34.2237
-34.2245
-34.2253
-34.226
-34.2268
-34.2275
-34.2282
-34.2288
-34.2292
-34.2296
-34.2299
-34.2301
-34.2303
-34.2304
-34.2304
-34.2305
-34.2306
-34.2074
-34.2074
-34.2074
-34.2074
-34.2075
-34.2075
-34.2076
-34.2078
-34.2079
-34.2081
-34.2083
-34.2085
-34.2088
-34.209
-34.2092
-34.2095
-34.2098
-34.21
-34.2103
-34.2106
-34.2108
-34.2111
-34.2113
-34.2116
-34.2118
-34.2121
-34.2123
-34.2126
-34.2128
-34.2131
-34.2134
-34.2136
-34.2139
-34.2141
-34.2144
-34.2147
-34.215
-34.2153
-34.2156
-34.2159
-34.2162
-34.2166
-34.2169
-34.2172
-34.2175
-34.2179
-34.2182
-34.2186
-34.2189
-34.2193
-34.2197
-34.2201
-34.2205
-34.2209
-34.2214
-34.2219
-34.2225
-34.2231
-34.2237
-34.2244
-34.2251
-34.2258
-34.2265
-34.2271
-34.2277
-34.2282
-34.2287
-34.2291
-34.2294
-34.2296
-34.2298
-34.2299
-34.2301
-34.2302
-34.2303
-34.2075
-34.2075
-34.2075
-34.2075
-34.2076
-34.2077
-34.2078
-34.2079
-34.2081
-34.2083
-34.2084
-34.2087
-34.2089
-34.2091
-34.2093
-34.2096
-34.2098
-34.2101
-34.2104
-34.2106
-34.2109
-34.2111
-34.2114
-34.2116
-34.2119
-34.2122
-34.2124
-34.2127
-34.2129
-34.2132
-34.2134
-34.2137
-34.214
-34.2142
-34.2145
-34.2148
-34.2151
-34.2154
-34.2157
-34.216
-34.2163
-34.2166
-34.217
-34.2173
-34.2176
-34.218
-34.2183
-34.2187
-34.219
-34.2194
-34.2198
-34.2202
-34.2206
-34.221
-34.2215
-34.222
-34.2226
-34.2231
-34.2237
-34.2243
-34.225
-34.2256
-34.2262
-34.2268
-34.2273
-34.2278
-34.2282
-34.2286
-34.2289
-34.2292
-34.2294
-34.2296
-34.2297
-34.2299
-34.23
-34.2075
-34.2075
-34.2075
-34.2076
-34.2077
-34.2078
-34.2079
-34.208
-34.2082
-34.2084
-34.2086
-34.2088
-34.209
-34.2092
-34.2094
-34.2097
-34.2099
-34.2102
-34.2104
-34.2107
-34.2109
-34.2112
-34.2114
-34.2117
-34.212
-34.2122
-34.2125
-34.2127
-34.213
-34.2132
-34.2135
-34.2138
-34.214
-34.2143
-34.2146
-34.2149
-34.2152
-34.2155
-34.2158
-34.2161
-34.2164
-34.2167
-34.217
-34.2174
-34.2177
-34.218
-34.2184
-34.2187
-34.2191
-34.2195
-34.2199
-34.2203
-34.2207
-34.2211
-34.2216
-34.2221
-34.2226
-34.2231
-34.2237
-34.2242
-34.2248
-34.2254
-34.2259
-34.2265
-34.227
-34.2274
-34.2278
-34.2282
-34.2285
-34.2288
-34.229
-34.2292
-34.2294
-34.2296
-34.2297
-34.2075
-34.2075
-34.2076
-34.2077
-34.2078
-34.2079
-34.208
-34.2081
-34.2083
-34.2085
-34.2087
-34.2089
-34.2091
-34.2093
-34.2095
-34.2098
-34.21
-34.2102
-34.2105
-34.2107
-34.211
-34.2112
-34.2115
-34.2118
-34.212
-34.2123
-34.2125
-34.2128
-34.213
-34.2133
-34.2136
-34.2138
-34.2141
-34.2144
-34.2147
-34.2149
-34.2152
-34.2155
-34.2158
-34.2161
-34.2165
-34.2168
-34.2171
-34.2174
-34.2178
-34.2181
-34.2185
-34.2188
-34.2192
-34.2196
-34.2199
-34.2203
-34.2207
-34.2212
-34.2216
-34.2221
-34.2226
-34.2231
-34.2236
-34.2241
-34.2247
-34.2252
-34.2257
-34.2262
-34.2267
-34.2271
-34.2275
-34.2278
-34.2281
-34.2284
-34.2287
-34.2289
-34.2291
-34.2292
-34.2294
-34.2075
-34.2075
-34.2076
-34.2077
-34.2078
-34.208
-34.2081
-34.2082
-34.2084
-34.2086
-34.2088
-34.209
-34.2092
-34.2094
-34.2096
-34.2098
-34.2101
-34.2103
-34.2106
-34.2108
-34.2111
-34.2113
-34.2116
-34.2118
-34.2121
-34.2123
-34.2126
-34.2128
-34.2131
-34.2134
-34.2136
-34.2139
-34.2142
-34.2144
-34.2147
-34.215
-34.2153
-34.2156
-34.2159
-34.2162
-34.2165
-34.2169
-34.2172
-34.2175
-34.2178
-34.2182
-34.2185
-34.2189
-34.2192
-34.2196
-34.22
-34.2204
-34.2208
-34.2212
-34.2217
-34.2221
-34.2226
-34.2231
-34.2235
-34.224
-34.2245
-34.225
-34.2255
-34.2259
-34.2264
-34.2268
-34.2272
-34.2275
-34.2278
-34.2281
-34.2283
-34.2286
-34.2288
-34.229
-34.2291
-34.2075
-34.2075
-34.2076
-34.2078
-34.2079
-34.208
-34.2082
-34.2083
-34.2085
-34.2087
-34.2088
-34.209
-34.2092
-34.2095
-34.2097
-34.2099
-34.2101
-34.2104
-34.2106
-34.2109
-34.2111
-34.2114
-34.2116
-34.2119
-34.2121
-34.2124
-34.2126
-34.2129
-34.2132
-34.2134
-34.2137
-34.214
-34.2142
-34.2145
-34.2148
-34.2151
-34.2154
-34.2157
-34.216
-34.2163
-34.2166
-34.2169
-34.2172
-34.2176
-34.2179
-34.2182
-34.2186
-34.2189
-34.2193
-34.2197
-34.22
-34.2204
-34.2208
-34.2212
-34.2217
-34.2221
-34.2226
-34.223
-34.2235
-34.2239
-34.2244
-34.2249
-34.2253
-34.2257
-34.2261
-34.2265
-34.2269
-34.2272
-34.2275
-34.2278
-34.228
-34.2283
-34.2285
-34.2287
-34.2289
-34.2074
-34.2075
-34.2077
-34.2078
-34.2079
-34.2081
-34.2082
-34.2084
-34.2085
-34.2087
-34.2089
-34.2091
-34.2093
-34.2095
-34.2097
-34.21
-34.2102
-34.2104
-34.2107
-34.2109
-34.2112
-34.2114
-34.2117
-34.2119
-34.2122
-34.2124
-34.2127
-34.2129
-34.2132
-34.2135
-34.2137
-34.214
-34.2143
-34.2146
-34.2149
-34.2151
-34.2154
-34.2157
-34.216
-34.2163
-34.2167
-34.217
-34.2173
-34.2176
-34.218
-34.2183
-34.2186
-34.219
-34.2193
-34.2197
-34.2201
-34.2205
-34.2209
-34.2213
-34.2217
-34.2221
-34.2225
-34.223
-34.2234
-34.2238
-34.2243
-34.2247
-34.2251
-34.2255
-34.2259
-34.2263
-34.2266
-34.2269
-34.2272
-34.2275
-34.2278
-34.228
-34.2282
-34.2284
-34.2286
-34.2074
-34.2075
-34.2077
-34.2078
-34.208
-34.2081
-34.2083
-34.2084
-34.2086
-34.2088
-34.209
-34.2092
-34.2094
-34.2096
-34.2098
-34.21
-34.2103
-34.2105
-34.2107
-34.211
-34.2112
-34.2115
-34.2117
-34.212
-34.2122
-34.2125
-34.2127
-34.213
-34.2133
-34.2135
-34.2138
-34.2141
-34.2143
-34.2146
-34.2149
-34.2152
-34.2155
-34.2158
-34.2161
-34.2164
-34.2167
-34.217
-34.2173
-34.2177
-34.218
-34.2183
-34.2187
-34.219
-34.2194
-34.2197
-34.2201
-34.2205
-34.2209
-34.2213
-34.2217
-34.2221
-34.2225
-34.2229
-34.2233
-34.2237
-34.2241
-34.2246
-34.225
-34.2253
-34.2257
-34.2261
-34.2264
-34.2267
-34.227
-34.2273
-34.2275
-34.2277
-34.2279
-34.2281
-34.2283
-34.2074
-34.2075
-34.2077
-34.2078
-34.208
-34.2081
-34.2083
-34.2085
-34.2086
-34.2088
-34.209
-34.2092
-34.2094
-34.2096
-34.2099
-34.2101
-34.2103
-34.2105
-34.2108
-34.211
-34.2113
-34.2115
-34.2118
-34.212
-34.2123
-34.2125
-34.2128
-34.213
-34.2133
-34.2136
-34.2138
-34.2141
-34.2144
-34.2147
-34.215
-34.2152
-34.2155
-34.2158
-34.2161
-34.2164
-34.2168
-34.2171
-34.2174
-34.2177
-34.218
-34.2184
-34.2187
-34.2191
-34.2194
-34.2198
-34.2201
-34.2205
-34.2209
-34.2213
-34.2217
-34.222
-34.2224
-34.2228
-34.2232
-34.2236
-34.224
-34.2244
-34.2248
-34.2252
-34.2255
-34.2259
-34.2262
-34.2265
-34.2268
-34.227
-34.2273
-34.2275
-34.2277
-34.2279
-34.2281
-34.2074
-34.2075
-34.2077
-34.2078
-34.208
-34.2082
-34.2083
-34.2085
-34.2087
-34.2089
-34.2091
-34.2093
-34.2095
-34.2097
-34.2099
-34.2101
-34.2104
-34.2106
-34.2108
-34.2111
-34.2113
-34.2116
-34.2118
-34.2121
-34.2123
-34.2126
-34.2128
-34.2131
-34.2134
-34.2136
-34.2139
-34.2142
-34.2144
-34.2147
-34.215
-34.2153
-34.2156
-34.2159
-34.2162
-34.2165
-34.2168
-34.2171
-34.2174
-34.2178
-34.2181
-34.2184
-34.2188
-34.2191
-34.2194
-34.2198
-34.2202
-34.2205
-34.2209
-34.2213
-34.2216
-34.222
-34.2224
-34.2228
-34.2232
-34.2236
-34.2239
-34.2243
-34.2247
-34.225
-34.2254
-34.2257
-34.226
-34.2263
-34.2266
-34.2268
-34.227
-34.2273
-34.2275
-34.2277
-34.2279
-34.2074
-34.2075
-34.2077
-34.2078
-34.208
-34.2082
-34.2084
-34.2085
-34.2087
-34.2089
-34.2091
-34.2093
-34.2095
-34.2097
-34.21
-34.2102
-34.2104
-34.2106
-34.2109
-34.2111
-34.2114
-34.2116
-34.2118
-34.2121
-34.2124
-34.2126
-34.2129
-34.2131
-34.2134
-34.2137
-34.2139
-34.2142
-34.2145
-34.2148
-34.2151
-34.2153
-34.2156
-34.2159
-34.2162
-34.2165
-34.2168
-34.2172
-34.2175
-34.2178
-34.2181
-34.2185
-34.2188
-34.2191
-34.2195
-34.2198
-34.2202
-34.2205
-34.2209
-34.2213
-34.2216
-34.222
-34.2224
-34.2227
-34.2231
-34.2235
-34.2238
-34.2242
-34.2245
-34.2249
-34.2252
-34.2255
-34.2258
-34.2261
-34.2264
-34.2266
-34.2268
-34.2271
-34.2273
-34.2275
-34.2276
-34.2073
-34.2075
-34.2077
-34.2079
-34.208
-34.2082
-34.2084
-34.2086
-34.2088
-34.209
-34.2092
-34.2094
-34.2096
-34.2098
-34.21
-34.2102
-34.2105
-34.2107
-34.2109
-34.2112
-34.2114
-34.2116
-34.2119
-34.2121
-34.2124
-34.2126
-34.2129
-34.2132
-34.2134
-34.2137
-34.214
-34.2143
-34.2145
-34.2148
-34.2151
-34.2154
-34.2157
-34.216
-34.2163
-34.2166
-34.2169
-34.2172
-34.2175
-34.2178
-34.2182
-34.2185
-34.2188
-34.2191
-34.2195
-34.2198
-34.2202
-34.2205
-34.2209
-34.2212
-34.2216
-34.222
-34.2223
-34.2227
-34.223
-34.2234
-34.2237
-34.2241
-34.2244
-34.2247
-34.2251
-34.2254
-34.2257
-34.2259
-34.2262
-34.2264
-34.2267
-34.2269
-34.2271
-34.2273
-34.2274
-34.2073
-34.2075
-34.2077
-34.2079
-34.208
-34.2082
-34.2084
-34.2086
-34.2088
-34.209
-34.2092
-34.2094
-34.2096
-34.2098
-34.21
-34.2103
-34.2105
-34.2107
-34.211
-34.2112
-34.2114
-34.2117
-34.2119
-34.2122
-34.2124
-34.2127
-34.2129
-34.2132
-34.2135
-34.2137
-34.214
-34.2143
-34.2146
-34.2148
-34.2151
-34.2154
-34.2157
-34.216
-34.2163
-34.2166
-34.2169
-34.2172
-34.2175
-34.2179
-34.2182
-34.2185
-34.2188
-34.2192
-34.2195
-34.2198
-34.2202
-34.2205
-34.2209
-34.2212
-34.2216
-34.2219
-34.2223
-34.2226
-34.223
-34.2233
-34.2237
-34.224
-34.2243
-34.2246
-34.2249
-34.2252
-34.2255
-34.2258
-34.226
-34.2263
-34.2265
-34.2267
-34.2269
-34.2271
-34.2272
-34.2073
-34.2075
-34.2077
-34.2079
-34.208
-34.2082
-34.2084
-34.2086
-34.2088
-34.209
-34.2092
-34.2094
-34.2096
-34.2099
-34.2101
-34.2103
-34.2105
-34.2108
-34.211
-34.2112
-34.2115
-34.2117
-34.212
-34.2122
-34.2125
-34.2127
-34.213
-34.2132
-34.2135
-34.2138
-34.214
-34.2143
-34.2146
-34.2149
-34.2152
-34.2155
-34.2157
-34.216
-34.2163
-34.2166
-34.2169
-34.2173
-34.2176
-34.2179
-34.2182
-34.2185
-34.2189
-34.2192
-34.2195
-34.2198
-34.2202
-34.2205
-34.2209
-34.2212
-34.2215
-34.2219
-34.2222
-34.2226
-34.2229
-34.2232
-34.2236
-34.2239
-34.2242
-34.2245
-34.2248
-34.2251
-34.2254
-34.2256
-34.2259
-34.2261
-34.2263
-34.2265
-34.2267
-34.2269
-34.2271
-34.2073
-34.2075
-34.2077
-34.2079
-34.208
-34.2082
-34.2084
-34.2086
-34.2088
-34.209
-34.2092
-34.2095
-34.2097
-34.2099
-34.2101
-34.2103
-34.2106
-34.2108
-34.211
-34.2113
-34.2115
-34.2117
-34.212
-34.2122
-34.2125
-34.2128
-34.213
-34.2133
-34.2135
-34.2138
-34.2141
-34.2144
-34.2146
-34.2149
-34.2152
-34.2155
-34.2158
-34.2161
-34.2164
-34.2167
-34.217
-34.2173
-34.2176
-34.2179
-34.2182
-34.2185
-34.2189
-34.2192
-34.2195
-34.2199
-34.2202
-34.2205
-34.2209
-34.2212
-34.2215
-34.2219
-34.2222
-34.2225
-34.2229
-34.2232
-34.2235
-34.2238
-34.2241
-34.2244
-34.2247
-34.225
-34.2253
-34.2255
-34.2257
-34.226
-34.2262
-34.2264
-34.2266
-34.2268
-34.2269
-34.2073
-34.2075
-34.2077
-34.2079
-34.2081
-34.2082
-34.2084
-34.2086
-34.2089
-34.2091
-34.2093
-34.2095
-34.2097
-34.2099
-34.2101
-34.2104
-34.2106
-34.2108
-34.211
-34.2113
-34.2115
-34.2118
-34.212
-34.2123
-34.2125
-34.2128
-34.213
-34.2133
-34.2136
-34.2138
-34.2141
-34.2144
-34.2147
-34.2149
-34.2152
-34.2155
-34.2158
-34.2161
-34.2164
-34.2167
-34.217
-34.2173
-34.2176
-34.2179
-34.2182
-34.2186
-34.2189
-34.2192
-34.2195
-34.2199
-34.2202
-34.2205
-34.2208
-34.2212
-34.2215
-34.2218
-34.2222
-34.2225
-34.2228
-34.2231
-34.2234
-34.2237
-34.224
-34.2243
-34.2246
-34.2249
-34.2251
-34.2254
-34.2256
-34.2259
-34.2261
-34.2263
-34.2264
-34.2266
-34.2268
-34.2073
-34.2075
-34.2077
-34.2079
-34.2081
-34.2083
-34.2085
-34.2087
-34.2089
-34.2091
-34.2093
-34.2095
-34.2097
-34.2099
-34.2102
-34.2104
-34.2106
-34.2108
-34.2111
-34.2113
-34.2116
-34.2118
-34.212
-34.2123
-34.2125
-34.2128
-34.2131
-34.2133
-34.2136
-34.2139
-34.2141
-34.2144
-34.2147
-34.215
-34.2153
-34.2155
-34.2158
-34.2161
-34.2164
-34.2167
-34.217
-34.2173
-34.2176
-34.2179
-34.2183
-34.2186
-34.2189
-34.2192
-34.2195
-34.2199
-34.2202
-34.2205
-34.2208
-34.2212
-34.2215
-34.2218
-34.2221
-34.2224
-34.2228
-34.2231
-34.2234
-34.2237
-34.224
-34.2243
-34.2245
-34.2248
-34.225
-34.2253
-34.2255
-34.2257
-34.2259
-34.2261
-34.2263
-34.2265
-34.2266
-34.2072
-34.2075
-34.2077
-34.2079
-34.2081
-34.2083
-34.2085
-34.2087
-34.2089
-34.2091
-34.2093
-34.2095
-34.2097
-34.21
-34.2102
-34.2104
-34.2106
-34.2109
-34.2111
-34.2113
-34.2116
-34.2118
-34.2121
-34.2123
-34.2126
-34.2128
-34.2131
-34.2134
-34.2136
-34.2139
-34.2142
-34.2144
-34.2147
-34.215
-34.2153
-34.2156
-34.2159
-34.2161
-34.2164
-34.2167
-34.217
-34.2173
-34.2177
-34.218
-34.2183
-34.2186
-34.2189
-34.2192
-34.2195
-34.2199
-34.2202
-34.2205
-34.2208
-34.2211
-34.2215
-34.2218
-34.2221
-34.2224
-34.2227
-34.223
-34.2233
-34.2236
-34.2239
-34.2242
-34.2245
-34.2247
-34.225
-34.2252
-34.2254
-34.2256
-34.2258
-34.226
-34.2262
-34.2264
-34.2265
-34.2072
-34.2074
-34.2077
-34.2079
-34.2081
-34.2083
-34.2085
-34.2087
-34.2089
-34.2091
-34.2093
-34.2095
-34.2097
-34.21
-34.2102
-34.2104
-34.2106
-34.2109
-34.2111
-34.2114
-34.2116
-34.2118
-34.2121
-34.2123
-34.2126
-34.2129
-34.2131
-34.2134
-34.2136
-34.2139
-34.2142
-34.2145
-34.2147
-34.215
-34.2153
-34.2156
-34.2159
-34.2162
-34.2165
-34.2168
-34.2171
-34.2174
-34.2177
-34.218
-34.2183
-34.2186
-34.2189
-34.2192
-34.2195
-34.2199
-34.2202
-34.2205
-34.2208
-34.2211
-34.2214
-34.2218
-34.2221
-34.2224
-34.2227
-34.223
-34.2233
-34.2236
-34.2239
-34.2241
-34.2244
-34.2246
-34.2249
-34.2251
-34.2253
-34.2256
-34.2258
-34.2259
-34.2261
-34.2263
-34.2264
-34.2072
-34.2074
-34.2076
-34.2079
-34.2081
-34.2083
-34.2085
-34.2087
-34.2089
-34.2091
-34.2093
-34.2095
-34.2098
-34.21
-34.2102
-34.2104
-34.2107
-34.2109
-34.2111
-34.2114
-34.2116
-34.2119
-34.2121
-34.2124
-34.2126
-34.2129
-34.2131
-34.2134
-34.2137
-34.2139
-34.2142
-34.2145
-34.2148
-34.215
-34.2153
-34.2156
-34.2159
-34.2162
-34.2165
-34.2168
-34.2171
-34.2174
-34.2177
-34.218
-34.2183
-34.2186
-34.2189
-34.2192
-34.2195
-34.2199
-34.2202
-34.2205
-34.2208
-34.2211
-34.2214
-34.2217
-34.2221
-34.2224
-34.2227
-34.223
-34.2232
-34.2235
-34.2238
-34.2241
-34.2243
-34.2246
-34.2248
-34.2251
-34.2253
-34.2255
-34.2257
-34.2259
-34.226
-34.2262
-34.2263
-34.2072
-34.2074
-34.2076
-34.2079
-34.2081
-34.2083
-34.2085
-34.2087
-34.2089
-34.2091
-34.2093
-34.2096
-34.2098
-34.21
-34.2102
-34.2104
-34.2107
-34.2109
-34.2111
-34.2114
-34.2116
-34.2119
-34.2121
-34.2124
-34.2126
-34.2129
-34.2131
-34.2134
-34.2137
-34.2139
-34.2142
-34.2145
-34.2148
-34.215
-34.2153
-34.2156
-34.2159
-34.2162
-34.2165
-34.2168
-34.2171
-34.2174
-34.2177
-34.218
-34.2183
-34.2186
-34.2189
-34.2192
-34.2195
-34.2199
-34.2202
-34.2205
-34.2208
-34.2211
-34.2214
-34.2217
-34.222
-34.2223
-34.2226
-34.2229
-34.2232
-34.2235
-34.2238
-34.224
-34.2243
-34.2245
-34.2248
-34.225
-34.2252
-34.2254
-34.2256
-34.2258
-34.226
-34.2261
-34.2263
-34.2072
-34.2074
-34.2076
-34.2079
-34.2081
-34.2083
-34.2085
-34.2087
-34.2089
-34.2091
-34.2093
-34.2096
-34.2098
-34.21
-34.2102
-34.2105
-34.2107
-34.2109
-34.2112
-34.2114
-34.2116
-34.2119
-34.2121
-34.2124
-34.2126
-34.2129
-34.2132
-34.2134
-34.2137
-34.214
-34.2142
-34.2145
-34.2148
-34.2151
-34.2153
-34.2156
-34.2159
-34.2162
-34.2165
-34.2168
-34.2171
-34.2174
-34.2177
-34.218
-34.2183
-34.2186
-34.2189
-34.2192
-34.2196
-34.2199
-34.2202
-34.2205
-34.2208
-34.2211
-34.2214
-34.2217
-34.222
-34.2223
-34.2226
-34.2229
-34.2232
-34.2235
-34.2237
-34.224
-34.2243
-34.2245
-34.2247
-34.225
-34.2252
-34.2254
-34.2256
-34.2258
-34.2259
-34.2261
-34.2262
-34.2072
-34.2074
-34.2076
-34.2079
-34.2081
-34.2083
-34.2085
-34.2087
-34.2089
-34.2091
-34.2093
-34.2096
-34.2098
-34.21
-34.2102
-34.2105
-34.2107
-34.2109
-34.2112
-34.2114
-34.2116
-34.2119
-34.2121
-34.2124
-34.2126
-34.2129
-34.2132
-34.2134
-34.2137
-34.214
-34.2142
-34.2145
-34.2148
-34.2151
-34.2154
-34.2156
-34.2159
-34.2162
-34.2165
-34.2168
-34.2171
-34.2174
-34.2177
-34.218
-34.2183
-34.2186
-34.2189
-34.2192
-34.2196
-34.2199
-34.2202
-34.2205
-34.2208
-34.2211
-34.2214
-34.2217
-34.222
-34.2223
-34.2226
-34.2229
-34.2232
-34.2234
-34.2237
-34.224
-34.2242
-34.2245
-34.2247
-34.2249
-34.2251
-34.2253
-34.2255
-34.2257
-34.2259
-34.226
-34.2262
-34.2072
-34.2074
-34.2076
-34.2079
-34.2081
-34.2083
-34.2085
-34.2087
-34.2089
-34.2091
-34.2094
-34.2096
-34.2098
-34.21
-34.2102
-34.2105
-34.2107
-34.2109
-34.2112
-34.2114
-34.2117
-34.2119
-34.2121
-34.2124
-34.2127
-34.2129
-34.2132
-34.2134
-34.2137
-34.214
-34.2142
-34.2145
-34.2148
-34.2151
-34.2154
-34.2156
-34.2159
-34.2162
-34.2165
-34.2168
-34.2171
-34.2174
-34.2177
-34.218
-34.2183
-34.2186
-34.2189
-34.2192
-34.2196
-34.2199
-34.2202
-34.2205
-34.2208
-34.2211
-34.2214
-34.2217
-34.222
-34.2223
-34.2226
-34.2229
-34.2232
-34.2234
-34.2237
-34.224
-34.2242
-34.2245
-34.2247
-34.2249
-34.2251
-34.2253
-34.2255
-34.2257
-34.2259
-34.226
-34.2261
-34.2072
-34.2074
-34.2076
-34.2079
-34.2081
-34.2083
-34.2085
-34.2087
-34.2089
-34.2091
-34.2094
-34.2096
-34.2098
-34.21
-34.2102
-34.2105
-34.2107
-34.2109
-34.2112
-34.2114
-34.2117
-34.2119
-34.2122
-34.2124
-34.2127
-34.2129
-34.2132
-34.2134
-34.2137
-34.214
-34.2142
-34.2145
-34.2148
-34.2151
-34.2154
-34.2157
-34.2159
-34.2162
-34.2165
-34.2168
-34.2171
-34.2174
-34.2177
-34.218
-34.2183
-34.2186
-34.2189
-34.2192
-34.2196
-34.2199
-34.2202
-34.2205
-34.2208
-34.2211
-34.2214
-34.2217
-34.222
-34.2223
-34.2226
-34.2229
-34.2232
-34.2234
-34.2237
-34.224
-34.2242
-34.2244
-34.2247
-34.2249
-34.2251
-34.2253
-34.2255
-34.2257
-34.2258
-34.226
-34.2261
)
;

boundaryField
{
    leftWall
    {
        type            fixedFluxPressure;
        gradient        nonuniform List<scalar> 0();
        value           nonuniform List<scalar> 0();
    }
    rightWall
    {
        type            fixedFluxPressure;
        gradient        nonuniform List<scalar> 0();
        value           nonuniform List<scalar> 0();
    }
    lowerWall
    {
        type            fixedFluxPressure;
        gradient        uniform 0;
        value           nonuniform List<scalar> 
75
(
11.0935
11.0058
10.9204
10.8404
10.7681
10.7056
10.656
10.6198
10.5915
10.5637
10.53
10.4845
10.4235
10.3517
10.2785
10.2056
10.1342
10.0624
9.92972
9.70056
9.51844
9.5207
9.57836
9.63619
9.78621
10.0701
10.2775
10.2715
10.2024
10.117
10.0182
9.96467
9.95604
9.94751
9.92116
9.86646
9.77175
9.63694
9.47103
9.28119
9.07236
8.85733
8.66226
8.51271
8.41063
8.33655
8.27479
8.20396
8.06116
7.78118
7.51667
7.47126
7.51134
7.58144
7.69784
7.75445
7.74025
7.72132
7.71883
7.76725
8.00827
8.27061
8.48346
8.3833
8.28123
8.32044
8.3756
8.26159
8.06352
7.80948
7.36761
6.65721
6.02697
6.04532
6.27479
)
;
    }
    atmosphere
    {
        type            fixedFluxPressure;
        gradient        uniform 0;
        value           nonuniform List<scalar> 
75
(
-34.2072
-34.2074
-34.2076
-34.2079
-34.2081
-34.2083
-34.2085
-34.2087
-34.2089
-34.2091
-34.2094
-34.2096
-34.2098
-34.21
-34.2102
-34.2105
-34.2107
-34.2109
-34.2112
-34.2114
-34.2117
-34.2119
-34.2122
-34.2124
-34.2127
-34.2129
-34.2132
-34.2134
-34.2137
-34.214
-34.2142
-34.2145
-34.2148
-34.2151
-34.2154
-34.2157
-34.2159
-34.2162
-34.2165
-34.2168
-34.2171
-34.2174
-34.2177
-34.218
-34.2183
-34.2186
-34.2189
-34.2192
-34.2196
-34.2199
-34.2202
-34.2205
-34.2208
-34.2211
-34.2214
-34.2217
-34.222
-34.2223
-34.2226
-34.2229
-34.2232
-34.2234
-34.2237
-34.224
-34.2242
-34.2244
-34.2247
-34.2249
-34.2251
-34.2253
-34.2255
-34.2257
-34.2258
-34.226
-34.2261
)
;
    }
    defaultFaces
    {
        type            empty;
    }
    procBoundary2to1
    {
        type            processor;
        value           nonuniform List<scalar> 
40
(
11.1803
-9.29495
-34.2006
-34.1958
-34.2008
-34.2022
-34.2043
-34.2054
-34.2062
-34.2067
-34.207
-34.2073
-34.2074
-34.2075
-34.2075
-34.2075
-34.2075
-34.2075
-34.2074
-34.2074
-34.2074
-34.2073
-34.2073
-34.2073
-34.2072
-34.2072
-34.2072
-34.2071
-34.2071
-34.2071
-34.2071
-34.2071
-34.207
-34.207
-34.207
-34.207
-34.207
-34.207
-34.207
-34.207
)
;
    }
    procBoundary2to3
    {
        type            processor;
        value           nonuniform List<scalar> 
40
(
6.57289
-21.5792
-34.233
-34.2265
-34.2293
-34.2285
-34.2296
-34.2303
-34.2307
-34.231
-34.2311
-34.2311
-34.231
-34.2309
-34.2307
-34.2304
-34.2301
-34.2299
-34.2296
-34.2293
-34.229
-34.2288
-34.2285
-34.2283
-34.228
-34.2278
-34.2276
-34.2274
-34.2272
-34.2271
-34.2269
-34.2268
-34.2267
-34.2265
-34.2265
-34.2264
-34.2263
-34.2263
-34.2263
-34.2263
)
;
    }
}


// ************************************************************************* //
