/*--------------------------------*- C++ -*----------------------------------*\
| =========                 |                                                 |
| \\      /  F ield         | OpenFOAM: The Open Source CFD Toolbox           |
|  \\    /   O peration     | Version:  2606                                  |
|   \\  /    A nd           | Website:  www.openfoam.com                      |
|    \\/     M anipulation  |                                                 |
\*---------------------------------------------------------------------------*/
FoamFile
{
    version     2.0;
    format      ascii;
    arch        "LSB;label=32;scalar=64";
    class       surfaceScalarField;
    location    "0.2";
    object      phi;
}
// * * * * * * * * * * * * * * * * * * * * * * * * * * * * * * * * * * * * * //

dimensions      [0 3 -1 0 0 0 0];

oriented        oriented;

internalField   nonuniform List<scalar> 
5885
(
2.78561e-11
2.79823e-12
2.57263e-11
2.2843e-12
2.36366e-11
1.95511e-12
2.17671e-11
1.78435e-12
2.00985e-11
1.66305e-12
1.85614e-11
1.55759e-12
1.71096e-11
1.44907e-12
1.57237e-11
1.33401e-12
1.44109e-11
1.21717e-12
1.3194e-11
1.10702e-12
1.20893e-11
1.01351e-12
1.10973e-11
9.37637e-13
1.02058e-11
8.72157e-13
9.40101e-12
8.0771e-13
8.67549e-12
7.39497e-13
8.02748e-12
6.70338e-13
7.45587e-12
6.06073e-13
6.95455e-12
5.51868e-13
6.51011e-12
5.09831e-13
6.10316e-12
4.78848e-13
5.71445e-12
4.53273e-13
5.32924e-12
4.27354e-13
4.94177e-12
3.97125e-13
4.55724e-12
3.62855e-13
4.18828e-12
3.30261e-13
3.84816e-12
3.06203e-13
3.54208e-12
2.94299e-13
3.25915e-12
2.9528e-13
2.98199e-12
2.98711e-13
2.69555e-12
2.95883e-13
2.40105e-12
2.80195e-13
2.11904e-12
2.51684e-13
1.87541e-12
2.1973e-13
1.68331e-12
1.95663e-13
1.53791e-12
1.8044e-13
1.41751e-12
1.71468e-13
1.30276e-12
1.60156e-13
1.19666e-12
1.37278e-13
1.11529e-12
1.12952e-13
1.08105e-12
9.6353e-14
1.10381e-12
9.41317e-14
1.15852e-12
1.15609e-13
1.20438e-12
1.47086e-13
1.20621e-12
1.69171e-13
1.15018e-12
1.71609e-13
1.04721e-12
1.58397e-13
9.25026e-13
1.40628e-13
8.16618e-13
1.23398e-13
7.31655e-13
1.18715e-13
6.64946e-13
1.18857e-13
5.92364e-13
1.2555e-13
5.06949e-13
1.20977e-13
4.24235e-13
9.72606e-14
3.51571e-13
8.0791e-14
3.13572e-13
6.28525e-14
3.1746e-13
5.40312e-14
3.54873e-13
5.26387e-14
3.978e-13
6.17598e-14
4.19282e-13
7.3983e-14
4.07646e-13
7.97871e-14
3.56875e-13
8.56718e-14
2.74663e-13
8.81692e-14
1.66103e-13
9.32036e-14
3.68861e-14
9.7798e-14
-1.05667e-13
9.75836e-14
-2.50273e-13
9.02757e-14
-3.76323e-13
7.29832e-14
-4.60412e-13
4.97992e-14
-4.85483e-13
2.86505e-14
-4.50562e-13
1.90381e-14
-3.6864e-13
2.23279e-14
-2.57682e-13
3.08791e-14
-1.40639e-13
4.31874e-14
-4.07627e-14
6.1814e-14
1.14173e-13
2.74034e-11
4.89001e-12
2.55149e-11
4.44357e-12
2.35596e-11
3.97002e-12
2.17307e-11
3.62427e-12
2.00673e-11
3.32986e-12
1.85223e-11
3.0689e-12
1.70585e-11
2.81612e-12
1.56655e-11
2.57618e-12
1.43582e-11
2.35994e-12
1.31559e-11
2.17618e-12
1.20659e-11
2.02512e-12
1.1081e-11
1.89393e-12
1.01874e-11
1.76749e-12
9.37552e-12
1.63681e-12
8.64514e-12
1.50179e-12
7.99894e-12
1.37142e-12
7.43539e-12
1.25372e-12
6.94371e-12
1.15269e-12
6.50627e-12
1.06532e-12
6.10252e-12
9.86129e-13
5.71199e-12
9.10057e-13
5.32067e-12
8.34838e-13
4.92641e-12
7.62072e-13
4.53927e-12
6.97885e-13
4.17561e-12
6.50471e-13
3.84778e-12
6.22677e-13
3.55042e-12
6.13379e-13
3.2685e-12
6.09593e-13
2.97962e-12
6.00334e-13
2.67401e-12
5.78889e-13
2.36413e-12
5.44182e-13
2.07848e-12
5.01085e-13
1.84342e-12
4.59196e-13
1.66515e-12
4.26476e-13
1.52579e-12
4.01015e-13
1.4008e-12
3.78302e-13
1.27869e-12
3.54434e-13
1.16738e-12
3.31859e-13
1.09387e-12
3.21147e-13
1.07989e-12
3.26489e-13
1.11811e-12
3.46499e-13
1.17892e-12
3.71805e-13
1.21697e-12
3.86838e-13
1.20027e-12
3.7695e-13
1.11908e-12
3.52094e-13
1.00575e-12
3.14422e-13
8.97168e-13
2.84644e-13
8.11084e-13
2.69982e-13
7.44237e-13
2.70655e-13
6.73748e-13
2.74145e-13
5.8825e-13
2.70466e-13
4.84258e-13
2.55569e-13
3.81126e-13
2.24935e-13
3.14288e-13
2.004e-13
2.96594e-13
1.84715e-13
3.23547e-13
1.79642e-13
3.70222e-13
1.79273e-13
4.11731e-13
1.77506e-13
4.27661e-13
1.71424e-13
4.09635e-13
1.57999e-13
3.60937e-13
1.47695e-13
2.81016e-13
1.46263e-13
1.74669e-13
1.51193e-13
4.37532e-14
1.58844e-13
-1.08256e-13
1.66159e-13
-2.63632e-13
1.66481e-13
-3.9784e-13
1.60398e-13
-4.85345e-13
1.53096e-13
-5.08321e-13
1.49779e-13
-4.64487e-13
1.55888e-13
-3.72823e-13
1.74412e-13
-2.51927e-13
1.87026e-13
-1.26521e-13
2.01445e-13
-2.10857e-15
2.14094e-13
2.28474e-13
2.69153e-11
6.81306e-12
2.5078e-11
6.43966e-12
2.32145e-11
5.90217e-12
2.14448e-11
5.42924e-12
1.98088e-11
4.98285e-12
1.82755e-11
4.5758e-12
1.68241e-11
4.18974e-12
1.54551e-11
3.83758e-12
1.41812e-11
3.53021e-12
1.30112e-11
3.26951e-12
1.19414e-11
3.04586e-12
1.09607e-11
2.84027e-12
1.00619e-11
2.63676e-12
9.24644e-12
2.4317e-12
8.5204e-12
2.23084e-12
7.88659e-12
2.04518e-12
7.33853e-12
1.88024e-12
6.86037e-12
1.73528e-12
6.43061e-12
1.60384e-12
6.02898e-12
1.47788e-12
5.63808e-12
1.35558e-12
5.24859e-12
1.23883e-12
4.86192e-12
1.13356e-12
4.48906e-12
1.04814e-12
4.14412e-12
9.88686e-13
3.83294e-12
9.53412e-13
3.54684e-12
9.34739e-13
3.26251e-12
9.18808e-13
2.95925e-12
8.94097e-13
2.63756e-12
8.5315e-13
2.31915e-12
7.99361e-13
2.03431e-12
7.41896e-13
1.80604e-12
6.87947e-13
1.63452e-12
6.43302e-13
1.49745e-12
6.07234e-13
1.37266e-12
5.74068e-13
1.2524e-12
5.45606e-13
1.15057e-12
5.27591e-13
1.09348e-12
5.26688e-13
1.09488e-12
5.41789e-13
1.14058e-12
5.64745e-13
1.19313e-12
5.8088e-13
1.21053e-12
5.76654e-13
1.17119e-12
5.43077e-13
1.085e-12
4.96788e-13
9.76291e-13
4.51834e-13
8.79567e-13
4.18373e-13
8.02488e-13
4.07177e-13
7.35263e-13
4.08268e-13
6.57424e-13
4.07528e-13
5.60095e-13
3.93825e-13
4.53084e-13
3.68529e-13
3.58827e-13
3.34256e-13
3.01742e-13
3.12319e-13
2.93789e-13
3.00198e-13
3.25147e-13
2.96205e-13
3.72107e-13
2.90906e-13
4.07661e-13
2.80476e-13
4.20887e-13
2.58527e-13
4.03728e-13
2.34755e-13
3.61328e-13
2.14999e-13
2.88114e-13
2.14679e-13
1.84615e-13
2.20129e-13
5.00258e-14
2.28486e-13
-1.0898e-13
2.37494e-13
-2.70912e-13
2.39455e-13
-4.06436e-13
2.37588e-13
-4.88715e-13
2.38629e-13
-5.03899e-13
2.46757e-13
-4.5343e-13
2.61708e-13
-3.54583e-13
2.84536e-13
-2.38202e-13
3.03986e-13
-1.16677e-13
3.15626e-13
2.41303e-15
3.2461e-13
3.37468e-13
2.6507e-11
8.8868e-12
2.457e-11
8.40473e-12
2.27342e-11
7.77288e-12
2.10086e-11
7.17855e-12
1.93998e-11
6.6056e-12
1.7892e-11
6.06614e-12
1.64732e-11
5.55815e-12
1.51477e-11
5.10091e-12
1.39208e-11
4.70256e-12
1.27873e-11
4.35781e-12
1.17356e-11
4.04905e-12
1.07574e-11
3.75732e-12
9.85706e-12
3.47111e-12
9.04626e-12
3.19451e-12
8.3353e-12
2.93564e-12
7.72251e-12
2.70333e-12
7.19403e-12
2.4965e-12
6.72853e-12
2.30918e-12
6.30529e-12
2.1321e-12
5.90679e-12
1.95989e-12
5.52132e-12
1.79469e-12
5.14377e-12
1.6428e-12
4.77665e-12
1.51241e-12
4.42891e-12
1.41024e-12
4.10886e-12
1.33825e-12
3.81432e-12
1.29057e-12
3.53016e-12
1.25583e-12
3.23535e-12
1.21917e-12
2.91778e-12
1.17089e-12
2.58357e-12
1.10943e-12
2.26083e-12
1.03872e-12
1.98045e-12
9.70438e-13
1.76075e-12
9.08501e-13
1.59583e-12
8.57204e-13
1.46328e-12
8.15494e-13
1.34338e-12
7.78632e-13
1.2332e-12
7.5127e-13
1.14823e-12
7.38934e-13
1.1082e-12
7.43889e-13
1.11737e-12
7.58993e-13
1.15458e-12
7.72583e-13
1.18444e-12
7.68515e-13
1.17804e-12
7.36566e-13
1.12306e-12
6.81158e-13
1.03707e-12
6.19954e-13
9.47379e-13
5.69734e-13
8.6969e-13
5.40259e-13
8.0337e-13
5.32965e-13
7.33421e-13
5.32357e-13
6.44814e-13
5.24223e-13
5.34634e-13
5.04087e-13
4.23442e-13
4.73385e-13
3.32926e-13
4.45014e-13
2.87865e-13
4.28577e-13
2.8908e-13
4.22679e-13
3.20561e-13
4.19897e-13
3.59646e-13
4.07915e-13
3.86952e-13
3.85944e-13
3.97562e-13
3.47637e-13
3.87507e-13
3.13002e-13
3.50236e-13
2.91842e-13
2.89921e-13
2.82848e-13
1.93692e-13
2.84857e-13
5.56622e-14
2.92815e-13
-1.06966e-13
2.9617e-13
-2.72309e-13
2.99757e-13
-4.05845e-13
3.0306e-13
-4.7904e-13
3.12663e-13
-4.81183e-13
3.31295e-13
-4.29881e-13
3.64022e-13
-3.36728e-13
3.90294e-13
-2.26689e-13
4.10335e-13
-1.12318e-13
4.17389e-13
-2.43436e-16
4.24475e-13
4.37895e-13
2.59499e-11
1.11036e-11
2.39446e-11
1.03985e-11
2.21341e-11
9.62424e-12
2.04409e-11
8.87911e-12
1.88562e-11
8.1838e-12
1.73837e-11
7.52383e-12
1.60153e-11
6.90759e-12
1.47489e-11
6.35181e-12
1.35759e-11
5.86023e-12
1.24789e-11
5.42254e-12
1.14439e-11
5.0195e-12
1.04721e-11
4.6369e-12
9.57997e-12
4.27114e-12
8.78752e-12
3.93084e-12
8.1029e-12
3.62283e-12
7.51627e-12
3.34976e-12
7.00674e-12
3.10224e-12
6.55125e-12
2.87119e-12
6.13299e-12
2.64791e-12
5.74086e-12
2.43215e-12
5.36884e-12
2.22975e-12
5.01311e-12
2.05025e-12
4.67474e-12
1.8998e-12
4.35669e-12
1.78218e-12
4.06067e-12
1.69336e-12
3.77888e-12
1.62484e-12
3.49348e-12
1.56531e-12
3.1874e-12
1.50088e-12
2.85526e-12
1.42702e-12
2.5129e-12
1.34538e-12
2.19062e-12
1.26256e-12
1.91936e-12
1.18767e-12
1.70929e-12
1.12532e-12
1.55197e-12
1.07378e-12
1.4266e-12
1.03167e-12
1.31561e-12
9.96902e-13
1.21949e-12
9.72672e-13
1.15165e-12
9.62569e-13
1.12339e-12
9.65083e-13
1.13008e-12
9.68979e-13
1.14935e-12
9.61106e-13
1.15296e-12
9.28556e-13
1.12322e-12
8.6859e-13
1.06177e-12
7.93985e-13
9.86794e-13
7.2507e-13
9.18525e-13
6.74961e-13
8.60016e-13
6.50998e-13
8.01539e-13
6.44992e-13
7.25017e-13
6.4131e-13
6.23369e-13
6.26285e-13
5.05797e-13
6.02359e-13
3.95807e-13
5.74974e-13
3.1629e-13
5.58298e-13
2.82215e-13
5.52351e-13
2.8593e-13
5.54167e-13
3.09615e-13
5.5036e-13
3.35105e-13
5.28759e-13
3.5097e-13
4.94023e-13
3.58281e-13
4.40535e-13
3.56135e-13
3.945e-13
3.39149e-13
3.63883e-13
2.92797e-13
3.47316e-13
2.01849e-13
3.42944e-13
6.28517e-14
3.45876e-13
-1.06444e-13
3.45371e-13
-2.70188e-13
3.46751e-13
-3.96583e-13
3.58387e-13
-4.61213e-13
3.81567e-13
-4.59232e-13
4.1465e-13
-4.01964e-13
4.55957e-13
-3.17765e-13
4.90878e-13
-2.18344e-13
5.06919e-13
-1.15329e-13
5.10533e-13
-5.83962e-15
5.12854e-13
5.30058e-13
2.51955e-11
1.32046e-11
2.31575e-11
1.23276e-11
2.13946e-11
1.14423e-11
1.97468e-11
1.05425e-11
1.8197e-11
9.71429e-12
1.67681e-11
8.93675e-12
1.5459e-11
8.2211e-12
1.42573e-11
7.57152e-12
1.31381e-11
6.98536e-12
1.20757e-11
6.44997e-12
1.10607e-11
5.95034e-12
1.01064e-11
5.48016e-12
9.23861e-12
5.04398e-12
8.47903e-12
4.6491e-12
7.82839e-12
4.29787e-12
7.26896e-12
3.98408e-12
6.7751e-12
3.69386e-12
6.32773e-12
3.41697e-12
5.91683e-12
3.14943e-12
5.53865e-12
2.89524e-12
5.1887e-12
2.66376e-12
4.86275e-12
2.46212e-12
4.55647e-12
2.29357e-12
4.26774e-12
2.15633e-12
3.99205e-12
2.04309e-12
3.71786e-12
1.94542e-12
3.42968e-12
1.8532e-12
3.11358e-12
1.75922e-12
2.77353e-12
1.66049e-12
2.43064e-12
1.56317e-12
2.11619e-12
1.4743e-12
1.85619e-12
1.40022e-12
1.65824e-12
1.34189e-12
1.50995e-12
1.29547e-12
1.39185e-12
1.25757e-12
1.2912e-12
1.22571e-12
1.20906e-12
1.20162e-12
1.15287e-12
1.1876e-12
1.1267e-12
1.17764e-12
1.12191e-12
1.1587e-12
1.11715e-12
1.12237e-12
1.09438e-12
1.06019e-12
1.04967e-12
9.75861e-13
9.91992e-13
8.89083e-13
9.37419e-13
8.18307e-13
8.93166e-13
7.72502e-13
8.51922e-13
7.51923e-13
7.97244e-13
7.43486e-13
7.12305e-13
7.36292e-13
6.00257e-13
7.17075e-13
4.80458e-13
6.94535e-13
3.77507e-13
6.77974e-13
3.11444e-13
6.75596e-13
2.8391e-13
6.8273e-13
2.81674e-13
6.90447e-13
2.88726e-13
6.81693e-13
2.93412e-13
6.49105e-13
3.01093e-13
5.95507e-13
3.0948e-13
5.3132e-13
3.2142e-13
4.72838e-13
3.22442e-13
4.31938e-13
2.88504e-13
4.0688e-13
1.99317e-13
3.9621e-13
6.30317e-14
3.86182e-13
-1.02911e-13
3.82294e-13
-2.62228e-13
3.8812e-13
-3.73259e-13
4.05228e-13
-4.25581e-13
4.46838e-13
-4.18825e-13
4.94878e-13
-3.70857e-13
5.46204e-13
-2.99817e-13
5.82342e-13
-2.17743e-13
5.94817e-13
-1.25652e-13
5.94007e-13
-1.5031e-14
5.90254e-13
6.14678e-13
2.43416e-11
1.51574e-11
2.22385e-11
1.41047e-11
2.04982e-11
1.31501e-11
1.89106e-11
1.21346e-11
1.74206e-11
1.11847e-11
1.60515e-11
1.02949e-11
1.48087e-11
9.483e-12
1.36709e-11
8.7421e-12
1.26022e-11
8.0626e-12
1.15758e-11
7.43144e-12
1.05902e-11
6.84136e-12
9.66953e-12
6.29364e-12
8.84338e-12
5.79732e-12
8.12791e-12
5.35446e-12
7.51434e-12
4.96082e-12
6.97865e-12
4.60347e-12
6.49801e-12
4.26668e-12
6.06022e-12
3.94434e-12
5.66348e-12
3.6371e-12
5.30709e-12
3.3524e-12
4.9866e-12
3.09762e-12
4.69338e-12
2.87569e-12
4.41847e-12
2.68529e-12
4.15469e-12
2.52135e-12
3.89403e-12
2.37602e-12
3.62522e-12
2.24257e-12
3.33421e-12
2.11632e-12
3.01523e-12
1.99324e-12
2.6768e-12
1.87478e-12
2.34225e-12
1.76917e-12
2.0421e-12
1.68044e-12
1.79745e-12
1.61199e-12
1.61138e-12
1.56098e-12
1.47098e-12
1.52099e-12
1.35977e-12
1.48639e-12
1.26777e-12
1.45407e-12
1.19378e-12
1.42526e-12
1.14209e-12
1.39813e-12
1.10932e-12
1.3676e-12
1.08463e-12
1.321e-12
1.05419e-12
1.25496e-12
1.01267e-12
1.16621e-12
9.63226e-13
1.06738e-12
9.20155e-13
9.75586e-13
8.925e-13
9.06733e-13
8.72853e-13
8.66464e-13
8.44103e-13
8.46832e-13
7.87197e-13
8.34129e-13
6.94833e-13
8.2168e-13
5.78613e-13
8.01815e-13
4.63991e-13
7.8614e-13
3.74214e-13
7.83882e-13
3.1954e-13
7.96535e-13
2.90894e-13
8.14809e-13
2.73248e-13
8.22844e-13
2.5557e-13
8.04592e-13
2.38147e-13
7.58151e-13
2.34813e-13
6.87265e-13
2.51574e-13
6.10513e-13
2.80409e-13
5.43669e-13
2.98893e-13
4.94298e-13
2.75618e-13
4.61666e-13
1.94665e-13
4.40076e-13
5.99118e-14
4.22397e-13
-9.7034e-14
4.13681e-13
-2.40857e-13
4.26453e-13
-3.38444e-13
4.55581e-13
-3.76182e-13
5.09186e-13
-3.69209e-13
5.72112e-13
-3.3537e-13
6.30831e-13
-2.8637e-13
6.65226e-13
-2.2617e-13
6.74735e-13
-1.40453e-13
6.65456e-13
-2.70371e-14
6.61641e-13
6.93436e-13
2.33355e-11
1.72237e-11
2.12446e-11
1.57789e-11
1.94965e-11
1.47091e-11
1.79531e-11
1.36109e-11
1.65337e-11
1.25701e-11
1.52394e-11
1.15845e-11
1.40677e-11
1.06823e-11
1.29911e-11
9.85246e-12
1.19706e-11
9.08335e-12
1.0985e-11
8.36425e-12
1.00424e-11
7.69515e-12
9.17207e-12
7.08239e-12
8.40089e-12
6.53404e-12
7.73458e-12
6.04584e-12
7.1562e-12
5.6073e-12
6.64188e-12
5.20205e-12
6.17488e-12
4.81808e-12
5.75261e-12
4.45379e-12
5.37839e-12
4.11378e-12
5.05184e-12
3.80434e-12
4.76416e-12
3.52841e-12
4.5023e-12
3.283e-12
4.25397e-12
3.06386e-12
4.00993e-12
2.8658e-12
3.76139e-12
2.68347e-12
3.49855e-12
2.51306e-12
3.21054e-12
2.35595e-12
2.89714e-12
2.20915e-12
2.56982e-12
2.07832e-12
2.25394e-12
1.96919e-12
1.97403e-12
1.88545e-12
1.74688e-12
1.82376e-12
1.57144e-12
1.7794e-12
1.43591e-12
1.74276e-12
1.32776e-12
1.70619e-12
1.23813e-12
1.6682e-12
1.16662e-12
1.62659e-12
1.1109e-12
1.58089e-12
1.06418e-12
1.52661e-12
1.01762e-12
1.45314e-12
9.65681e-13
1.36289e-12
9.13972e-13
1.25624e-12
8.71589e-13
1.15273e-12
8.5171e-13
1.06198e-12
8.51511e-13
9.98382e-13
8.53006e-13
9.61611e-13
8.32257e-13
9.39685e-13
7.72135e-13
9.21499e-13
6.76028e-13
9.03899e-13
5.63599e-13
8.8632e-13
4.6129e-13
8.80962e-13
3.86803e-13
8.92378e-13
3.37365e-13
9.17616e-13
2.9825e-13
9.39762e-13
2.55335e-13
9.40844e-13
2.06658e-13
9.08935e-13
1.68173e-13
8.45386e-13
1.57791e-13
7.61717e-13
1.83462e-13
6.76521e-13
2.30319e-13
6.04639e-13
2.65142e-13
5.50566e-13
2.52012e-13
5.12737e-13
1.7885e-13
4.80406e-13
5.33456e-14
4.5797e-13
-9.05312e-14
4.50071e-13
-2.08189e-13
4.6446e-13
-2.83801e-13
5.08419e-13
-3.1215e-13
5.73278e-13
-3.11833e-13
6.46188e-13
-2.99339e-13
7.07802e-13
-2.78264e-13
7.38824e-13
-2.38717e-13
7.44542e-13
-1.60582e-13
7.30782e-13
-3.771e-14
7.27931e-13
7.70971e-13
2.20122e-11
1.93285e-11
2.01253e-11
1.74683e-11
1.84109e-11
1.61785e-11
1.69014e-11
1.49729e-11
1.55511e-11
1.3851e-11
1.43356e-11
1.27894e-11
1.32378e-11
1.18067e-11
1.22213e-11
1.08951e-11
1.12513e-11
1.00437e-11
1.03152e-11
9.24777e-12
9.4295e-12
8.51246e-12
8.62236e-12
7.84564e-12
7.91285e-12
7.24959e-12
7.29572e-12
6.71559e-12
6.75053e-12
6.22891e-12
6.25785e-12
5.7748e-12
5.81037e-12
5.34689e-12
5.41245e-12
4.94736e-12
5.06902e-12
4.5806e-12
4.77544e-12
4.24917e-12
4.51892e-12
3.9489e-12
4.28299e-12
3.67388e-12
4.05552e-12
3.41895e-12
3.82828e-12
3.18219e-12
3.59394e-12
2.962e-12
3.34076e-12
2.76135e-12
3.06483e-12
2.57844e-12
2.76666e-12
2.41604e-12
2.46048e-12
2.27839e-12
2.16891e-12
2.16936e-12
1.91364e-12
2.08865e-12
1.70326e-12
2.03143e-12
1.53447e-12
1.98917e-12
1.39934e-12
1.94823e-12
1.28845e-12
1.90286e-12
1.19643e-12
1.85212e-12
1.12113e-12
1.79292e-12
1.0556e-12
1.72802e-12
9.93674e-13
1.65119e-12
9.26713e-13
1.55986e-12
8.59979e-13
1.4551e-12
8.07434e-13
1.34091e-12
7.81505e-13
1.24009e-12
7.88539e-13
1.15477e-12
8.13896e-13
1.09743e-12
8.31792e-13
1.06104e-12
8.15084e-13
1.03487e-12
7.53906e-13
1.01e-12
6.59447e-13
9.8954e-13
5.57623e-13
9.75887e-13
4.72125e-13
9.79935e-13
4.10538e-13
1.00032e-12
3.58851e-13
1.03062e-12
2.99386e-13
1.047e-12
2.23733e-13
1.03362e-12
1.43248e-13
9.84211e-13
8.5162e-14
9.0561e-13
7.29347e-14
8.14532e-13
1.11548e-13
7.26897e-13
1.75649e-13
6.56802e-13
2.24706e-13
6.02796e-13
2.22849e-13
5.61463e-13
1.56282e-13
5.25801e-13
4.53845e-14
4.99553e-13
-7.2986e-14
4.92329e-13
-1.65752e-13
5.13369e-13
-2.17685e-13
5.65214e-13
-2.39583e-13
6.38134e-13
-2.50987e-13
7.14122e-13
-2.62722e-13
7.72432e-13
-2.74575e-13
8.04833e-13
-2.55262e-13
8.05945e-13
-1.81919e-13
7.93048e-13
-4.88128e-14
7.94581e-13
8.47694e-13
2.03224e-11
2.10482e-11
1.87917e-11
1.9105e-11
1.72186e-11
1.75987e-11
1.57722e-11
1.62601e-11
1.44922e-11
1.50395e-11
1.33535e-11
1.39037e-11
1.23255e-11
1.28487e-11
1.13692e-11
1.18633e-11
1.0455e-11
1.09398e-11
9.57947e-12
1.00792e-11
8.76225e-12
9.28883e-12
8.02609e-12
8.57495e-12
7.37902e-12
7.93355e-12
6.80866e-12
7.35293e-12
6.29619e-12
6.81784e-12
5.8297e-12
6.31864e-12
5.41034e-12
5.85362e-12
5.04543e-12
5.42566e-12
4.73658e-12
5.03563e-12
4.47464e-12
4.67982e-12
4.24347e-12
4.34953e-12
4.02801e-12
4.03827e-12
3.81866e-12
3.74412e-12
3.60908e-12
3.47006e-12
3.39203e-12
3.21818e-12
3.15838e-12
2.99349e-12
2.90303e-12
2.7935e-12
2.62939e-12
2.62108e-12
2.35151e-12
2.47909e-12
2.08887e-12
2.36866e-12
1.85722e-12
2.28625e-12
1.65943e-12
2.22718e-12
1.49432e-12
2.1766e-12
1.3553e-12
2.12339e-12
1.23721e-12
2.06358e-12
1.13883e-12
1.99566e-12
1.05567e-12
1.91928e-12
9.79211e-13
1.83855e-12
9.02467e-13
1.74696e-12
8.21315e-13
1.64821e-12
7.49804e-13
1.53871e-12
7.03558e-13
1.42886e-12
6.9967e-13
1.33358e-12
7.3122e-13
1.25818e-12
7.77356e-13
1.2051e-12
8.06225e-13
1.16651e-12
7.9265e-13
1.13448e-12
7.31724e-13
1.10566e-12
6.46806e-13
1.08087e-12
5.61425e-13
1.07142e-12
4.9263e-13
1.08105e-12
4.35208e-13
1.10419e-12
3.74559e-13
1.12364e-12
2.86153e-13
1.12693e-12
1.74618e-13
1.09271e-12
6.43182e-14
1.0258e-12
-6.59079e-15
9.36332e-13
-1.32088e-14
8.44869e-13
4.06409e-14
7.64219e-13
1.21865e-13
7.02253e-13
1.82002e-13
6.55091e-13
1.87042e-13
6.15227e-13
1.30996e-13
5.79134e-13
3.80735e-14
5.53302e-13
-5.26601e-14
5.47198e-13
-1.14076e-13
5.71302e-13
-1.44142e-13
6.26411e-13
-1.62841e-13
7.01116e-13
-1.91207e-13
7.74384e-13
-2.34846e-13
8.28518e-13
-2.73841e-13
8.58287e-13
-2.716e-13
8.60283e-13
-1.97786e-13
8.5212e-13
-5.53852e-14
8.65172e-13
9.25727e-13
1.85359e-11
2.22671e-11
1.72619e-11
2.05518e-11
1.58798e-11
1.89237e-11
1.45461e-11
1.74758e-11
1.33568e-11
1.61483e-11
1.22979e-11
1.49334e-11
1.13395e-11
1.38051e-11
1.04451e-11
1.27518e-11
9.59383e-12
1.17659e-11
8.78869e-12
1.08514e-11
8.04764e-12
1.00148e-11
7.38463e-12
9.25839e-12
6.79804e-12
8.57348e-12
6.27324e-12
7.94767e-12
5.79658e-12
7.36852e-12
5.36415e-12
6.83182e-12
4.98212e-12
6.33712e-12
4.65526e-12
5.8856e-12
4.37998e-12
5.47177e-12
4.14397e-12
5.08649e-12
3.93206e-12
4.72066e-12
3.73461e-12
4.36992e-12
3.54445e-12
4.04011e-12
3.35819e-12
3.73492e-12
3.16608e-12
3.46079e-12
2.95853e-12
3.22006e-12
2.73088e-12
3.00828e-12
2.48737e-12
2.82757e-12
2.24129e-12
2.67899e-12
2.00879e-12
2.56069e-12
1.79579e-12
2.47171e-12
1.60756e-12
2.39868e-12
1.44106e-12
2.33096e-12
1.29426e-12
2.25908e-12
1.16888e-12
2.18018e-12
1.06305e-12
2.09732e-12
9.75294e-13
2.00551e-12
8.90767e-13
1.91797e-12
8.02128e-13
1.82353e-12
7.13596e-13
1.72585e-12
6.4172e-13
1.62221e-12
6.07241e-13
1.52232e-12
6.21819e-13
1.43722e-12
6.75861e-13
1.36862e-12
7.37556e-13
1.31892e-12
7.732e-13
1.27739e-12
7.62791e-13
1.23929e-12
7.09766e-13
1.20609e-12
6.37689e-13
1.17955e-12
5.70848e-13
1.16995e-12
5.16447e-13
1.1771e-12
4.59413e-13
1.1915e-12
3.75983e-13
1.19337e-12
2.54892e-13
1.17209e-12
1.07917e-13
1.11646e-12
-2.44467e-14
1.0341e-12
-9.97447e-14
9.42078e-13
-9.34664e-14
8.57492e-13
-2.19716e-14
7.93534e-13
7.32747e-14
7.46757e-13
1.41882e-13
7.10549e-13
1.50628e-13
6.78593e-13
1.03053e-13
6.45984e-13
3.22025e-14
6.19543e-13
-2.76427e-14
6.14081e-13
-5.88416e-14
6.38258e-13
-7.04407e-14
6.90737e-13
-8.67045e-14
7.57333e-13
-1.33292e-13
8.24943e-13
-2.07154e-13
8.75474e-13
-2.71871e-13
9.02615e-13
-2.83004e-13
9.09413e-13
-2.08509e-13
9.10369e-13
-5.74293e-14
9.3781e-13
1.00393e-12
1.68543e-11
2.33435e-11
1.56467e-11
2.18049e-11
1.44227e-11
2.01003e-11
1.32218e-11
1.85838e-11
1.21395e-11
1.71679e-11
1.11694e-11
1.58775e-11
1.0285e-11
1.46763e-11
9.45837e-12
1.35573e-11
8.67821e-12
1.2516e-11
7.95146e-12
1.15555e-11
7.29057e-12
1.06792e-11
6.69964e-12
9.88465e-12
6.17206e-12
9.15893e-12
5.69405e-12
8.49338e-12
5.25908e-12
7.87799e-12
4.8694e-12
7.31182e-12
4.53023e-12
6.79354e-12
4.24109e-12
6.31974e-12
3.99406e-12
5.87868e-12
3.77734e-12
5.45935e-12
3.58169e-12
5.05604e-12
3.40315e-12
4.6701e-12
3.23961e-12
4.31162e-12
3.08412e-12
3.98625e-12
2.92328e-12
3.69951e-12
2.74747e-12
3.44672e-12
2.55043e-12
3.22499e-12
2.33834e-12
3.03324e-12
2.12395e-12
2.87158e-12
1.91736e-12
2.73851e-12
1.7225e-12
2.6319e-12
1.5396e-12
2.53724e-12
1.36892e-12
2.44616e-12
1.21515e-12
2.35192e-12
1.08499e-12
2.25431e-12
9.8104e-13
2.15732e-12
8.86708e-13
2.0664e-12
7.97374e-13
1.977e-12
7.02032e-13
1.88886e-12
6.10459e-13
1.79867e-12
5.42423e-13
1.70665e-12
5.22268e-13
1.61761e-12
5.56516e-13
1.54268e-12
6.25124e-13
1.48351e-12
6.96036e-13
1.43543e-12
7.35182e-13
1.39117e-12
7.27926e-13
1.34812e-12
6.84661e-13
1.31004e-12
6.28625e-13
1.28016e-12
5.78074e-13
1.26522e-12
5.29984e-13
1.26162e-12
4.63337e-13
1.25616e-12
3.53199e-13
1.23275e-12
1.9865e-13
1.18267e-12
2.5553e-14
1.10647e-12
-1.17021e-13
1.01603e-12
-1.83346e-13
9.29602e-13
-1.58564e-13
8.62292e-13
-6.76235e-14
8.21069e-13
3.78372e-14
7.95632e-13
1.06425e-13
7.7582e-13
1.1576e-13
7.52456e-13
7.88306e-14
7.22619e-13
2.8667e-14
6.9782e-13
-2.63969e-15
6.917e-13
-6.36304e-15
7.11307e-13
-1.49498e-15
7.54226e-13
-2.10734e-14
8.09181e-13
-8.47543e-14
8.6615e-13
-1.81609e-13
9.12182e-13
-2.65471e-13
9.39013e-13
-2.8586e-13
9.5426e-13
-2.11252e-13
9.67181e-13
-5.41256e-14
1.00712e-12
1.07953e-12
1.52181e-11
2.45471e-11
1.39924e-11
2.29769e-11
1.28819e-11
2.11679e-11
1.18155e-11
1.95687e-11
1.08441e-11
1.80786e-11
9.96847e-12
1.67227e-11
9.16622e-12
1.54557e-11
8.41666e-12
1.42776e-11
7.71693e-12
1.31865e-11
7.07478e-12
1.21853e-11
6.49546e-12
1.12743e-11
5.97657e-12
1.0445e-11
5.50597e-12
9.68654e-12
5.07849e-12
8.98718e-12
4.69225e-12
8.34375e-12
4.35111e-12
7.75446e-12
4.0554e-12
7.2155e-12
3.80016e-12
6.7169e-12
3.57511e-12
6.24574e-12
3.37361e-12
5.79216e-12
3.19599e-12
5.35535e-12
3.04361e-12
4.94377e-12
2.9143e-12
4.56814e-12
2.79595e-12
4.23253e-12
2.67153e-12
3.93732e-12
2.52636e-12
3.67515e-12
2.35862e-12
3.4396e-12
2.17728e-12
3.22954e-12
1.99153e-12
3.04855e-12
1.80853e-12
2.89254e-12
1.62776e-12
2.76083e-12
1.44785e-12
2.6399e-12
1.27425e-12
2.52284e-12
1.11798e-12
2.40707e-12
9.88802e-13
2.29572e-12
8.83983e-13
2.19638e-12
7.96927e-13
2.10505e-12
7.08582e-13
2.02327e-12
6.1077e-13
1.94733e-12
5.21347e-13
1.86475e-12
4.61234e-13
1.78562e-12
4.5012e-13
1.71249e-12
4.95794e-13
1.64701e-12
5.75502e-13
1.5941e-12
6.51852e-13
1.54801e-12
6.92211e-13
1.50304e-12
6.89259e-13
1.45508e-12
6.5551e-13
1.41232e-12
6.1347e-13
1.37547e-12
5.74074e-13
1.34849e-12
5.25291e-13
1.32611e-12
4.42244e-13
1.29359e-12
3.04675e-13
1.24114e-12
1.22679e-13
1.16407e-12
-6.50449e-14
1.07333e-12
-2.03202e-13
9.83556e-13
-2.50429e-13
9.12533e-13
-2.01866e-13
8.69526e-13
-9.24969e-14
8.53728e-13
1.68059e-14
8.53586e-13
8.05445e-14
8.50132e-13
8.84635e-14
8.32119e-13
5.64926e-14
8.07838e-13
2.37347e-14
7.83899e-13
1.76159e-14
7.75003e-13
3.84498e-14
7.85245e-13
5.6348e-14
8.15018e-13
3.30405e-14
8.57145e-13
-4.69298e-14
9.03278e-13
-1.55912e-13
9.37581e-13
-2.50516e-13
9.68001e-13
-2.76363e-13
9.94199e-13
-2.03042e-13
1.01876e-12
-4.8101e-14
1.06892e-12
1.14624e-12
1.34528e-11
2.5699e-11
1.225e-11
2.40322e-11
1.12616e-11
2.21518e-11
1.03387e-11
2.04556e-11
9.48111e-12
1.88853e-11
8.70092e-12
1.74624e-11
7.98636e-12
1.61366e-11
7.32475e-12
1.49082e-11
6.71615e-12
1.37749e-11
6.16318e-12
1.27401e-11
5.66518e-12
1.1799e-11
5.21517e-12
1.09404e-11
4.80594e-12
1.01525e-11
4.43427e-12
9.42737e-12
4.10226e-12
8.76231e-12
3.81181e-12
8.15277e-12
3.55644e-12
7.59323e-12
3.32814e-12
7.06803e-12
3.1206e-12
6.56648e-12
2.93673e-12
6.08278e-12
2.784e-12
5.62323e-12
2.66713e-12
5.19837e-12
2.57887e-12
4.81671e-12
2.49944e-12
4.47733e-12
2.40728e-12
4.17429e-12
2.28995e-12
3.89762e-12
2.14941e-12
3.64131e-12
1.99508e-12
3.40781e-12
1.83733e-12
3.20012e-12
1.67514e-12
3.01833e-12
1.50658e-12
2.85814e-12
1.33127e-12
2.70995e-12
1.15938e-12
2.56924e-12
1.00768e-12
2.43676e-12
8.85607e-13
2.32014e-12
7.95039e-13
2.2193e-12
7.15862e-13
2.13544e-12
6.2842e-13
2.06482e-12
5.32534e-13
1.99637e-12
4.41189e-13
1.92507e-12
3.85488e-13
1.85572e-12
3.8735e-13
1.7932e-12
4.43308e-13
1.73982e-12
5.28854e-13
1.694e-12
6.06596e-13
1.65029e-12
6.48113e-13
1.60411e-12
6.45857e-13
1.55491e-12
6.19098e-13
1.50461e-12
5.86453e-13
1.45625e-12
5.51025e-13
1.41178e-12
4.95463e-13
1.36465e-12
3.91992e-13
1.30463e-12
2.32683e-13
1.22236e-12
3.29677e-14
1.12849e-12
-1.55414e-13
1.03257e-12
-2.75126e-13
9.52186e-13
-2.92594e-13
9.02721e-13
-2.16524e-13
8.87165e-13
-9.43034e-14
8.98264e-13
1.48459e-14
9.18504e-13
7.09458e-14
9.26707e-13
6.59923e-14
9.1852e-13
3.40552e-14
8.95815e-13
1.36314e-14
8.71793e-13
3.07141e-14
8.55203e-13
7.0581e-14
8.57093e-13
9.61262e-14
8.74957e-13
7.34765e-14
8.99981e-13
-8.70216e-15
9.3124e-13
-1.26014e-13
9.59013e-13
-2.25416e-13
9.91674e-13
-2.52699e-13
1.02578e-12
-1.85099e-13
1.06132e-12
-4.12674e-14
1.11767e-12
1.19688e-12
1.15857e-11
2.66664e-11
1.04195e-11
2.4864e-11
9.54696e-12
2.29855e-11
8.77984e-12
2.12349e-11
8.05162e-12
1.95966e-11
7.37681e-12
1.81021e-11
6.75709e-12
1.67208e-11
6.1916e-12
1.545e-11
5.68055e-12
1.42835e-11
5.22096e-12
1.32215e-11
4.8061e-12
1.22545e-11
4.42687e-12
1.1371e-11
4.08019e-12
1.05591e-11
3.7689e-12
9.81185e-12
3.49438e-12
9.12793e-12
3.25126e-12
8.50063e-12
3.03144e-12
7.91811e-12
2.82587e-12
7.36709e-12
2.63667e-12
6.83953e-12
2.47647e-12
6.33563e-12
2.35896e-12
5.8656e-12
2.28517e-12
5.43959e-12
2.23991e-12
5.05874e-12
2.19592e-12
4.71601e-12
2.12939e-12
4.40131e-12
2.03391e-12
4.10273e-12
1.91562e-12
3.82061e-12
1.78713e-12
3.55967e-12
1.65542e-12
3.32366e-12
1.51372e-12
3.11672e-12
1.35794e-12
2.9299e-12
1.19059e-12
2.75772e-12
1.02657e-12
2.59919e-12
8.87828e-13
2.45566e-12
7.85733e-13
2.33606e-12
7.1095e-13
2.23997e-12
6.40762e-13
2.16413e-12
5.58589e-13
2.0981e-12
4.63162e-13
2.03383e-12
3.72168e-13
1.97149e-12
3.21516e-13
1.90931e-12
3.3141e-13
1.8567e-12
3.95972e-13
1.81373e-12
4.85436e-13
1.77521e-12
5.60632e-13
1.73583e-12
5.95887e-13
1.69087e-12
5.93674e-13
1.63615e-12
5.70737e-13
1.5763e-12
5.417e-13
1.51382e-12
5.03775e-13
1.44952e-12
4.35787e-13
1.37797e-12
3.13981e-13
1.29354e-12
1.37505e-13
1.19067e-12
-6.47368e-14
1.08899e-12
-2.35357e-13
9.96922e-13
-3.24069e-13
9.35844e-13
-3.07052e-13
9.11755e-13
-2.05281e-13
9.2158e-13
-7.59597e-14
9.55452e-13
2.49771e-14
9.88021e-13
6.26729e-14
1.00411e-12
4.49159e-14
9.99444e-13
1.06689e-14
9.76996e-13
1.00453e-15
9.51314e-13
3.0232e-14
9.32626e-13
8.52666e-14
9.23171e-13
1.21897e-13
9.28622e-13
1.04726e-13
9.37342e-13
2.27999e-14
9.56771e-13
-9.40927e-14
9.77513e-13
-1.91661e-13
1.00895e-12
-2.19639e-13
1.04637e-12
-1.6068e-13
1.08851e-12
-3.42459e-14
1.14632e-12
1.22647e-12
9.63484e-12
2.76719e-11
8.59067e-12
2.55137e-11
7.7867e-12
2.36294e-11
7.14605e-12
2.18638e-11
6.5522e-12
2.01957e-11
5.99737e-12
1.86444e-11
5.48525e-12
1.72163e-11
5.02521e-12
1.59096e-11
4.61806e-12
1.47161e-11
4.25375e-12
1.36327e-11
3.92076e-12
1.26445e-11
3.61393e-12
1.17377e-11
3.33446e-12
1.09038e-11
3.085e-12
1.01386e-11
2.86628e-12
9.43668e-12
2.66905e-12
8.78992e-12
2.48081e-12
8.18592e-12
2.29831e-12
7.61313e-12
2.13313e-12
7.06861e-12
2.00667e-12
6.55611e-12
1.93203e-12
6.0878e-12
1.90451e-12
5.66681e-12
1.89852e-12
5.28735e-12
1.87947e-12
4.93905e-12
1.83112e-12
4.6038e-12
1.75182e-12
4.27883e-12
1.65454e-12
3.96921e-12
1.55277e-12
3.68192e-12
1.44701e-12
3.4224e-12
1.32653e-12
3.19476e-12
1.18593e-12
2.98651e-12
1.03143e-12
2.79614e-12
8.85949e-13
2.623e-12
7.68565e-13
2.47539e-12
6.89191e-13
2.35546e-12
6.34732e-13
2.26074e-12
5.77585e-13
2.18675e-12
4.96545e-13
2.12282e-12
3.97818e-13
2.05831e-12
3.1072e-13
1.99649e-12
2.69699e-13
1.93875e-12
2.90028e-13
1.89686e-12
3.61816e-13
1.86431e-12
4.4763e-13
1.83698e-12
5.13878e-13
1.80056e-12
5.41269e-13
1.75295e-12
5.33396e-13
1.69166e-12
5.08604e-13
1.62029e-12
4.78318e-13
1.54234e-12
4.32988e-13
1.46133e-12
3.52549e-13
1.36975e-12
2.18199e-13
1.26905e-12
3.53319e-14
1.15933e-12
-1.54241e-13
1.05903e-12
-2.97951e-13
9.83556e-13
-3.47375e-13
9.44082e-13
-2.92405e-13
9.42493e-13
-1.72779e-13
9.76415e-13
-4.20274e-14
1.02012e-12
4.21231e-14
1.05772e-12
5.75452e-14
1.07404e-12
2.38857e-14
1.06733e-12
-1.59263e-14
1.04474e-12
-2.0323e-14
1.01815e-12
2.21137e-14
9.97163e-13
8.76391e-14
9.81786e-13
1.34372e-13
9.75246e-13
1.21285e-13
9.73945e-13
4.79337e-14
9.7808e-13
-6.15767e-14
9.92331e-13
-1.54116e-13
1.019e-12
-1.83578e-13
1.05355e-12
-1.35818e-13
1.09512e-12
-3.07188e-14
1.14972e-12
1.23046e-12
7.44216e-12
2.87119e-11
6.724e-12
2.61469e-11
6.0208e-12
2.41522e-11
5.47287e-12
2.23371e-11
4.9996e-12
2.06564e-11
4.56907e-12
1.9079e-11
4.17902e-12
1.76227e-11
3.83677e-12
1.62903e-11
3.53443e-12
1.50801e-11
3.26389e-12
1.39769e-11
3.01365e-12
1.29672e-11
2.77969e-12
1.20394e-11
2.56741e-12
1.11858e-11
2.38233e-12
1.04023e-11
2.21929e-12
9.68308e-12
2.06489e-12
9.01837e-12
1.90869e-12
8.39617e-12
1.75406e-12
7.80963e-12
1.6226e-12
7.25836e-12
1.53828e-12
6.74872e-12
1.51163e-12
6.28768e-12
1.52599e-12
5.87329e-12
1.548e-12
5.49141e-12
1.54522e-12
5.12949e-12
1.50776e-12
4.76874e-12
1.44252e-12
4.41777e-12
1.36812e-12
4.08463e-12
1.29532e-12
3.778e-12
1.21726e-12
3.50352e-12
1.1206e-12
3.26094e-12
9.96392e-13
3.04034e-12
8.60014e-13
2.83575e-12
7.36531e-13
2.65285e-12
6.47559e-13
2.5007e-12
5.94822e-13
2.3794e-12
5.60824e-13
2.2796e-12
5.11823e-13
2.20248e-12
4.34651e-13
2.13089e-12
3.3571e-13
2.06477e-12
2.5525e-13
1.9989e-12
2.24342e-13
1.94628e-12
2.55577e-13
1.91397e-12
3.30404e-13
1.89251e-12
4.11797e-13
1.87276e-12
4.6588e-13
1.83771e-12
4.79341e-13
1.78556e-12
4.61504e-13
1.71561e-12
4.31269e-13
1.63234e-12
3.94368e-13
1.54362e-12
3.42309e-13
1.44948e-12
2.52302e-13
1.34822e-12
1.13915e-13
1.24163e-12
-6.17225e-14
1.13833e-12
-2.30602e-13
1.05332e-12
-3.37125e-13
9.98205e-13
-3.44432e-13
9.79533e-13
-2.58832e-13
9.9708e-13
-1.25854e-13
1.04375e-12
-4.72713e-15
1.0887e-12
5.88368e-14
1.11878e-12
5.1192e-14
1.12835e-12
2.34628e-15
1.11537e-12
-4.21271e-14
1.09275e-12
-4.322e-14
1.06811e-12
7.61829e-15
1.0468e-12
7.99719e-14
1.03068e-12
1.32452e-13
1.01589e-12
1.27205e-13
1.0059e-12
6.29966e-14
9.96488e-13
-3.51534e-14
1.00118e-12
-1.19331e-13
1.0181e-12
-1.49712e-13
1.04394e-12
-1.1499e-13
1.07917e-12
-3.21079e-14
1.12633e-12
1.2074e-12
4.95074e-12
2.93294e-11
4.69439e-12
2.6716e-11
4.21223e-12
2.46156e-11
3.78767e-12
2.26965e-11
3.42356e-12
2.09903e-11
3.11166e-12
1.94e-11
2.84413e-12
1.79367e-11
2.62041e-12
1.65932e-11
2.42996e-12
1.53681e-11
2.25407e-12
1.42492e-11
2.08513e-12
1.32191e-11
1.92536e-12
1.22711e-11
1.78443e-12
1.13985e-11
1.66354e-12
1.06002e-11
1.5552e-12
9.86564e-12
1.44206e-12
9.18839e-12
1.32075e-12
8.55302e-12
1.20365e-12
7.95944e-12
1.11595e-12
7.41098e-12
1.07945e-12
6.91168e-12
1.09702e-12
6.4593e-12
1.1448e-12
6.04529e-12
1.18486e-12
5.6537e-12
1.19544e-12
5.26778e-12
1.16278e-12
4.89098e-12
1.11416e-12
4.51756e-12
1.06507e-12
4.17261e-12
1.02122e-12
3.8584e-12
9.72529e-13
3.57495e-12
8.99398e-13
3.32421e-12
7.99214e-13
3.09253e-12
6.84938e-13
2.88127e-12
5.85774e-13
2.69297e-12
5.27698e-13
2.53081e-12
5.0575e-13
2.39976e-12
4.82287e-13
2.29905e-12
4.3931e-13
2.20696e-12
3.63635e-13
2.12316e-12
2.80882e-13
2.04136e-12
2.11277e-13
1.98281e-12
1.93003e-13
1.93711e-12
2.33742e-13
1.91283e-12
3.07083e-13
1.9006e-12
3.78282e-13
1.88173e-12
4.13963e-13
1.84537e-12
4.09834e-13
1.7854e-12
3.7885e-13
1.70719e-12
3.40555e-13
1.61505e-12
2.9836e-13
1.52102e-12
2.40274e-13
1.4233e-12
1.45993e-13
1.32327e-12
8.36096e-15
1.22483e-12
-1.53124e-13
1.13839e-12
-2.89755e-13
1.07235e-12
-3.55963e-13
1.04029e-12
-3.22813e-13
1.03602e-12
-2.18614e-13
1.07202e-12
-8.12964e-14
1.11462e-12
2.76741e-14
1.14864e-12
6.92037e-14
1.16367e-12
4.24672e-14
1.16017e-12
-1.93573e-14
1.14179e-12
-6.61461e-14
1.11899e-12
-6.35352e-14
1.09854e-12
-9.77268e-15
1.08193e-12
6.55847e-14
1.06714e-12
1.20291e-13
1.04791e-12
1.21793e-13
1.02964e-12
6.70969e-14
1.00848e-12
-1.82835e-14
1.00042e-12
-9.27565e-14
1.00326e-12
-1.24178e-13
1.01713e-12
-9.97438e-14
1.03974e-12
-3.75557e-14
1.07977e-12
1.16048e-12
2.43414e-12
2.92567e-11
2.50191e-12
2.69617e-11
2.31521e-12
2.49165e-11
2.07086e-12
2.29532e-11
1.8371e-12
2.12217e-11
1.64496e-12
1.96178e-11
1.50077e-12
1.81516e-11
1.39515e-12
1.68069e-11
1.30912e-12
1.55745e-11
1.22639e-12
1.44396e-11
1.13761e-12
1.33937e-11
1.05384e-12
1.24272e-11
9.84295e-13
1.15403e-11
9.3074e-13
1.07288e-11
8.7582e-13
9.98722e-12
8.07176e-13
9.30219e-12
7.27597e-13
8.65937e-12
6.51365e-13
8.0697e-12
6.10919e-13
7.5275e-12
6.25288e-13
7.03473e-12
6.81698e-13
6.5884e-12
7.50926e-13
6.16877e-12
7.99471e-13
5.76102e-12
8.0771e-13
5.35799e-12
7.904e-13
4.96158e-12
7.64236e-13
4.58299e-12
7.50685e-13
4.23556e-12
7.44221e-13
3.92387e-12
7.20657e-13
3.6453e-12
6.63741e-13
3.3931e-12
5.80511e-13
3.15032e-12
4.91233e-13
2.92923e-12
4.2561e-13
2.73121e-12
3.9372e-13
2.56388e-12
3.88287e-13
2.42165e-12
3.84008e-13
2.30241e-12
3.5056e-13
2.19415e-12
2.88367e-13
2.09291e-12
2.11867e-13
2.0096e-12
1.6852e-13
1.9461e-12
1.69577e-13
1.91437e-12
2.19663e-13
1.89698e-12
2.89769e-13
1.88778e-12
3.41629e-13
1.86777e-12
3.53604e-13
1.82468e-12
3.30433e-13
1.7535e-12
2.86993e-13
1.66987e-12
2.42085e-13
1.57524e-12
1.98315e-13
1.48237e-12
1.40482e-13
1.39035e-12
4.66732e-14
1.30482e-12
-8.10369e-14
1.22249e-12
-2.19243e-13
1.15813e-12
-3.23209e-13
1.11484e-12
-3.5164e-13
1.10152e-12
-2.99912e-13
1.11642e-12
-1.79031e-13
1.1469e-12
-4.61038e-14
1.17816e-12
4.44871e-14
1.19419e-12
6.37973e-14
1.18983e-12
2.28948e-14
1.169e-12
-4.23238e-14
1.14423e-12
-8.615e-14
1.1236e-12
-8.07629e-14
1.11114e-12
-2.59684e-14
1.10015e-12
4.69404e-14
1.08878e-12
9.85659e-14
1.06754e-12
1.03917e-13
1.03962e-12
5.81049e-14
1.00804e-12
-1.50919e-14
9.86459e-13
-8.01881e-14
9.73826e-13
-1.09225e-13
9.72788e-13
-9.29501e-14
9.82383e-13
-4.53588e-14
1.01569e-12
1.09679e-12
2.72476e-13
2.90523e-11
3.85846e-13
2.68633e-11
3.99724e-13
2.49561e-11
3.1998e-13
2.3069e-11
2.37787e-13
2.13392e-11
1.79088e-13
1.97339e-11
1.5564e-13
1.82687e-11
1.60056e-13
1.69242e-11
1.73931e-13
1.56848e-11
1.77698e-13
1.45399e-11
1.72877e-13
1.34793e-11
1.66647e-13
1.25043e-11
1.71635e-13
1.16094e-11
1.83462e-13
1.07928e-11
1.87154e-13
1.00467e-11
1.73333e-13
9.35589e-12
1.3673e-13
8.72144e-12
1.11765e-13
8.13402e-12
1.22917e-13
7.5989e-12
1.75004e-13
7.11558e-12
2.58364e-13
6.66452e-12
3.37168e-13
6.23479e-12
3.85282e-13
5.81152e-12
4.02756e-13
5.39139e-12
4.04218e-13
4.99025e-12
4.11586e-13
4.61854e-12
4.33484e-13
4.28393e-12
4.55572e-13
3.98507e-12
4.5051e-13
3.71595e-12
4.18794e-13
3.45025e-12
3.54172e-13
3.20351e-12
2.89548e-13
2.97161e-12
2.49158e-13
2.76661e-12
2.47572e-13
2.58538e-12
2.66706e-13
2.42776e-12
2.74752e-13
2.29235e-12
2.53625e-13
2.1653e-12
2.01275e-13
2.05583e-12
1.49515e-13
1.9671e-12
1.27585e-13
1.90796e-12
1.51372e-13
1.88279e-12
2.07413e-13
1.87089e-12
2.66238e-13
1.85901e-12
2.9596e-13
1.83108e-12
2.85568e-13
1.77608e-12
2.43197e-13
1.69754e-12
1.92346e-13
1.61084e-12
1.47833e-13
1.52055e-12
1.07635e-13
1.43731e-12
5.37105e-14
1.36016e-12
-3.12117e-14
1.29435e-12
-1.47255e-13
1.23728e-12
-2.62171e-13
1.19416e-12
-3.37102e-13
1.17181e-12
-3.41532e-13
1.17464e-12
-2.70352e-13
1.19426e-12
-1.52121e-13
1.21678e-12
-3.29159e-14
1.2267e-12
3.95325e-14
1.21891e-12
4.46378e-14
1.19359e-12
-3.58055e-15
1.15911e-12
-6.51192e-14
1.12797e-12
-1.01077e-13
1.11028e-12
-8.89706e-14
1.10413e-12
-3.84488e-14
1.1025e-12
2.69631e-14
1.09195e-12
7.18606e-14
1.06795e-12
7.37069e-14
1.03341e-12
3.26372e-14
9.91974e-13
-2.85595e-14
9.5599e-13
-8.23722e-14
9.29293e-13
-1.05695e-13
9.14525e-13
-9.28336e-14
9.14551e-13
-5.26125e-14
9.42618e-13
1.02626e-12
-1.63314e-12
2.88165e-11
-1.5885e-12
2.67442e-11
-1.47558e-12
2.48103e-11
-1.42697e-12
2.30039e-11
-1.3694e-12
2.13068e-11
-1.29451e-12
1.973e-11
-1.19487e-12
1.82758e-11
-1.08192e-12
1.69332e-11
-9.77336e-13
1.56926e-11
-8.88865e-13
1.45409e-11
-8.12452e-13
1.34752e-11
-7.34197e-13
1.24973e-11
-6.50076e-13
1.16046e-11
-5.688e-13
1.07912e-11
-5.04616e-13
1.00455e-11
-4.69479e-13
9.35905e-12
-4.5198e-13
8.73023e-12
-4.25767e-13
8.14938e-12
-3.68803e-13
7.61997e-12
-2.76528e-13
7.13461e-12
-1.72515e-13
6.67707e-12
-8.35735e-14
6.2342e-12
-2.69565e-14
5.80067e-12
1.98667e-15
5.38123e-12
3.15127e-14
4.9865e-12
7.57861e-14
4.63387e-12
1.33467e-13
4.31912e-12
1.83635e-13
4.03324e-12
2.0232e-13
3.76629e-12
1.75153e-13
3.50022e-12
1.23237e-13
3.24407e-12
7.99168e-14
2.99993e-12
6.93279e-14
2.78382e-12
9.30212e-14
2.59102e-12
1.27244e-13
2.42228e-12
1.51052e-13
2.26735e-12
1.42253e-13
2.13061e-12
1.14764e-13
2.01282e-12
8.93232e-14
1.92846e-12
9.25415e-14
1.87568e-12
1.35707e-13
1.84925e-12
1.94232e-13
1.836e-12
2.37366e-13
1.81602e-12
2.41619e-13
1.77674e-12
2.08913e-13
1.70823e-12
1.53096e-13
1.62664e-12
1.01155e-13
1.54152e-12
6.42141e-14
1.46077e-12
3.1499e-14
1.3954e-12
-1.60138e-14
1.33869e-12
-9.19551e-14
1.29427e-12
-1.87544e-13
1.25589e-12
-2.81236e-13
1.23605e-12
-3.34846e-13
1.2306e-12
-3.21031e-13
1.2396e-12
-2.4708e-13
1.25967e-12
-1.3929e-13
1.2681e-12
-4.01671e-14
1.25532e-12
1.27434e-14
1.22476e-12
9.74258e-15
1.17926e-12
-3.39322e-14
1.13393e-12
-8.40665e-14
1.09967e-12
-1.08618e-13
1.08461e-12
-9.34563e-14
1.0832e-12
-4.73155e-14
1.08487e-12
4.29326e-15
1.07494e-12
3.46171e-14
1.04798e-12
3.14437e-14
1.00481e-12
-5.19121e-15
9.55873e-13
-5.54488e-14
9.09515e-13
-9.74811e-14
8.73594e-13
-1.12838e-13
8.49669e-13
-9.788e-14
8.44579e-13
-5.95255e-14
8.71015e-13
9.56363e-13
-3.72778e-12
2.86824e-11
-3.54859e-12
2.66235e-11
-3.3011e-12
2.46002e-11
-3.11617e-12
2.27921e-11
-2.94328e-12
2.11246e-11
-2.7506e-12
1.95857e-11
-2.53621e-12
1.81544e-11
-2.3228e-12
1.68249e-11
-2.12643e-12
1.5588e-11
-1.95203e-12
1.44394e-11
-1.78993e-12
1.33798e-11
-1.62628e-12
1.241e-11
-1.46217e-12
1.15285e-11
-1.31123e-12
1.07251e-11
-1.19144e-12
9.98868e-12
-1.1048e-12
9.3084e-12
-1.03301e-12
8.68262e-12
-9.55831e-13
8.1087e-12
-8.55157e-13
7.58127e-12
-7.34008e-13
7.09128e-12
-6.14618e-13
6.62586e-12
-5.17853e-13
6.17536e-12
-4.48127e-13
5.74109e-12
-3.89109e-13
5.33069e-12
-3.23381e-13
4.95886e-12
-2.40032e-13
4.63087e-12
-1.51116e-13
4.33564e-12
-8.7082e-14
4.06306e-12
-6.22376e-14
3.79202e-12
-8.25702e-14
3.52204e-12
-1.19163e-13
3.25567e-12
-1.42296e-13
3.00532e-12
-1.24734e-13
2.7768e-12
-7.55896e-14
2.57574e-12
-1.98766e-14
2.39905e-12
1.527e-14
2.23908e-12
2.66554e-14
2.09552e-12
2.37531e-14
1.97928e-12
3.40749e-14
1.89571e-12
6.91719e-14
1.84685e-12
1.2261e-13
1.82059e-12
1.7163e-13
1.79994e-12
1.94952e-13
1.76235e-12
1.77139e-13
1.70848e-12
1.23445e-13
1.63479e-12
6.52874e-14
1.5491e-12
2.2764e-14
1.4704e-12
-4.19483e-15
1.408e-12
-2.56013e-14
1.36088e-12
-6.31132e-14
1.32372e-12
-1.27461e-13
1.29699e-12
-2.10985e-13
1.27555e-12
-2.85405e-13
1.2684e-12
-3.24328e-13
1.27543e-12
-3.08558e-13
1.28806e-12
-2.39314e-13
1.29796e-12
-1.48744e-13
1.29281e-12
-7.25299e-14
1.26255e-12
-3.4138e-14
1.21303e-12
-3.81367e-14
1.1533e-12
-6.93399e-14
1.10123e-12
-1.00433e-13
1.0646e-12
-1.10395e-13
1.0505e-12
-9.27666e-14
1.04997e-12
-5.70226e-14
1.05002e-12
-2.31181e-14
1.03668e-12
-8.30456e-15
1.00413e-12
-1.87813e-14
9.53679e-13
-5.21373e-14
9.01203e-13
-9.14585e-14
8.5045e-13
-1.18674e-13
8.10408e-13
-1.25459e-13
7.87446e-13
-1.0422e-13
7.80283e-13
-6.1624e-14
8.07058e-13
8.95133e-13
-5.8552e-12
2.81102e-11
-5.52971e-12
2.62481e-11
-5.12612e-12
2.42967e-11
-4.78365e-12
2.24843e-11
-4.48366e-12
2.08192e-11
-4.18138e-12
1.93035e-11
-3.86799e-12
1.78988e-11
-3.56096e-12
1.65904e-11
-3.27594e-12
1.53697e-11
-3.01229e-12
1.42365e-11
-2.75848e-12
1.31947e-11
-2.50745e-12
1.22456e-11
-2.26512e-12
1.13836e-11
-2.04813e-12
1.05955e-11
-1.87065e-12
9.87023e-12
-1.73079e-12
9.19826e-12
-1.60972e-12
8.57868e-12
-1.48417e-12
8.00788e-12
-1.34513e-12
7.48137e-12
-1.19995e-12
6.98821e-12
-1.06594e-12
6.51875e-12
-9.52751e-13
6.06726e-12
-8.56984e-13
5.64311e-12
-7.61848e-13
5.25355e-12
-6.54677e-13
4.90982e-12
-5.3616e-13
4.6055e-12
-4.29321e-13
4.32649e-12
-3.56701e-13
4.05496e-12
-3.34812e-13
3.78062e-12
-3.48055e-13
3.50099e-12
-3.6801e-13
3.22903e-12
-3.62957e-13
2.97561e-12
-3.21352e-13
2.74744e-12
-2.53472e-13
2.54655e-12
-1.83233e-13
2.3696e-12
-1.27252e-13
2.20742e-12
-9.07357e-14
2.0669e-12
-5.81759e-14
1.95403e-12
-1.60048e-14
1.87627e-12
4.09287e-14
1.82799e-12
9.92314e-14
1.79512e-12
1.36695e-13
1.7601e-12
1.3445e-13
1.70673e-12
1.00086e-13
1.63301e-12
4.70098e-14
1.55286e-12
-5.13209e-15
1.47628e-12
-4.04518e-14
1.41503e-12
-5.37093e-14
1.36646e-12
-6.4807e-14
1.33512e-12
-9.32472e-14
1.31057e-12
-1.47707e-13
1.29422e-12
-2.19355e-13
1.28289e-12
-2.8079e-13
1.28084e-12
-3.09198e-13
1.29174e-12
-2.95245e-13
1.30552e-12
-2.44495e-13
1.30869e-12
-1.78785e-13
1.29175e-12
-1.23451e-13
1.24841e-12
-9.58143e-14
1.18936e-12
-9.39167e-14
1.1219e-12
-1.04843e-13
1.06552e-12
-1.14666e-13
1.02884e-12
-1.1139e-13
1.0128e-12
-9.42916e-14
1.00749e-12
-7.21493e-14
1.00022e-12
-5.59531e-14
9.77453e-13
-5.61694e-14
9.38474e-13
-7.42901e-14
8.85014e-13
-1.02982e-13
8.32558e-13
-1.30761e-13
7.84849e-13
-1.46374e-13
7.49956e-13
-1.3947e-13
7.29924e-13
-1.09352e-13
7.25961e-13
-6.12511e-14
7.55249e-13
8.43939e-13
-7.80011e-12
2.73615e-11
-7.44218e-12
2.55172e-11
-6.94638e-12
2.37454e-11
-6.44603e-12
2.20196e-11
-6.00367e-12
2.03949e-11
-5.585e-12
1.88975e-11
-5.17682e-12
1.75168e-11
-4.78286e-12
1.6234e-11
-4.40992e-12
1.50408e-11
-4.05436e-12
1.39369e-11
-3.7078e-12
1.29258e-11
-3.3701e-12
1.20066e-11
-3.05258e-12
1.11691e-11
-2.77377e-12
1.04002e-11
-2.54232e-12
9.68814e-12
-2.35107e-12
9.02628e-12
-2.18017e-12
8.4146e-12
-2.01122e-12
7.84945e-12
-1.83868e-12
7.32568e-12
-1.67041e-12
6.83358e-12
-1.51605e-12
6.366e-12
-1.37855e-12
5.92414e-12
-1.24627e-12
5.51722e-12
-1.10703e-12
5.15286e-12
-9.58927e-13
4.83564e-12
-8.14851e-13
4.54924e-12
-6.99798e-13
4.27663e-12
-6.3383e-13
4.00181e-12
-6.12571e-13
3.71585e-12
-6.20361e-13
3.43393e-12
-6.21396e-13
3.16299e-12
-5.9045e-13
2.916e-12
-5.24849e-13
2.69865e-12
-4.38549e-13
2.50729e-12
-3.48359e-13
2.33413e-12
-2.69483e-13
2.17765e-12
-2.02506e-13
2.04565e-12
-1.37095e-13
1.94105e-12
-6.53189e-14
1.86699e-12
7.17144e-15
1.81524e-12
6.35999e-14
1.77013e-12
8.61569e-14
1.71702e-12
6.91056e-14
1.64546e-12
1.88372e-14
1.5652e-12
-3.56475e-14
1.48312e-12
-7.41116e-14
1.41592e-12
-8.6667e-14
1.3676e-12
-8.58715e-14
1.33507e-12
-8.79711e-14
1.31237e-12
-1.11858e-13
1.29354e-12
-1.59877e-13
1.27842e-12
-2.18884e-13
1.26615e-12
-2.71191e-13
1.26612e-12
-2.95709e-13
1.27529e-12
-2.91645e-13
1.29093e-12
-2.61409e-13
1.28877e-12
-2.21636e-13
1.26655e-12
-1.88509e-13
1.22024e-12
-1.63296e-13
1.15467e-12
-1.50128e-13
1.08876e-12
-1.41162e-13
1.03322e-12
-1.30174e-13
9.94998e-13
-1.16369e-13
9.73827e-13
-1.01974e-13
9.57784e-13
-9.42125e-14
9.38965e-13
-9.49942e-14
9.03265e-13
-1.06518e-13
8.573e-13
-1.28886e-13
8.06648e-13
-1.50141e-13
7.57393e-13
-1.65862e-13
7.19888e-13
-1.68102e-13
6.95208e-13
-1.49981e-13
6.81679e-13
-1.12191e-13
6.82865e-13
-5.85375e-14
7.13864e-13
8.00592e-13
-9.68976e-12
2.69306e-11
-9.19277e-12
2.47179e-11
-8.66757e-12
2.29783e-11
-8.07723e-12
2.13538e-11
-7.50498e-12
1.98135e-11
-6.96751e-12
1.83637e-11
-6.46056e-12
1.70173e-11
-5.97788e-12
1.57665e-11
-5.51517e-12
1.46099e-11
-5.06577e-12
1.35463e-11
-4.62789e-12
1.25768e-11
-4.20788e-12
1.16935e-11
-3.82293e-12
1.08851e-11
-3.48774e-12
1.01372e-11
-3.20466e-12
9.44022e-12
-2.96337e-12
8.79246e-12
-2.74506e-12
8.19347e-12
-2.53632e-12
7.63953e-12
-2.33293e-12
7.12319e-12
-2.13909e-12
6.63732e-12
-1.95779e-12
6.17906e-12
-1.78488e-12
5.7538e-12
-1.60962e-12
5.36908e-12
-1.42857e-12
5.0301e-12
-1.24536e-12
4.72774e-12
-1.08658e-12
4.4506e-12
-9.73916e-13
4.17555e-12
-9.15622e-13
3.89244e-12
-9.02161e-13
3.60404e-12
-8.9345e-13
3.31727e-12
-8.69515e-13
3.06149e-12
-8.10591e-13
2.8325e-12
-7.18382e-13
2.63282e-12
-6.10068e-13
2.45768e-12
-5.01282e-13
2.29696e-12
-4.01602e-13
2.15389e-12
-3.06039e-13
2.03213e-12
-2.11013e-13
1.93621e-12
-1.17135e-13
1.86275e-12
-3.88236e-14
1.8046e-12
7.75267e-15
1.74471e-12
1.5317e-14
1.67132e-12
-1.66067e-14
1.58887e-12
-6.25098e-14
1.50049e-12
-1.03349e-13
1.42497e-12
-1.22604e-13
1.36992e-12
-1.19888e-13
1.33385e-12
-1.08849e-13
1.30862e-12
-1.08674e-13
1.28739e-12
-1.29282e-13
1.26307e-12
-1.67852e-13
1.23894e-12
-2.18056e-13
1.2246e-12
-2.59555e-13
1.21995e-12
-2.85409e-13
1.22994e-12
-2.90489e-13
1.24381e-12
-2.83805e-13
1.24402e-12
-2.69038e-13
1.22182e-12
-2.50677e-13
1.17774e-12
-2.3086e-13
1.11818e-12
-2.05926e-13
1.05632e-12
-1.77899e-13
1.00394e-12
-1.50603e-13
9.63596e-13
-1.3078e-13
9.34635e-13
-1.22058e-13
9.04409e-13
-1.24676e-13
8.69001e-13
-1.39468e-13
8.23695e-13
-1.58645e-13
7.72662e-13
-1.77153e-13
7.25649e-13
-1.89832e-13
6.85946e-13
-1.92811e-13
6.6076e-13
-1.82235e-13
6.47087e-13
-1.56225e-13
6.42184e-13
-1.12848e-13
6.46605e-13
-5.57522e-14
6.7742e-13
7.59245e-13
-1.18922e-11
2.64584e-11
-1.0948e-11
2.40286e-11
-1.02775e-11
2.21598e-11
-9.61555e-12
2.05443e-11
-8.95458e-12
1.90772e-11
-8.31546e-12
1.76923e-11
-7.71092e-12
1.64004e-11
-7.13474e-12
1.51957e-11
-6.57881e-12
1.40869e-11
-6.03653e-12
1.30724e-11
-5.51155e-12
1.21499e-11
-5.01769e-12
1.13067e-11
-4.57196e-12
1.05293e-11
-4.18467e-12
9.80509e-12
-3.85302e-12
9.1287e-12
-3.56347e-12
8.50109e-12
-3.29961e-12
7.92094e-12
-3.0517e-12
7.38371e-12
-2.81767e-12
6.88181e-12
-2.59652e-12
6.4092e-12
-2.38338e-12
5.96642e-12
-2.16947e-12
5.5606e-12
-1.94917e-12
5.19732e-12
-1.72727e-12
4.87534e-12
-1.52471e-12
4.58299e-12
-1.36194e-12
4.30161e-12
-1.25697e-12
4.01857e-12
-1.20466e-12
3.72801e-12
-1.18066e-12
3.44046e-12
-1.15786e-12
3.17129e-12
-1.10024e-12
2.93113e-12
-1.00941e-12
2.73033e-12
-8.94235e-13
2.55692e-12
-7.68439e-13
2.40211e-12
-6.43941e-13
2.25895e-12
-5.22931e-13
2.13099e-12
-4.01926e-13
2.02047e-12
-2.83079e-13
1.9313e-12
-1.7736e-13
1.85727e-12
-9.94922e-14
1.78844e-12
-6.34223e-14
1.71348e-12
-6.94907e-14
1.62558e-12
-1.01563e-13
1.53361e-12
-1.38532e-13
1.44689e-12
-1.59401e-13
1.37916e-12
-1.59158e-13
1.33585e-12
-1.45386e-13
1.30747e-12
-1.33053e-13
1.28165e-12
-1.32275e-13
1.24903e-12
-1.51179e-13
1.21338e-12
-1.84292e-13
1.17871e-12
-2.19749e-13
1.15595e-12
-2.519e-13
1.14984e-12
-2.78963e-13
1.16248e-12
-2.93042e-13
1.17137e-12
-3.06616e-13
1.17897e-12
-3.14154e-13
1.16251e-12
-3.09698e-13
1.12573e-12
-2.91184e-13
1.07746e-12
-2.57474e-13
1.02408e-12
-2.16584e-13
9.76255e-13
-1.82258e-13
9.3542e-13
-1.60272e-13
8.94046e-13
-1.5797e-13
8.50046e-13
-1.68986e-13
7.98258e-13
-1.89508e-13
7.46379e-13
-2.06369e-13
6.92378e-13
-2.14736e-13
6.50784e-13
-2.16214e-13
6.24552e-13
-2.07859e-13
6.10545e-13
-1.89675e-13
6.06186e-13
-1.58297e-13
6.05219e-13
-1.12552e-13
6.10047e-13
-5.41183e-14
6.38009e-13
7.13995e-13
-1.42675e-11
2.52294e-11
-1.28418e-11
2.31693e-11
-1.18846e-11
2.13057e-11
-1.10893e-11
1.967e-11
-1.03371e-11
1.82277e-11
-9.61113e-12
1.6896e-11
-8.91545e-12
1.56674e-11
-8.24473e-12
1.45243e-11
-7.59293e-12
1.34757e-11
-6.95979e-12
1.25186e-11
-6.35554e-12
1.16473e-11
-5.79675e-12
1.08461e-11
-5.29773e-12
1.0102e-11
-4.86138e-12
9.40536e-12
-4.48171e-12
8.7572e-12
-4.14403e-12
8.15693e-12
-3.83667e-12
7.60294e-12
-3.55352e-12
7.08911e-12
-3.28989e-12
6.60674e-12
-3.03887e-12
6.15237e-12
-2.78962e-12
5.72864e-12
-2.53299e-12
5.34234e-12
-2.27104e-12
4.99647e-12
-2.01961e-12
4.68415e-12
-1.8038e-12
4.39127e-12
-1.64566e-12
4.10259e-12
-1.54746e-12
3.8099e-12
-1.49297e-12
3.51843e-12
-1.45025e-12
3.24169e-12
-1.39023e-12
2.99588e-12
-1.30137e-12
2.7895e-12
-1.18231e-12
2.61885e-12
-1.04788e-12
2.47326e-12
-9.10133e-13
2.34096e-12
-7.73539e-13
2.2164e-12
-6.33202e-13
2.10091e-12
-4.93138e-13
2.00311e-12
-3.58541e-13
1.91732e-12
-2.47866e-13
1.84082e-12
-1.76484e-13
1.76167e-12
-1.50122e-13
1.67347e-12
-1.60553e-13
1.57677e-12
-1.87239e-13
1.48395e-12
-2.07003e-13
1.40274e-12
-2.08604e-13
1.34474e-12
-1.90466e-13
1.30448e-12
-1.7218e-13
1.27873e-12
-1.62418e-13
1.24243e-12
-1.69484e-13
1.1963e-12
-1.86614e-13
1.14347e-12
-2.07588e-13
1.0976e-12
-2.24963e-13
1.06782e-12
-2.42645e-13
1.06293e-12
-2.6245e-13
1.07623e-12
-2.92932e-13
1.0918e-12
-3.22507e-13
1.09881e-12
-3.49031e-13
1.09241e-12
-3.5785e-13
1.06664e-12
-3.41578e-13
1.03083e-12
-3.04672e-13
9.89381e-13
-2.59277e-13
9.47014e-13
-2.2128e-13
9.03306e-13
-2.04559e-13
8.54403e-13
-2.08714e-13
7.97796e-13
-2.24329e-13
7.33867e-13
-2.39135e-13
6.7544e-13
-2.4821e-13
6.26401e-13
-2.43717e-13
5.90183e-13
-2.30453e-13
5.73424e-13
-2.1209e-13
5.67265e-13
-1.89632e-13
5.67468e-13
-1.58939e-13
5.66303e-13
-1.13914e-13
5.66151e-13
-5.56532e-14
5.89126e-13
6.60237e-13
-1.62554e-11
2.33419e-11
-1.47202e-11
2.18759e-11
-1.35201e-11
2.02406e-11
-1.2539e-11
1.86889e-11
-1.16643e-11
1.72884e-11
-1.08445e-11
1.60015e-11
-1.00579e-11
1.48318e-11
-9.2949e-12
1.37585e-11
-8.55028e-12
1.27791e-11
-7.83193e-12
1.18857e-11
-7.15621e-12
1.10687e-11
-6.54012e-12
1.03119e-11
-5.99253e-12
9.60554e-12
-5.51027e-12
8.9439e-12
-5.08232e-12
8.33049e-12
-4.69828e-12
7.76516e-12
-4.35091e-12
7.24303e-12
-4.03572e-12
6.75684e-12
-3.74427e-12
6.29768e-12
-3.46274e-12
5.86444e-12
-3.17648e-12
5.46117e-12
-2.87958e-12
5.09312e-12
-2.58313e-12
4.76032e-12
-2.31188e-12
4.45208e-12
-2.09322e-12
4.15532e-12
-1.93914e-12
3.85817e-12
-1.84188e-12
3.56314e-12
-1.77049e-12
3.27773e-12
-1.69613e-12
3.02394e-12
-1.59669e-12
2.81011e-12
-1.47056e-12
2.64008e-12
-1.32816e-12
2.50208e-12
-1.18109e-12
2.38146e-12
-1.03444e-12
2.2679e-12
-8.86765e-13
2.15982e-12
-7.34207e-13
2.05821e-12
-5.77586e-13
1.9673e-12
-4.36296e-13
1.88695e-12
-3.27468e-13
1.80659e-12
-2.65575e-13
1.72039e-12
-2.47465e-13
1.62439e-12
-2.54875e-13
1.52394e-12
-2.66179e-13
1.43575e-12
-2.63947e-13
1.36269e-12
-2.45132e-13
1.31095e-12
-2.26459e-13
1.27675e-12
-2.0799e-13
1.23442e-12
-2.07459e-13
1.18539e-12
-2.19931e-13
1.12379e-12
-2.32776e-13
1.05725e-12
-2.36366e-13
1.00309e-12
-2.3235e-13
9.71903e-13
-2.30768e-13
9.68679e-13
-2.44238e-13
9.84367e-13
-2.80103e-13
1.00435e-12
-3.29981e-13
1.01612e-12
-3.75539e-13
1.01687e-12
-3.96773e-13
1.00026e-12
-3.8569e-13
9.76214e-13
-3.48493e-13
9.45091e-13
-3.04e-13
9.09502e-13
-2.70701e-13
8.6561e-13
-2.59362e-13
8.11655e-13
-2.65926e-13
7.46827e-13
-2.84155e-13
6.83013e-13
-2.91904e-13
6.20949e-13
-2.84859e-13
5.75663e-13
-2.63072e-13
5.43339e-13
-2.37079e-13
5.32263e-13
-2.13252e-13
5.28312e-13
-1.90395e-13
5.25579e-13
-1.62383e-13
5.19018e-13
-1.20607e-13
5.11792e-13
-6.31848e-14
5.29151e-13
5.94819e-13
-1.77166e-11
2.172e-11
-1.63479e-11
2.03677e-11
-1.50682e-11
1.89159e-11
-1.39502e-11
1.75272e-11
-1.29439e-11
1.62249e-11
-1.20163e-11
1.50132e-11
-1.11332e-11
1.39102e-11
-1.02767e-11
1.29089e-11
-9.4439e-12
1.20017e-11
-8.6498e-12
1.11763e-11
-7.91311e-12
1.04166e-11
-7.24728e-12
9.70771e-12
-6.65381e-12
9.04425e-12
-6.12427e-12
8.4243e-12
-5.64813e-12
7.85228e-12
-5.22031e-12
7.3273e-12
-4.83755e-12
6.84004e-12
-4.4946e-12
6.38323e-12
-4.17762e-12
5.94931e-12
-3.86622e-12
5.539e-12
-3.54447e-12
5.1571e-12
-3.21307e-12
4.80742e-12
-2.89096e-12
4.48543e-12
-2.60882e-12
4.18027e-12
-2.38948e-12
3.88041e-12
-2.23571e-12
3.58176e-12
-2.1244e-12
3.29167e-12
-2.02486e-12
3.02614e-12
-1.9087e-12
2.80241e-12
-1.76877e-12
2.62606e-12
-1.60968e-12
2.48773e-12
-1.4489e-12
2.37714e-12
-1.29409e-12
2.27552e-12
-1.14274e-12
2.17648e-12
-9.84962e-13
2.07984e-12
-8.20001e-13
1.99124e-12
-6.56879e-13
1.91002e-12
-5.14961e-13
1.83345e-12
-4.14739e-13
1.75224e-12
-3.62198e-13
1.66172e-12
-3.48748e-13
1.56565e-12
-3.46687e-13
1.46524e-12
-3.36153e-13
1.38313e-12
-3.11822e-13
1.31934e-12
-2.81296e-13
1.27168e-12
-2.56577e-13
1.22933e-12
-2.55332e-13
1.17772e-12
-2.72055e-13
1.11306e-12
-2.86115e-13
1.03236e-12
-2.87817e-13
9.60236e-13
-2.67732e-13
9.0447e-13
-2.36789e-13
8.77217e-13
-2.15341e-13
8.77964e-13
-2.23051e-13
8.96069e-13
-2.66346e-13
9.17897e-13
-3.30824e-13
9.30739e-13
-3.89821e-13
9.3375e-13
-4.22066e-13
9.25033e-13
-4.16849e-13
9.09522e-13
-3.84518e-13
8.87784e-13
-3.46943e-13
8.59938e-13
-3.24063e-13
8.2043e-13
-3.22372e-13
7.67089e-13
-3.35875e-13
7.03649e-13
-3.4444e-13
6.38342e-13
-3.39072e-13
5.814e-13
-3.13431e-13
5.38903e-13
-2.78805e-13
5.11296e-13
-2.43546e-13
4.97419e-13
-2.15926e-13
4.87043e-13
-1.9619e-13
4.77445e-13
-1.728e-13
4.62474e-13
-1.33565e-13
4.47795e-13
-7.44064e-14
4.60614e-13
5.20438e-13
-1.91192e-11
2.0496e-11
-1.7789e-11
1.89632e-11
-1.64618e-11
1.74971e-11
-1.52621e-11
1.62161e-11
-1.41522e-11
1.50186e-11
-1.312e-11
1.39166e-11
-1.21339e-11
1.29014e-11
-1.11835e-11
1.19836e-11
-1.02697e-11
1.11523e-11
-9.41036e-12
1.0396e-11
-8.62208e-12
9.69534e-12
-7.912e-12
9.03838e-12
-7.27369e-12
8.42278e-12
-6.69687e-12
7.85038e-12
-6.17455e-12
7.32409e-12
-5.70701e-12
6.84084e-12
-5.29481e-12
6.38927e-12
-4.92881e-12
5.96199e-12
-4.58823e-12
5.55444e-12
-4.2482e-12
5.16947e-12
-3.8947e-12
4.81176e-12
-3.53529e-12
4.48236e-12
-3.1961e-12
4.17309e-12
-2.90875e-12
3.87462e-12
-2.68877e-12
3.5787e-12
-2.52538e-12
3.28703e-12
-2.38948e-12
3.01415e-12
-2.24928e-12
2.77699e-12
-2.086e-12
2.58671e-12
-1.90478e-12
2.44458e-12
-1.72241e-12
2.3337e-12
-1.55054e-12
2.23891e-12
-1.393e-12
2.14926e-12
-1.23845e-12
2.05991e-12
-1.07422e-12
1.97334e-12
-9.00435e-13
1.89605e-12
-7.32864e-13
1.82455e-12
-5.96295e-13
1.7547e-12
-5.06991e-13
1.67557e-12
-4.63596e-13
1.5857e-12
-4.45521e-13
1.491e-12
-4.30445e-13
1.3985e-12
-3.99621e-13
1.32304e-12
-3.56676e-13
1.26434e-12
-3.20174e-13
1.21648e-12
-3.06663e-13
1.16484e-12
-3.21046e-13
1.09969e-12
-3.46286e-13
1.01938e-12
-3.60901e-13
9.32259e-13
-3.43988e-13
8.60186e-13
-2.94948e-13
8.10416e-13
-2.36287e-13
7.92517e-13
-1.97007e-13
7.97764e-13
-2.0124e-13
8.15991e-13
-2.49749e-13
8.32371e-13
-3.28361e-13
8.45135e-13
-3.9845e-13
8.43631e-13
-4.37169e-13
8.37594e-13
-4.38077e-13
8.29192e-13
-4.13977e-13
8.16308e-13
-3.88678e-13
7.98183e-13
-3.78442e-13
7.656e-13
-3.86524e-13
7.18705e-13
-4.0102e-13
6.6189e-13
-4.03557e-13
6.02872e-13
-3.82344e-13
5.51114e-13
-3.3966e-13
5.11356e-13
-2.90842e-13
4.83842e-13
-2.50307e-13
4.63848e-13
-2.25518e-13
4.43803e-13
-2.11193e-13
4.2401e-13
-1.9178e-13
4.00254e-13
-1.51812e-13
3.79669e-13
-8.47764e-14
3.88578e-13
4.4566e-13
-2.07217e-11
1.88923e-11
-1.92206e-11
1.75019e-11
-1.77638e-11
1.60761e-11
-1.64577e-11
1.48464e-11
-1.52578e-11
1.37162e-11
-1.41342e-11
1.27208e-11
-1.30535e-11
1.18072e-11
-1.20138e-11
1.09846e-11
-1.1027e-11
1.02361e-11
-1.01118e-11
9.55092e-12
-9.27933e-12
8.91072e-12
-8.5284e-12
8.30913e-12
-7.84638e-12
7.74554e-12
-7.22401e-12
7.22434e-12
-6.65952e-12
6.74465e-12
-6.15833e-12
6.30163e-12
-5.72232e-12
5.88493e-12
-5.33661e-12
5.48746e-12
-4.97377e-12
5.10883e-12
-4.60636e-12
4.75318e-12
-4.22473e-12
4.42428e-12
-3.84391e-12
4.11978e-12
-3.49482e-12
3.82895e-12
-3.20523e-12
3.5444e-12
-2.9795e-12
3.26112e-12
-2.79817e-12
2.98843e-12
-2.62652e-12
2.74158e-12
-2.43923e-12
2.53759e-12
-2.23003e-12
2.37928e-12
-2.01554e-12
2.26407e-12
-1.81581e-12
2.16947e-12
-1.64153e-12
2.08339e-12
-1.48313e-12
1.99718e-12
-1.32362e-12
1.91377e-12
-1.15178e-12
1.83798e-12
-9.70327e-13
1.77133e-12
-8.04182e-13
1.71267e-12
-6.76232e-13
1.65031e-12
-5.98259e-13
1.57591e-12
-5.60309e-13
1.49026e-12
-5.37296e-13
1.4018e-12
-5.05716e-13
1.31809e-12
-4.5765e-13
1.25022e-12
-4.04829e-13
1.19307e-12
-3.71024e-13
1.14034e-12
-3.71379e-13
1.07772e-12
-3.99515e-13
9.99575e-13
-4.31927e-13
9.13255e-13
-4.37104e-13
8.28564e-13
-3.93284e-13
7.62805e-13
-3.14617e-13
7.28563e-13
-2.29154e-13
7.20039e-13
-1.78119e-13
7.30686e-13
-1.84326e-13
7.45207e-13
-2.44192e-13
7.51966e-13
-3.29215e-13
7.53192e-13
-4.0515e-13
7.4533e-13
-4.4653e-13
7.3844e-13
-4.5196e-13
7.36396e-13
-4.3573e-13
7.3102e-13
-4.21139e-13
7.2196e-13
-4.25407e-13
7.01668e-13
-4.43472e-13
6.64896e-13
-4.59729e-13
6.19153e-13
-4.55331e-13
5.69933e-13
-4.22128e-13
5.25041e-13
-3.67368e-13
4.86884e-13
-3.08871e-13
4.54565e-13
-2.67042e-13
4.27855e-13
-2.45423e-13
3.96941e-13
-2.34653e-13
3.67963e-13
-2.12746e-13
3.35938e-13
-1.67234e-13
3.1574e-13
-8.93429e-14
3.23485e-13
3.82349e-13
-2.22162e-11
1.67867e-11
-2.06057e-11
1.56741e-11
-1.90183e-11
1.45089e-11
-1.75731e-11
1.34172e-11
-1.62625e-11
1.23622e-11
-1.50445e-11
1.14591e-11
-1.3878e-11
1.0644e-11
-1.27616e-11
9.9192e-12
-1.17134e-11
9.25756e-12
-1.07519e-11
8.64557e-12
-9.88162e-12
8.06841e-12
-9.09233e-12
7.52461e-12
-8.3682e-12
7.01542e-12
-7.70292e-12
6.54578e-12
-7.10228e-12
6.11209e-12
-6.57521e-12
5.70783e-12
-6.12012e-12
5.32469e-12
-5.71582e-12
4.9587e-12
-5.32978e-12
4.61334e-12
-4.93549e-12
4.29297e-12
-4.52992e-12
3.99939e-12
-4.13397e-12
3.72554e-12
-3.78022e-12
3.46054e-12
-3.48835e-12
3.1979e-12
-3.25239e-12
2.93741e-12
-3.04427e-12
2.69257e-12
-2.83108e-12
2.47798e-12
-2.59663e-12
2.30702e-12
-2.34915e-12
2.17622e-12
-2.10997e-12
2.076e-12
-1.90169e-12
1.98837e-12
-1.72605e-12
1.90314e-12
-1.56641e-12
1.81833e-12
-1.40019e-12
1.74047e-12
-1.21637e-12
1.67377e-12
-1.03155e-12
1.62321e-12
-8.68207e-13
1.5753e-12
-7.5087e-13
1.52165e-12
-6.85387e-13
1.45531e-12
-6.51976e-13
1.37619e-12
-6.21362e-13
1.29519e-12
-5.74565e-13
1.22046e-12
-5.13807e-13
1.15941e-12
-4.57784e-13
1.1006e-12
-4.32826e-13
1.04125e-12
-4.47428e-13
9.6828e-13
-4.87232e-13
8.84471e-13
-5.15792e-13
7.98847e-13
-5.00811e-13
7.25661e-13
-4.3086e-13
6.77865e-13
-3.2175e-13
6.57988e-13
-2.1921e-13
6.61546e-13
-1.63558e-13
6.72482e-13
-1.73996e-13
6.76471e-13
-2.45416e-13
6.72862e-13
-3.37137e-13
6.57419e-13
-4.1429e-13
6.40876e-13
-4.53414e-13
6.30904e-13
-4.53785e-13
6.29007e-13
-4.43566e-13
6.35528e-13
-4.42318e-13
6.3713e-13
-4.60717e-13
6.29183e-13
-4.90545e-13
6.05624e-13
-5.09735e-13
5.71378e-13
-5.00926e-13
5.33152e-13
-4.58793e-13
4.94601e-13
-3.96424e-13
4.57852e-13
-3.34938e-13
4.20716e-13
-2.94512e-13
3.88099e-13
-2.77232e-13
3.50274e-13
-2.67173e-13
3.1507e-13
-2.43387e-13
2.82289e-13
-1.87422e-13
2.63725e-13
-9.42664e-14
2.71452e-13
3.32018e-13
-2.33429e-11
1.48416e-11
-2.17369e-11
1.36804e-11
-2.01417e-11
1.27361e-11
-1.86022e-11
1.18552e-11
-1.71787e-11
1.09432e-11
-1.58561e-11
1.01485e-11
-1.46052e-11
9.43211e-12
-1.34228e-11
8.80022e-12
-1.23268e-11
8.22364e-12
-1.1329e-11
7.68433e-12
-1.04264e-11
7.17223e-12
-9.60147e-12
6.68811e-12
-8.8385e-12
6.23464e-12
-8.13643e-12
5.81616e-12
-7.50642e-12
5.42665e-12
-6.95882e-12
5.06048e-12
-6.4862e-12
4.71159e-12
-6.06169e-12
4.3814e-12
-5.65027e-12
4.07548e-12
-5.2294e-12
3.7969e-12
-4.80365e-12
3.54468e-12
-4.39869e-12
3.3073e-12
-4.04382e-12
3.07416e-12
-3.74873e-12
2.84032e-12
-3.49779e-12
2.61068e-12
-3.25791e-12
2.3991e-12
-3.00302e-12
2.21952e-12
-2.72727e-12
2.07761e-12
-2.45144e-12
1.96765e-12
-2.19804e-12
1.87183e-12
-1.98734e-12
1.78507e-12
-1.81068e-12
1.69735e-12
-1.64347e-12
1.61336e-12
-1.46478e-12
1.54412e-12
-1.27049e-12
1.49015e-12
-1.07964e-12
1.45306e-12
-9.2208e-13
1.41672e-12
-8.17671e-13
1.37196e-12
-7.62625e-13
1.31335e-12
-7.33455e-13
1.24444e-12
-6.95766e-13
1.17005e-12
-6.3874e-13
1.10465e-12
-5.69165e-13
1.04567e-12
-5.16866e-13
9.86386e-13
-5.04915e-13
9.22165e-13
-5.31744e-13
8.42116e-13
-5.72414e-13
7.58388e-13
-5.87536e-13
6.8311e-13
-5.46331e-13
6.28905e-13
-4.45898e-13
6.02475e-13
-3.17941e-13
6.01164e-13
-2.08756e-13
6.11524e-13
-1.59072e-13
6.17163e-13
-1.83849e-13
6.08413e-13
-2.61924e-13
5.86839e-13
-3.54101e-13
5.56112e-13
-4.2343e-13
5.30951e-13
-4.51017e-13
5.17225e-13
-4.49367e-13
5.20706e-13
-4.41543e-13
5.3453e-13
-4.52522e-13
5.47958e-13
-4.8452e-13
5.49699e-13
-5.2461e-13
5.37734e-13
-5.49539e-13
5.15702e-13
-5.40208e-13
4.87325e-13
-4.94429e-13
4.54347e-13
-4.29728e-13
4.19953e-13
-3.70238e-13
3.81642e-13
-3.32141e-13
3.45544e-13
-3.15024e-13
3.05173e-13
-3.01074e-13
2.69735e-13
-2.66797e-13
2.40141e-13
-1.97803e-13
2.28152e-13
-9.42342e-14
2.40587e-13
2.96225e-13
-2.45043e-11
1.32912e-11
-2.26713e-11
1.18877e-11
-2.10612e-11
1.09332e-11
-1.94846e-11
1.01768e-11
-1.79862e-11
9.43997e-12
-1.6569e-11
8.78007e-12
-1.52386e-11
8.17681e-12
-1.39997e-11
7.63744e-12
-1.28665e-11
7.14163e-12
-1.18413e-11
6.67266e-12
-1.09115e-11
6.22606e-12
-1.00546e-11
5.80283e-12
-9.25778e-12
5.40618e-12
-8.52552e-12
5.03855e-12
-7.87281e-12
4.69319e-12
-7.30761e-12
4.36636e-12
-6.81692e-12
4.05604e-12
-6.36844e-12
3.76719e-12
-5.92865e-12
3.50694e-12
-5.48228e-12
3.27567e-12
-5.04058e-12
3.06813e-12
-4.63137e-12
2.8703e-12
-4.27765e-12
2.67267e-12
-3.97845e-12
2.47243e-12
-3.70939e-12
2.27793e-12
-3.43749e-12
2.10201e-12
-3.14485e-12
1.95587e-12
-2.83822e-12
1.83872e-12
-2.54259e-12
1.74037e-12
-2.28802e-12
1.6494e-12
-2.07659e-12
1.5572e-12
-1.89439e-12
1.46817e-12
-1.71487e-12
1.39014e-12
-1.51761e-12
1.33109e-12
-1.31046e-12
1.293e-12
-1.11594e-12
1.2669e-12
-9.66883e-13
1.24096e-12
-8.76324e-13
1.20355e-12
-8.3306e-13
1.1534e-12
-8.02412e-13
1.09029e-12
-7.60225e-13
1.02696e-12
-6.98269e-13
9.70696e-13
-6.28933e-13
9.12178e-13
-5.85512e-13
8.53556e-13
-5.8276e-13
7.84698e-13
-6.14338e-13
7.04908e-13
-6.48717e-13
6.31089e-13
-6.4166e-13
5.71324e-13
-5.71913e-13
5.40947e-13
-4.47069e-13
5.35886e-13
-3.07664e-13
5.48946e-13
-2.03486e-13
5.61122e-13
-1.69412e-13
5.56769e-13
-2.11128e-13
5.33971e-13
-2.95428e-13
4.93327e-13
-3.82447e-13
4.51343e-13
-4.35502e-13
4.19072e-13
-4.46959e-13
4.05533e-13
-4.36276e-13
4.15596e-13
-4.31476e-13
4.37118e-13
-4.47779e-13
4.53076e-13
-4.94155e-13
4.66409e-13
-5.46752e-13
4.62554e-13
-5.78866e-13
4.49439e-13
-5.72794e-13
4.2977e-13
-5.2857e-13
4.02558e-13
-4.65626e-13
3.72198e-13
-4.07744e-13
3.35549e-13
-3.70635e-13
3.01501e-13
-3.52571e-13
2.6586e-13
-3.32104e-13
2.34777e-13
-2.89341e-13
2.14303e-13
-2.07539e-13
2.07725e-13
-9.11633e-14
2.22759e-13
2.70364e-13
-2.59072e-11
1.13312e-11
-2.3624e-11
1.01846e-11
-2.18366e-11
9.23225e-12
-2.02026e-11
8.50143e-12
-1.86552e-11
7.89254e-12
-1.7171e-11
7.35723e-12
-1.57791e-11
6.87433e-12
-1.44964e-11
6.43059e-12
-1.33352e-11
6.01431e-12
-1.22896e-11
5.616e-12
-1.1336e-11
5.23427e-12
-1.04509e-11
4.87335e-12
-9.62612e-12
4.53546e-12
-8.87057e-12
4.22013e-12
-8.20007e-12
3.92124e-12
-7.61815e-12
3.63797e-12
-7.10569e-12
3.37184e-12
-6.62928e-12
3.13083e-12
-6.15963e-12
2.92065e-12
-5.69041e-12
2.73901e-12
-5.23796e-12
2.57565e-12
-4.82948e-12
2.41732e-12
-4.47796e-12
2.25486e-12
-4.17321e-12
2.09028e-12
-3.88493e-12
1.93219e-12
-3.58417e-12
1.79195e-12
-3.26251e-12
1.67643e-12
-2.93546e-12
1.57888e-12
-2.6331e-12
1.48969e-12
-2.37645e-12
1.40015e-12
-2.16523e-12
1.30973e-12
-1.97313e-12
1.22359e-12
-1.77445e-12
1.15625e-12
-1.55634e-12
1.1101e-12
-1.33595e-12
1.08738e-12
-1.14255e-12
1.0709e-12
-1.00554e-12
1.05207e-12
-9.29731e-13
1.01909e-12
-8.93259e-13
9.73157e-13
-8.65181e-13
9.19385e-13
-8.20758e-13
8.67024e-13
-7.54733e-13
8.16301e-13
-6.91658e-13
7.63021e-13
-6.55672e-13
7.03848e-13
-6.60512e-13
6.37485e-13
-6.90748e-13
5.65951e-13
-7.0589e-13
5.04766e-13
-6.73293e-13
4.68559e-13
-5.75834e-13
4.59944e-13
-4.35493e-13
4.73228e-13
-2.97107e-13
4.9332e-13
-2.0881e-13
5.0086e-13
-1.9661e-13
4.83543e-13
-2.52829e-13
4.46216e-13
-3.38733e-13
3.92251e-13
-4.12524e-13
3.45377e-13
-4.44479e-13
3.12569e-13
-4.37801e-13
3.04773e-13
-4.16861e-13
3.20891e-13
-4.10001e-13
3.44175e-13
-4.39252e-13
3.64108e-13
-4.96497e-13
3.78151e-13
-5.60792e-13
3.79927e-13
-6.01318e-13
3.72802e-13
-5.99543e-13
3.59463e-13
-5.58289e-13
3.38703e-13
-4.98645e-13
3.15572e-13
-4.44049e-13
2.85531e-13
-4.06676e-13
2.57428e-13
-3.8333e-13
2.30193e-13
-3.547e-13
2.07892e-13
-2.99685e-13
1.95868e-13
-2.08284e-13
1.95848e-13
-8.42384e-14
2.10172e-13
2.49095e-13
-2.70644e-11
8.63004e-12
-2.45844e-11
8.18302e-12
-2.25678e-11
7.49745e-12
-2.08078e-11
6.85624e-12
-1.91901e-11
6.34873e-12
-1.76554e-11
5.91034e-12
-1.62234e-11
5.53253e-12
-1.49135e-11
5.17958e-12
-1.37344e-11
4.84253e-12
-1.26713e-11
4.51546e-12
-1.1697e-11
4.20236e-12
-1.07887e-11
3.90732e-12
-9.94193e-12
3.63105e-12
-9.16903e-12
3.37142e-12
-8.48402e-12
3.12391e-12
-7.8843e-12
2.88994e-12
-7.34661e-12
2.67401e-12
-6.83963e-12
2.48559e-12
-6.34123e-12
2.32668e-12
-5.85343e-12
2.19252e-12
-5.39623e-12
2.06977e-12
-4.99149e-12
1.94703e-12
-4.64307e-12
1.81823e-12
-4.33148e-12
1.68856e-12
-4.02487e-12
1.56636e-12
-3.7009e-12
1.46064e-12
-3.35975e-12
1.37256e-12
-3.02415e-12
1.29287e-12
-2.72284e-12
1.21363e-12
-2.46809e-12
1.12893e-12
-2.24963e-12
1.04532e-12
-2.04177e-12
9.7178e-13
-1.81969e-12
9.19222e-13
-1.58289e-12
8.8924e-13
-1.35154e-12
8.7611e-13
-1.16265e-12
8.66951e-13
-1.03952e-12
8.51821e-13
-9.75386e-13
8.18173e-13
-9.46103e-13
7.77089e-13
-9.17896e-13
7.32023e-13
-8.70487e-13
6.90196e-13
-8.06624e-13
6.47386e-13
-7.50007e-13
6.00292e-13
-7.23329e-13
5.46108e-13
-7.3005e-13
4.87018e-13
-7.48984e-13
4.29279e-13
-7.43169e-13
3.87808e-13
-6.81953e-13
3.72844e-13
-5.63381e-13
3.82845e-13
-4.17795e-13
4.07034e-13
-2.90116e-13
4.24155e-13
-2.25173e-13
4.22858e-13
-2.37721e-13
3.9375e-13
-3.04359e-13
3.43764e-13
-3.86911e-13
2.87774e-13
-4.42763e-13
2.44672e-13
-4.52155e-13
2.19441e-13
-4.24643e-13
2.1831e-13
-3.91991e-13
2.38208e-13
-3.85817e-13
2.6007e-13
-4.24006e-13
2.78712e-13
-4.94017e-13
2.89169e-13
-5.68614e-13
2.91278e-13
-6.16977e-13
2.88029e-13
-6.1969e-13
2.79101e-13
-5.83394e-13
2.67086e-13
-5.25183e-13
2.50504e-13
-4.73138e-13
2.32795e-13
-4.34109e-13
2.12515e-13
-4.04812e-13
1.9517e-13
-3.67176e-13
1.81724e-13
-3.03958e-13
1.77881e-13
-2.06313e-13
1.81517e-13
-8.12095e-14
1.94021e-13
2.21239e-13
-2.74926e-11
6.00149e-12
-2.52667e-11
5.94398e-12
-2.31997e-11
5.59479e-12
-2.13295e-11
5.15411e-12
-1.96224e-11
4.78798e-12
-1.80363e-11
4.45187e-12
-1.65747e-11
4.16497e-12
-1.52504e-11
3.89451e-12
-1.40607e-11
3.63296e-12
-1.29845e-11
3.3794e-12
-1.1992e-11
3.13842e-12
-1.10642e-11
2.91362e-12
-1.02013e-11
2.70365e-12
-9.41614e-12
2.50472e-12
-8.71823e-12
2.31415e-12
-8.09936e-12
2.13534e-12
-7.53502e-12
1.97457e-12
-6.99808e-12
1.84002e-12
-6.4754e-12
1.73006e-12
-5.97559e-12
1.63786e-12
-5.51888e-12
1.54962e-12
-5.11997e-12
1.45762e-12
-4.77321e-12
1.35985e-12
-4.45327e-12
1.26378e-12
-4.1304e-12
1.17668e-12
-3.79017e-12
1.10444e-12
-3.43922e-12
1.04161e-12
-3.10355e-12
9.80428e-13
-2.80599e-12
9.14055e-13
-2.55155e-12
8.41822e-13
-2.32279e-12
7.73297e-13
-2.09374e-12
7.18467e-13
-1.84804e-12
6.84268e-13
-1.59445e-12
6.69359e-13
-1.36123e-12
6.63735e-13
-1.18121e-12
6.55875e-13
-1.06906e-12
6.37841e-13
-1.01581e-12
6.04586e-13
-9.90391e-13
5.67993e-13
-9.61281e-13
5.32342e-13
-9.12287e-13
5.00682e-13
-8.52172e-13
4.67885e-13
-8.0409e-13
4.30733e-13
-7.83527e-13
3.85715e-13
-7.87361e-13
3.39638e-13
-7.89776e-13
2.99208e-13
-7.58808e-13
2.79118e-13
-6.73079e-13
2.82152e-13
-5.41824e-13
3.03823e-13
-3.98612e-13
3.27347e-13
-2.92702e-13
3.37999e-13
-2.55331e-13
3.2485e-13
-2.89089e-13
2.86811e-13
-3.63036e-13
2.33371e-13
-4.36452e-13
1.86033e-13
-4.67687e-13
1.51727e-13
-4.51712e-13
1.40731e-13
-4.08178e-13
1.49766e-13
-3.66555e-13
1.6654e-13
-3.65288e-13
1.85818e-13
-4.13158e-13
1.97138e-13
-4.92214e-13
1.98506e-13
-5.73844e-13
1.98522e-13
-6.25503e-13
1.96702e-13
-6.31574e-13
1.93302e-13
-5.98806e-13
1.90812e-13
-5.45927e-13
1.83674e-13
-4.94069e-13
1.7554e-13
-4.52544e-13
1.63588e-13
-4.17738e-13
1.5544e-13
-3.72212e-13
1.48054e-13
-3.0282e-13
1.50279e-13
-2.0338e-13
1.56034e-13
-8.15543e-14
1.66589e-13
1.80632e-13
-2.75477e-11
4.09099e-12
-2.5593e-11
3.8719e-12
-2.35979e-11
3.6247e-12
-2.17022e-11
3.37054e-12
-1.99395e-11
3.16726e-12
-1.83167e-11
2.95827e-12
-1.68369e-11
2.76699e-12
-1.55046e-11
2.57891e-12
-1.43077e-11
2.3943e-12
-1.32193e-11
2.21764e-12
-1.22112e-11
2.05368e-12
-1.12688e-11
1.90382e-12
-1.03954e-11
1.76436e-12
-9.60211e-12
1.63086e-12
-8.89277e-12
1.50203e-12
-8.25507e-12
1.38277e-12
-7.6654e-12
1.27913e-12
-7.1032e-12
1.19667e-12
-6.56359e-12
1.13061e-12
-6.05905e-12
1.07356e-12
-5.60731e-12
1.0142e-12
-5.21413e-12
9.48771e-13
-4.8666e-12
8.8055e-13
-4.5371e-12
8.1748e-13
-4.20105e-12
7.65298e-13
-3.85008e-12
7.2449e-13
-3.49795e-12
6.8783e-13
-3.16777e-12
6.47142e-13
-2.87568e-12
5.99115e-13
-2.61871e-12
5.46863e-13
-2.37602e-12
5.00374e-13
-2.12626e-12
4.68999e-13
-1.86202e-12
4.53928e-13
-1.59945e-12
4.50517e-13
-1.36965e-12
4.4755e-13
-1.19994e-12
4.35518e-13
-1.09943e-12
4.13398e-13
-1.0523e-12
3.80738e-13
-1.02616e-12
3.49593e-13
-9.92853e-13
3.23642e-13
-9.43838e-13
3.04525e-13
-8.89073e-13
2.83487e-13
-8.47742e-13
2.58352e-13
-8.29422e-13
2.26598e-13
-8.26147e-13
1.98619e-13
-8.10194e-13
1.77156e-13
-7.54684e-13
1.752e-13
-6.5066e-13
1.91151e-13
-5.14454e-13
2.15253e-13
-3.85508e-13
2.32828e-13
-3.04164e-13
2.32004e-13
-2.9123e-13
2.07939e-13
-3.3979e-13
1.68499e-13
-4.13725e-13
1.226e-13
-4.6825e-13
8.88322e-14
-4.76543e-13
7.23497e-14
-4.41317e-13
7.86085e-14
-3.8533e-13
9.34043e-14
-3.47098e-13
1.08062e-13
-3.53323e-13
1.17045e-13
-4.08817e-13
1.15789e-13
-4.9435e-13
1.07332e-13
-5.77787e-13
1.03556e-13
-6.28132e-13
1.02209e-13
-6.34893e-13
1.06182e-13
-6.0382e-13
1.12374e-13
-5.54092e-13
1.14362e-13
-5.03219e-13
1.1315e-13
-4.61497e-13
1.08936e-13
-4.23053e-13
1.06723e-13
-3.71156e-13
1.00872e-13
-2.97458e-13
1.07204e-13
-1.98595e-13
1.15145e-13
-8.28269e-14
1.26282e-13
1.28719e-13
-2.76504e-11
2.31261e-12
-2.5654e-11
2.00886e-12
-2.36852e-11
1.76761e-12
-2.18084e-11
1.62357e-12
-2.00391e-11
1.53614e-12
-1.84091e-11
1.44221e-12
-1.69287e-11
1.34633e-12
-1.55982e-11
1.24393e-12
-1.43993e-11
1.14151e-12
-1.33034e-11
1.04673e-12
-1.22863e-11
9.64207e-13
-1.13383e-11
8.92462e-13
-1.04638e-11
8.26163e-13
-9.66993e-12
7.60707e-13
-8.95565e-12
6.96762e-13
-8.30486e-12
6.37761e-13
-7.69778e-12
5.90052e-13
-7.12079e-12
5.55435e-13
-6.57568e-12
5.277e-13
-6.07538e-12
5.00108e-13
-5.63247e-12
4.66147e-13
-5.24521e-12
4.26487e-13
-4.89598e-12
3.88583e-13
-4.55806e-12
3.5881e-13
-4.21335e-12
3.41162e-13
-3.86036e-12
3.31478e-13
-3.51377e-12
3.20912e-13
-3.19287e-12
3.03553e-13
-2.90632e-12
2.79197e-13
-2.64625e-12
2.53648e-13
-2.39226e-12
2.34318e-13
-2.1264e-12
2.25133e-13
-1.8513e-12
2.26076e-13
-1.58958e-12
2.30483e-13
-1.36971e-12
2.25486e-13
-1.21237e-12
2.06571e-13
-1.12078e-12
1.8158e-13
-1.07546e-12
1.52178e-13
-1.04296e-12
1.26109e-13
-1.00395e-12
1.11896e-13
-9.55026e-13
1.06998e-13
-9.06615e-13
9.97801e-14
-8.72076e-13
8.84817e-14
-8.55443e-13
7.34828e-14
-8.38473e-13
5.99473e-14
-8.05018e-13
6.08919e-14
-7.32621e-13
7.40374e-14
-6.1926e-13
9.50086e-14
-4.88254e-13
1.14682e-13
-3.76516e-13
1.20811e-13
-3.17818e-13
1.09002e-13
-3.2243e-13
7.94449e-14
-3.73882e-13
4.55146e-14
-4.37893e-13
1.75766e-14
-4.69014e-13
-7.99207e-16
-4.62266e-13
1.1124e-14
-4.1435e-13
2.73667e-14
-3.58078e-13
4.51919e-14
-3.27337e-13
5.25047e-14
-3.44606e-13
4.8998e-14
-4.0527e-13
3.13643e-14
-4.92591e-13
1.61564e-14
-5.71886e-13
8.63463e-15
-6.21022e-13
1.2705e-14
-6.2543e-13
2.03621e-14
-5.96801e-13
3.49841e-14
-5.53465e-13
4.53786e-14
-5.07562e-13
4.72934e-14
-4.6539e-13
4.52397e-14
-4.19766e-13
4.26956e-14
-3.65037e-13
4.21119e-14
-2.88226e-13
5.00358e-14
-1.89347e-13
6.05612e-14
-8.00441e-14
7.76869e-14
7.53132e-14
-2.54745e-11
-2.33981e-11
-2.15447e-11
-1.98386e-11
-1.82384e-11
-1.67643e-11
-1.54231e-11
-1.4213e-11
-1.31166e-11
-1.21107e-11
-1.1178e-11
-1.03133e-11
-9.52027e-12
-8.80162e-12
-8.15084e-12
-7.55396e-12
-6.99516e-12
-6.46662e-12
-5.9739e-12
-5.52762e-12
-5.13451e-12
-4.78819e-12
-4.46896e-12
-4.15568e-12
-3.83565e-12
-3.51186e-12
-3.19905e-12
-2.91066e-12
-2.6486e-12
-2.40173e-12
-2.15471e-12
-1.90048e-12
-1.6457e-12
-1.40959e-12
-1.21796e-12
-1.08583e-12
-1.00485e-12
-9.57879e-13
-9.24641e-13
-8.88481e-13
-8.46582e-13
-8.10936e-13
-7.89027e-13
-7.7747e-13
-7.61273e-13
-7.15759e-13
-6.30978e-13
-5.15991e-13
-3.96769e-13
-3.06847e-13
-2.68347e-13
-2.84167e-13
-3.31557e-13
-3.78526e-13
-4.03605e-13
-3.84444e-13
-3.40269e-13
-2.96844e-13
-2.82753e-13
-3.09789e-13
-3.76828e-13
-4.58342e-13
-5.26707e-13
-5.61584e-13
-5.63352e-13
-5.36917e-13
-4.98516e-13
-4.62446e-13
-4.30455e-13
-3.95669e-13
-3.48969e-13
-2.79403e-13
-1.87927e-13
-7.53138e-14
)
;

boundaryField
{
    leftWall
    {
        type            calculated;
        value           nonuniform List<scalar> 0();
    }
    rightWall
    {
        type            calculated;
        value           uniform 0;
    }
    lowerWall
    {
        type            calculated;
        value           uniform 0;
    }
    atmosphere
    {
        type            calculated;
        value           uniform 0;
    }
    defaultFaces
    {
        type            empty;
    }
    procBoundary3to2
    {
        type            processor;
        value           nonuniform List<scalar> 
40
(
-2.93727e-11
-3.02176e-11
-3.03443e-11
-2.96448e-11
-2.8563e-11
-2.74518e-11
-2.61194e-11
-2.44984e-11
-2.29751e-11
-2.18721e-11
-2.08652e-11
-1.92719e-11
-1.70765e-11
-1.46832e-11
-1.22212e-11
-9.58701e-12
-7.11123e-12
-5.34556e-12
-3.82959e-12
-1.7191e-12
1.49173e-12
4.18944e-12
6.44857e-12
8.94014e-12
1.17482e-11
1.38589e-11
1.48667e-11
1.61237e-11
1.84656e-11
2.10636e-11
2.28395e-11
2.41761e-11
2.59724e-11
2.7575e-11
2.79869e-11
2.78121e-11
2.85511e-11
3.00797e-11
3.08034e-11
2.81235e-11
)
;
    }
}


// ************************************************************************* //
