/*--------------------------------*- C++ -*----------------------------------*\
| =========                 |                                                 |
| \\      /  F ield         | OpenFOAM: The Open Source CFD Toolbox           |
|  \\    /   O peration     | Version:  2606                                  |
|   \\  /    A nd           | Website:  www.openfoam.com                      |
|    \\/     M anipulation  |                                                 |
\*---------------------------------------------------------------------------*/
FoamFile
{
    version     2.0;
    format      ascii;
    arch        "LSB;label=32;scalar=64";
    class       volScalarField;
    location    "0.55";
    object      p;
}
// * * * * * * * * * * * * * * * * * * * * * * * * * * * * * * * * * * * * * //

dimensions      [1 -1 -2 0 0 0 0];

internalField   nonuniform List<scalar> 
7500
(
0
-0.018342892
-0.10288791
-0.21144601
-0.27194072
-0.25318194
-0.15217904
-0.02350332
0.084840866
0.14391019
0.1446386
0.099875397
0.027876774
-0.049524443
-0.11200289
-0.14977556
-0.16524553
-0.16850226
-0.17079898
-0.18080173
-0.20130101
-0.22873879
-0.25727167
-0.28214008
-0.30125365
-0.31517196
-0.32526385
-0.33252317
-0.33748909
-0.34009293
-0.33984932
-0.33658439
-0.33070698
-0.32316573
-0.31530143
-0.30913396
-0.30801924
-0.31403601
-0.32736596
-0.34902754
-0.37926678
-0.41704419
-0.46186085
-0.51453686
-0.57676034
-0.65034047
-0.73644798
-0.83478692
-0.94281218
-1.0554783
-1.1660308
-1.2677502
-1.3558615
-1.4287493
-1.4880521
-1.537706
-1.5823853
-1.6261471
-1.6718539
-1.7211132
-1.7742706
-1.8304652
-1.8880546
-1.9455886
-2.0031453
-2.0631675
-2.130255
-2.2097362
-2.3059122
-2.4208214
-2.5538903
-2.7025669
-2.8635288
-3.033406
-3.2086416
-3.3852052
-3.5591549
-3.7279339
-3.890825
-4.0483687
-4.2016177
-4.3514133
-4.4978807
-4.6405415
-4.7786781
-4.9122289
-5.043063
-5.1722463
-5.2976519
-5.4095674
-5.4807254
-5.5029694
-5.4979833
-5.4851917
-5.4832186
-5.5065286
-5.5610787
-5.6575787
-5.8010569
-5.9806076
-6.1781518
-6.3809718
-6.5878065
-6.8067671
-7.0488286
-7.3217774
-7.6263516
-7.9547773
-8.2920497
-8.6196126
-8.9199523
-9.1806525
-9.3972555
-9.5737182
-9.7196249
-9.8464398
-9.9653173
-10.08566
-10.213988
-10.355317
-10.51455
-10.6961
-10.889932
-11.036089
-11.113977
-11.164959
-11.197694
-11.183766
-11.143497
-11.156873
-11.251633
-11.336801
-11.348433
-11.401929
-11.552301
-11.749562
-11.96594
-12.205919
-12.471745
-12.756109
-13.051549
-13.35274
-13.654257
-13.948635
-14.227458
-14.48369
-14.713176
-14.914372
-15.087455
-15.233444
-15.3547
-15.460301
-15.571018
-15.705713
-15.848511
-15.957548
-16.040168
-16.157802
-16.301844
-16.369559
-16.365652
-16.353458
-16.318856
-16.259577
-16.236212
-16.254378
-16.27571
-16.283363
-16.293994
-16.377775
-16.600451
-16.87314
-17.033172
-17.10917
-17.29489
-17.770098
-18.427274
-18.888715
-19.04129
-19.100353
-19.204368
-19.487922
-20.048755
-20.743183
-21.330938
-21.749834
-22.007407
-22.107331
-22.138368
-22.176901
-22.246277
-22.352035
-22.482962
-22.598437
-22.709171
-22.837082
-22.957494
-23.066939
-23.183635
-23.323558
-23.501411
-23.732873
-24.026081
-24.366611
-24.720861
-25.090685
-25.601419
-26.438193
-27.39883
-27.889679
-27.956816
-28.003634
-27.87914
-27.367983
-29.04585
-33.285827
-33.88279
-31.989072
-30.988665
-31.088411
-31.166607
-31.115676
-31.060176
-31.000297
-30.932398
-30.8594
-30.787285
-30.723529
-30.677586
-30.656771
-30.656207
-30.659283
-30.663201
-30.677026
-30.705835
-30.746599
-30.793443
-30.840957
-30.894721
-31.002176
-31.132799
-31.240296
-31.443331
-29.349428
-25.724601
-36.892634
-44.468793
-46.895737
-47.704214
-47.930865
-48.040934
-48.142437
-48.227226
-48.298248
-48.358455
-48.409024
-48.451369
-48.486847
-48.516635
-48.541725
-48.562935
-48.580935
-48.596267
-48.609376
-48.620621
-48.630296
-48.638643
-48.645863
-48.652122
-48.657558
-48.662287
-48.666407
-48.670001
-48.673141
-48.675886
-48.678287
-48.68039
-48.682232
-48.683847
-48.685263
-48.686505
-48.687595
-48.68855
-48.689387
-48.69012
-48.690762
-48.691324
-48.691813
-48.692239
-48.692609
-48.692928
-48.693202
-48.693436
-48.693632
-48.693795
-48.693926
-48.694029
-48.694104
-48.694153
-48.694177
-27.878645
-27.946434
-28.037833
-28.171003
-28.283094
-28.314854
-28.252189
-28.150802
-28.058805
-27.998592
-27.987753
-28.017899
-28.078335
-28.145504
-28.192844
-28.208836
-28.199419
-28.180545
-28.166237
-28.167278
-28.186554
-28.217032
-28.249219
-28.276074
-28.29492
-28.30735
-28.315779
-28.321846
-28.326547
-28.330172
-28.332809
-28.333756
-28.332633
-28.329387
-28.323752
-28.316345
-28.311951
-28.312805
-28.319757
-28.336788
-28.36458
-28.401054
-28.444872
-28.496413
-28.557463
-28.630358
-28.716843
-28.81716
-28.928993
-29.046659
-29.161821
-29.265852
-29.352658
-29.420536
-29.472307
-29.513787
-29.551257
-29.589501
-29.631367
-29.678207
-29.73023
-29.786374
-29.844243
-29.90077
-29.95387
-30.005231
-30.061073
-30.129616
-30.218156
-30.330693
-30.466232
-30.619439
-30.783095
-30.952353
-31.125823
-31.300889
-31.472922
-31.638605
-31.796463
-31.947135
-32.092837
-32.235551
-32.375641
-32.511986
-32.642478
-32.766507
-32.889178
-33.016982
-33.156734
-33.294451
-33.359801
-33.352333
-33.312613
-33.260457
-33.229443
-33.232476
-33.268601
-33.362192
-33.522755
-33.727379
-33.941228
-34.141992
-34.330697
-34.525084
-34.746561
-35.01043
-35.32003
-35.664825
-36.02268
-36.366342
-36.670618
-36.918499
-37.106123
-37.243228
-37.346802
-37.434003
-37.519356
-37.613133
-37.72002
-37.843299
-37.986478
-38.174456
-38.435595
-38.590277
-38.616661
-38.674652
-38.75681
-38.680304
-38.472646
-38.399395
-38.563769
-38.742052
-38.759424
-38.81116
-38.952912
-39.121042
-39.313699
-39.528707
-39.762275
-40.009684
-40.265979
-40.526861
-40.787437
-41.040792
-41.278706
-41.494485
-41.684753
-41.848752
-41.987248
-42.1012
-42.191591
-42.267018
-42.352079
-42.471125
-42.601759
-42.685998
-42.738245
-42.84322
-42.992848
-43.037889
-43.011706
-42.991312
-42.947216
-42.871543
-42.846881
-42.865426
-42.882004
-42.878302
-42.866229
-42.924639
-43.141619
-43.401982
-43.508805
-43.51608
-43.62594
-44.02753
-44.578788
-44.87641
-44.890638
-44.859193
-44.889613
-45.093002
-45.520854
-45.985706
-46.290464
-46.452219
-46.557348
-46.642467
-46.708091
-46.759839
-46.818262
-46.896888
-46.988704
-47.079317
-47.150825
-47.210668
-47.270236
-47.33567
-47.411846
-47.50319
-47.613369
-47.743894
-47.893529
-48.058949
-48.233431
-48.407502
-48.574135
-48.734773
-48.897384
-49.06418
-49.225642
-49.356019
-49.483525
-49.581811
-49.591096
-49.61396
-49.651423
-49.62286
-49.553376
-49.485366
-49.433197
-49.378549
-49.323906
-49.270343
-49.216682
-49.163422
-49.113365
-49.070157
-49.038509
-49.021592
-49.017829
-49.019937
-49.027041
-49.042326
-49.067545
-49.101315
-49.141989
-49.189752
-49.250434
-49.33897
-49.392611
-49.376151
-49.358047
-49.335022
-48.567063
-46.8281
-47.659683
-48.017901
-48.087878
-48.038041
-48.081294
-48.177284
-48.264674
-48.33642
-48.396012
-48.445403
-48.486456
-48.520737
-48.549493
-48.573723
-48.594231
-48.611662
-48.626536
-48.639272
-48.650214
-48.659642
-48.667787
-48.67484
-48.68096
-48.686279
-48.690911
-48.694949
-48.698474
-48.701555
-48.704249
-48.706607
-48.708673
-48.710483
-48.71207
-48.713463
-48.714684
-48.715755
-48.716695
-48.717518
-48.71824
-48.718872
-48.719424
-48.719906
-48.720325
-48.720689
-48.721004
-48.721273
-48.721503
-48.721696
-48.721856
-48.721986
-48.722087
-48.722161
-48.722209
-48.722232
-45.198132
-45.250709
-45.293342
-45.330806
-45.340326
-45.319496
-45.273306
-45.223603
-45.181083
-45.153899
-45.155447
-45.177121
-45.21688
-45.260144
-45.291123
-45.304288
-45.30335
-45.297202
-45.292007
-45.293645
-45.304543
-45.320831
-45.336832
-45.349767
-45.359214
-45.366085
-45.371745
-45.376941
-45.381512
-45.384486
-45.386064
-45.38531
-45.381683
-45.375413
-45.36695
-45.35743
-45.351936
-45.35131
-45.354076
-45.36223
-45.375118
-45.390859
-45.408558
-45.428594
-45.452226
-45.481052
-45.516407
-45.55877
-45.606957
-45.657862
-45.707161
-45.750604
-45.785364
-45.810847
-45.828679
-45.841895
-45.853602
-45.866054
-45.880587
-45.89774
-45.917387
-45.938907
-45.961192
-45.983143
-46.004754
-46.026895
-46.052311
-46.084139
-46.124849
-46.175356
-46.23434
-46.29907
-46.367125
-46.436485
-46.506441
-46.576328
-46.643914
-46.707841
-46.767706
-46.823715
-46.876785
-46.927905
-46.977403
-47.025043
-47.070232
-47.112942
-47.155142
-47.198418
-47.245193
-47.294888
-47.311352
-47.305586
-47.292459
-47.270917
-47.258829
-47.261677
-47.275303
-47.309201
-47.365847
-47.436998
-47.511052
-47.581308
-47.649
-47.72022
-47.801461
-47.89656
-48.004873
-48.121079
-48.236659
-48.342719
-48.432689
-48.50373
-48.557252
-48.598403
-48.633468
-48.667464
-48.703351
-48.742247
-48.783942
-48.827275
-48.8699
-48.909913
-48.965842
-48.989993
-48.970354
-48.925876
-48.899515
-48.8988
-48.868747
-48.835239
-48.837197
-48.912297
-48.960923
-48.974228
-48.974553
-48.973409
-48.974037
-48.975545
-48.977044
-48.978385
-48.979714
-48.981037
-48.982321
-48.983568
-48.984834
-48.985982
-48.987018
-48.987857
-48.988427
-48.988881
-48.989438
-48.990226
-48.991227
-48.992254
-48.993174
-48.994096
-48.995173
-48.996109
-48.996621
-48.996947
-48.997077
-48.996956
-48.99694
-48.997306
-48.997882
-48.998734
-49.000125
-49.002324
-49.005364
-49.008784
-49.011714
-49.013891
-49.015642
-49.016691
-49.015127
-49.011291
-49.003702
-48.995194
-48.987618
-48.980871
-48.974219
-48.96638
-48.956156
-48.943681
-48.930998
-48.919945
-48.910219
-48.903841
-48.898498
-48.893447
-48.887985
-48.881862
-48.875911
-48.871418
-48.869606
-48.871205
-48.876888
-48.887627
-48.904198
-48.926677
-48.955098
-48.989579
-49.030547
-49.078649
-49.134136
-49.197111
-49.26732
-49.343689
-49.424465
-49.50705
-49.587782
-49.661693
-49.727809
-49.77873
-49.807669
-49.814408
-49.800965
-49.763232
-49.712266
-49.664471
-49.622111
-49.583987
-49.552118
-49.526513
-49.506278
-49.49092
-49.48035
-49.474084
-49.471125
-49.470153
-49.470086
-49.470568
-49.471197
-49.471437
-49.471031
-49.4701
-49.468822
-49.467592
-49.467202
-49.46687
-49.458813
-49.442394
-49.433401
-49.44559
-49.584187
-50.255318
-50.314648
-49.648403
-48.828991
-48.361669
-48.267986
-48.303283
-48.356611
-48.409246
-48.456852
-48.498078
-48.533334
-48.563387
-48.589002
-48.610866
-48.629571
-48.645614
-48.659406
-48.671291
-48.681555
-48.690439
-48.698144
-48.704837
-48.71066
-48.715735
-48.720162
-48.724029
-48.727409
-48.730367
-48.732956
-48.735226
-48.737215
-48.73896
-48.740491
-48.741834
-48.743013
-48.744048
-48.744956
-48.745752
-48.74645
-48.747061
-48.747595
-48.748061
-48.748467
-48.748819
-48.749123
-48.749384
-48.749607
-48.749794
-48.749949
-48.750074
-48.750172
-48.750244
-48.75029
-48.750313
-48.915104
-48.913172
-48.914698
-48.916234
-48.917067
-48.917205
-48.917172
-48.917194
-48.917264
-48.917281
-48.917179
-48.917001
-48.916738
-48.916443
-48.916219
-48.916126
-48.916137
-48.91617
-48.916154
-48.916042
-48.915834
-48.915587
-48.915402
-48.915403
-48.915733
-48.916548
-48.918
-48.920202
-48.923157
-48.926698
-48.930488
-48.934085
-48.937045
-48.939025
-48.939865
-48.939648
-48.938709
-48.937582
-48.936766
-48.936431
-48.936496
-48.936731
-48.936871
-48.936754
-48.936403
-48.935983
-48.935711
-48.935862
-48.936486
-48.937393
-48.938366
-48.939251
-48.939983
-48.940577
-48.941094
-48.94156
-48.941917
-48.942059
-48.941934
-48.94156
-48.940921
-48.940001
-48.938965
-48.938318
-48.938702
-48.940481
-48.943678
-48.947845
-48.952244
-48.95596
-48.958039
-48.958131
-48.956811
-48.955257
-48.953899
-48.952876
-48.952426
-48.952763
-48.953596
-48.954502
-48.955276
-48.95595
-48.956586
-48.957205
-48.957811
-48.958419
-48.959059
-48.959868
-48.960933
-48.962025
-48.963096
-48.964035
-48.964832
-48.965609
-48.966333
-48.966998
-48.96773
-48.968601
-48.969596
-48.970572
-48.971328
-48.971725
-48.971722
-48.971375
-48.9708
-48.970151
-48.969597
-48.969255
-48.969242
-48.969734
-48.971073
-48.97362
-48.97779
-48.98397
-48.992321
-49.002653
-49.014324
-49.026136
-49.036401
-49.043185
-49.044671
-49.041929
-49.032951
-49.019061
-49.000066
-48.976182
-48.957334
-48.956316
-48.964977
-48.966701
-48.959036
-48.952985
-48.962853
-48.975954
-48.986795
-48.992758
-48.997035
-49.000244
-49.002813
-49.004854
-49.006729
-49.008296
-49.009752
-49.011148
-49.01243
-49.013657
-49.014733
-49.015514
-49.016103
-49.016724
-49.017319
-49.018097
-49.019078
-49.020101
-49.020914
-49.021652
-49.022542
-49.023454
-49.024103
-49.024422
-49.024536
-49.02451
-49.024576
-49.024849
-49.025404
-49.026302
-49.027547
-49.02937
-49.031889
-49.034744
-49.037229
-49.039084
-49.040754
-49.042235
-49.043416
-49.039414
-49.03213
-49.023805
-49.016603
-49.0112
-49.006395
-48.999809
-48.989824
-48.977492
-48.965302
-48.955524
-48.947913
-48.940827
-48.934708
-48.92873
-48.922428
-48.915991
-48.909966
-48.905393
-48.903472
-48.905006
-48.91071
-48.921541
-48.937923
-48.960037
-48.987962
-49.021604
-49.061648
-49.108834
-49.163599
-49.226412
-49.296464
-49.372867
-49.454401
-49.53928
-49.623534
-49.701998
-49.772169
-49.83104
-49.869968
-49.888108
-49.874569
-49.838474
-49.78362
-49.723421
-49.668597
-49.622563
-49.585523
-49.556662
-49.534832
-49.518981
-49.508263
-49.501843
-49.498636
-49.497521
-49.497602
-49.498289
-49.498977
-49.499312
-49.499087
-49.498247
-49.49724
-49.496676
-49.496511
-49.494532
-49.48661
-49.469741
-49.469392
-49.474597
-49.538671
-49.867905
-50.685019
-50.326136
-49.295768
-48.728576
-48.533324
-48.482159
-48.484775
-48.507033
-48.534961
-48.56307
-48.589284
-48.612908
-48.63384
-48.652224
-48.668297
-48.682318
-48.694537
-48.705182
-48.71446
-48.722551
-48.729611
-48.735777
-48.741166
-48.745879
-48.750005
-48.753618
-48.756784
-48.75956
-48.761995
-48.764133
-48.766009
-48.767656
-48.769103
-48.770373
-48.77149
-48.77247
-48.77333
-48.774085
-48.774747
-48.775327
-48.775834
-48.776277
-48.776663
-48.776997
-48.777286
-48.777534
-48.777746
-48.777924
-48.778071
-48.778191
-48.778283
-48.778352
-48.778396
-48.778417
-48.942497
-48.942377
-48.943643
-48.945023
-48.945465
-48.945405
-48.945318
-48.945298
-48.945298
-48.945256
-48.945157
-48.945008
-48.944808
-48.944602
-48.944453
-48.944388
-48.944386
-48.944395
-48.944365
-48.944263
-48.944092
-48.943896
-48.943768
-48.943829
-48.94422
-48.945092
-48.9466
-48.948879
-48.951936
-48.955637
-48.959663
-48.963537
-48.966748
-48.968797
-48.969338
-48.968413
-48.966687
-48.965045
-48.964043
-48.963813
-48.964063
-48.964418
-48.964572
-48.964455
-48.964167
-48.963841
-48.963557
-48.963624
-48.964176
-48.965031
-48.965974
-48.966846
-48.967586
-48.968224
-48.968821
-48.96938
-48.969801
-48.969887
-48.9695
-48.968682
-48.967722
-48.966987
-48.966735
-48.966986
-48.96801
-48.970153
-48.973421
-48.977543
-48.981993
-48.985932
-48.98795
-48.986987
-48.983639
-48.980171
-48.978404
-48.97834
-48.979386
-48.980747
-48.981883
-48.982801
-48.983569
-48.984276
-48.984945
-48.985578
-48.986203
-48.986824
-48.987482
-48.988264
-48.989216
-48.990209
-48.991144
-48.992026
-48.992825
-48.993593
-48.994348
-48.995077
-48.995843
-48.996713
-48.997668
-48.998597
-48.999353
-48.999844
-49.000052
-49.000015
-48.999802
-48.999485
-48.999145
-48.998932
-48.998948
-48.999428
-49.000649
-49.002982
-49.006878
-49.012723
-49.020689
-49.030618
-49.041959
-49.053755
-49.06456
-49.072728
-49.077421
-49.074727
-49.064826
-49.047595
-49.026865
-49.00829
-48.997553
-49.001498
-49.006888
-49.003708
-48.993162
-48.990113
-49.001541
-49.010838
-49.017021
-49.021332
-49.024821
-49.027707
-49.030167
-49.032262
-49.034138
-49.035781
-49.037285
-49.038666
-49.039993
-49.041195
-49.042263
-49.043141
-49.043884
-49.044609
-49.045343
-49.046157
-49.047103
-49.048059
-49.048888
-49.049672
-49.050481
-49.051235
-49.051847
-49.052408
-49.052755
-49.052979
-49.053259
-49.053675
-49.054299
-49.055194
-49.056406
-49.057975
-49.059871
-49.061938
-49.063783
-49.065207
-49.065984
-49.06581
-49.063569
-49.060984
-49.056336
-49.050255
-49.043883
-49.037773
-49.031746
-49.025088
-49.016985
-49.007067
-48.997371
-48.988063
-48.981193
-48.975419
-48.97019
-48.964817
-48.959765
-48.955027
-48.951075
-48.948652
-48.948607
-48.951712
-48.958649
-48.97024
-48.987006
-49.009087
-49.036575
-49.069475
-49.108281
-49.153969
-49.207141
-49.268064
-49.336566
-49.411861
-49.492674
-49.576658
-49.659801
-49.737219
-49.805535
-49.861063
-49.897523
-49.909457
-49.900461
-49.86471
-49.810721
-49.751462
-49.696799
-49.650809
-49.613814
-49.584973
-49.563113
-49.547096
-49.536087
-49.529398
-49.526126
-49.525327
-49.526018
-49.527345
-49.528586
-49.52922
-49.528988
-49.527908
-49.526416
-49.52512
-49.524495
-49.524003
-49.521859
-49.519485
-49.521165
-49.553912
-49.650725
-49.880318
-50.224702
-50.113674
-49.429386
-48.978596
-48.752274
-48.653354
-48.618112
-48.612447
-48.620538
-48.634613
-48.650756
-48.667028
-48.682502
-48.696768
-48.709687
-48.721259
-48.731551
-48.740667
-48.748718
-48.755816
-48.762064
-48.767562
-48.772398
-48.77665
-48.780389
-48.783676
-48.786566
-48.789108
-48.791343
-48.793308
-48.795037
-48.796557
-48.797894
-48.79907
-48.800104
-48.801013
-48.801812
-48.802513
-48.803128
-48.803667
-48.804139
-48.804551
-48.80491
-48.805221
-48.80549
-48.805722
-48.805919
-48.806085
-48.806222
-48.806333
-48.80642
-48.806483
-48.806524
-48.806544
-48.97127
-48.971095
-48.972366
-48.973872
-48.974016
-48.973814
-48.973693
-48.973675
-48.973681
-48.973667
-48.973618
-48.973524
-48.973392
-48.973254
-48.973155
-48.973109
-48.973105
-48.973109
-48.973085
-48.973022
-48.972934
-48.972858
-48.972867
-48.973064
-48.973571
-48.974529
-48.976073
-48.978348
-48.981357
-48.984959
-48.988815
-48.992457
-48.995458
-48.99738
-48.997836
-48.99671
-48.99465
-48.992803
-48.99189
-48.991976
-48.992666
-48.993417
-48.993568
-48.992995
-48.992066
-48.991408
-48.991302
-48.991802
-48.992622
-48.993522
-48.994397
-48.995162
-48.995811
-48.996375
-48.996901
-48.997397
-48.997791
-48.997996
-48.997985
-48.997725
-48.997184
-48.996485
-48.996014
-48.996187
-48.997304
-48.999439
-49.002493
-49.006107
-49.009762
-49.01283
-49.014644
-49.014629
-49.013018
-49.011122
-49.009974
-49.009625
-49.009743
-49.009994
-49.010522
-49.011175
-49.011852
-49.012525
-49.01319
-49.013847
-49.014501
-49.015165
-49.015867
-49.016643
-49.017504
-49.018399
-49.019281
-49.020132
-49.020941
-49.021723
-49.022482
-49.023235
-49.024011
-49.024827
-49.025666
-49.02647
-49.027139
-49.027632
-49.027934
-49.028076
-49.028122
-49.028149
-49.028224
-49.028417
-49.028876
-49.029791
-49.031383
-49.033918
-49.037699
-49.042991
-49.049924
-49.058394
-49.067966
-49.07778
-49.086594
-49.092974
-49.095661
-49.093611
-49.085657
-49.072129
-49.056728
-49.043297
-49.034948
-49.033227
-49.033911
-49.032019
-49.027194
-49.026571
-49.030475
-49.03707
-49.043138
-49.047824
-49.051514
-49.054543
-49.057083
-49.059234
-49.0611
-49.062785
-49.064325
-49.065744
-49.067062
-49.068266
-49.069352
-49.070315
-49.07119
-49.072032
-49.072873
-49.073736
-49.07461
-49.07546
-49.076275
-49.077067
-49.077847
-49.0786
-49.079279
-49.079819
-49.080244
-49.080639
-49.081077
-49.081623
-49.082334
-49.083237
-49.084347
-49.085683
-49.087192
-49.08871
-49.09003
-49.090976
-49.091453
-49.09133
-49.0906
-49.087387
-49.083204
-49.078385
-49.073257
-49.067958
-49.062338
-49.056232
-49.049552
-49.042655
-49.034973
-49.02752
-49.020979
-49.015389
-49.010514
-49.006066
-49.002147
-48.998908
-48.996715
-48.996112
-48.997727
-49.002212
-49.010272
-49.022414
-49.038937
-49.060484
-49.086746
-49.118341
-49.155559
-49.199042
-49.249381
-49.30719
-49.372527
-49.44491
-49.523282
-49.605373
-49.687622
-49.76436
-49.831252
-49.884151
-49.918015
-49.92941
-49.917946
-49.884874
-49.836586
-49.781674
-49.728795
-49.682673
-49.644457
-49.613878
-49.590701
-49.573861
-49.562628
-49.556215
-49.553492
-49.553358
-49.554639
-49.556433
-49.557851
-49.558491
-49.558142
-49.556759
-49.554673
-49.55229
-49.549728
-49.546734
-49.542725
-49.53962
-49.547242
-49.59269
-49.704002
-49.842024
-49.908988
-49.75761
-49.38004
-49.080805
-48.894337
-48.790365
-48.73704
-48.713048
-48.705788
-48.707741
-48.71452
-48.723591
-48.733507
-48.743455
-48.752987
-48.76188
-48.770036
-48.777432
-48.784088
-48.790045
-48.795355
-48.800075
-48.804263
-48.807972
-48.811253
-48.814153
-48.816714
-48.818975
-48.820969
-48.822729
-48.824279
-48.825646
-48.826851
-48.827912
-48.828846
-48.829669
-48.830392
-48.831027
-48.831585
-48.832075
-48.832503
-48.832878
-48.833204
-48.833488
-48.833733
-48.833944
-48.834123
-48.834274
-48.8344
-48.834501
-48.83458
-48.834637
-48.834675
-48.834693
-48.999224
-48.999345
-49.000864
-49.001403
-49.001698
-49.001809
-49.001856
-49.001902
-49.001957
-49.002021
-49.00206
-49.002055
-49.002004
-49.001932
-49.001869
-49.001832
-49.00182
-49.001819
-49.00182
-49.001815
-49.001823
-49.00188
-49.00203
-49.002355
-49.002949
-49.003925
-49.005388
-49.007429
-49.010058
-49.01315
-49.016419
-49.019473
-49.02195
-49.023503
-49.023888
-49.023198
-49.022009
-49.020941
-49.020331
-49.020252
-49.020555
-49.020883
-49.021061
-49.021022
-49.020701
-49.020377
-49.020332
-49.020594
-49.021059
-49.021667
-49.022328
-49.022975
-49.023574
-49.024116
-49.024606
-49.025033
-49.025358
-49.02552
-49.025491
-49.025382
-49.025303
-49.025268
-49.025315
-49.02569
-49.026652
-49.028324
-49.030625
-49.033332
-49.035975
-49.037876
-49.038584
-49.03861
-49.038249
-49.037823
-49.037571
-49.03757
-49.037859
-49.038383
-49.038962
-49.039563
-49.040187
-49.040826
-49.041475
-49.04213
-49.042796
-49.043481
-49.044201
-49.044967
-49.045777
-49.046613
-49.047451
-49.048277
-49.049086
-49.049881
-49.050669
-49.051452
-49.052241
-49.053042
-49.053838
-49.054593
-49.055274
-49.055848
-49.056308
-49.056674
-49.056986
-49.057302
-49.057687
-49.058217
-49.059
-49.06018
-49.061925
-49.064417
-49.06783
-49.0723
-49.07786
-49.084375
-49.091487
-49.098565
-49.104692
-49.108807
-49.109884
-49.107976
-49.10243
-49.093798
-49.083956
-49.075043
-49.068827
-49.065838
-49.064499
-49.063039
-49.061704
-49.062464
-49.065633
-49.069146
-49.072785
-49.076233
-49.079325
-49.08204
-49.084413
-49.086499
-49.088361
-49.090048
-49.091592
-49.093017
-49.094336
-49.095551
-49.096665
-49.097688
-49.098643
-49.099557
-49.100448
-49.10133
-49.102199
-49.103046
-49.103866
-49.104662
-49.105428
-49.106156
-49.106822
-49.107408
-49.107933
-49.108438
-49.108965
-49.109559
-49.110256
-49.111074
-49.112017
-49.113069
-49.114168
-49.115203
-49.116034
-49.116519
-49.116523
-49.115854
-49.114182
-49.111982
-49.109068
-49.105445
-49.101355
-49.096918
-49.092045
-49.086996
-49.081531
-49.076013
-49.070301
-49.064781
-49.059796
-49.05545
-49.051726
-49.048593
-49.046144
-49.044564
-49.044164
-49.045361
-49.048642
-49.05453
-49.063558
-49.076172
-49.092725
-49.113574
-49.138856
-49.168903
-49.204085
-49.244911
-49.291903
-49.345509
-49.405926
-49.472958
-49.545929
-49.622823
-49.700951
-49.774533
-49.839592
-49.891274
-49.924768
-49.937184
-49.928213
-49.897425
-49.856628
-49.80726
-49.757778
-49.712845
-49.67441
-49.642914
-49.618293
-49.600218
-49.588269
-49.58166
-49.579396
-49.580113
-49.582618
-49.585505
-49.587727
-49.588689
-49.588052
-49.585903
-49.582683
-49.578785
-49.574217
-49.569022
-49.563631
-49.56019
-49.565265
-49.592426
-49.649359
-49.702232
-49.675363
-49.531844
-49.311613
-49.123683
-48.985612
-48.893911
-48.836562
-48.803356
-48.786083
-48.778925
-48.777979
-48.780701
-48.785469
-48.791259
-48.797434
-48.803607
-48.809551
-48.815138
-48.820306
-48.825032
-48.829319
-48.833185
-48.836655
-48.839758
-48.842526
-48.844989
-48.847178
-48.84912
-48.850841
-48.852364
-48.853711
-48.854902
-48.855954
-48.856883
-48.857702
-48.858425
-48.859061
-48.859621
-48.860112
-48.860544
-48.860923
-48.861254
-48.861542
-48.861793
-48.86201
-48.862197
-48.862356
-48.86249
-48.862601
-48.862691
-48.862761
-48.862812
-48.862845
-48.862861
-49.027328
-49.027849
-49.02839
-49.028983
-49.029442
-49.02978
-49.030048
-49.030272
-49.030464
-49.030603
-49.030692
-49.030732
-49.030728
-49.030693
-49.030647
-49.030607
-49.030581
-49.030576
-49.030596
-49.030646
-49.030738
-49.030895
-49.031157
-49.031577
-49.032222
-49.033164
-49.034467
-49.036166
-49.038254
-49.040637
-49.043121
-49.045471
-49.04746
-49.04884
-49.04942
-49.049248
-49.048687
-49.04818
-49.047986
-49.04816
-49.048508
-49.048667
-49.048632
-49.048563
-49.048538
-49.04861
-49.048811
-49.049128
-49.049556
-49.050065
-49.050611
-49.051158
-49.051686
-49.052185
-49.052648
-49.053069
-49.053434
-49.053732
-49.053952
-49.054088
-49.054159
-49.054235
-49.054428
-49.054881
-49.055739
-49.05706
-49.058778
-49.060717
-49.062601
-49.064118
-49.065107
-49.065575
-49.065696
-49.065744
-49.065875
-49.066106
-49.066405
-49.066799
-49.067297
-49.067859
-49.068459
-49.069083
-49.069724
-49.070381
-49.071053
-49.071746
-49.072468
-49.073221
-49.074003
-49.074804
-49.075612
-49.076418
-49.077218
-49.078013
-49.078803
-49.07959
-49.080376
-49.081161
-49.081935
-49.082679
-49.083376
-49.084013
-49.084591
-49.085127
-49.085654
-49.086214
-49.086863
-49.087666
-49.088707
-49.090088
-49.09192
-49.094315
-49.097367
-49.101126
-49.105559
-49.110513
-49.115685
-49.120608
-49.124651
-49.127123
-49.127521
-49.125816
-49.121933
-49.116389
-49.110216
-49.104557
-49.100259
-49.09751
-49.095758
-49.094513
-49.093931
-49.094588
-49.096516
-49.099197
-49.102065
-49.104863
-49.107489
-49.109897
-49.11208
-49.114056
-49.115855
-49.117505
-49.119026
-49.120438
-49.121749
-49.122968
-49.124101
-49.125159
-49.126157
-49.127111
-49.128035
-49.128936
-49.129815
-49.13067
-49.131501
-49.132304
-49.133078
-49.133814
-49.134503
-49.135141
-49.135742
-49.136329
-49.136929
-49.137569
-49.138267
-49.139034
-49.139862
-49.140729
-49.14158
-49.142336
-49.142898
-49.143167
-49.143037
-49.142393
-49.141123
-49.13932
-49.136778
-49.133777
-49.130399
-49.126746
-49.122932
-49.118643
-49.114177
-49.109722
-49.105336
-49.101202
-49.097509
-49.094373
-49.09186
-49.090037
-49.089021
-49.089001
-49.090241
-49.093076
-49.097889
-49.10509
-49.115088
-49.128247
-49.144883
-49.165272
-49.189625
-49.218195
-49.251269
-49.289192
-49.33232
-49.380958
-49.435253
-49.495081
-49.559885
-49.628257
-49.697715
-49.76444
-49.824355
-49.873233
-49.90681
-49.922417
-49.91993
-49.902119
-49.86805
-49.824954
-49.781363
-49.740566
-49.704604
-49.674418
-49.65028
-49.632116
-49.619481
-49.611597
-49.607545
-49.606233
-49.606426
-49.607091
-49.607322
-49.606489
-49.604289
-49.600733
-49.596008
-49.590212
-49.583437
-49.575861
-49.567949
-49.561385
-49.559834
-49.567116
-49.579982
-49.578336
-49.530973
-49.423953
-49.284745
-49.15674
-49.05207
-48.9737
-48.919118
-48.882497
-48.859528
-48.846187
-48.839395
-48.836932
-48.837252
-48.839292
-48.842334
-48.845898
-48.84967
-48.853448
-48.857103
-48.860562
-48.863784
-48.86675
-48.869458
-48.871914
-48.87413
-48.876121
-48.877905
-48.879498
-48.880919
-48.882182
-48.883305
-48.884302
-48.885185
-48.885966
-48.886658
-48.887269
-48.887808
-48.888282
-48.888701
-48.889068
-48.889391
-48.889673
-48.889919
-48.890133
-48.890318
-48.890478
-48.890614
-48.890729
-48.890824
-48.890901
-48.89096
-48.891004
-48.891032
-48.891046
-49.055474
-49.055784
-49.056259
-49.056867
-49.057398
-49.057858
-49.058263
-49.058621
-49.058936
-49.059192
-49.059374
-49.059474
-49.059502
-49.059476
-49.059419
-49.059355
-49.059304
-49.059285
-49.059309
-49.059386
-49.059528
-49.059752
-49.060087
-49.060569
-49.06124
-49.062139
-49.063295
-49.064718
-49.06639
-49.068244
-49.070152
-49.071963
-49.073523
-49.074697
-49.075409
-49.075686
-49.075684
-49.075607
-49.075598
-49.075709
-49.07589
-49.076121
-49.076308
-49.076447
-49.076578
-49.076755
-49.076998
-49.07733
-49.077737
-49.078199
-49.078692
-49.079193
-49.079685
-49.080157
-49.080601
-49.081008
-49.08137
-49.081683
-49.081958
-49.082223
-49.082498
-49.082801
-49.08319
-49.083758
-49.084592
-49.085727
-49.087116
-49.088619
-49.090047
-49.091235
-49.092132
-49.092761
-49.093177
-49.093477
-49.093759
-49.094099
-49.094515
-49.094994
-49.09552
-49.096085
-49.096682
-49.097304
-49.097945
-49.098605
-49.099283
-49.099982
-49.100705
-49.101451
-49.102218
-49.103001
-49.103792
-49.104586
-49.105379
-49.106172
-49.106962
-49.107752
-49.10854
-49.109323
-49.110096
-49.110848
-49.111571
-49.112261
-49.112925
-49.113578
-49.114247
-49.114967
-49.115783
-49.11675
-49.117932
-49.119399
-49.121226
-49.123477
-49.126196
-49.129382
-49.132974
-49.136824
-49.140683
-49.144207
-49.14698
-49.148594
-49.148867
-49.147598
-49.144913
-49.141219
-49.137141
-49.133315
-49.130198
-49.127926
-49.12637
-49.125428
-49.125193
-49.125818
-49.127247
-49.129162
-49.131362
-49.13364
-49.135873
-49.137997
-49.139984
-49.141829
-49.14354
-49.14513
-49.146612
-49.147996
-49.14929
-49.150503
-49.151641
-49.152713
-49.153731
-49.154704
-49.155643
-49.156552
-49.157435
-49.158291
-49.159121
-49.159922
-49.160693
-49.161429
-49.162129
-49.162792
-49.163428
-49.164052
-49.16468
-49.165328
-49.166006
-49.166715
-49.167444
-49.168167
-49.16884
-49.169403
-49.169782
-49.169902
-49.169683
-49.169055
-49.167972
-49.166441
-49.164421
-49.161999
-49.159292
-49.156362
-49.153257
-49.14993
-49.146492
-49.143082
-49.139813
-49.136826
-49.134261
-49.132236
-49.130851
-49.130211
-49.130453
-49.131759
-49.13436
-49.138532
-49.144585
-49.152844
-49.163631
-49.177241
-49.193936
-49.213942
-49.237454
-49.26466
-49.295754
-49.330927
-49.370347
-49.414113
-49.462193
-49.514341
-49.569966
-49.62789
-49.68624
-49.742424
-49.793422
-49.835963
-49.866903
-49.884034
-49.886672
-49.875619
-49.851578
-49.823831
-49.790464
-49.757241
-49.72661
-49.699895
-49.677731
-49.660266
-49.647229
-49.638041
-49.631949
-49.628081
-49.625497
-49.623332
-49.620867
-49.617607
-49.613293
-49.607852
-49.601304
-49.593716
-49.585221
-49.576
-49.566447
-49.557533
-49.550477
-49.544914
-49.535846
-49.512295
-49.461866
-49.381056
-49.283168
-49.188038
-49.105368
-49.038868
-48.988346
-48.95154
-48.925915
-48.908747
-48.897822
-48.891363
-48.888039
-48.886863
-48.887114
-48.888283
-48.890011
-48.892049
-48.894227
-48.896429
-48.898579
-48.900631
-48.902557
-48.904343
-48.905983
-48.90748
-48.908837
-48.910061
-48.911162
-48.912149
-48.913031
-48.913819
-48.91452
-48.915143
-48.915696
-48.916186
-48.916619
-48.917002
-48.91734
-48.917638
-48.917899
-48.918128
-48.918328
-48.918502
-48.918653
-48.918783
-48.918894
-48.918987
-48.919065
-48.919127
-48.919176
-48.919212
-48.919235
-48.919246
-49.083757
-49.083987
-49.084449
-49.085
-49.085542
-49.08607
-49.086577
-49.087054
-49.087485
-49.087845
-49.088124
-49.088275
-49.088322
-49.088283
-49.088192
-49.088083
-49.087992
-49.087945
-49.087958
-49.088044
-49.088211
-49.088472
-49.088846
-49.089355
-49.090022
-49.090868
-49.091904
-49.093128
-49.094519
-49.096027
-49.09757
-49.099044
-49.100339
-49.101364
-49.102077
-49.102512
-49.102768
-49.102959
-49.103164
-49.103403
-49.10366
-49.103901
-49.104128
-49.104341
-49.104568
-49.104822
-49.105123
-49.105476
-49.105881
-49.106324
-49.106792
-49.107269
-49.107745
-49.108211
-49.10866
-49.109087
-49.109488
-49.10986
-49.110208
-49.110545
-49.110894
-49.111289
-49.11177
-49.11239
-49.113196
-49.114196
-49.115353
-49.116577
-49.117755
-49.118794
-49.119652
-49.120332
-49.120876
-49.121337
-49.121769
-49.122203
-49.122662
-49.123161
-49.123701
-49.124274
-49.124875
-49.125499
-49.126144
-49.126807
-49.127488
-49.128189
-49.12891
-49.12965
-49.130408
-49.131179
-49.13196
-49.132746
-49.133535
-49.134326
-49.135118
-49.135909
-49.1367
-49.137487
-49.138267
-49.139035
-49.139789
-49.140529
-49.141263
-49.142006
-49.142778
-49.143611
-49.144539
-49.145606
-49.146858
-49.148346
-49.150114
-49.152198
-49.154612
-49.157332
-49.160289
-49.163354
-49.166332
-49.168972
-49.170996
-49.172113
-49.17243
-49.171586
-49.169762
-49.167257
-49.164463
-49.161769
-49.159466
-49.157688
-49.156451
-49.15576
-49.155663
-49.156193
-49.157291
-49.158805
-49.160572
-49.162462
-49.164377
-49.166252
-49.168053
-49.169762
-49.171375
-49.172896
-49.174328
-49.175677
-49.17695
-49.178153
-49.17929
-49.18037
-49.1814
-49.182387
-49.183339
-49.18426
-49.185152
-49.186016
-49.186853
-49.187662
-49.188442
-49.189191
-49.18991
-49.1906
-49.191268
-49.191922
-49.192572
-49.193228
-49.193892
-49.194561
-49.195224
-49.195857
-49.196424
-49.196879
-49.197167
-49.197232
-49.197018
-49.196478
-49.195582
-49.194323
-49.192708
-49.190789
-49.188636
-49.186306
-49.183842
-49.181278
-49.178695
-49.176195
-49.173884
-49.171882
-49.170308
-49.169278
-49.168902
-49.1693
-49.170615
-49.173016
-49.176707
-49.18192
-49.18891
-49.197938
-49.209263
-49.223123
-49.239732
-49.259272
-49.281902
-49.307755
-49.336947
-49.369565
-49.405643
-49.44513
-49.487843
-49.53341
-49.581176
-49.630082
-49.678638
-49.724944
-49.766825
-49.801996
-49.828377
-49.844496
-49.849766
-49.844453
-49.829776
-49.809115
-49.786572
-49.76257
-49.739131
-49.717673
-49.699003
-49.683454
-49.670984
-49.661273
-49.653817
-49.648003
-49.643172
-49.638694
-49.634036
-49.62881
-49.622783
-49.615834
-49.607915
-49.599035
-49.58926
-49.578697
-49.567532
-49.556036
-49.544118
-49.530277
-49.510559
-49.479002
-49.430621
-49.365657
-49.29122
-49.217259
-49.150334
-49.093656
-49.047944
-49.012466
-48.985873
-48.966541
-48.952897
-48.943494
-48.937304
-48.933479
-48.931335
-48.930381
-48.930248
-48.930668
-48.931447
-48.932438
-48.933542
-48.934691
-48.935837
-48.936949
-48.938006
-48.938997
-48.939915
-48.940758
-48.941528
-48.942227
-48.942858
-48.943426
-48.943936
-48.944392
-48.944799
-48.945161
-48.945483
-48.945768
-48.946021
-48.946244
-48.94644
-48.946612
-48.946763
-48.946894
-48.947008
-48.947107
-48.947191
-48.947262
-48.94732
-48.947368
-48.947405
-48.947432
-48.947449
-48.947458
-49.112112
-49.112358
-49.112778
-49.113276
-49.113805
-49.114372
-49.114966
-49.115562
-49.116126
-49.116618
-49.117023
-49.117204
-49.117251
-49.117171
-49.117009
-49.116822
-49.116662
-49.116564
-49.116549
-49.116625
-49.116799
-49.117075
-49.117463
-49.117973
-49.118618
-49.119406
-49.120339
-49.121411
-49.1226
-49.123867
-49.125152
-49.126387
-49.127501
-49.128439
-49.129173
-49.129718
-49.130125
-49.130457
-49.130768
-49.131083
-49.131399
-49.131704
-49.131996
-49.13228
-49.13257
-49.132877
-49.133215
-49.133587
-49.133993
-49.134427
-49.134881
-49.135346
-49.135812
-49.136274
-49.136726
-49.137164
-49.137587
-49.137995
-49.138395
-49.138799
-49.139223
-49.139689
-49.140228
-49.140872
-49.141648
-49.142553
-49.143558
-49.144603
-49.145619
-49.146548
-49.147363
-49.148062
-49.148667
-49.149208
-49.149718
-49.150226
-49.150744
-49.151284
-49.151847
-49.152435
-49.153045
-49.153675
-49.154325
-49.154992
-49.155677
-49.15638
-49.1571
-49.157836
-49.158588
-49.159352
-49.160126
-49.160907
-49.161693
-49.162483
-49.163276
-49.16407
-49.164865
-49.165659
-49.16645
-49.167237
-49.16802
-49.168802
-49.169591
-49.170399
-49.171246
-49.172155
-49.173154
-49.174275
-49.175552
-49.177018
-49.1787
-49.180614
-49.182757
-49.185096
-49.187565
-49.190056
-49.192424
-49.194494
-49.1961
-49.197138
-49.197299
-49.196747
-49.195535
-49.193846
-49.191929
-49.190034
-49.188361
-49.187033
-49.18611
-49.18563
-49.185623
-49.186092
-49.186989
-49.18822
-49.18968
-49.191276
-49.192932
-49.194593
-49.196222
-49.197797
-49.199309
-49.200752
-49.202126
-49.203433
-49.204677
-49.20586
-49.206987
-49.208063
-49.209094
-49.210085
-49.211041
-49.211966
-49.212861
-49.213729
-49.214569
-49.215382
-49.216168
-49.216927
-49.217658
-49.218365
-49.219051
-49.219723
-49.220385
-49.221043
-49.221695
-49.222336
-49.222954
-49.22353
-49.224034
-49.224431
-49.224682
-49.224746
-49.224584
-49.224165
-49.223472
-49.222502
-49.221269
-49.219809
-49.218171
-49.216405
-49.21456
-49.212688
-49.210861
-49.209167
-49.207701
-49.206569
-49.205878
-49.205738
-49.206262
-49.207572
-49.209804
-49.213116
-49.217686
-49.223711
-49.231401
-49.240971
-49.252628
-49.266565
-49.282951
-49.301932
-49.323623
-49.348115
-49.375463
-49.405681
-49.438721
-49.474444
-49.512588
-49.552724
-49.594197
-49.636077
-49.677151
-49.715959
-49.750893
-49.780346
-49.802926
-49.817674
-49.824223
-49.822823
-49.814443
-49.800934
-49.784664
-49.7671
-49.74938
-49.732506
-49.717159
-49.703697
-49.6922
-49.682527
-49.674378
-49.667349
-49.660997
-49.654883
-49.648614
-49.641881
-49.634468
-49.626232
-49.617084
-49.606975
-49.595884
-49.583809
-49.570738
-49.556524
-49.540589
-49.521461
-49.496561
-49.462829
-49.4184
-49.364344
-49.304851
-49.245312
-49.189929
-49.141228
-49.100199
-49.066803
-49.040388
-49.019996
-49.004578
-48.99311
-48.98474
-48.978829
-48.974687
-48.971901
-48.970119
-48.969073
-48.968566
-48.96842
-48.968527
-48.968805
-48.96919
-48.969639
-48.970118
-48.970604
-48.971081
-48.97154
-48.971974
-48.972379
-48.972753
-48.973096
-48.973409
-48.973692
-48.973948
-48.974178
-48.974384
-48.974568
-48.974732
-48.974877
-48.975005
-48.975118
-48.975218
-48.975304
-48.97538
-48.975445
-48.975501
-48.975548
-48.975587
-48.975619
-48.975644
-48.975662
-48.975673
-48.975679
-49.140554
-49.140787
-49.14117
-49.141621
-49.142143
-49.142754
-49.143444
-49.14418
-49.14491
-49.145554
-49.146012
-49.146335
-49.146384
-49.146218
-49.145924
-49.145598
-49.145321
-49.145139
-49.145071
-49.145123
-49.14529
-49.145569
-49.145959
-49.146461
-49.147079
-49.147813
-49.148661
-49.149614
-49.150652
-49.151745
-49.15285
-49.153919
-49.154903
-49.155765
-49.156492
-49.15709
-49.157589
-49.158022
-49.15842
-49.1588
-49.159165
-49.159516
-49.159855
-49.160188
-49.160526
-49.160876
-49.161247
-49.161643
-49.162062
-49.162501
-49.162954
-49.163416
-49.163882
-49.164346
-49.164805
-49.165258
-49.165703
-49.166143
-49.166583
-49.167034
-49.167508
-49.168022
-49.168594
-49.169247
-49.169991
-49.170823
-49.171722
-49.172648
-49.173557
-49.174414
-49.175197
-49.175904
-49.176546
-49.177138
-49.177702
-49.178256
-49.178813
-49.179383
-49.179968
-49.180572
-49.181193
-49.181832
-49.182487
-49.183159
-49.183848
-49.184552
-49.185272
-49.186007
-49.186756
-49.187516
-49.188286
-49.189064
-49.189848
-49.190638
-49.191432
-49.19223
-49.19303
-49.193833
-49.194636
-49.195442
-49.196251
-49.197067
-49.197899
-49.198757
-49.199656
-49.200615
-49.201655
-49.2028
-49.204073
-49.205495
-49.207081
-49.208834
-49.210742
-49.21277
-49.21486
-49.216925
-49.218858
-49.220536
-49.221843
-49.222689
-49.222934
-49.222643
-49.221879
-49.22077
-49.219479
-49.218174
-49.217
-49.216059
-49.215418
-49.215122
-49.215194
-49.21563
-49.216398
-49.217436
-49.218676
-49.22005
-49.2215
-49.222981
-49.224459
-49.225911
-49.227324
-49.22869
-49.230004
-49.231266
-49.232476
-49.233636
-49.234748
-49.235816
-49.236844
-49.237835
-49.238793
-49.23972
-49.240619
-49.24149
-49.242335
-49.243154
-49.243947
-49.244714
-49.245457
-49.246178
-49.246878
-49.247563
-49.248234
-49.248892
-49.249536
-49.250159
-49.250751
-49.251296
-49.25177
-49.252147
-49.252399
-49.252497
-49.252414
-49.252133
-49.251643
-49.250947
-49.25006
-49.249012
-49.247842
-49.246596
-49.245323
-49.244079
-49.242931
-49.241958
-49.241246
-49.24089
-49.240989
-49.241646
-49.24297
-49.245077
-49.248097
-49.252171
-49.257456
-49.264118
-49.272333
-49.282275
-49.294113
-49.307998
-49.324066
-49.342426
-49.363159
-49.386318
-49.411913
-49.439911
-49.47021
-49.502627
-49.536868
-49.572497
-49.608908
-49.645297
-49.680678
-49.713911
-49.743787
-49.769141
-49.788992
-49.802688
-49.810001
-49.811173
-49.806945
-49.798467
-49.787119
-49.774185
-49.760604
-49.747154
-49.734398
-49.722676
-49.712121
-49.702695
-49.694229
-49.686465
-49.679097
-49.671814
-49.664325
-49.656383
-49.647792
-49.638406
-49.628115
-49.616831
-49.604478
-49.590961
-49.576135
-49.559694
-49.540994
-49.518914
-49.491922
-49.458552
-49.418251
-49.37208
-49.322629
-49.273089
-49.226203
-49.183847
-49.14699
-49.115873
-49.090237
-49.069549
-49.053129
-49.040267
-49.030314
-49.022715
-49.016956
-49.012634
-49.009426
-49.00707
-49.005428
-49.004228
-49.003404
-49.002859
-49.002518
-49.002328
-49.002244
-49.002236
-49.00228
-49.002358
-49.002457
-49.002568
-49.002684
-49.0028
-49.002914
-49.003023
-49.003125
-49.003221
-49.003309
-49.003389
-49.003462
-49.003528
-49.003587
-49.003639
-49.003685
-49.003726
-49.003762
-49.003793
-49.00382
-49.003843
-49.003862
-49.003877
-49.003889
-49.003898
-49.003903
-49.003906
-49.169061
-49.169229
-49.169581
-49.170002
-49.170535
-49.171215
-49.172034
-49.172966
-49.173942
-49.174846
-49.175532
-49.175911
-49.175903
-49.175562
-49.17502
-49.174448
-49.173971
-49.173653
-49.173507
-49.173521
-49.173676
-49.173954
-49.174344
-49.174837
-49.175431
-49.17612
-49.176899
-49.177758
-49.178681
-49.179645
-49.180618
-49.181567
-49.182459
-49.183269
-49.183985
-49.18461
-49.185158
-49.185652
-49.186109
-49.186541
-49.186953
-49.187349
-49.187734
-49.188112
-49.188491
-49.188877
-49.189275
-49.189689
-49.190119
-49.190564
-49.19102
-49.191484
-49.191953
-49.192422
-49.192891
-49.193358
-49.193823
-49.194289
-49.194761
-49.195246
-49.195755
-49.196298
-49.196889
-49.197541
-49.198259
-49.199038
-49.199863
-49.200707
-49.201543
-49.202345
-49.203102
-49.203807
-49.204467
-49.205092
-49.205694
-49.206284
-49.206873
-49.207468
-49.208074
-49.208692
-49.209325
-49.209973
-49.210635
-49.211313
-49.212005
-49.212711
-49.213432
-49.214166
-49.214913
-49.215671
-49.216439
-49.217216
-49.218
-49.21879
-49.219587
-49.220388
-49.221195
-49.222006
-49.222822
-49.223644
-49.224474
-49.225318
-49.226182
-49.227074
-49.228008
-49.228997
-49.230058
-49.231206
-49.232458
-49.233826
-49.235315
-49.236921
-49.23863
-49.240408
-49.242205
-49.243953
-49.245573
-49.246976
-49.248084
-49.248828
-49.249143
-49.249058
-49.248627
-49.247938
-49.247104
-49.246243
-49.245459
-49.244837
-49.244438
-49.2443
-49.244446
-49.244874
-49.245562
-49.246471
-49.247553
-49.24876
-49.250049
-49.251381
-49.25273
-49.254072
-49.255394
-49.256685
-49.25794
-49.259155
-49.260329
-49.261462
-49.262556
-49.263611
-49.264631
-49.265618
-49.266575
-49.267502
-49.268402
-49.269276
-49.270124
-49.270947
-49.271747
-49.272522
-49.273275
-49.274007
-49.274719
-49.275414
-49.276092
-49.276753
-49.277395
-49.278011
-49.278593
-49.279127
-49.279596
-49.279982
-49.280263
-49.280421
-49.280438
-49.280304
-49.280015
-49.279578
-49.27901
-49.278336
-49.277593
-49.276822
-49.27607
-49.275393
-49.274855
-49.274525
-49.274485
-49.27482
-49.275621
-49.276984
-49.279013
-49.281815
-49.285509
-49.290221
-49.296087
-49.303249
-49.311853
-49.322042
-49.333949
-49.347696
-49.363386
-49.381097
-49.400882
-49.42276
-49.446713
-49.472672
-49.500507
-49.530013
-49.56089
-49.592727
-49.624981
-49.65697
-49.687893
-49.716854
-49.742933
-49.765263
-49.783131
-49.796064
-49.803906
-49.806848
-49.805421
-49.800422
-49.79277
-49.783297
-49.77284
-49.762024
-49.751322
-49.741043
-49.731344
-49.722248
-49.713671
-49.705452
-49.697383
-49.689242
-49.680808
-49.671886
-49.662306
-49.651929
-49.640636
-49.62832
-49.614872
-49.600151
-49.583953
-49.565947
-49.545595
-49.522137
-49.494717
-49.462694
-49.426058
-49.3857
-49.343312
-49.300921
-49.26037
-49.223031
-49.189734
-49.160813
-49.136231
-49.115705
-49.09881
-49.08506
-49.073975
-49.065107
-49.058051
-49.05246
-49.048046
-49.044574
-49.041862
-49.039729
-49.038058
-49.036752
-49.035733
-49.034937
-49.034317
-49.033834
-49.033457
-49.033164
-49.032935
-49.032757
-49.032619
-49.032511
-49.032427
-49.032362
-49.032312
-49.032272
-49.032242
-49.032218
-49.0322
-49.032186
-49.032174
-49.032165
-49.032158
-49.032153
-49.032149
-49.032145
-49.032143
-49.032141
-49.032139
-49.032138
-49.032137
-49.032137
-49.032136
-49.032136
-49.197541
-49.197633
-49.197984
-49.198398
-49.198972
-49.199759
-49.200774
-49.202001
-49.203364
-49.204684
-49.205707
-49.206218
-49.206107
-49.205437
-49.20444
-49.203428
-49.202619
-49.20209
-49.201834
-49.201803
-49.201948
-49.202232
-49.202627
-49.203118
-49.203693
-49.204347
-49.205072
-49.205859
-49.206694
-49.207561
-49.208437
-49.209297
-49.210119
-49.210886
-49.211588
-49.212226
-49.212805
-49.213338
-49.213836
-49.214308
-49.214759
-49.215193
-49.215614
-49.216028
-49.216441
-49.216857
-49.217281
-49.217715
-49.218159
-49.218614
-49.219077
-49.219547
-49.220022
-49.220499
-49.220978
-49.221458
-49.221941
-49.222428
-49.222924
-49.223435
-49.223968
-49.224531
-49.225133
-49.22578
-49.226476
-49.227217
-49.227989
-49.228777
-49.229561
-49.230325
-49.23106
-49.231761
-49.23243
-49.233073
-49.233698
-49.234314
-49.234927
-49.235543
-49.236166
-49.236798
-49.237442
-49.238099
-49.238769
-49.239452
-49.240148
-49.240857
-49.241579
-49.242314
-49.24306
-49.243818
-49.244585
-49.245361
-49.246146
-49.246938
-49.247737
-49.248543
-49.249355
-49.250174
-49.251001
-49.251837
-49.252686
-49.25355
-49.254437
-49.255353
-49.256308
-49.257313
-49.25838
-49.259519
-49.260739
-49.262048
-49.263446
-49.264925
-49.266467
-49.268045
-49.269616
-49.271129
-49.272522
-49.273734
-49.274709
-49.275402
-49.275777
-49.275853
-49.27567
-49.275292
-49.274799
-49.274273
-49.273795
-49.273431
-49.27323
-49.273229
-49.273445
-49.27388
-49.274522
-49.275344
-49.276314
-49.277397
-49.278559
-49.279773
-49.281013
-49.28226
-49.2835
-49.284723
-49.285921
-49.287091
-49.288229
-49.289334
-49.290407
-49.291447
-49.292457
-49.293437
-49.294389
-49.295315
-49.296215
-49.29709
-49.297941
-49.298768
-49.299573
-49.300356
-49.301117
-49.301858
-49.30258
-49.303283
-49.303969
-49.304635
-49.30528
-49.305898
-49.306482
-49.307022
-49.307505
-49.307918
-49.308247
-49.30848
-49.308607
-49.308623
-49.308529
-49.308336
-49.308061
-49.307728
-49.307372
-49.30703
-49.30675
-49.306583
-49.306588
-49.306832
-49.307387
-49.308333
-49.309754
-49.311738
-49.314381
-49.317782
-49.322048
-49.32729
-49.333626
-49.341178
-49.350066
-49.360405
-49.372303
-49.385854
-49.401135
-49.418198
-49.437072
-49.457752
-49.480195
-49.504311
-49.529955
-49.556917
-49.584905
-49.613542
-49.64235
-49.670756
-49.698104
-49.723688
-49.746797
-49.766776
-49.78309
-49.795391
-49.803558
-49.807723
-49.808254
-49.8057
-49.800698
-49.793884
-49.785858
-49.777133
-49.768106
-49.759055
-49.750142
-49.741422
-49.732868
-49.724384
-49.715835
-49.707061
-49.697898
-49.688192
-49.677799
-49.666593
-49.654457
-49.641279
-49.626935
-49.611272
-49.594086
-49.575087
-49.55388
-49.529992
-49.502981
-49.472621
-49.439113
-49.403179
-49.365978
-49.328867
-49.293124
-49.259757
-49.229442
-49.202524
-49.179074
-49.158964
-49.141936
-49.127664
-49.115798
-49.10599
-49.097919
-49.091297
-49.085873
-49.081437
-49.077811
-49.074841
-49.072405
-49.070404
-49.068757
-49.067398
-49.066274
-49.065341
-49.064564
-49.063915
-49.063371
-49.062914
-49.062528
-49.062202
-49.061925
-49.061689
-49.061488
-49.061317
-49.061169
-49.061043
-49.060934
-49.06084
-49.060759
-49.06069
-49.06063
-49.060578
-49.060534
-49.060497
-49.060465
-49.060439
-49.060417
-49.060399
-49.060386
-49.060375
-49.060369
-49.060366
-49.225907
-49.226021
-49.226343
-49.226783
-49.227436
-49.228394
-49.229706
-49.231391
-49.233366
-49.235375
-49.236972
-49.237708
-49.237419
-49.236163
-49.234355
-49.232586
-49.231255
-49.230419
-49.230019
-49.229947
-49.230099
-49.230405
-49.23082
-49.231318
-49.231885
-49.232514
-49.233197
-49.233928
-49.234697
-49.23549
-49.236293
-49.237087
-49.237856
-49.238589
-49.239276
-49.239917
-49.240514
-49.241073
-49.241601
-49.242104
-49.242587
-49.243052
-49.243505
-49.24395
-49.244392
-49.244834
-49.245279
-49.245731
-49.24619
-49.246656
-49.247128
-49.247606
-49.248088
-49.248575
-49.249064
-49.249557
-49.250054
-49.250559
-49.251073
-49.251603
-49.252152
-49.252727
-49.253334
-49.253977
-49.254655
-49.255367
-49.256102
-49.256849
-49.257596
-49.258332
-49.259049
-49.259745
-49.260418
-49.261073
-49.261714
-49.262348
-49.262979
-49.263611
-49.264249
-49.264894
-49.265549
-49.266214
-49.26689
-49.267578
-49.268279
-49.268991
-49.269715
-49.270451
-49.271198
-49.271955
-49.272723
-49.2735
-49.274285
-49.275079
-49.275881
-49.276691
-49.277509
-49.278336
-49.279172
-49.28002
-49.280882
-49.281762
-49.282664
-49.283595
-49.284562
-49.285573
-49.286635
-49.287756
-49.288942
-49.290193
-49.291507
-49.292876
-49.294283
-49.295701
-49.297099
-49.298435
-49.299665
-49.300743
-49.301631
-49.302299
-49.302727
-49.302929
-49.302934
-49.302789
-49.302552
-49.302284
-49.302044
-49.301885
-49.301848
-49.301961
-49.302243
-49.302696
-49.303313
-49.304078
-49.304969
-49.305959
-49.307024
-49.308142
-49.309293
-49.310459
-49.311628
-49.312789
-49.313936
-49.315062
-49.316165
-49.317243
-49.318294
-49.319318
-49.320315
-49.321287
-49.322234
-49.323156
-49.324055
-49.32493
-49.325783
-49.326614
-49.327423
-49.328212
-49.328981
-49.32973
-49.33046
-49.331172
-49.331866
-49.332541
-49.333193
-49.33382
-49.334416
-49.334972
-49.335482
-49.335935
-49.336324
-49.336641
-49.336881
-49.337046
-49.337139
-49.337173
-49.337167
-49.337144
-49.337136
-49.337182
-49.337323
-49.33761
-49.338098
-49.338849
-49.33993
-49.341414
-49.343377
-49.345903
-49.349076
-49.352989
-49.357736
-49.363416
-49.37013
-49.37798
-49.387066
-49.397484
-49.409316
-49.422635
-49.437494
-49.453928
-49.471944
-49.491519
-49.512593
-49.535065
-49.558783
-49.58354
-49.609063
-49.635009
-49.660964
-49.686442
-49.710907
-49.733793
-49.754543
-49.772651
-49.787709
-49.799448
-49.80777
-49.812758
-49.814661
-49.813858
-49.810803
-49.805973
-49.799824
-49.792755
-49.785094
-49.777081
-49.768873
-49.760541
-49.752091
-49.743475
-49.734605
-49.725372
-49.715654
-49.705331
-49.694285
-49.682403
-49.669578
-49.655703
-49.640659
-49.624302
-49.606456
-49.586897
-49.565363
-49.541584
-49.515361
-49.486678
-49.455799
-49.423306
-49.390029
-49.356917
-49.32488
-49.294673
-49.266835
-49.241685
-49.219343
-49.199771
-49.182824
-49.168283
-49.155899
-49.145408
-49.136557
-49.129109
-49.122852
-49.1176
-49.113192
-49.109487
-49.106371
-49.103744
-49.101527
-49.099651
-49.09806
-49.096708
-49.095555
-49.094571
-49.093728
-49.093005
-49.092383
-49.091847
-49.091384
-49.090984
-49.090638
-49.090337
-49.090076
-49.08985
-49.089653
-49.089482
-49.089334
-49.089205
-49.089093
-49.088997
-49.088914
-49.088843
-49.088783
-49.088732
-49.08869
-49.088656
-49.08863
-49.088611
-49.088598
-49.088592
-49.254145
-49.254306
-49.254618
-49.25512
-49.2559
-49.257105
-49.25885
-49.261205
-49.264094
-49.267158
-49.269666
-49.270788
-49.270261
-49.268096
-49.264953
-49.261916
-49.259774
-49.258548
-49.257999
-49.257922
-49.258121
-49.258483
-49.258939
-49.259459
-49.260027
-49.260638
-49.261289
-49.261975
-49.262691
-49.263428
-49.264175
-49.264918
-49.265647
-49.266352
-49.267025
-49.267665
-49.268272
-49.268849
-49.269398
-49.269925
-49.270433
-49.270925
-49.271405
-49.271876
-49.272342
-49.272806
-49.273272
-49.27374
-49.274213
-49.27469
-49.275173
-49.27566
-49.276151
-49.276646
-49.277146
-49.27765
-49.278161
-49.278679
-49.279208
-49.279751
-49.280312
-49.280896
-49.281505
-49.282141
-49.282806
-49.283496
-49.284204
-49.284923
-49.285643
-49.286358
-49.287061
-49.28775
-49.288425
-49.289087
-49.289739
-49.290386
-49.29103
-49.291676
-49.292325
-49.292981
-49.293645
-49.294318
-49.295001
-49.295694
-49.296399
-49.297114
-49.297841
-49.298578
-49.299326
-49.300085
-49.300853
-49.301631
-49.302418
-49.303214
-49.304019
-49.304833
-49.305656
-49.306489
-49.307333
-49.30819
-49.309062
-49.309952
-49.310865
-49.311804
-49.312776
-49.313785
-49.314838
-49.315937
-49.317085
-49.318283
-49.319524
-49.3208
-49.322095
-49.323388
-49.324652
-49.325856
-49.326967
-49.327951
-49.328782
-49.32944
-49.329914
-49.330214
-49.330363
-49.330395
-49.330353
-49.330284
-49.330231
-49.330236
-49.330331
-49.330541
-49.330882
-49.331357
-49.331965
-49.332693
-49.333528
-49.334449
-49.335441
-49.336483
-49.337561
-49.338659
-49.339766
-49.340874
-49.341974
-49.34306
-49.344131
-49.345181
-49.346211
-49.347218
-49.348203
-49.349165
-49.350105
-49.351024
-49.35192
-49.352795
-49.353649
-49.354483
-49.355296
-49.35609
-49.356865
-49.357621
-49.35836
-49.359081
-49.359784
-49.360469
-49.361133
-49.361774
-49.362387
-49.362969
-49.363514
-49.364015
-49.36447
-49.364875
-49.365229
-49.365536
-49.365805
-49.366049
-49.366287
-49.366543
-49.366849
-49.36724
-49.367757
-49.368447
-49.369362
-49.370559
-49.3721
-49.374053
-49.376489
-49.379482
-49.383111
-49.387458
-49.392607
-49.398644
-49.405658
-49.413734
-49.422954
-49.433396
-49.445124
-49.458192
-49.472636
-49.488473
-49.505694
-49.524265
-49.544114
-49.565134
-49.587172
-49.610031
-49.633459
-49.65715
-49.680741
-49.703822
-49.725949
-49.746663
-49.765522
-49.782125
-49.796153
-49.80739
-49.81575
-49.821277
-49.824138
-49.824598
-49.822982
-49.819644
-49.814939
-49.809173
-49.802613
-49.795464
-49.787869
-49.779907
-49.771604
-49.762942
-49.753868
-49.744309
-49.734175
-49.723373
-49.711811
-49.699392
-49.686022
-49.671605
-49.656038
-49.6392
-49.620955
-49.601147
-49.579614
-49.556224
-49.530921
-49.503789
-49.4751
-49.445322
-49.415075
-49.385045
-49.355903
-49.32822
-49.302429
-49.278809
-49.257496
-49.238505
-49.22176
-49.207121
-49.194411
-49.183434
-49.173991
-49.16589
-49.158954
-49.153022
-49.14795
-49.143611
-49.139898
-49.136717
-49.133988
-49.131644
-49.129628
-49.12789
-49.126391
-49.125095
-49.123973
-49.123001
-49.122156
-49.121422
-49.120783
-49.120227
-49.119742
-49.119319
-49.11895
-49.118628
-49.118347
-49.118102
-49.117888
-49.117703
-49.117541
-49.117402
-49.117281
-49.117178
-49.11709
-49.117016
-49.116955
-49.116906
-49.116867
-49.116839
-49.116821
-49.116812
-49.282246
-49.28243
-49.28279
-49.28337
-49.284312
-49.285828
-49.288131
-49.29136
-49.295453
-49.299921
-49.303689
-49.305497
-49.304689
-49.301365
-49.296342
-49.291369
-49.28795
-49.286283
-49.285676
-49.285688
-49.286015
-49.286482
-49.287009
-49.287564
-49.288139
-49.288737
-49.28936
-49.290008
-49.290681
-49.291373
-49.292075
-49.292779
-49.293476
-49.294159
-49.29482
-49.295458
-49.29607
-49.296659
-49.297225
-49.297771
-49.298299
-49.298813
-49.299315
-49.299808
-49.300294
-49.300778
-49.301261
-49.301745
-49.302231
-49.30272
-49.303213
-49.30371
-49.30421
-49.304714
-49.305224
-49.305738
-49.306259
-49.306789
-49.307329
-49.307883
-49.308452
-49.30904
-49.30965
-49.310282
-49.310935
-49.311609
-49.312297
-49.312995
-49.313695
-49.314394
-49.315086
-49.31577
-49.316444
-49.31711
-49.31777
-49.318426
-49.319081
-49.319737
-49.320396
-49.321061
-49.321733
-49.322413
-49.323101
-49.3238
-49.324509
-49.325228
-49.325957
-49.326696
-49.327446
-49.328205
-49.328975
-49.329754
-49.330543
-49.331341
-49.332149
-49.332966
-49.333794
-49.334632
-49.335482
-49.336346
-49.337225
-49.338122
-49.339041
-49.339984
-49.340956
-49.341959
-49.342998
-49.344074
-49.345187
-49.346335
-49.347513
-49.348711
-49.349916
-49.35111
-49.352271
-49.353376
-49.354399
-49.355317
-49.356111
-49.356767
-49.35728
-49.357657
-49.357917
-49.358085
-49.358194
-49.358278
-49.358372
-49.358507
-49.35871
-49.359002
-49.359395
-49.359895
-49.360501
-49.361206
-49.362002
-49.362874
-49.363809
-49.364792
-49.36581
-49.366853
-49.367908
-49.368969
-49.370027
-49.371079
-49.372119
-49.373144
-49.374153
-49.375144
-49.376116
-49.377069
-49.378002
-49.378915
-49.379809
-49.380683
-49.381537
-49.382373
-49.383189
-49.383988
-49.384768
-49.385532
-49.386278
-49.387008
-49.387722
-49.388418
-49.389096
-49.389755
-49.390391
-49.391003
-49.391587
-49.392141
-49.392663
-49.393155
-49.393619
-49.394062
-49.394493
-49.394928
-49.395387
-49.395894
-49.396479
-49.397177
-49.398025
-49.39907
-49.400359
-49.401945
-49.403887
-49.406247
-49.409089
-49.412483
-49.416499
-49.421211
-49.426693
-49.433022
-49.440271
-49.448514
-49.457819
-49.468247
-49.479848
-49.49266
-49.506706
-49.521988
-49.538487
-49.556158
-49.574924
-49.594674
-49.615262
-49.636501
-49.658159
-49.679963
-49.701598
-49.722714
-49.742939
-49.761897
-49.779228
-49.794611
-49.807785
-49.818573
-49.826892
-49.832761
-49.836289
-49.837658
-49.837107
-49.834898
-49.831298
-49.826552
-49.820873
-49.814434
-49.807362
-49.799736
-49.791594
-49.782938
-49.773741
-49.763953
-49.753512
-49.742346
-49.730382
-49.717548
-49.70376
-49.68894
-49.673003
-49.655858
-49.637407
-49.617554
-49.596214
-49.573342
-49.548963
-49.523208
-49.496333
-49.468719
-49.440844
-49.413224
-49.386363
-49.360706
-49.336599
-49.314283
-49.293895
-49.275476
-49.258996
-49.244368
-49.231469
-49.220153
-49.210268
-49.201657
-49.194174
-49.187681
-49.182051
-49.177171
-49.172942
-49.169276
-49.166095
-49.163334
-49.160936
-49.15885
-49.157035
-49.155454
-49.154076
-49.152873
-49.151823
-49.150905
-49.150103
-49.149401
-49.148786
-49.148248
-49.147778
-49.147366
-49.147006
-49.146691
-49.146416
-49.146176
-49.145968
-49.145787
-49.145631
-49.145497
-49.145383
-49.145288
-49.145208
-49.145144
-49.145094
-49.145058
-49.145034
-49.145022
-49.310212
-49.310414
-49.310826
-49.311474
-49.312582
-49.314416
-49.317306
-49.321464
-49.326831
-49.332762
-49.337832
-49.34023
-49.339394
-49.334965
-49.327956
-49.320715
-49.315706
-49.313545
-49.313062
-49.313272
-49.313817
-49.314446
-49.315068
-49.315664
-49.316245
-49.316826
-49.317419
-49.318033
-49.318668
-49.319321
-49.319988
-49.320661
-49.321333
-49.321998
-49.32265
-49.323284
-49.3239
-49.324497
-49.325076
-49.325637
-49.326182
-49.326714
-49.327235
-49.327746
-49.328251
-49.328752
-49.32925
-49.329748
-49.330247
-49.330747
-49.33125
-49.331755
-49.332265
-49.332778
-49.333296
-49.33382
-49.33435
-49.334889
-49.335438
-49.335999
-49.336575
-49.337166
-49.337775
-49.338402
-49.339047
-49.339708
-49.340382
-49.341064
-49.34175
-49.342437
-49.34312
-49.343799
-49.344472
-49.345141
-49.345806
-49.346468
-49.347131
-49.347795
-49.348463
-49.349135
-49.349814
-49.3505
-49.351194
-49.351897
-49.352609
-49.353332
-49.354063
-49.354805
-49.355556
-49.356317
-49.357088
-49.357869
-49.35866
-49.359461
-49.360271
-49.361091
-49.361922
-49.362765
-49.363619
-49.364488
-49.365372
-49.366274
-49.367195
-49.368138
-49.369107
-49.370102
-49.371125
-49.372178
-49.373258
-49.374363
-49.375487
-49.376621
-49.377753
-49.378869
-49.379952
-49.380982
-49.381941
-49.382812
-49.383581
-49.38424
-49.384785
-49.385224
-49.385569
-49.385843
-49.386067
-49.386271
-49.386479
-49.386718
-49.387009
-49.387368
-49.387806
-49.388331
-49.388941
-49.389634
-49.390403
-49.391239
-49.39213
-49.393067
-49.394039
-49.395035
-49.396047
-49.397068
-49.398091
-49.399111
-49.400124
-49.401126
-49.402116
-49.403092
-49.404051
-49.404994
-49.40592
-49.406829
-49.407719
-49.408591
-49.409446
-49.410282
-49.411102
-49.411904
-49.41269
-49.41346
-49.414214
-49.414953
-49.415677
-49.416387
-49.417081
-49.417759
-49.41842
-49.419063
-49.419689
-49.420296
-49.420886
-49.421462
-49.422029
-49.422596
-49.423176
-49.423783
-49.424439
-49.425169
-49.426
-49.426966
-49.428105
-49.429458
-49.431072
-49.432995
-49.435283
-49.437992
-49.441182
-49.444916
-49.449258
-49.454274
-49.46003
-49.466593
-49.474026
-49.482391
-49.491743
-49.502132
-49.513595
-49.526158
-49.539832
-49.55461
-49.570463
-49.587339
-49.605159
-49.623813
-49.64316
-49.663025
-49.683198
-49.703432
-49.723453
-49.742959
-49.761637
-49.779172
-49.795267
-49.809654
-49.822118
-49.832504
-49.840737
-49.846813
-49.8508
-49.852825
-49.85306
-49.851699
-49.848946
-49.844993
-49.840013
-49.834151
-49.827518
-49.820189
-49.812207
-49.803587
-49.794319
-49.784373
-49.773708
-49.762273
-49.750007
-49.736856
-49.722757
-49.707648
-49.691464
-49.674142
-49.655621
-49.635852
-49.614805
-49.592488
-49.568974
-49.544409
-49.519029
-49.49315
-49.467149
-49.441427
-49.416376
-49.392346
-49.369619
-49.348401
-49.328822
-49.310937
-49.294744
-49.280193
-49.267199
-49.255655
-49.245443
-49.236438
-49.228519
-49.221569
-49.215476
-49.210141
-49.205472
-49.201386
-49.197812
-49.194685
-49.191949
-49.189554
-49.187457
-49.18562
-49.18401
-49.182599
-49.181362
-49.180276
-49.179324
-49.178488
-49.177755
-49.177112
-49.176547
-49.176053
-49.175619
-49.17524
-49.174908
-49.174619
-49.174367
-49.174148
-49.173959
-49.173797
-49.173659
-49.173543
-49.173446
-49.173369
-49.173308
-49.173264
-49.173235
-49.173221
-49.338046
-49.338232
-49.338671
-49.339368
-49.340586
-49.342651
-49.345964
-49.350793
-49.357056
-49.363947
-49.36983
-49.372775
-49.371496
-49.366406
-49.358276
-49.349572
-49.343435
-49.340722
-49.340377
-49.340882
-49.341669
-49.342472
-49.343181
-49.343799
-49.344366
-49.344916
-49.345474
-49.34605
-49.346649
-49.34727
-49.347908
-49.348557
-49.34921
-49.349861
-49.350505
-49.351137
-49.351756
-49.35236
-49.352949
-49.353522
-49.354082
-49.354629
-49.355165
-49.355692
-49.356213
-49.356728
-49.35724
-49.357751
-49.358261
-49.358771
-49.359283
-49.359798
-49.360316
-49.360837
-49.361363
-49.361895
-49.362433
-49.36298
-49.363536
-49.364103
-49.364682
-49.365275
-49.365884
-49.366507
-49.367145
-49.367797
-49.36846
-49.36913
-49.369805
-49.370482
-49.371158
-49.371833
-49.372505
-49.373175
-49.373844
-49.374511
-49.37518
-49.375851
-49.376525
-49.377203
-49.377888
-49.378579
-49.379278
-49.379986
-49.380702
-49.381427
-49.382161
-49.382905
-49.383658
-49.384421
-49.385194
-49.385976
-49.386769
-49.387571
-49.388384
-49.389207
-49.390041
-49.390886
-49.391745
-49.392617
-49.393504
-49.394407
-49.395329
-49.396271
-49.397234
-49.398219
-49.399227
-49.400258
-49.401309
-49.402376
-49.403455
-49.404536
-49.405611
-49.406665
-49.407687
-49.408661
-49.409573
-49.41041
-49.411163
-49.411826
-49.412399
-49.412886
-49.413298
-49.413653
-49.413967
-49.414264
-49.414562
-49.414884
-49.415245
-49.415659
-49.416137
-49.416684
-49.417302
-49.417989
-49.41874
-49.419549
-49.420409
-49.42131
-49.422244
-49.423203
-49.42418
-49.425167
-49.42616
-49.427153
-49.428142
-49.429124
-49.430097
-49.431058
-49.432006
-49.43294
-49.433859
-49.434762
-49.435649
-49.436519
-49.437373
-49.438211
-49.439032
-49.439838
-49.440629
-49.441404
-49.442166
-49.442914
-49.443649
-49.444371
-49.445081
-49.44578
-49.446466
-49.447142
-49.447808
-49.448467
-49.449121
-49.449775
-49.450437
-49.451117
-49.451829
-49.452589
-49.453419
-49.454342
-49.455388
-49.456587
-49.457977
-49.459596
-49.461488
-49.4637
-49.466282
-49.469287
-49.472771
-49.47679
-49.481404
-49.486671
-49.49265
-49.499399
-49.506973
-49.515424
-49.524798
-49.535133
-49.546458
-49.558787
-49.572123
-49.586451
-49.601737
-49.617923
-49.634929
-49.652649
-49.670947
-49.68966
-49.708596
-49.727534
-49.746231
-49.764426
-49.781848
-49.798233
-49.813326
-49.826902
-49.838774
-49.848809
-49.856931
-49.863124
-49.867426
-49.869922
-49.870735
-49.870009
-49.867901
-49.864561
-49.860132
-49.854734
-49.848463
-49.841389
-49.833557
-49.824989
-49.815687
-49.805636
-49.794811
-49.783176
-49.770688
-49.757304
-49.74298
-49.72767
-49.711333
-49.693929
-49.675427
-49.655812
-49.635094
-49.613316
-49.590574
-49.567018
-49.542862
-49.518373
-49.493857
-49.469636
-49.446021
-49.423294
-49.40169
-49.381385
-49.362499
-49.345093
-49.329183
-49.314742
-49.301715
-49.290022
-49.279572
-49.270267
-49.262005
-49.254686
-49.248215
-49.242501
-49.237463
-49.233022
-49.229111
-49.225669
-49.22264
-49.219974
-49.21763
-49.215567
-49.213752
-49.212156
-49.210752
-49.209517
-49.208431
-49.207475
-49.206635
-49.205897
-49.205248
-49.204679
-49.204179
-49.203741
-49.203358
-49.203024
-49.202732
-49.202479
-49.202261
-49.202073
-49.201912
-49.201778
-49.201666
-49.201576
-49.201505
-49.201454
-49.20142
-49.201404
-49.365768
-49.365894
-49.366314
-49.367003
-49.368216
-49.370329
-49.373758
-49.378773
-49.38524
-49.392238
-49.398059
-49.4008
-49.399564
-49.394459
-49.386405
-49.377789
-49.371639
-49.368805
-49.368359
-49.368958
-49.369857
-49.370741
-49.371454
-49.372022
-49.372525
-49.373014
-49.373521
-49.374055
-49.37462
-49.375213
-49.375828
-49.376458
-49.377098
-49.37774
-49.378379
-49.379011
-49.379634
-49.380244
-49.380841
-49.381425
-49.381996
-49.382556
-49.383106
-49.383646
-49.38418
-49.384708
-49.385232
-49.385754
-49.386274
-49.386794
-49.387315
-49.387838
-49.388363
-49.388892
-49.389425
-49.389964
-49.390509
-49.391062
-49.391623
-49.392194
-49.392777
-49.393371
-49.393978
-49.394599
-49.395232
-49.395876
-49.39653
-49.397192
-49.397858
-49.398528
-49.399199
-49.39987
-49.400541
-49.401212
-49.401883
-49.402555
-49.403228
-49.403903
-49.404583
-49.405267
-49.405956
-49.406652
-49.407355
-49.408067
-49.408786
-49.409514
-49.410251
-49.410997
-49.411752
-49.412516
-49.41329
-49.414074
-49.414869
-49.415673
-49.416487
-49.417312
-49.418149
-49.418997
-49.419858
-49.420732
-49.421621
-49.422525
-49.423446
-49.424384
-49.425341
-49.426317
-49.427311
-49.428321
-49.429347
-49.430383
-49.431424
-49.432463
-49.433491
-49.434498
-49.435473
-49.436404
-49.437281
-49.438094
-49.438837
-49.439505
-49.440099
-49.440624
-49.441088
-49.441505
-49.441889
-49.442258
-49.442627
-49.443013
-49.443431
-49.443891
-49.444402
-49.44497
-49.445596
-49.446281
-49.447021
-49.447811
-49.448647
-49.44952
-49.450425
-49.451355
-49.452303
-49.453263
-49.45423
-49.4552
-49.456169
-49.457133
-49.458091
-49.459039
-49.459977
-49.460902
-49.461814
-49.462713
-49.463596
-49.464464
-49.465318
-49.466156
-49.466979
-49.467788
-49.468583
-49.469364
-49.470132
-49.470889
-49.471634
-49.472369
-49.473095
-49.473813
-49.474525
-49.475231
-49.475936
-49.476642
-49.477354
-49.478079
-49.478826
-49.479606
-49.480433
-49.481326
-49.482306
-49.483396
-49.484625
-49.486023
-49.487626
-49.48947
-49.491598
-49.494052
-49.496881
-49.500134
-49.503862
-49.508117
-49.512954
-49.518425
-49.524583
-49.531479
-49.539159
-49.54767
-49.557048
-49.567323
-49.578515
-49.590632
-49.60367
-49.617607
-49.632404
-49.648003
-49.664323
-49.681259
-49.698684
-49.716445
-49.734365
-49.752245
-49.769868
-49.787003
-49.803417
-49.818877
-49.833165
-49.846082
-49.857467
-49.8672
-49.875205
-49.881457
-49.885969
-49.8888
-49.890035
-49.889783
-49.888162
-49.885296
-49.881297
-49.876266
-49.870288
-49.863427
-49.855729
-49.847219
-49.837908
-49.827791
-49.816853
-49.805073
-49.792423
-49.778874
-49.764393
-49.748953
-49.73253
-49.715105
-49.696672
-49.677242
-49.65685
-49.635561
-49.613483
-49.590765
-49.5676
-49.544217
-49.520874
-49.497833
-49.475352
-49.453662
-49.432961
-49.413403
-49.395097
-49.378107
-49.362458
-49.34814
-49.335116
-49.323331
-49.312712
-49.30318
-49.294651
-49.287041
-49.280265
-49.274243
-49.268899
-49.264163
-49.25997
-49.256262
-49.252984
-49.250088
-49.247531
-49.245274
-49.243283
-49.241526
-49.239978
-49.238612
-49.237409
-49.236349
-49.235415
-49.234594
-49.233871
-49.233235
-49.232678
-49.232188
-49.23176
-49.231386
-49.23106
-49.230776
-49.230531
-49.23032
-49.230141
-49.22999
-49.229864
-49.229763
-49.229684
-49.229626
-49.229589
-49.22957
-49.393408
-49.393445
-49.393778
-49.394377
-49.395453
-49.397382
-49.400557
-49.405213
-49.411163
-49.417483
-49.422609
-49.424968
-49.423863
-49.41933
-49.412434
-49.405501
-49.400786
-49.398459
-49.397621
-49.397824
-49.398594
-49.399402
-49.399969
-49.400362
-49.400727
-49.401115
-49.401551
-49.402039
-49.402572
-49.403142
-49.403741
-49.40436
-49.404992
-49.405629
-49.406267
-49.406901
-49.407528
-49.408144
-49.408749
-49.409343
-49.409925
-49.410496
-49.411057
-49.411609
-49.412154
-49.412693
-49.413227
-49.413759
-49.414288
-49.414817
-49.415345
-49.415875
-49.416408
-49.416943
-49.417483
-49.418027
-49.418578
-49.419136
-49.419701
-49.420276
-49.42086
-49.421455
-49.422062
-49.422679
-49.423308
-49.423947
-49.424594
-49.425249
-49.425909
-49.426573
-49.42724
-49.427908
-49.428578
-49.42925
-49.429922
-49.430597
-49.431273
-49.431953
-49.432637
-49.433325
-49.434019
-49.434719
-49.435426
-49.43614
-49.436863
-49.437593
-49.438332
-49.43908
-49.439837
-49.440603
-49.441379
-49.442164
-49.44296
-49.443765
-49.444582
-49.445408
-49.446247
-49.447097
-49.447959
-49.448835
-49.449724
-49.450628
-49.451547
-49.452482
-49.453433
-49.454399
-49.45538
-49.456373
-49.457377
-49.458387
-49.459397
-49.460402
-49.461394
-49.462364
-49.463303
-49.464202
-49.465053
-49.465849
-49.466585
-49.467258
-49.467869
-49.468423
-49.468927
-49.469392
-49.46983
-49.470254
-49.470678
-49.471115
-49.471577
-49.472074
-49.472612
-49.473198
-49.473834
-49.474519
-49.475252
-49.47603
-49.476848
-49.477701
-49.478584
-49.47949
-49.480415
-49.481353
-49.4823
-49.483251
-49.484203
-49.485152
-49.486096
-49.487033
-49.487962
-49.48888
-49.489786
-49.490679
-49.49156
-49.492426
-49.493279
-49.494117
-49.494942
-49.495753
-49.496551
-49.497337
-49.498111
-49.498875
-49.49963
-49.500377
-49.501117
-49.501854
-49.502588
-49.503322
-49.504061
-49.504809
-49.505573
-49.506359
-49.507179
-49.508045
-49.508971
-49.509977
-49.511083
-49.512313
-49.513695
-49.51526
-49.517039
-49.51907
-49.521392
-49.524047
-49.527078
-49.530534
-49.534461
-49.538908
-49.543924
-49.549558
-49.555857
-49.562865
-49.570625
-49.579175
-49.588546
-49.598761
-49.609834
-49.621767
-49.634549
-49.648155
-49.662544
-49.677656
-49.69341
-49.709706
-49.72642
-49.74341
-49.760511
-49.777544
-49.79431
-49.810605
-49.82622
-49.840948
-49.854595
-49.866987
-49.877979
-49.88746
-49.895355
-49.901628
-49.90628
-49.909345
-49.910886
-49.910984
-49.90973
-49.907222
-49.903552
-49.898806
-49.89306
-49.886373
-49.878788
-49.870335
-49.861026
-49.850868
-49.839856
-49.827976
-49.815213
-49.801547
-49.786962
-49.771443
-49.754979
-49.73757
-49.719228
-49.699983
-49.679888
-49.659021
-49.637494
-49.615454
-49.593075
-49.570561
-49.54813
-49.526007
-49.504408
-49.48353
-49.463543
-49.444583
-49.42675
-49.410108
-49.394686
-49.380487
-49.367488
-49.355647
-49.34491
-49.335211
-49.32648
-49.318643
-49.311627
-49.30536
-49.299771
-49.294796
-49.290373
-49.286446
-49.282963
-49.279876
-49.277143
-49.274724
-49.272585
-49.270694
-49.269024
-49.267549
-49.266247
-49.265098
-49.264085
-49.263192
-49.262407
-49.261715
-49.261108
-49.260575
-49.260108
-49.2597
-49.259344
-49.259035
-49.258767
-49.258537
-49.258341
-49.258176
-49.258039
-49.257928
-49.257842
-49.257779
-49.257738
-49.257718
-49.42103
-49.420973
-49.421132
-49.42155
-49.42239
-49.423965
-49.426619
-49.430529
-49.435483
-49.440663
-49.444779
-49.446623
-49.445656
-49.442038
-49.437151
-49.433089
-49.430758
-49.429308
-49.428016
-49.427384
-49.427817
-49.428372
-49.428682
-49.428742
-49.428934
-49.429205
-49.429569
-49.430011
-49.430514
-49.431065
-49.431652
-49.432264
-49.432891
-49.433528
-49.434168
-49.434805
-49.435437
-49.43606
-49.436672
-49.437275
-49.437866
-49.438446
-49.439017
-49.43958
-49.440134
-49.440683
-49.441226
-49.441766
-49.442303
-49.442839
-49.443375
-49.443911
-49.44445
-49.444991
-49.445536
-49.446085
-49.446641
-49.447202
-49.447771
-49.448348
-49.448934
-49.44953
-49.450135
-49.45075
-49.451375
-49.45201
-49.452652
-49.453301
-49.453956
-49.454616
-49.455279
-49.455946
-49.456615
-49.457286
-49.45796
-49.458637
-49.459317
-49.46
-49.460687
-49.461379
-49.462077
-49.46278
-49.46349
-49.464208
-49.464933
-49.465665
-49.466406
-49.467156
-49.467914
-49.468682
-49.469459
-49.470245
-49.471042
-49.471849
-49.472667
-49.473495
-49.474335
-49.475186
-49.476049
-49.476926
-49.477815
-49.478719
-49.479636
-49.480567
-49.481512
-49.48247
-49.483439
-49.484418
-49.485404
-49.486392
-49.487379
-49.488357
-49.48932
-49.490262
-49.491173
-49.492048
-49.49288
-49.493663
-49.494395
-49.495074
-49.495696
-49.496272
-49.496806
-49.497307
-49.497785
-49.498251
-49.498717
-49.499194
-49.499691
-49.500217
-49.500779
-49.501381
-49.502025
-49.502712
-49.503442
-49.504212
-49.505017
-49.505856
-49.506721
-49.50761
-49.508517
-49.509438
-49.510368
-49.511303
-49.512241
-49.513178
-49.514111
-49.515039
-49.515959
-49.516871
-49.517771
-49.518661
-49.519538
-49.520403
-49.521254
-49.522093
-49.522918
-49.523731
-49.524532
-49.525321
-49.526101
-49.526871
-49.527634
-49.528391
-49.529144
-49.529896
-49.53065
-49.531409
-49.532177
-49.532961
-49.533768
-49.534606
-49.535487
-49.536424
-49.537432
-49.53853
-49.539739
-49.541084
-49.542591
-49.54429
-49.546213
-49.548395
-49.550873
-49.553689
-49.556883
-49.5605
-49.564584
-49.569182
-49.574339
-49.580098
-49.586504
-49.593597
-49.601414
-49.609988
-49.619346
-49.629505
-49.640475
-49.652253
-49.664825
-49.678162
-49.692222
-49.706944
-49.722247
-49.738034
-49.754188
-49.770572
-49.787035
-49.803409
-49.819513
-49.835159
-49.850156
-49.864319
-49.877472
-49.889458
-49.900143
-49.909421
-49.917218
-49.923492
-49.928234
-49.931463
-49.933223
-49.933574
-49.932588
-49.930343
-49.92692
-49.922392
-49.916824
-49.910271
-49.902778
-49.894374
-49.885078
-49.874898
-49.863835
-49.851887
-49.839048
-49.825307
-49.810655
-49.795088
-49.778611
-49.761237
-49.742988
-49.723909
-49.704065
-49.683542
-49.662454
-49.640942
-49.619168
-49.597314
-49.575576
-49.554147
-49.533216
-49.512956
-49.493517
-49.47502
-49.457558
-49.441193
-49.425959
-49.411865
-49.398898
-49.387028
-49.376211
-49.366392
-49.357511
-49.349505
-49.342306
-49.33585
-49.330071
-49.32491
-49.320307
-49.316208
-49.312563
-49.309325
-49.306451
-49.303903
-49.301645
-49.299646
-49.297878
-49.296315
-49.294933
-49.293712
-49.292635
-49.291686
-49.290849
-49.290112
-49.289465
-49.288897
-49.288398
-49.287962
-49.287582
-49.287252
-49.286966
-49.28672
-49.28651
-49.286333
-49.286187
-49.286069
-49.285976
-49.285909
-49.285865
-49.285843
-49.448699
-49.448577
-49.448483
-49.448652
-49.449229
-49.450441
-49.452547
-49.455665
-49.459573
-49.463558
-49.466606
-49.467738
-49.466626
-49.464033
-49.461599
-49.460467
-49.460282
-49.459553
-49.457732
-49.456566
-49.45667
-49.457032
-49.457134
-49.457054
-49.45709
-49.457287
-49.457609
-49.458019
-49.458494
-49.459024
-49.459595
-49.460197
-49.460819
-49.461454
-49.462094
-49.462733
-49.463369
-49.463997
-49.464616
-49.465225
-49.465824
-49.466412
-49.466991
-49.467561
-49.468123
-49.468679
-49.46923
-49.469777
-49.470321
-49.470863
-49.471404
-49.471946
-49.47249
-49.473036
-49.473585
-49.474139
-49.474697
-49.475262
-49.475834
-49.476413
-49.476999
-49.477595
-49.478199
-49.478813
-49.479435
-49.480065
-49.480703
-49.481348
-49.481999
-49.482655
-49.483316
-49.483981
-49.484649
-49.485321
-49.485997
-49.486675
-49.487358
-49.488044
-49.488734
-49.489429
-49.49013
-49.490836
-49.491549
-49.492269
-49.492996
-49.493731
-49.494473
-49.495224
-49.495984
-49.496753
-49.497531
-49.498319
-49.499116
-49.499924
-49.500743
-49.501572
-49.502413
-49.503265
-49.504129
-49.505006
-49.505895
-49.506798
-49.507713
-49.50864
-49.50958
-49.510531
-49.511491
-49.512458
-49.51343
-49.514401
-49.515369
-49.516326
-49.517268
-49.518188
-49.519079
-49.519936
-49.520753
-49.521527
-49.522254
-49.522936
-49.523569
-49.524161
-49.524717
-49.525245
-49.525752
-49.52625
-49.526748
-49.527254
-49.527778
-49.528328
-49.528908
-49.529523
-49.530175
-49.530866
-49.531595
-49.53236
-49.533158
-49.533986
-49.534839
-49.535714
-49.536608
-49.537515
-49.538433
-49.539356
-49.540283
-49.541209
-49.542133
-49.543053
-49.543967
-49.544873
-49.545769
-49.546654
-49.547529
-49.548392
-49.549242
-49.55008
-49.550906
-49.55172
-49.552523
-49.553315
-49.554099
-49.554874
-49.555644
-49.556409
-49.557173
-49.557937
-49.558707
-49.559485
-49.560277
-49.56109
-49.561932
-49.562812
-49.563742
-49.564736
-49.56581
-49.566981
-49.568272
-49.569707
-49.571313
-49.573118
-49.575153
-49.577453
-49.580053
-49.582992
-49.586311
-49.590051
-49.594255
-49.598966
-49.604227
-49.610079
-49.616561
-49.623713
-49.631567
-49.640153
-49.649494
-49.659603
-49.670487
-49.68214
-49.694545
-49.707674
-49.72148
-49.735903
-49.750864
-49.766267
-49.782
-49.797934
-49.813924
-49.829812
-49.845428
-49.860598
-49.875144
-49.888895
-49.901689
-49.913378
-49.923836
-49.932961
-49.940681
-49.94695
-49.95175
-49.95509
-49.957001
-49.957529
-49.956732
-49.954676
-49.951429
-49.947056
-49.941617
-49.935166
-49.927743
-49.919378
-49.910094
-49.899903
-49.888811
-49.87682
-49.863929
-49.850138
-49.835447
-49.819856
-49.803379
-49.786041
-49.767874
-49.748929
-49.72928
-49.709017
-49.688255
-49.667129
-49.645795
-49.624419
-49.603178
-49.582248
-49.561799
-49.541985
-49.522942
-49.504783
-49.487594
-49.471437
-49.456347
-49.442337
-49.429402
-49.417518
-49.406648
-49.396748
-49.387763
-49.379636
-49.372306
-49.365714
-49.359797
-49.354499
-49.349764
-49.345538
-49.341773
-49.338422
-49.335444
-49.332799
-49.330453
-49.328373
-49.326532
-49.324901
-49.32346
-49.322185
-49.32106
-49.320067
-49.319192
-49.318421
-49.317743
-49.317148
-49.316626
-49.316169
-49.315771
-49.315424
-49.315124
-49.314866
-49.314646
-49.314461
-49.314307
-49.314183
-49.314086
-49.314015
-49.313969
-49.313947
-49.476429
-49.476263
-49.475919
-49.475832
-49.476177
-49.477126
-49.478844
-49.481377
-49.484462
-49.487475
-49.489435
-49.489643
-49.488452
-49.487408
-49.487237
-49.487648
-49.488231
-49.487697
-49.485752
-49.484548
-49.484534
-49.484887
-49.485062
-49.48508
-49.485167
-49.485379
-49.485696
-49.48609
-49.486548
-49.48706
-49.487615
-49.488204
-49.488816
-49.489443
-49.490078
-49.490714
-49.491349
-49.491977
-49.492598
-49.49321
-49.493812
-49.494404
-49.494987
-49.495562
-49.496129
-49.49669
-49.497245
-49.497796
-49.498344
-49.49889
-49.499436
-49.499981
-49.500528
-49.501077
-49.50163
-49.502186
-49.502747
-49.503314
-49.503887
-49.504467
-49.505055
-49.50565
-49.506254
-49.506866
-49.507486
-49.508114
-49.508749
-49.509391
-49.510039
-49.510692
-49.511351
-49.512015
-49.512683
-49.513356
-49.514032
-49.514713
-49.515396
-49.516084
-49.516777
-49.517474
-49.518177
-49.518885
-49.5196
-49.520322
-49.521051
-49.521787
-49.522531
-49.523284
-49.524044
-49.524814
-49.525593
-49.526382
-49.52718
-49.527989
-49.528808
-49.529638
-49.530479
-49.531332
-49.532197
-49.533074
-49.533963
-49.534864
-49.535778
-49.536703
-49.537639
-49.538584
-49.539538
-49.540496
-49.541458
-49.542417
-49.543371
-49.544314
-49.545241
-49.546146
-49.547023
-49.547867
-49.548675
-49.549442
-49.550166
-49.550848
-49.551489
-49.552091
-49.552662
-49.553207
-49.553734
-49.554253
-49.554772
-49.555299
-49.555841
-49.556407
-49.557
-49.557625
-49.558284
-49.558978
-49.559707
-49.56047
-49.561263
-49.562085
-49.562932
-49.5638
-49.564684
-49.565583
-49.566491
-49.567407
-49.568325
-49.569245
-49.570163
-49.571077
-49.571986
-49.572887
-49.57378
-49.574663
-49.575536
-49.576397
-49.577246
-49.578084
-49.57891
-49.579725
-49.580529
-49.581324
-49.582111
-49.58289
-49.583665
-49.584436
-49.585208
-49.585983
-49.586765
-49.587559
-49.58837
-49.589206
-49.590074
-49.590986
-49.591953
-49.59299
-49.594116
-49.595336
-49.596684
-49.598184
-49.599858
-49.601737
-49.60385
-49.60623
-49.608914
-49.611939
-49.615343
-49.619167
-49.623453
-49.628242
-49.633573
-49.639487
-49.646021
-49.653212
-49.661089
-49.66968
-49.679005
-49.689076
-49.699895
-49.711457
-49.723743
-49.736721
-49.750347
-49.764559
-49.77928
-49.794416
-49.809859
-49.825483
-49.841151
-49.85671
-49.871999
-49.886851
-49.9011
-49.914583
-49.927144
-49.938642
-49.948955
-49.957983
-49.965655
-49.97192
-49.976757
-49.980167
-49.982173
-49.982813
-49.982137
-49.980203
-49.977068
-49.972793
-49.967439
-49.96106
-49.953687
-49.945351
-49.936077
-49.925881
-49.914771
-49.902756
-49.889835
-49.876013
-49.861299
-49.845698
-49.829228
-49.811918
-49.79381
-49.77496
-49.755443
-49.735354
-49.714808
-49.693937
-49.672889
-49.651823
-49.630905
-49.610299
-49.590162
-49.570638
-49.551853
-49.533916
-49.516907
-49.500888
-49.485896
-49.471946
-49.459036
-49.447147
-49.436248
-49.426298
-49.417248
-49.409045
-49.401632
-49.394951
-49.388946
-49.383559
-49.378738
-49.374429
-49.370585
-49.367161
-49.364113
-49.361405
-49.359
-49.356867
-49.354977
-49.353303
-49.351821
-49.350511
-49.349353
-49.348332
-49.347431
-49.346638
-49.34594
-49.345326
-49.344788
-49.344318
-49.343907
-49.34355
-49.343241
-49.342975
-49.342748
-49.342557
-49.342398
-49.34227
-49.34217
-49.342097
-49.34205
-49.342026
-49.504258
-49.504051
-49.503589
-49.503362
-49.503583
-49.50442
-49.505978
-49.508226
-49.510834
-49.513044
-49.514173
-49.514277
-49.514039
-49.514249
-49.514842
-49.51547
-49.515543
-49.514663
-49.512925
-49.511954
-49.512019
-49.512461
-49.512825
-49.513065
-49.51327
-49.513514
-49.513827
-49.514216
-49.514668
-49.515173
-49.515719
-49.516298
-49.516899
-49.517517
-49.518143
-49.518772
-49.5194
-49.520023
-49.52064
-49.521248
-49.521848
-49.522438
-49.52302
-49.523594
-49.524161
-49.524722
-49.525277
-49.525829
-49.526377
-49.526924
-49.52747
-49.528017
-49.528564
-49.529115
-49.529668
-49.530226
-49.530788
-49.531356
-49.53193
-49.532511
-49.5331
-49.533696
-49.5343
-49.534912
-49.535532
-49.536159
-49.536793
-49.537434
-49.538081
-49.538734
-49.539392
-49.540055
-49.540723
-49.541395
-49.542071
-49.542751
-49.543434
-49.544122
-49.544815
-49.545513
-49.546217
-49.546926
-49.547642
-49.548364
-49.549094
-49.549831
-49.550576
-49.551329
-49.552091
-49.552861
-49.553641
-49.55443
-49.55523
-49.556039
-49.556859
-49.55769
-49.558532
-49.559385
-49.56025
-49.561128
-49.562017
-49.562919
-49.563832
-49.564756
-49.565691
-49.566635
-49.567585
-49.56854
-49.569497
-49.570452
-49.571399
-49.572336
-49.573255
-49.574153
-49.575023
-49.575861
-49.576662
-49.577424
-49.578145
-49.578825
-49.579467
-49.580073
-49.580649
-49.581202
-49.581738
-49.582266
-49.582794
-49.583331
-49.583882
-49.584455
-49.585055
-49.585685
-49.586348
-49.587044
-49.587774
-49.588536
-49.589328
-49.590147
-49.590991
-49.591855
-49.592736
-49.593631
-49.594536
-49.595447
-49.596362
-49.597279
-49.598194
-49.599106
-49.600013
-49.600913
-49.601804
-49.602686
-49.603557
-49.604417
-49.605266
-49.606103
-49.606929
-49.607744
-49.608549
-49.609344
-49.610132
-49.610913
-49.61169
-49.612464
-49.613239
-49.614018
-49.614805
-49.615606
-49.616425
-49.617271
-49.618152
-49.619077
-49.62006
-49.621113
-49.622248
-49.623504
-49.624886
-49.626418
-49.628128
-49.630044
-49.632198
-49.634622
-49.637351
-49.640423
-49.643876
-49.64775
-49.652084
-49.656919
-49.662295
-49.668251
-49.674823
-49.682044
-49.689946
-49.698553
-49.707882
-49.717946
-49.728745
-49.740272
-49.752507
-49.765418
-49.778957
-49.793064
-49.807661
-49.822656
-49.837942
-49.853395
-49.86888
-49.884247
-49.899339
-49.913997
-49.928058
-49.941366
-49.953769
-49.965133
-49.975338
-49.98429
-49.991915
-49.998163
-50.003009
-50.006454
-50.008514
-50.009225
-50.008633
-50.006793
-50.003763
-49.999593
-49.994327
-49.987999
-49.980657
-49.972337
-49.96307
-49.952872
-49.941754
-49.929727
-49.916794
-49.90296
-49.888233
-49.872628
-49.856163
-49.838868
-49.82079
-49.801988
-49.782537
-49.762535
-49.742095
-49.721349
-49.700442
-49.679529
-49.658769
-49.638321
-49.618336
-49.598954
-49.580297
-49.562468
-49.54555
-49.5296
-49.514658
-49.500739
-49.487843
-49.475954
-49.465042
-49.455069
-49.445988
-49.437749
-49.430296
-49.423573
-49.417525
-49.412096
-49.407232
-49.402883
-49.399001
-49.39554
-49.392459
-49.38972
-49.387286
-49.385127
-49.383213
-49.381517
-49.380015
-49.378688
-49.377515
-49.376479
-49.375566
-49.374761
-49.374053
-49.373431
-49.372885
-49.372407
-49.371991
-49.371628
-49.371314
-49.371044
-49.370814
-49.37062
-49.37046
-49.37033
-49.370228
-49.370154
-49.370105
-49.370082
)
;

boundaryField
{
    leftWall
    {
        type            calculated;
        value           nonuniform List<scalar> 
25
(
-1.7763568e-15
-27.878645
-45.198132
-48.915104
-48.942497
-48.97127
-48.999224
-49.027328
-49.055474
-49.083757
-49.112112
-49.140554
-49.169061
-49.197541
-49.225907
-49.254145
-49.282246
-49.310212
-49.338046
-49.365768
-49.393408
-49.42103
-49.448699
-49.476429
-49.504258
)
;
    }
    rightWall
    {
        type            calculated;
        value           nonuniform List<scalar> 
25
(
-48.694177
-48.722232
-48.750313
-48.778417
-48.806544
-48.834693
-48.862861
-48.891046
-48.919246
-48.947458
-48.975679
-49.003906
-49.032136
-49.060366
-49.088592
-49.116812
-49.145022
-49.173221
-49.201404
-49.22957
-49.257718
-49.285843
-49.313947
-49.342026
-49.370082
)
;
    }
    lowerWall
    {
        type            calculated;
        value           nonuniform List<scalar> 
300
(
13.993268
13.99173
13.907185
13.798608
13.737989
13.756411
13.856807
13.984642
14.092019
14.150084
14.149842
14.104185
14.031384
13.95328
13.890192
13.851892
13.835968
13.832319
13.82968
13.819373
13.798596
13.770895
13.742105
13.716981
13.69761
13.683431
13.673079
13.66556
13.660338
13.657481
13.657475
13.660492
13.666122
13.673415
13.681025
13.686932
13.687776
13.68148
13.667861
13.645902
13.615358
13.577269
13.532135
13.479135
13.416578
13.342652
13.256181
13.157461
13.049035
12.935948
12.824961
12.722795
12.634232
12.56089
12.501132
12.451023
12.405887
12.361666
12.315495
12.265767
12.212136
12.155463
12.097394
12.03938
11.981345
11.920846
11.853283
11.773323
11.676663
11.561261
11.427685
11.278487
11.116987
10.946554
10.770744
10.593587
10.419027
10.249619
10.086082
9.9278726
9.7739372
9.6234323
9.4762314
9.3328125
9.1938941
9.0595385
8.9278777
8.7978464
8.671574
8.5587872
8.4867812
8.463728
8.4679427
8.4799903
8.4812227
8.4571517
8.4017997
8.3044337
8.1600102
7.979434
7.7807955
7.5768252
7.3687903
7.1485733
6.905184
6.6308171
6.3247196
5.9946608
5.6556545
5.3262795
5.0240831
4.7615196
4.5430805
4.3648306
4.2171924
4.0886954
3.9681697
3.8461924
3.7162229
3.5732203
3.4122587
3.2289025
3.0331818
2.8850893
2.8052451
2.752287
2.7176493
2.7298886
2.7686768
2.7538648
2.657549
2.5706429
2.557073
2.5014304
2.3487058
2.1488788
1.929705
1.6866975
1.4176165
1.129756
0.83038414
0.52492583
0.21885138
-0.080284126
-0.36396405
-0.62504306
-0.85926941
-1.065032
-1.2424891
-1.3927071
-1.5181495
-1.6280154
-1.7431395
-1.8823218
-2.0295693
-2.1430105
-2.2300647
-2.352036
-2.4999582
-2.5708997
-2.5697492
-2.5600871
-2.5280041
-2.4714306
-2.4510412
-2.4724058
-2.4972003
-2.508756
-2.5238902
-2.6127135
-2.8413505
-3.1237056
-3.2990571
-3.3957425
-3.6063882
-4.1113008
-4.8062678
-5.316988
-5.5284389
-5.6471668
-5.8031971
-6.1320129
-6.7412483
-7.5009241
-8.1802699
-8.7041955
-9.0371131
-9.1598759
-9.1930744
-9.2336983
-9.3038522
-9.4093583
-9.540286
-9.6562707
-9.7831983
-9.9415838
-10.091212
-10.225759
-10.367444
-10.536252
-10.751304
-11.033534
-11.39476
-11.818958
-12.269657
-12.761712
-13.462693
-14.599467
-15.890484
-16.539466
-16.616324
-16.66157
-16.539738
-16.044592
-18.415551
-24.176003
-24.950986
-22.580518
-21.266693
-21.355112
-21.4292
-21.373624
-21.315021
-21.253032
-21.183245
-21.108556
-21.034976
-20.970024
-20.923188
-20.901774
-20.900849
-20.903723
-20.90754
-20.921335
-20.950144
-20.990909
-21.03776
-21.085337
-21.13925
-21.246905
-21.377753
-21.486856
-21.692374
-19.609718
-16.012415
-31.915573
-44.195568
-46.850374
-47.685219
-47.916199
-48.026847
-48.128415
-48.21321
-48.284232
-48.344439
-48.395008
-48.437353
-48.472831
-48.502619
-48.527709
-48.548919
-48.566919
-48.582251
-48.59536
-48.606605
-48.61628
-48.624627
-48.631847
-48.638106
-48.643542
-48.648271
-48.652391
-48.655985
-48.659125
-48.66187
-48.664271
-48.666374
-48.668216
-48.669831
-48.671247
-48.672489
-48.673579
-48.674534
-48.675371
-48.676104
-48.676746
-48.677308
-48.677797
-48.678223
-48.678593
-48.678912
-48.679186
-48.67942
-48.679616
-48.679778
-48.67991
-48.680012
-48.680088
-48.680137
-48.680161
)
;
    }
    atmosphere
    {
        type            calculated;
        value           nonuniform List<scalar> 
300
(
-49.518274
-49.518067
-49.517606
-49.517379
-49.517599
-49.518437
-49.519994
-49.522242
-49.52485
-49.52706
-49.528189
-49.528294
-49.528056
-49.528266
-49.528858
-49.529486
-49.529559
-49.528679
-49.526941
-49.52597
-49.526035
-49.526477
-49.526841
-49.527081
-49.527286
-49.52753
-49.527843
-49.528232
-49.528684
-49.529189
-49.529735
-49.530314
-49.530915
-49.531533
-49.532159
-49.532788
-49.533416
-49.534039
-49.534656
-49.535264
-49.535864
-49.536455
-49.537037
-49.53761
-49.538177
-49.538738
-49.539293
-49.539845
-49.540394
-49.54094
-49.541486
-49.542033
-49.54258
-49.543131
-49.543684
-49.544242
-49.544804
-49.545372
-49.545946
-49.546527
-49.547116
-49.547712
-49.548316
-49.548928
-49.549548
-49.550175
-49.550809
-49.55145
-49.552097
-49.55275
-49.553408
-49.554071
-49.554739
-49.555411
-49.556087
-49.556767
-49.55745
-49.558138
-49.558831
-49.559529
-49.560233
-49.560942
-49.561658
-49.56238
-49.56311
-49.563847
-49.564592
-49.565345
-49.566107
-49.566877
-49.567657
-49.568446
-49.569246
-49.570055
-49.570875
-49.571706
-49.572548
-49.573401
-49.574267
-49.575144
-49.576033
-49.576935
-49.577848
-49.578772
-49.579707
-49.580651
-49.581601
-49.582556
-49.583513
-49.584468
-49.585415
-49.586352
-49.587271
-49.588169
-49.589039
-49.589877
-49.590678
-49.59144
-49.592161
-49.592841
-49.593483
-49.594089
-49.594665
-49.595218
-49.595754
-49.596282
-49.59681
-49.597347
-49.597898
-49.598471
-49.599071
-49.599701
-49.600364
-49.60106
-49.60179
-49.602552
-49.603344
-49.604163
-49.605007
-49.605871
-49.606753
-49.607647
-49.608552
-49.609463
-49.610378
-49.611295
-49.61221
-49.613122
-49.614029
-49.614929
-49.61582
-49.616702
-49.617573
-49.618433
-49.619282
-49.620119
-49.620945
-49.62176
-49.622565
-49.62336
-49.624148
-49.624929
-49.625706
-49.62648
-49.627255
-49.628034
-49.628821
-49.629622
-49.630441
-49.631287
-49.632168
-49.633093
-49.634076
-49.635129
-49.636264
-49.63752
-49.638902
-49.640434
-49.642144
-49.64406
-49.646214
-49.648638
-49.651367
-49.654439
-49.657892
-49.661766
-49.6661
-49.670935
-49.676311
-49.682267
-49.688839
-49.69606
-49.703962
-49.712569
-49.721898
-49.731962
-49.742761
-49.754288
-49.766523
-49.779434
-49.792973
-49.80708
-49.821677
-49.836673
-49.851958
-49.867411
-49.882896
-49.898263
-49.913355
-49.928013
-49.942074
-49.955382
-49.967785
-49.979149
-49.989354
-49.998306
-50.005931
-50.012179
-50.017025
-50.02047
-50.02253
-50.023241
-50.022649
-50.020809
-50.017779
-50.013609
-50.008343
-50.002015
-49.994673
-49.986353
-49.977086
-49.966888
-49.95577
-49.943743
-49.93081
-49.916976
-49.902249
-49.886644
-49.870179
-49.852884
-49.834806
-49.816004
-49.796553
-49.776551
-49.756111
-49.735365
-49.714458
-49.693545
-49.672785
-49.652337
-49.632352
-49.61297
-49.594313
-49.576484
-49.559566
-49.543616
-49.528674
-49.514755
-49.501859
-49.48997
-49.479058
-49.469085
-49.460005
-49.451765
-49.444312
-49.437589
-49.431541
-49.426112
-49.421248
-49.416899
-49.413017
-49.409556
-49.406476
-49.403736
-49.401303
-49.399143
-49.397229
-49.395533
-49.394032
-49.392704
-49.391531
-49.390495
-49.389582
-49.388777
-49.388069
-49.387447
-49.386901
-49.386423
-49.386007
-49.385644
-49.38533
-49.38506
-49.38483
-49.384636
-49.384476
-49.384346
-49.384244
-49.38417
-49.384121
-49.384098
)
;
    }
    defaultFaces
    {
        type            empty;
    }
}


// ************************************************************************* //
