/*--------------------------------*- C++ -*----------------------------------*\
| =========                 |                                                 |
| \\      /  F ield         | OpenFOAM: The Open Source CFD Toolbox           |
|  \\    /   O peration     | Version:  2606                                  |
|   \\  /    A nd           | Website:  www.openfoam.com                      |
|    \\/     M anipulation  |                                                 |
\*---------------------------------------------------------------------------*/
FoamFile
{
    version     2.0;
    format      ascii;
    arch        "LSB;label=32;scalar=64";
    class       surfaceScalarField;
    location    "0.45";
    object      phi;
}
// * * * * * * * * * * * * * * * * * * * * * * * * * * * * * * * * * * * * * //

dimensions      [0 3 -1 0 0 0 0];

oriented        oriented;

internalField   nonuniform List<scalar> 
5885
(
8.5509e-06
-5.12159e-08
8.60526e-06
-5.43604e-08
8.66501e-06
-5.97476e-08
8.731e-06
-6.59921e-08
8.79976e-06
-6.87643e-08
8.86392e-06
-6.41594e-08
8.91745e-06
-5.35265e-08
8.96068e-06
-4.32304e-08
8.99808e-06
-3.74063e-08
9.03257e-06
-3.4487e-08
9.06471e-06
-3.21388e-08
9.09433e-06
-2.96215e-08
9.12209e-06
-2.77623e-08
9.15004e-06
-2.79457e-08
9.17988e-06
-2.9842e-08
9.21171e-06
-3.18275e-08
9.24545e-06
-3.37428e-08
9.28177e-06
-3.63183e-08
9.32172e-06
-3.99523e-08
9.36631e-06
-4.45889e-08
9.41609e-06
-4.97733e-08
9.47083e-06
-5.47493e-08
9.52968e-06
-5.88468e-08
9.59146e-06
-6.17815e-08
9.6551e-06
-6.36338e-08
9.71965e-06
-6.45583e-08
9.78425e-06
-6.45918e-08
9.84818e-06
-6.39379e-08
9.91146e-06
-6.32723e-08
9.97473e-06
-6.32682e-08
1.00383e-05
-6.35835e-08
1.01008e-05
-6.24881e-08
1.01594e-05
-5.85823e-08
1.02132e-05
-5.37816e-08
1.02643e-05
-5.11223e-08
1.03145e-05
-5.02271e-08
1.03642e-05
-4.96854e-08
1.04132e-05
-4.90131e-08
1.04611e-05
-4.78882e-08
1.05074e-05
-4.63022e-08
1.05519e-05
-4.44668e-08
1.05944e-05
-4.2555e-08
1.06351e-05
-4.06975e-08
1.06743e-05
-3.92e-08
1.07124e-05
-3.81311e-08
1.07496e-05
-3.71556e-08
1.07859e-05
-3.62668e-08
1.08213e-05
-3.54505e-08
1.0856e-05
-3.47184e-08
1.08923e-05
-3.62454e-08
1.09358e-05
-4.35543e-08
1.09887e-05
-5.28784e-08
1.10464e-05
-5.76989e-08
1.11132e-05
-6.6816e-08
1.12056e-05
-9.23388e-08
1.13397e-05
-1.34083e-07
1.15395e-05
-1.99838e-07
1.18129e-05
-2.73389e-07
1.21635e-05
-3.50657e-07
1.21062e-05
5.73167e-08
1.14166e-05
6.89617e-07
9.70483e-06
1.71178e-06
7.08397e-06
2.62086e-06
4.75314e-06
2.33083e-06
3.27654e-06
1.4766e-06
2.40088e-06
8.75662e-07
1.84663e-06
5.54246e-07
1.47144e-06
3.75195e-07
1.20396e-06
2.67478e-07
1.00514e-06
1.9882e-07
8.52337e-07
1.52801e-07
7.31728e-07
1.2061e-07
6.34453e-07
9.72746e-08
5.54604e-07
7.98496e-08
6.65114e-08
8.25112e-06
-9.88772e-08
8.3031e-06
-1.06337e-07
8.36647e-06
-1.23117e-07
8.44682e-06
-1.46345e-07
8.53862e-06
-1.60564e-07
8.62188e-06
-1.47412e-07
8.67496e-06
-1.0661e-07
8.69611e-06
-6.43855e-08
8.7011e-06
-4.23919e-08
8.70137e-06
-3.47617e-08
8.70064e-06
-3.14054e-08
8.69909e-06
-2.80697e-08
8.69971e-06
-2.8382e-08
8.70992e-06
-3.81571e-08
8.73446e-06
-5.43801e-08
8.77053e-06
-6.78952e-08
8.815e-06
-7.82157e-08
8.86677e-06
-8.80848e-08
8.92583e-06
-9.9013e-08
8.99206e-06
-1.10827e-07
9.06436e-06
-1.22072e-07
9.13982e-06
-1.30204e-07
9.21403e-06
-1.3306e-07
9.28198e-06
-1.29733e-07
9.33902e-06
-1.20674e-07
9.38144e-06
-1.06971e-07
9.40633e-06
-8.949e-08
9.41117e-06
-6.87728e-08
9.39427e-06
-4.63782e-08
9.35695e-06
-2.5947e-08
9.30453e-06
-1.11628e-08
9.24331e-06
-1.2692e-09
9.17371e-06
1.10226e-08
9.09441e-06
2.55138e-08
9.01393e-06
2.93562e-08
8.95859e-06
5.11739e-09
8.96221e-06
-5.33066e-08
9.0327e-06
-1.19504e-07
9.15887e-06
-1.7406e-07
9.32724e-06
-2.14673e-07
9.52299e-06
-2.40214e-07
9.73319e-06
-2.5275e-07
9.94281e-06
-2.50319e-07
1.01348e-05
-2.31154e-07
1.03009e-05
-2.04272e-07
1.04418e-05
-1.78071e-07
1.05477e-05
-1.42183e-07
1.05713e-05
-5.9056e-08
1.04479e-05
8.86707e-08
1.01123e-05
2.99421e-07
9.67366e-06
3.95064e-07
9.37412e-06
2.46665e-07
9.27475e-06
4.16745e-08
9.24046e-06
-3.25279e-08
9.16062e-06
-1.24993e-08
9.02026e-06
6.27574e-09
8.86433e-06
-4.39028e-08
8.92381e-06
-3.32869e-07
8.99714e-06
-4.23986e-07
8.71947e-06
3.34983e-07
7.59517e-06
1.81392e-06
5.81558e-06
3.49136e-06
4.22939e-06
4.20705e-06
3.25085e-06
3.30937e-06
2.57334e-06
2.15411e-06
2.05247e-06
1.39654e-06
1.65858e-06
9.4813e-07
1.3623e-06
6.71476e-07
1.13641e-06
4.93366e-07
9.60988e-07
3.74245e-07
8.22153e-07
2.91636e-07
7.10319e-07
2.32444e-07
6.18802e-07
1.88791e-07
5.42869e-07
1.55783e-07
1.30276e-07
7.01635e-06
-8.38542e-08
7.00346e-06
-9.34441e-08
6.99272e-06
-1.1238e-07
6.98295e-06
-1.36568e-07
6.97588e-06
-1.53496e-07
6.97915e-06
-1.5069e-07
7.00207e-06
-1.29525e-07
7.0442e-06
-1.06512e-07
7.09637e-06
-9.45693e-08
7.15352e-06
-9.19088e-08
7.21416e-06
-9.20418e-08
7.27908e-06
-9.29933e-08
7.34813e-06
-9.74259e-08
7.41804e-06
-1.08073e-07
7.4856e-06
-1.21941e-07
7.55069e-06
-1.32981e-07
7.61193e-06
-1.3946e-07
7.66647e-06
-1.42623e-07
7.70986e-06
-1.42403e-07
7.73653e-06
-1.37495e-07
7.74087e-06
-1.26414e-07
7.71924e-06
-1.08575e-07
7.67137e-06
-8.51935e-08
7.59976e-06
-5.81229e-08
7.50761e-06
-2.85203e-08
7.39177e-06
8.86651e-09
7.25456e-06
4.7718e-08
7.10786e-06
7.79313e-08
6.96253e-06
9.89493e-08
6.82682e-06
1.09764e-07
6.70212e-06
1.13538e-07
6.58051e-06
1.20344e-07
6.44909e-06
1.42435e-07
6.3014e-06
1.73211e-07
6.14855e-06
1.82206e-07
6.01134e-06
1.42322e-07
5.90162e-06
5.6412e-08
5.8116e-06
-2.94826e-08
5.72347e-06
-8.59297e-08
5.61226e-06
-1.03457e-07
5.46667e-06
-9.46255e-08
5.2994e-06
-8.54818e-08
5.13726e-06
-8.8176e-08
5.01125e-06
-1.05147e-07
4.93776e-06
-1.30783e-07
4.91258e-06
-1.52891e-07
4.906e-06
-1.35598e-07
4.89318e-06
-4.6238e-08
4.91128e-06
7.05723e-08
5.05172e-06
1.5898e-07
5.24121e-06
2.05578e-07
5.31086e-06
1.77008e-07
5.25008e-06
1.02459e-07
5.14094e-06
7.66057e-08
5.01395e-06
1.14493e-07
4.86976e-06
1.5047e-07
4.69762e-06
1.28233e-07
4.27434e-06
9.04117e-08
3.50461e-06
3.45743e-07
2.59849e-06
1.24111e-06
1.72517e-06
2.68723e-06
1.31068e-06
3.90585e-06
1.57061e-06
3.94713e-06
1.81084e-06
3.06913e-06
1.76065e-06
2.2043e-06
1.57505e-06
1.58214e-06
1.36773e-06
1.15545e-06
1.17758e-06
8.61623e-07
1.01411e-06
6.56843e-07
8.76807e-07
5.11545e-07
7.62171e-07
4.06272e-07
6.66269e-07
3.28346e-07
5.85598e-07
2.69462e-07
5.17272e-07
2.24108e-07
1.88561e-07
1.91516e-06
-1.36152e-07
1.96969e-06
-1.47976e-07
2.02158e-06
-1.64276e-07
2.06629e-06
-1.81272e-07
2.10501e-06
-1.92223e-07
2.14609e-06
-1.91762e-07
2.19753e-06
-1.80965e-07
2.2594e-06
-1.68388e-07
2.325e-06
-1.60165e-07
2.39007e-06
-1.56982e-07
2.45483e-06
-1.56803e-07
2.52065e-06
-1.58812e-07
2.58686e-06
-1.63638e-07
2.65067e-06
-1.71885e-07
2.71057e-06
-1.81833e-07
2.76813e-06
-1.90549e-07
2.82494e-06
-1.9627e-07
2.88054e-06
-1.98215e-07
2.93283e-06
-1.94702e-07
2.97947e-06
-1.84133e-07
3.01895e-06
-1.65887e-07
3.05074e-06
-1.40364e-07
3.07505e-06
-1.09508e-07
3.09017e-06
-7.32443e-08
3.08988e-06
-2.82255e-08
3.08359e-06
1.51541e-08
3.07074e-06
6.05611e-08
3.04738e-06
1.01292e-07
3.02025e-06
1.26083e-07
2.99393e-06
1.36089e-07
2.96527e-06
1.42197e-07
2.928e-06
1.57608e-07
2.88141e-06
1.89031e-07
2.83224e-06
2.22373e-07
2.78563e-06
2.28818e-07
2.74047e-06
1.87481e-07
2.68804e-06
1.08844e-07
2.62576e-06
3.27968e-08
2.55905e-06
-1.92217e-08
2.48454e-06
-2.89411e-08
2.40151e-06
-1.15962e-08
2.32292e-06
-6.89702e-09
2.25486e-06
-2.0119e-08
2.2121e-06
-6.23841e-08
2.16316e-06
-8.18383e-08
2.07011e-06
-5.98488e-08
1.95638e-06
-2.18681e-08
1.8777e-06
3.24421e-08
1.83516e-06
1.13117e-07
1.80057e-06
1.93572e-07
1.76026e-06
2.45889e-07
1.67222e-06
2.6505e-07
1.50771e-06
2.66965e-07
1.29997e-06
2.8435e-07
1.07775e-06
3.36712e-07
8.30233e-07
3.97985e-07
4.85571e-07
4.72894e-07
-5.24034e-08
6.28386e-07
-7.56088e-07
1.04943e-06
-1.29749e-06
1.78251e-06
-1.25766e-06
2.64739e-06
-5.1557e-07
3.16376e-06
4.04461e-07
3.0271e-06
9.37281e-07
2.53631e-06
1.1257e-06
2.01588e-06
1.1342e-06
1.57364e-06
1.06463e-06
1.22502e-06
9.67221e-07
9.59031e-07
8.65491e-07
7.58572e-07
7.69556e-07
6.0748e-07
6.83048e-07
4.92779e-07
6.06645e-07
4.0475e-07
5.39773e-07
3.36334e-07
4.81417e-07
2.82463e-07
2.395e-07
-8.78254e-08
-1.58482e-07
-6.82124e-08
-1.67589e-07
-5.3908e-08
-1.7858e-07
-4.5824e-08
-1.89356e-07
-4.12382e-08
-1.96808e-07
-3.38718e-08
-1.99128e-07
-1.78937e-08
-1.96943e-07
6.21754e-09
-1.925e-07
3.49658e-08
-1.88913e-07
6.43341e-08
-1.8635e-07
9.21707e-08
-1.84639e-07
1.17393e-07
-1.84034e-07
1.39251e-07
-1.85496e-07
1.57301e-07
-1.89934e-07
1.7238e-07
-1.96913e-07
1.86419e-07
-2.04588e-07
2.00443e-07
-2.10295e-07
2.13834e-07
-2.11606e-07
2.25334e-07
-2.06202e-07
2.33889e-07
-1.92688e-07
2.38903e-07
-1.70901e-07
2.40359e-07
-1.4182e-07
2.37893e-07
-1.07042e-07
2.3293e-07
-6.82812e-08
2.30825e-07
-2.6121e-08
2.22218e-07
2.37611e-08
2.18276e-07
6.45029e-08
2.21208e-07
9.83593e-08
2.23271e-07
1.2402e-07
2.17028e-07
1.42331e-07
2.00671e-07
1.58554e-07
1.79393e-07
1.78886e-07
1.63291e-07
2.05133e-07
1.57252e-07
2.28412e-07
1.5388e-07
2.32189e-07
1.36595e-07
2.04766e-07
9.19712e-08
1.53468e-07
2.71421e-08
9.76254e-08
-4.41764e-08
5.20965e-08
-1.01927e-07
2.88099e-08
-1.38685e-07
2.51618e-08
-1.69453e-07
2.38718e-08
-2.09591e-07
2.00188e-08
-2.88735e-07
1.67593e-08
-3.85564e-07
1.49897e-08
-4.75388e-07
2.99751e-08
-5.63047e-07
6.57907e-08
-6.4697e-07
1.16365e-07
-7.13035e-07
1.79182e-07
-7.64243e-07
2.4478e-07
-8.14929e-07
2.96574e-07
-8.8295e-07
3.33071e-07
-9.81724e-07
3.6574e-07
-1.10656e-06
4.09184e-07
-1.24447e-06
4.74623e-07
-1.40563e-06
5.59145e-07
-1.61668e-06
6.83943e-07
-1.87874e-06
8.90448e-07
-2.0592e-06
1.22989e-06
-1.96644e-06
1.68975e-06
-1.46262e-06
2.14357e-06
-6.83838e-07
2.38499e-06
1.40248e-08
2.32923e-06
4.58554e-07
2.09178e-06
6.90116e-07
1.78432e-06
7.82886e-07
1.48087e-06
7.94721e-07
1.21318e-06
7.63509e-07
9.90244e-07
7.12064e-07
8.10016e-07
6.53264e-07
6.6628e-07
5.93954e-07
5.52089e-07
5.37517e-07
4.61187e-07
4.85421e-07
3.88429e-07
4.38123e-07
3.29762e-07
2.8206e-07
-8.54291e-07
-1.57005e-07
-8.57813e-07
-1.64066e-07
-8.64314e-07
-1.72079e-07
-8.73838e-07
-1.79832e-07
-8.84859e-07
-1.85787e-07
-8.95011e-07
-1.88976e-07
-9.02575e-07
-1.89379e-07
-9.07251e-07
-1.87824e-07
-9.1063e-07
-1.85533e-07
-9.13833e-07
-1.83148e-07
-9.17286e-07
-1.81186e-07
-9.21036e-07
-1.80285e-07
-9.25396e-07
-1.81136e-07
-9.31256e-07
-1.84074e-07
-9.39559e-07
-1.88611e-07
-9.50883e-07
-1.93264e-07
-9.65395e-07
-1.95783e-07
-9.8313e-07
-1.93871e-07
-1.00358e-06
-1.85753e-07
-1.02565e-06
-1.70617e-07
-1.04772e-06
-1.48829e-07
-1.0682e-06
-1.21343e-07
-1.08571e-06
-8.95282e-08
-1.10026e-06
-5.37376e-08
-1.11261e-06
-1.3772e-08
-1.10816e-06
1.93099e-08
-1.09873e-06
5.50792e-08
-1.08689e-06
8.65135e-08
-1.07562e-06
1.12757e-07
-1.06814e-06
1.34844e-07
-1.06481e-06
1.55226e-07
-1.06171e-06
1.75787e-07
-1.052e-06
1.95429e-07
-1.03186e-06
2.08266e-07
-1.00584e-06
2.0617e-07
-9.8669e-07
1.85615e-07
-9.85757e-07
1.52535e-07
-1.0057e-06
1.17566e-07
-1.04306e-06
8.94546e-08
-1.08678e-06
7.2528e-08
-1.1252e-06
6.35896e-08
-1.15831e-06
5.69795e-08
-1.19019e-06
5.18932e-08
-1.22878e-06
5.53502e-08
-1.28e-06
6.62093e-08
-1.33629e-06
8.62668e-08
-1.38813e-06
1.17636e-07
-1.43151e-06
1.59745e-07
-1.46244e-06
2.10113e-07
-1.48058e-06
2.62914e-07
-1.49465e-06
3.10642e-07
-1.51522e-06
3.53642e-07
-1.5481e-06
3.98619e-07
-1.59196e-06
4.53046e-07
-1.64118e-06
5.23842e-07
-1.69783e-06
6.15798e-07
-1.75828e-06
7.44392e-07
-1.79458e-06
9.26752e-07
-1.73913e-06
1.17444e-06
-1.51469e-06
1.4653e-06
-1.103e-06
1.73188e-06
-6.02033e-07
1.88402e-06
-1.53329e-07
1.88053e-06
1.80964e-07
1.75749e-06
3.96485e-07
1.5688e-06
5.17131e-07
1.36023e-06
5.71e-07
1.15931e-06
5.81833e-07
9.79411e-07
5.66955e-07
8.24895e-07
5.37973e-07
6.95262e-07
5.0223e-07
5.87832e-07
4.64158e-07
4.99259e-07
4.26318e-07
4.26269e-07
3.90106e-07
3.65975e-07
3.15956e-07
-9.09177e-07
-1.49334e-07
-9.18439e-07
-1.54805e-07
-9.2988e-07
-1.60637e-07
-9.43583e-07
-1.66129e-07
-9.58885e-07
-1.70485e-07
-9.7468e-07
-1.73181e-07
-9.89923e-07
-1.74136e-07
-1.00405e-06
-1.73701e-07
-1.01713e-06
-1.72445e-07
-1.02941e-06
-1.70871e-07
-1.04114e-06
-1.69456e-07
-1.05276e-06
-1.68663e-07
-1.06505e-06
-1.68849e-07
-1.0791e-06
-1.70022e-07
-1.09603e-06
-1.71681e-07
-1.11657e-06
-1.72728e-07
-1.14066e-06
-1.71692e-07
-1.16743e-06
-1.67099e-07
-1.19531e-06
-1.57875e-07
-1.22238e-06
-1.43545e-07
-1.24689e-06
-1.2432e-07
-1.2674e-06
-1.00833e-07
-1.28305e-06
-7.38784e-08
-1.2926e-06
-4.419e-08
-1.29193e-06
-1.4446e-08
-1.29233e-06
1.97099e-08
-1.28512e-06
4.78738e-08
-1.27264e-06
7.40298e-08
-1.25742e-06
9.75447e-08
-1.2409e-06
1.18319e-07
-1.22271e-06
1.37033e-07
-1.2009e-06
1.53977e-07
-1.17327e-06
1.67806e-07
-1.14017e-06
1.7516e-07
-1.10651e-06
1.72517e-07
-1.08043e-06
1.5953e-07
-1.06782e-06
1.39929e-07
-1.06915e-06
1.18895e-07
-1.08072e-06
1.01021e-07
-1.09718e-06
8.89939e-08
-1.11571e-06
8.21191e-08
-1.1372e-06
7.8465e-08
-1.1638e-06
7.84908e-08
-1.19355e-06
8.51053e-08
-1.22589e-06
9.8543e-08
-1.25867e-06
1.19054e-07
-1.28837e-06
1.47333e-07
-1.31197e-06
1.83345e-07
-1.32738e-06
2.25526e-07
-1.33512e-06
2.70647e-07
-1.34033e-06
3.15853e-07
-1.34855e-06
3.61869e-07
-1.36206e-06
4.12122e-07
-1.38028e-06
4.71266e-07
-1.40043e-06
5.43992e-07
-1.42054e-06
6.35914e-07
-1.4311e-06
7.54949e-07
-1.41134e-06
9.06997e-07
-1.32774e-06
1.09083e-06
-1.15093e-06
1.2885e-06
-8.79535e-07
1.46049e-06
-5.57775e-07
1.56226e-06
-2.4845e-07
1.57121e-06
8.1994e-09
1.50084e-06
1.95471e-07
1.38153e-06
3.1907e-07
1.23663e-06
3.91676e-07
1.08671e-06
4.26944e-07
9.44143e-07
4.36658e-07
8.15181e-07
4.29874e-07
7.02046e-07
4.1308e-07
6.04626e-07
3.90705e-07
5.21633e-07
3.65664e-07
4.51311e-07
3.39809e-07
3.91829e-07
3.41484e-07
-7.93045e-07
-1.42159e-07
-8.01439e-07
-1.46411e-07
-8.11398e-07
-1.50678e-07
-8.22937e-07
-1.54591e-07
-8.35681e-07
-1.5774e-07
-8.49017e-07
-1.59845e-07
-8.62305e-07
-1.60848e-07
-8.75101e-07
-1.60905e-07
-8.87252e-07
-1.60294e-07
-8.98839e-07
-1.59284e-07
-9.10149e-07
-1.58146e-07
-9.2165e-07
-1.57162e-07
-9.34006e-07
-1.56492e-07
-9.47964e-07
-1.56064e-07
-9.64168e-07
-1.55477e-07
-9.82909e-07
-1.53987e-07
-1.00397e-06
-1.50633e-07
-1.02653e-06
-1.4454e-07
-1.04938e-06
-1.35026e-07
-1.07115e-06
-1.21768e-07
-1.0907e-06
-1.0477e-07
-1.10688e-06
-8.46531e-08
-1.11916e-06
-6.1604e-08
-1.1266e-06
-3.67451e-08
-1.13005e-06
-1.09991e-08
-1.12547e-06
1.51326e-08
-1.1176e-06
3.99996e-08
-1.10647e-06
6.29035e-08
-1.09268e-06
8.37525e-08
-1.07677e-06
1.02414e-07
-1.0586e-06
1.18862e-07
-1.03744e-06
1.32811e-07
-1.01297e-06
1.43339e-07
-9.86682e-07
1.48872e-07
-9.62224e-07
1.48058e-07
-9.43855e-07
1.4116e-07
-9.34236e-07
1.3031e-07
-9.33706e-07
1.18365e-07
-9.4062e-07
1.07935e-07
-9.5231e-07
1.00683e-07
-9.6716e-07
9.69689e-08
-9.8537e-07
9.66755e-08
-1.00727e-06
1.00389e-07
-1.0315e-06
1.09339e-07
-1.05681e-06
1.23857e-07
-1.08196e-06
1.44202e-07
-1.1054e-06
1.70775e-07
-1.12539e-06
2.03331e-07
-1.14084e-06
2.40974e-07
-1.1523e-06
2.82107e-07
-1.16235e-06
3.2591e-07
-1.17328e-06
3.72793e-07
-1.18609e-06
4.24929e-07
-1.19998e-06
4.85164e-07
-1.21285e-06
5.56856e-07
-1.2202e-06
6.43266e-07
-1.2135e-06
7.4825e-07
-1.17868e-06
8.72179e-07
-1.09783e-06
1.00997e-06
-9.57596e-07
1.14827e-06
-7.60079e-07
1.26297e-06
-5.29494e-07
1.33168e-06
-3.0157e-07
1.34328e-06
-1.03111e-07
1.30238e-06
5.57154e-08
1.2227e-06
1.71731e-07
1.12061e-06
2.50123e-07
1.00831e-06
2.98157e-07
8.96108e-07
3.23312e-07
7.90026e-07
3.32106e-07
6.93251e-07
3.29723e-07
6.07008e-07
3.20054e-07
5.31302e-07
3.05904e-07
4.6546e-07
2.89236e-07
4.08497e-07
3.59331e-07
-7.34932e-07
-1.35673e-07
-7.42279e-07
-1.39064e-07
-7.50598e-07
-1.42359e-07
-7.5986e-07
-1.45328e-07
-7.69869e-07
-1.47732e-07
-7.80322e-07
-1.49391e-07
-7.90918e-07
-1.50252e-07
-8.01429e-07
-1.50394e-07
-8.11783e-07
-1.4994e-07
-8.22022e-07
-1.49045e-07
-8.32291e-07
-1.47877e-07
-8.42873e-07
-1.4658e-07
-8.54143e-07
-1.45222e-07
-8.66525e-07
-1.43681e-07
-8.80342e-07
-1.4166e-07
-8.95711e-07
-1.38618e-07
-9.12402e-07
-1.33942e-07
-9.29884e-07
-1.27058e-07
-9.47398e-07
-1.17513e-07
-9.64047e-07
-1.0512e-07
-9.78886e-07
-8.9932e-08
-9.9143e-07
-7.21092e-08
-1.0007e-06
-5.23371e-08
-1.00652e-06
-3.09242e-08
-1.00869e-06
-8.82221e-09
-1.007e-06
1.34334e-08
-1.00183e-06
3.4829e-08
-9.93892e-07
5.49698e-08
-9.83661e-07
7.35216e-08
-9.715e-07
9.02526e-08
-9.57574e-07
1.04936e-07
-9.41962e-07
1.17199e-07
-9.25032e-07
1.26409e-07
-9.07981e-07
1.31821e-07
-8.92936e-07
1.33014e-07
-8.82159e-07
1.30383e-07
-8.77074e-07
1.25225e-07
-8.77956e-07
1.19246e-07
-8.84093e-07
1.14072e-07
-8.94322e-07
1.10913e-07
-9.07782e-07
1.10429e-07
-9.2411e-07
1.13004e-07
-9.42948e-07
1.19228e-07
-9.6347e-07
1.29861e-07
-9.84803e-07
1.45189e-07
-1.00597e-06
1.65369e-07
-1.0259e-06
1.90708e-07
-1.04361e-06
2.21035e-07
-1.0584e-06
2.55765e-07
-1.07061e-06
2.9432e-07
-1.08112e-06
3.36418e-07
-1.09078e-06
3.82458e-07
-1.09965e-06
4.33797e-07
-1.10667e-06
4.92178e-07
-1.10923e-06
5.59417e-07
-1.10327e-06
6.37313e-07
-1.08191e-06
7.26882e-07
-1.03593e-06
8.26206e-07
-9.56442e-07
9.30484e-07
-8.37785e-07
1.02961e-06
-6.8425e-07
1.10944e-06
-5.10822e-07
1.15825e-06
-3.36492e-07
1.16895e-06
-1.77501e-07
1.14339e-06
-4.39696e-08
1.08917e-06
6.1457e-08
1.01519e-06
1.38949e-07
9.30822e-07
1.92475e-07
8.42582e-07
2.26581e-07
7.5592e-07
2.45732e-07
6.741e-07
2.53815e-07
5.98925e-07
2.53997e-07
5.31121e-07
2.48738e-07
4.70718e-07
2.39894e-07
4.17341e-07
3.70404e-07
-7.25461e-07
-1.29415e-07
-7.32375e-07
-1.3215e-07
-7.4e-07
-1.34734e-07
-7.48308e-07
-1.3702e-07
-7.57184e-07
-1.38856e-07
-7.66448e-07
-1.40126e-07
-7.75919e-07
-1.40782e-07
-7.85472e-07
-1.40841e-07
-7.95049e-07
-1.40362e-07
-8.0467e-07
-1.39424e-07
-8.14429e-07
-1.38119e-07
-8.24499e-07
-1.3651e-07
-8.35119e-07
-1.34602e-07
-8.46522e-07
-1.32278e-07
-8.58887e-07
-1.29295e-07
-8.7222e-07
-1.25285e-07
-8.86324e-07
-1.19839e-07
-9.00807e-07
-1.12574e-07
-9.15123e-07
-1.03197e-07
-9.28652e-07
-9.15904e-08
-9.40806e-07
-7.77786e-08
-9.50943e-07
-6.19726e-08
-9.58622e-07
-4.46579e-08
-9.63582e-07
-2.59645e-08
-9.65602e-07
-6.80191e-09
-9.64739e-07
1.25694e-08
-9.6125e-07
3.134e-08
-9.55486e-07
4.92061e-08
-9.47786e-07
6.58215e-08
-9.38443e-07
8.09094e-08
-9.2772e-07
9.42135e-08
-9.15927e-07
1.05406e-07
-9.03623e-07
1.14105e-07
-8.91764e-07
1.19962e-07
-8.81653e-07
1.22903e-07
-8.74571e-07
1.23301e-07
-8.71391e-07
1.22045e-07
-8.72365e-07
1.20221e-07
-8.7721e-07
1.18917e-07
-8.85359e-07
1.19063e-07
-8.96282e-07
1.21352e-07
-9.09573e-07
1.26295e-07
-9.24767e-07
1.34422e-07
-9.4113e-07
1.46223e-07
-9.57955e-07
1.62014e-07
-9.74562e-07
1.81976e-07
-9.90132e-07
2.06278e-07
-1.00386e-06
2.34764e-07
-1.01536e-06
2.67269e-07
-1.02456e-06
3.03517e-07
-1.03162e-06
3.43479e-07
-1.0366e-06
3.87431e-07
-1.03899e-06
4.36192e-07
-1.0375e-06
4.90689e-07
-1.02998e-06
5.51901e-07
-1.01286e-06
6.20189e-07
-9.81369e-07
6.9539e-07
-9.30154e-07
7.7499e-07
-8.54759e-07
8.55089e-07
-7.53165e-07
9.28015e-07
-6.29981e-07
9.86252e-07
-4.93668e-07
1.02194e-06
-3.55859e-07
1.03114e-06
-2.27384e-07
1.01492e-06
-1.14845e-07
9.76632e-07
-2.17758e-08
9.22119e-07
5.15885e-08
8.57458e-07
1.06263e-07
7.87907e-07
1.44928e-07
7.17256e-07
1.70556e-07
6.48472e-07
1.85922e-07
5.83558e-07
1.93467e-07
5.23575e-07
1.95225e-07
4.6896e-07
1.92826e-07
4.1974e-07
3.75692e-07
-7.2725e-07
-1.23162e-07
-7.34016e-07
-1.25383e-07
-7.41316e-07
-1.27435e-07
-7.49128e-07
-1.29207e-07
-7.57387e-07
-1.30597e-07
-7.65988e-07
-1.31524e-07
-7.74828e-07
-1.31941e-07
-7.8383e-07
-1.31839e-07
-7.92956e-07
-1.31236e-07
-8.02212e-07
-1.30168e-07
-8.11653e-07
-1.28678e-07
-8.21378e-07
-1.26785e-07
-8.31524e-07
-1.24455e-07
-8.42219e-07
-1.21584e-07
-8.53532e-07
-1.17982e-07
-8.65425e-07
-1.13392e-07
-8.77729e-07
-1.07535e-07
-8.90147e-07
-1.00156e-07
-9.02271e-07
-9.10734e-08
-9.13648e-07
-8.02133e-08
-9.2381e-07
-6.76164e-08
-9.32305e-07
-5.34778e-08
-9.38899e-07
-3.80642e-08
-9.43171e-07
-2.1693e-08
-9.4515e-07
-4.82361e-09
-9.44757e-07
1.21763e-08
-9.42223e-07
2.88058e-08
-9.37766e-07
4.47493e-08
-9.31649e-07
5.97044e-08
-9.24147e-07
7.34076e-08
-9.15553e-07
8.562e-08
-9.06241e-07
9.60935e-08
-8.9673e-07
1.04593e-07
-8.87755e-07
1.10987e-07
-8.80177e-07
1.15325e-07
-8.7483e-07
1.17954e-07
-8.72263e-07
1.19478e-07
-8.72701e-07
1.2066e-07
-8.76065e-07
1.22281e-07
-8.82049e-07
1.25047e-07
-8.90283e-07
1.29587e-07
-9.00386e-07
1.36398e-07
-9.11902e-07
1.45938e-07
-9.2429e-07
1.58611e-07
-9.3691e-07
1.74635e-07
-9.49172e-07
1.94238e-07
-9.60413e-07
2.17519e-07
-9.70113e-07
2.44464e-07
-9.77794e-07
2.74949e-07
-9.8321e-07
3.08934e-07
-9.86184e-07
3.46453e-07
-9.86369e-07
3.87615e-07
-9.83075e-07
4.32898e-07
-9.75027e-07
4.8264e-07
-9.60353e-07
5.37227e-07
-9.36517e-07
5.96353e-07
-9.00304e-07
6.59177e-07
-8.48767e-07
7.23452e-07
-7.79533e-07
7.85855e-07
-6.92776e-07
8.41258e-07
-5.91258e-07
8.84734e-07
-4.81054e-07
9.11734e-07
-3.69616e-07
9.19704e-07
-2.63243e-07
9.08544e-07
-1.67497e-07
8.80886e-07
-8.53123e-08
8.39934e-07
-1.76413e-08
7.89787e-07
3.60089e-08
7.34258e-07
7.63469e-08
6.76918e-07
1.05708e-07
6.19111e-07
1.25922e-07
5.63343e-07
1.38788e-07
5.1071e-07
1.4592e-07
4.61828e-07
1.48688e-07
4.16972e-07
3.76168e-07
-7.285e-07
-1.16983e-07
-7.35091e-07
-1.18792e-07
-7.42109e-07
-1.20417e-07
-7.49538e-07
-1.21778e-07
-7.57337e-07
-1.22798e-07
-7.65443e-07
-1.23418e-07
-7.7379e-07
-1.23594e-07
-7.82323e-07
-1.23306e-07
-7.91012e-07
-1.22547e-07
-7.99854e-07
-1.21326e-07
-8.0888e-07
-1.19651e-07
-8.1815e-07
-1.17515e-07
-8.27733e-07
-1.14873e-07
-8.3769e-07
-1.11627e-07
-8.48032e-07
-1.0764e-07
-8.58699e-07
-1.02725e-07
-8.69537e-07
-9.66977e-08
-8.80305e-07
-8.93879e-08
-8.90695e-07
-8.06829e-08
-9.00363e-07
-7.05452e-08
-9.0896e-07
-5.90204e-08
-9.16174e-07
-4.62635e-08
-9.21757e-07
-3.24817e-08
-9.25466e-07
-1.79839e-08
-9.27317e-07
-2.97247e-09
-9.27238e-07
1.20977e-08
-9.2537e-07
2.69371e-08
-9.2188e-07
4.12592e-08
-9.16979e-07
5.48032e-08
-9.1092e-07
6.73491e-08
-9.03989e-07
7.86881e-08
-8.96539e-07
8.86435e-08
-8.89027e-07
9.7081e-08
-8.82008e-07
1.03967e-07
-8.76087e-07
1.09405e-07
-8.71808e-07
1.13674e-07
-8.69562e-07
1.17233e-07
-8.69541e-07
1.20638e-07
-8.71713e-07
1.24453e-07
-8.75916e-07
1.2925e-07
-8.81869e-07
1.3554e-07
-8.89246e-07
1.43774e-07
-8.97647e-07
1.5434e-07
-9.06596e-07
1.67559e-07
-9.15618e-07
1.83657e-07
-9.24187e-07
2.02806e-07
-9.31788e-07
2.2512e-07
-9.37915e-07
2.50591e-07
-9.4215e-07
2.79185e-07
-9.44166e-07
3.1095e-07
-9.43507e-07
3.45795e-07
-9.39738e-07
3.83846e-07
-9.32039e-07
4.25198e-07
-9.19446e-07
4.70048e-07
-9.00269e-07
5.18051e-07
-8.72827e-07
5.68911e-07
-8.35078e-07
6.21429e-07
-7.85296e-07
6.7367e-07
-7.22538e-07
7.23097e-07
-6.47407e-07
7.66127e-07
-5.62194e-07
7.99521e-07
-4.7088e-07
8.2042e-07
-3.78173e-07
8.26998e-07
-2.89008e-07
8.19379e-07
-2.06979e-07
7.98858e-07
-1.34546e-07
7.67501e-07
-7.30284e-08
7.2827e-07
-2.23747e-08
6.83604e-07
1.87032e-08
6.3584e-07
5.00261e-08
5.87788e-07
7.33083e-08
5.40061e-07
8.98813e-08
4.94138e-07
1.01016e-07
4.50693e-07
1.07824e-07
4.10165e-07
3.72733e-07
-7.29037e-07
-1.1092e-07
-7.35435e-07
-1.12394e-07
-7.4218e-07
-1.13671e-07
-7.49262e-07
-1.14696e-07
-7.56651e-07
-1.15409e-07
-7.6431e-07
-1.15759e-07
-7.72195e-07
-1.1571e-07
-7.80267e-07
-1.15233e-07
-7.88502e-07
-1.14313e-07
-7.96891e-07
-1.12938e-07
-8.05444e-07
-1.11098e-07
-8.14191e-07
-1.08769e-07
-8.2316e-07
-1.05904e-07
-8.32367e-07
-1.02421e-07
-8.41794e-07
-9.82133e-08
-8.51365e-07
-9.31536e-08
-8.60947e-07
-8.71162e-08
-8.70346e-07
-7.99887e-08
-8.79322e-07
-7.17068e-08
-8.87616e-07
-6.22513e-08
-8.94959e-07
-5.16778e-08
-9.0112e-07
-4.01025e-08
-9.05886e-07
-2.77152e-08
-9.09185e-07
-1.46847e-08
-9.10877e-07
-1.28089e-09
-9.11e-07
1.22212e-08
-9.09635e-07
2.55718e-08
-9.06912e-07
3.85355e-08
-9.03009e-07
5.09004e-08
-8.98136e-07
6.24754e-08
-8.92555e-07
7.31071e-08
-8.86576e-07
8.26644e-08
-8.80575e-07
9.10797e-08
-8.74975e-07
9.83673e-08
-8.70205e-07
1.04635e-07
-8.6665e-07
1.10119e-07
-8.64595e-07
1.15178e-07
-8.64163e-07
1.20206e-07
-8.65368e-07
1.25658e-07
-8.68099e-07
1.31982e-07
-8.72153e-07
1.39594e-07
-8.77248e-07
1.48869e-07
-8.83045e-07
1.60136e-07
-8.89145e-07
1.73659e-07
-8.95136e-07
1.89649e-07
-9.00591e-07
2.0826e-07
-9.05049e-07
2.29577e-07
-9.0806e-07
2.53601e-07
-9.09258e-07
2.80382e-07
-9.08171e-07
3.09864e-07
-9.04388e-07
3.42011e-07
-8.97368e-07
3.76825e-07
-8.86457e-07
4.14288e-07
-8.706e-07
4.5419e-07
-8.48808e-07
4.96258e-07
-8.19743e-07
5.39846e-07
-7.82168e-07
5.83853e-07
-7.35219e-07
6.26721e-07
-6.78514e-07
6.66393e-07
-6.12863e-07
7.00477e-07
-5.40062e-07
7.2672e-07
-4.62804e-07
7.43162e-07
-3.84559e-07
7.48753e-07
-3.08464e-07
7.43284e-07
-2.37283e-07
7.27677e-07
-1.73196e-07
7.03415e-07
-1.17002e-07
6.72076e-07
-6.92355e-08
6.35838e-07
-2.98035e-08
5.96408e-07
2.32083e-09
5.55664e-07
2.74054e-08
5.14977e-07
4.64316e-08
4.75111e-07
6.04623e-08
4.36662e-07
7.0354e-08
4.00273e-07
3.66184e-07
-7.29504e-07
-1.04996e-07
-7.35706e-07
-1.06192e-07
-7.42193e-07
-1.07184e-07
-7.48958e-07
-1.07932e-07
-7.55981e-07
-1.08386e-07
-7.63236e-07
-1.08504e-07
-7.70693e-07
-1.08253e-07
-7.78323e-07
-1.07603e-07
-7.86105e-07
-1.0653e-07
-7.94027e-07
-1.05016e-07
-8.02086e-07
-1.03039e-07
-8.10289e-07
-1.00566e-07
-8.1864e-07
-9.7554e-08
-8.27125e-07
-9.39358e-08
-8.35707e-07
-8.96306e-08
-8.44312e-07
-8.45493e-08
-8.52814e-07
-7.86138e-08
-8.61072e-07
-7.17304e-08
-8.68884e-07
-6.38953e-08
-8.76061e-07
-5.50751e-08
-8.82396e-07
-4.53425e-08
-8.8771e-07
-3.47887e-08
-8.91867e-07
-2.35579e-08
-8.94752e-07
-1.17986e-08
-8.96321e-07
2.8793e-10
-8.96582e-07
1.24814e-08
-8.95594e-07
2.45841e-08
-8.93466e-07
3.6407e-08
-8.9034e-07
4.77748e-08
-8.86405e-07
5.85401e-08
-8.8188e-07
6.85823e-08
-8.77029e-07
7.78135e-08
-8.72149e-07
8.61989e-08
-8.67557e-07
9.37748e-08
-8.63572e-07
1.00651e-07
-8.60475e-07
1.07023e-07
-8.58457e-07
1.13159e-07
-8.57626e-07
1.19376e-07
-8.57991e-07
1.26023e-07
-8.59467e-07
1.33458e-07
-8.61888e-07
1.42014e-07
-8.65023e-07
1.52003e-07
-8.68589e-07
1.63702e-07
-8.72265e-07
1.77334e-07
-8.75678e-07
1.93062e-07
-8.78448e-07
2.1103e-07
-8.80182e-07
2.31311e-07
-8.80513e-07
2.53932e-07
-8.79019e-07
2.78888e-07
-8.75307e-07
3.06151e-07
-8.68927e-07
3.35632e-07
-8.59375e-07
3.67274e-07
-8.46009e-07
4.00921e-07
-8.28117e-07
4.36299e-07
-8.04854e-07
4.72995e-07
-7.75386e-07
5.10377e-07
-7.38921e-07
5.47388e-07
-6.95014e-07
5.82814e-07
-6.43746e-07
6.15124e-07
-5.85813e-07
6.42544e-07
-5.2261e-07
6.63517e-07
-4.56196e-07
6.76748e-07
-3.88863e-07
6.8142e-07
-3.23016e-07
6.77437e-07
-2.60701e-07
6.65362e-07
-2.03382e-07
6.46096e-07
-1.5223e-07
6.20924e-07
-1.077e-07
5.91307e-07
-6.99133e-08
5.58621e-07
-3.8488e-08
5.24239e-07
-1.27582e-08
4.89247e-07
7.95469e-09
4.54398e-07
2.40523e-08
4.20565e-07
3.62376e-08
3.88088e-07
3.57197e-07
-7.2998e-07
-9.9225e-08
-7.35985e-07
-1.00187e-07
-7.42223e-07
-1.00945e-07
-7.48693e-07
-1.01462e-07
-7.55378e-07
-1.01701e-07
-7.62261e-07
-1.01621e-07
-7.69318e-07
-1.01196e-07
-7.76528e-07
-1.00394e-07
-7.8387e-07
-9.91882e-08
-7.91329e-07
-9.75568e-08
-7.98896e-07
-9.54731e-08
-8.06559e-07
-9.29027e-08
-8.14306e-07
-8.98072e-08
-8.22109e-07
-8.61325e-08
-8.29923e-07
-8.1816e-08
-8.37667e-07
-7.68058e-08
-8.45259e-07
-7.10215e-08
-8.52549e-07
-6.44407e-08
-8.59407e-07
-5.70382e-08
-8.65664e-07
-4.88181e-08
-8.71171e-07
-3.98353e-08
-8.75798e-07
-3.01612e-08
-8.79416e-07
-1.99395e-08
-8.8198e-07
-9.23473e-09
-8.83426e-07
1.73368e-09
-8.83765e-07
1.28206e-08
-8.8305e-07
2.38686e-08
-8.81366e-07
3.47233e-08
-8.78836e-07
4.52445e-08
-8.75614e-07
5.53181e-08
-8.71886e-07
6.48538e-08
-8.67865e-07
7.37927e-08
-8.63792e-07
8.21246e-08
-8.59906e-07
8.98896e-08
-8.5644e-07
9.7185e-08
-8.53592e-07
1.04175e-07
-8.51507e-07
1.11075e-07
-8.5026e-07
1.18128e-07
-8.49856e-07
1.25618e-07
-8.50224e-07
1.33826e-07
-8.51227e-07
1.43018e-07
-8.52679e-07
1.53455e-07
-8.54341e-07
1.65364e-07
-8.5592e-07
1.78914e-07
-8.57125e-07
1.94267e-07
-8.57628e-07
2.11531e-07
-8.57064e-07
2.30749e-07
-8.55083e-07
2.5195e-07
-8.5133e-07
2.75136e-07
-8.45409e-07
3.0023e-07
-8.36919e-07
3.27142e-07
-8.25398e-07
3.55752e-07
-8.10319e-07
3.85843e-07
-7.91111e-07
4.17091e-07
-7.67198e-07
4.49082e-07
-7.37981e-07
4.8116e-07
-7.03075e-07
5.12482e-07
-6.623e-07
5.42038e-07
-6.15803e-07
5.68627e-07
-5.64239e-07
5.90979e-07
-5.0875e-07
6.08028e-07
-4.50793e-07
6.1879e-07
-3.92126e-07
6.22754e-07
-3.34479e-07
6.1979e-07
-2.79368e-07
6.10251e-07
-2.2806e-07
5.94787e-07
-1.81458e-07
5.74323e-07
-1.4004e-07
5.49889e-07
-1.04012e-07
5.22593e-07
-7.32266e-08
4.93453e-07
-4.73725e-08
4.63393e-07
-2.60467e-08
4.33073e-07
-8.67465e-09
4.03193e-07
5.29917e-09
3.74114e-07
3.46305e-07
-7.30413e-07
-9.36182e-08
-7.36216e-07
-9.43851e-08
-7.42213e-07
-9.4947e-08
-7.48402e-07
-9.52728e-08
-7.54771e-07
-9.53323e-08
-7.61306e-07
-9.50865e-08
-7.67986e-07
-9.4516e-08
-7.74796e-07
-9.35842e-08
-7.81714e-07
-9.22699e-08
-7.88724e-07
-9.05478e-08
-7.95808e-07
-8.8389e-08
-8.02947e-07
-8.57636e-08
-8.10118e-07
-8.26357e-08
-8.17287e-07
-7.89631e-08
-8.24402e-07
-7.47015e-08
-8.31403e-07
-6.98044e-08
-8.38191e-07
-6.42338e-08
-8.44667e-07
-5.79659e-08
-8.50714e-07
-5.09912e-08
-8.56206e-07
-4.33256e-08
-8.61029e-07
-3.50128e-08
-8.65067e-07
-2.61229e-08
-8.68265e-07
-1.67419e-08
-8.70525e-07
-6.97506e-09
-8.71839e-07
3.04862e-09
-8.72214e-07
1.31951e-08
-8.71685e-07
2.33408e-08
-8.70326e-07
3.33642e-08
-8.68238e-07
4.31566e-08
-8.65549e-07
5.26286e-08
-8.62409e-07
6.17133e-08
-8.5899e-07
7.03737e-08
-8.55478e-07
7.86125e-08
-8.52058e-07
8.64695e-08
-8.48903e-07
9.40302e-08
-8.46161e-07
1.01433e-07
-8.4393e-07
1.08843e-07
-8.42262e-07
1.16461e-07
-8.41156e-07
1.24512e-07
-8.40549e-07
1.3322e-07
-8.40329e-07
1.42798e-07
-8.40334e-07
1.53459e-07
-8.40355e-07
1.65386e-07
-8.40161e-07
1.7872e-07
-8.39484e-07
1.93589e-07
-8.38029e-07
2.10077e-07
-8.35502e-07
2.28221e-07
-8.31588e-07
2.48036e-07
-8.25943e-07
2.69491e-07
-8.18223e-07
2.9251e-07
-8.08071e-07
3.1699e-07
-7.95086e-07
3.42768e-07
-7.78849e-07
3.69605e-07
-7.58929e-07
3.97171e-07
-7.34904e-07
4.25058e-07
-7.06415e-07
4.5267e-07
-6.7324e-07
4.79307e-07
-6.3535e-07
5.04147e-07
-5.9298e-07
5.26257e-07
-5.4675e-07
5.4475e-07
-4.97481e-07
5.58758e-07
-4.46328e-07
5.67637e-07
-3.94565e-07
5.70991e-07
-3.43539e-07
5.68764e-07
-2.9439e-07
5.61102e-07
-2.48143e-07
5.48541e-07
-2.05552e-07
5.31731e-07
-1.6707e-07
5.11406e-07
-1.32943e-07
4.88467e-07
-1.03165e-07
4.63676e-07
-7.75159e-08
4.37744e-07
-5.5791e-08
4.11348e-07
-3.76243e-08
3.85026e-07
-2.26529e-08
3.59143e-07
3.34074e-07
-7.30774e-07
-8.81827e-08
-7.36373e-07
-8.87863e-08
-7.42135e-07
-8.91852e-08
-7.48056e-07
-8.93524e-08
-7.54124e-07
-8.92639e-08
-7.60331e-07
-8.88803e-08
-7.66654e-07
-8.81933e-08
-7.73083e-07
-8.71548e-08
-7.79596e-07
-8.57574e-08
-7.86172e-07
-8.39723e-08
-7.92791e-07
-8.17692e-08
-7.99431e-07
-7.91236e-08
-8.06063e-07
-7.60043e-08
-8.12644e-07
-7.23817e-08
-8.19133e-07
-6.82123e-08
-8.25465e-07
-6.34733e-08
-8.31562e-07
-5.81372e-08
-8.37337e-07
-5.21905e-08
-8.42699e-07
-4.563e-08
-8.47546e-07
-3.84784e-08
-8.51788e-07
-3.07707e-08
-8.55333e-07
-2.25782e-08
-8.5814e-07
-1.39356e-08
-8.60143e-07
-4.97197e-09
-8.61325e-07
4.23028e-09
-8.61693e-07
1.35641e-08
-8.61282e-07
2.293e-08
-8.6015e-07
3.22317e-08
-8.58378e-07
4.1385e-08
-8.56071e-07
5.03218e-08
-8.53351e-07
5.89932e-08
-8.50354e-07
6.73768e-08
-8.47222e-07
7.54803e-08
-8.44095e-07
8.33427e-08
-8.41105e-07
9.10406e-08
-8.38356e-07
9.86841e-08
-8.35922e-07
1.06409e-07
-8.33838e-07
1.14377e-07
-8.32091e-07
1.22765e-07
-8.30622e-07
1.31752e-07
-8.29338e-07
1.41514e-07
-8.28098e-07
1.52219e-07
-8.26723e-07
1.64011e-07
-8.2501e-07
1.77008e-07
-8.22731e-07
1.9131e-07
-8.19632e-07
2.06978e-07
-8.1545e-07
2.2404e-07
-8.09906e-07
2.42492e-07
-8.02707e-07
2.62292e-07
-7.93551e-07
2.83354e-07
-7.82123e-07
3.05562e-07
-7.68094e-07
3.28738e-07
-7.51127e-07
3.52639e-07
-7.30911e-07
3.76955e-07
-7.07137e-07
4.01284e-07
-6.7959e-07
4.25123e-07
-6.48175e-07
4.47893e-07
-6.12944e-07
4.68917e-07
-5.74173e-07
4.87485e-07
-5.32343e-07
5.0292e-07
-4.88166e-07
5.14581e-07
-4.42522e-07
5.21994e-07
-3.96401e-07
5.24869e-07
-3.50782e-07
5.23145e-07
-3.06615e-07
5.16936e-07
-2.64697e-07
5.06623e-07
-2.25611e-07
4.92645e-07
-1.89855e-07
4.7565e-07
-1.57597e-07
4.56209e-07
-1.28932e-07
4.35011e-07
-1.038e-07
4.12612e-07
-8.20577e-08
3.89605e-07
-6.3401e-08
3.6637e-07
-4.76149e-08
3.43357e-07
3.20837e-07
-7.31059e-07
-8.29244e-08
-7.36454e-07
-8.33908e-08
-7.41984e-07
-8.36544e-08
-7.47646e-07
-8.3691e-08
-7.53432e-07
-8.34778e-08
-7.59325e-07
-8.29877e-08
-7.65315e-07
-8.22033e-08
-7.7138e-07
-8.10904e-08
-7.77504e-07
-7.9633e-08
-7.83665e-07
-7.78109e-08
-7.89845e-07
-7.55894e-08
-7.96014e-07
-7.29547e-08
-8.0214e-07
-6.98781e-08
-8.0819e-07
-6.63326e-08
-8.14111e-07
-6.22914e-08
-8.19848e-07
-5.77362e-08
-8.25337e-07
-5.26476e-08
-8.30506e-07
-4.70221e-08
-8.35276e-07
-4.08609e-08
-8.39569e-07
-3.41852e-08
-8.43312e-07
-2.70283e-08
-8.46449e-07
-1.94408e-08
-8.48909e-07
-1.14755e-08
-8.50669e-07
-3.21226e-09
-8.51712e-07
5.2742e-09
-8.52045e-07
1.3897e-08
-8.51694e-07
2.25785e-08
-8.50706e-07
3.12438e-08
-8.49148e-07
3.98273e-08
-8.47103e-07
4.8277e-08
-8.44668e-07
5.65582e-08
-8.41949e-07
6.46584e-08
-8.39057e-07
7.25882e-08
-8.36098e-07
8.03835e-08
-8.33167e-07
8.81101e-08
-8.30341e-07
9.58581e-08
-8.2767e-07
1.03738e-07
-8.25175e-07
1.11881e-07
-8.22837e-07
1.20427e-07
-8.20605e-07
1.2952e-07
-8.18392e-07
1.39301e-07
-8.16076e-07
1.49903e-07
-8.13505e-07
1.61439e-07
-8.10505e-07
1.74007e-07
-8.06874e-07
1.8768e-07
-8.02395e-07
2.02499e-07
-7.96838e-07
2.18483e-07
-7.89959e-07
2.35613e-07
-7.81504e-07
2.53836e-07
-7.71218e-07
2.73067e-07
-7.58832e-07
2.93175e-07
-7.44076e-07
3.13982e-07
-7.26698e-07
3.35261e-07
-7.06456e-07
3.56713e-07
-6.83155e-07
3.77983e-07
-6.56669e-07
3.98638e-07
-6.2697e-07
4.18194e-07
-5.94161e-07
4.36108e-07
-5.58501e-07
4.51826e-07
-5.20409e-07
4.64828e-07
-4.80458e-07
4.7463e-07
-4.39344e-07
4.8088e-07
-3.97833e-07
4.83358e-07
-3.5669e-07
4.82001e-07
-3.16672e-07
4.76918e-07
-2.78398e-07
4.68348e-07
-2.42409e-07
4.56656e-07
-2.09057e-07
4.423e-07
-1.78618e-07
4.2577e-07
-1.51164e-07
4.07556e-07
-1.26717e-07
3.88165e-07
-1.05154e-07
3.68042e-07
-8.63484e-08
3.47565e-07
-7.00795e-08
3.27089e-07
3.06883e-07
-7.31273e-07
-7.78462e-08
-7.36466e-07
-7.81974e-08
-7.41772e-07
-7.83488e-08
-7.47184e-07
-7.82792e-08
-7.52694e-07
-7.79679e-08
-7.5829e-07
-7.73919e-08
-7.63956e-07
-7.6537e-08
-7.69679e-07
-7.53665e-08
-7.75438e-07
-7.38747e-08
-7.81214e-07
-7.20355e-08
-7.86978e-07
-6.98257e-08
-7.92705e-07
-6.72272e-08
-7.98366e-07
-6.42177e-08
-8.03924e-07
-6.07748e-08
-8.09333e-07
-5.68824e-08
-8.14541e-07
-5.25281e-08
-8.19497e-07
-4.76918e-08
-8.24137e-07
-4.23826e-08
-8.28395e-07
-3.66035e-08
-8.32209e-07
-3.03713e-08
-8.35519e-07
-2.3718e-08
-8.38277e-07
-1.6683e-08
-8.40437e-07
-9.31573e-09
-8.41974e-07
-1.67504e-09
-8.42875e-07
6.17515e-09
-8.43145e-07
1.41679e-08
-8.42807e-07
2.22407e-08
-8.41898e-07
3.03353e-08
-8.40472e-07
3.84009e-08
-8.38593e-07
4.63983e-08
-8.36339e-07
5.43032e-08
-8.3379e-07
6.21093e-08
-8.31031e-07
6.98289e-08
-8.28142e-07
7.74949e-08
-8.25194e-07
8.51622e-08
-8.2224e-07
9.29042e-08
-8.19313e-07
1.00811e-07
-8.16422e-07
1.0899e-07
-8.13546e-07
1.1755e-07
-8.10635e-07
1.26609e-07
-8.07612e-07
1.36278e-07
-8.04371e-07
1.46661e-07
-8.00779e-07
1.57848e-07
-7.96686e-07
1.69914e-07
-7.91918e-07
1.82911e-07
-7.86287e-07
1.96868e-07
-7.79594e-07
2.1179e-07
-7.7163e-07
2.27648e-07
-7.62178e-07
2.44384e-07
-7.5102e-07
2.61909e-07
-7.37936e-07
2.80091e-07
-7.22714e-07
2.98761e-07
-7.05156e-07
3.17702e-07
-6.85091e-07
3.36648e-07
-6.62389e-07
3.55282e-07
-6.3699e-07
3.73238e-07
-6.08908e-07
3.90112e-07
-5.78268e-07
4.05468e-07
-5.45311e-07
4.18869e-07
-5.10391e-07
4.29908e-07
-4.73979e-07
4.38217e-07
-4.36629e-07
4.43531e-07
-3.98946e-07
4.45675e-07
-3.61548e-07
4.44603e-07
-3.25019e-07
4.40389e-07
-2.89885e-07
4.33214e-07
-2.56583e-07
4.23355e-07
-2.25446e-07
4.11163e-07
-1.96694e-07
3.97017e-07
-1.70457e-07
3.81318e-07
-1.46762e-07
3.64472e-07
-1.25567e-07
3.46846e-07
-1.06775e-07
3.28773e-07
-9.02454e-08
3.10559e-07
2.92444e-07
-7.3142e-07
-7.29467e-08
-7.36414e-07
-7.32037e-08
-7.41501e-07
-7.32626e-08
-7.46672e-07
-7.31077e-08
-7.51921e-07
-7.27194e-08
-7.57234e-07
-7.20789e-08
-7.62597e-07
-7.11732e-08
-7.67995e-07
-6.99686e-08
-7.73407e-07
-6.84626e-08
-7.78815e-07
-6.6628e-08
-7.84193e-07
-6.4448e-08
-7.89512e-07
-6.19081e-08
-7.94745e-07
-5.89843e-08
-7.99855e-07
-5.56649e-08
-8.048e-07
-5.19383e-08
-8.09541e-07
-4.77869e-08
-8.14022e-07
-4.32113e-08
-8.18193e-07
-3.82105e-08
-8.21999e-07
-3.27977e-08
-8.25393e-07
-2.69771e-08
-8.28323e-07
-2.07877e-08
-8.30748e-07
-1.42581e-08
-8.32634e-07
-7.43048e-09
-8.3396e-07
-3.49564e-10
-8.34714e-07
6.92968e-09
-8.34902e-07
1.43559e-08
-8.3454e-07
2.18789e-08
-8.33658e-07
2.94533e-08
-8.32298e-07
3.70404e-08
-8.3051e-07
4.46109e-08
-8.28354e-07
5.21477e-08
-8.25892e-07
5.9648e-08
-8.23188e-07
6.71245e-08
-8.203e-07
7.46068e-08
-8.1728e-07
8.21411e-08
-8.14164e-07
8.97877e-08
-8.10972e-07
9.76202e-08
-8.07705e-07
1.05723e-07
-8.04338e-07
1.14184e-07
-8.00826e-07
1.23097e-07
-7.97098e-07
1.3255e-07
-7.9306e-07
1.42623e-07
-7.88599e-07
1.53387e-07
-7.83583e-07
1.64897e-07
-7.77862e-07
1.77191e-07
-7.71276e-07
1.90283e-07
-7.63655e-07
2.04168e-07
-7.54817e-07
2.18811e-07
-7.44584e-07
2.34151e-07
-7.32772e-07
2.50096e-07
-7.19203e-07
2.66522e-07
-7.03709e-07
2.83267e-07
-6.86142e-07
3.00136e-07
-6.66382e-07
3.16887e-07
-6.44348e-07
3.33248e-07
-6.20017e-07
3.48908e-07
-5.93434e-07
3.6353e-07
-5.6473e-07
3.76763e-07
-5.3412e-07
3.8826e-07
-5.01909e-07
3.97697e-07
-4.68487e-07
4.04795e-07
-4.34299e-07
4.09343e-07
-3.99833e-07
4.11209e-07
-3.65583e-07
4.10353e-07
-3.32026e-07
4.06832e-07
-2.99592e-07
4.0078e-07
-2.68648e-07
3.92411e-07
-2.3948e-07
3.81994e-07
-2.12297e-07
3.69834e-07
-1.87228e-07
3.5625e-07
-1.64328e-07
3.41572e-07
-1.43587e-07
3.26106e-07
-1.24954e-07
3.10139e-07
-1.08326e-07
2.93932e-07
2.77703e-07
-7.31512e-07
-6.82282e-08
-7.36309e-07
-6.84067e-08
-7.41182e-07
-6.83897e-08
-7.46122e-07
-6.81681e-08
-7.51121e-07
-6.77204e-08
-7.56164e-07
-6.70358e-08
-7.61243e-07
-6.60938e-08
-7.66334e-07
-6.48784e-08
-7.71422e-07
-6.33747e-08
-7.76486e-07
-6.15635e-08
-7.81502e-07
-5.94318e-08
-7.86445e-07
-5.69654e-08
-7.91284e-07
-5.41451e-08
-7.95985e-07
-5.09639e-08
-8.00515e-07
-4.74084e-08
-8.0483e-07
-4.34722e-08
-8.08888e-07
-3.91534e-08
-8.12643e-07
-3.44548e-08
-8.16056e-07
-2.93844e-08
-8.19076e-07
-2.39568e-08
-8.21666e-07
-1.8198e-08
-8.23792e-07
-1.21319e-08
-8.25427e-07
-5.7955e-09
-8.26551e-07
7.74699e-10
-8.27156e-07
7.53472e-09
-8.27244e-07
1.4444e-08
-8.2683e-07
2.14632e-08
-8.25934e-07
2.85569e-08
-8.24589e-07
3.56953e-08
-8.22834e-07
4.28564e-08
-8.20714e-07
5.0028e-08
-8.18276e-07
5.72104e-08
-8.15567e-07
6.44158e-08
-8.12631e-07
7.16701e-08
-8.09501e-07
7.90114e-08
-8.06202e-07
8.64893e-08
-8.02745e-07
9.41635e-08
-7.99124e-07
1.02101e-07
-7.95313e-07
1.10373e-07
-7.91268e-07
1.19052e-07
-7.86926e-07
1.28207e-07
-7.82205e-07
1.37901e-07
-7.77004e-07
1.48187e-07
-7.71211e-07
1.59105e-07
-7.64699e-07
1.70678e-07
-7.57328e-07
1.82912e-07
-7.48953e-07
1.95793e-07
-7.39424e-07
2.09281e-07
-7.28589e-07
2.23315e-07
-7.16298e-07
2.37805e-07
-7.02409e-07
2.52633e-07
-6.86793e-07
2.6765e-07
-6.69337e-07
2.8268e-07
-6.4996e-07
2.9751e-07
-6.28617e-07
3.11906e-07
-6.05313e-07
3.25603e-07
-5.80106e-07
3.38324e-07
-5.53124e-07
3.49781e-07
-5.24561e-07
3.59697e-07
-4.94678e-07
3.67815e-07
-4.63798e-07
3.73915e-07
-4.32288e-07
3.77833e-07
-4.00544e-07
3.79464e-07
-3.68968e-07
3.78778e-07
-3.37949e-07
3.75813e-07
-3.07844e-07
3.70675e-07
-2.78962e-07
3.63529e-07
-2.51553e-07
3.54585e-07
-2.25806e-07
3.44087e-07
-2.01848e-07
3.32293e-07
-1.79747e-07
3.1947e-07
-1.59518e-07
3.05877e-07
-1.41135e-07
2.91756e-07
-1.24535e-07
2.77332e-07
2.628e-07
-7.31553e-07
-6.36866e-08
-7.36159e-07
-6.38003e-08
-7.40827e-07
-6.3722e-08
-7.45545e-07
-6.34501e-08
-7.50305e-07
-6.29604e-08
-7.55093e-07
-6.2248e-08
-7.599e-07
-6.12875e-08
-7.64703e-07
-6.00745e-08
-7.69489e-07
-5.8589e-08
-7.74233e-07
-5.68187e-08
-7.78914e-07
-5.47504e-08
-7.8351e-07
-5.23703e-08
-7.87987e-07
-4.96685e-08
-7.92318e-07
-4.66331e-08
-7.96468e-07
-4.32579e-08
-8.00402e-07
-3.95381e-08
-8.04082e-07
-3.54733e-08
-8.0747e-07
-3.10666e-08
-8.10525e-07
-2.63294e-08
-8.13214e-07
-2.12681e-08
-8.15497e-07
-1.59152e-08
-8.17353e-07
-1.02756e-08
-8.18755e-07
-4.39359e-09
-8.19687e-07
1.70686e-09
-8.20141e-07
7.98889e-09
-8.20119e-07
1.44215e-08
-8.19628e-07
2.09731e-08
-8.18687e-07
2.76159e-08
-8.17318e-07
3.43269e-08
-8.15552e-07
4.109e-08
-8.13421e-07
4.78971e-08
-8.10961e-07
5.47496e-08
-8.08205e-07
6.16595e-08
-8.05183e-07
6.86483e-08
-8.01919e-07
7.57476e-08
-7.98428e-07
8.29981e-08
-7.94712e-07
9.04479e-08
-7.90761e-07
9.81495e-08
-7.86549e-07
1.0616e-07
-7.82033e-07
1.14536e-07
-7.77158e-07
1.23332e-07
-7.71851e-07
1.32594e-07
-7.66025e-07
1.42361e-07
-7.59582e-07
1.52662e-07
-7.52413e-07
1.63509e-07
-7.44401e-07
1.749e-07
-7.35422e-07
1.86814e-07
-7.25351e-07
1.9921e-07
-7.14063e-07
2.12027e-07
-7.01434e-07
2.25178e-07
-6.87355e-07
2.38553e-07
-6.71724e-07
2.5202e-07
-6.54462e-07
2.65417e-07
-6.35514e-07
2.78563e-07
-6.14862e-07
2.91253e-07
-5.92525e-07
3.03266e-07
-5.68571e-07
3.14369e-07
-5.43119e-07
3.2433e-07
-5.16344e-07
3.32922e-07
-4.88471e-07
3.39941e-07
-4.59768e-07
3.45213e-07
-4.30541e-07
3.48606e-07
-4.01115e-07
3.50039e-07
-3.71822e-07
3.49485e-07
-3.42982e-07
3.46974e-07
-3.14895e-07
3.42587e-07
-2.87821e-07
3.36455e-07
-2.61979e-07
3.28743e-07
-2.37538e-07
3.19647e-07
-2.14621e-07
3.09376e-07
-1.93301e-07
2.98149e-07
-1.73608e-07
2.86184e-07
-1.55537e-07
2.73685e-07
-1.39051e-07
2.60846e-07
2.47839e-07
-7.3155e-07
-5.93179e-08
-7.35975e-07
-5.9376e-08
-7.40443e-07
-5.92551e-08
-7.44951e-07
-5.89423e-08
-7.49483e-07
-5.84282e-08
-7.54033e-07
-5.76976e-08
-7.58582e-07
-5.67386e-08
-7.63117e-07
-5.554e-08
-7.67618e-07
-5.40875e-08
-7.72065e-07
-5.23713e-08
-7.76438e-07
-5.03776e-08
-7.80712e-07
-4.80971e-08
-7.84859e-07
-4.55208e-08
-7.88852e-07
-4.26408e-08
-7.92658e-07
-3.94513e-08
-7.9625e-07
-3.59466e-08
-7.9959e-07
-3.21331e-08
-8.02647e-07
-2.80094e-08
-8.05379e-07
-2.35977e-08
-8.07769e-07
-1.88779e-08
-8.09782e-07
-1.39018e-08
-8.11389e-07
-8.66882e-09
-8.12574e-07
-3.20919e-09
-8.13321e-07
2.45415e-09
-8.13624e-07
8.29192e-09
-8.13481e-07
1.4279e-08
-8.12899e-07
2.03906e-08
-8.11889e-07
2.6605e-08
-8.10468e-07
3.29049e-08
-8.08657e-07
3.92785e-08
-8.0648e-07
4.57206e-08
-8.03964e-07
5.22329e-08
-8.0113e-07
5.8826e-08
-7.98e-07
6.55185e-08
-7.94588e-07
7.23357e-08
-7.90901e-07
7.93103e-08
-7.86936e-07
8.6482e-08
-7.8268e-07
9.38934e-08
-7.78107e-07
1.01587e-07
-7.73177e-07
1.09607e-07
-7.6784e-07
1.17995e-07
-7.62033e-07
1.26786e-07
-7.55679e-07
1.36008e-07
-7.48694e-07
1.45678e-07
-7.40985e-07
1.558e-07
-7.32453e-07
1.66368e-07
-7.22995e-07
1.77355e-07
-7.12506e-07
1.88721e-07
-7.00884e-07
2.00404e-07
-6.88031e-07
2.12325e-07
-6.7386e-07
2.24382e-07
-6.58295e-07
2.36455e-07
-6.4128e-07
2.48403e-07
-6.22783e-07
2.60067e-07
-6.02801e-07
2.71271e-07
-5.81365e-07
2.8183e-07
-5.58545e-07
2.9155e-07
-5.34454e-07
3.00239e-07
-5.09245e-07
3.07713e-07
-4.83112e-07
3.13808e-07
-4.56284e-07
3.18385e-07
-4.29015e-07
3.21337e-07
-4.01576e-07
3.226e-07
-3.74243e-07
3.22152e-07
-3.47284e-07
3.20014e-07
-3.20949e-07
3.16253e-07
-2.95463e-07
3.10969e-07
-2.71015e-07
3.04295e-07
-2.47758e-07
2.96389e-07
-2.25805e-07
2.87423e-07
-2.05232e-07
2.77577e-07
-1.8608e-07
2.67032e-07
-1.68356e-07
2.55962e-07
-1.52044e-07
2.44534e-07
2.32898e-07
-7.31516e-07
-5.51181e-08
-7.35761e-07
-5.51309e-08
-7.40039e-07
-5.49783e-08
-7.44345e-07
-5.4636e-08
-7.48664e-07
-5.41095e-08
-7.52988e-07
-5.33737e-08
-7.57298e-07
-5.24283e-08
-7.61582e-07
-5.12563e-08
-7.65819e-07
-4.98508e-08
-7.69992e-07
-4.81977e-08
-7.74079e-07
-4.62909e-08
-7.78057e-07
-4.41192e-08
-7.81903e-07
-4.16751e-08
-7.85584e-07
-3.89602e-08
-7.89084e-07
-3.59517e-08
-7.92364e-07
-3.26668e-08
-7.95396e-07
-2.91008e-08
-7.98152e-07
-2.52537e-08
-8.00609e-07
-2.11398e-08
-8.02726e-07
-1.67616e-08
-8.04482e-07
-1.21467e-08
-8.05863e-07
-7.28803e-09
-8.06845e-07
-2.22672e-09
-8.07416e-07
3.02566e-09
-8.07569e-07
8.44467e-09
-8.07301e-07
1.40108e-08
-8.06615e-07
1.97044e-08
-8.05519e-07
2.55086e-08
-8.04024e-07
3.14103e-08
-8.02145e-07
3.74003e-08
-7.99898e-07
4.34749e-08
-7.97302e-07
4.96365e-08
-7.94371e-07
5.58942e-08
-7.91117e-07
6.22641e-08
-7.8755e-07
6.87674e-08
-7.83669e-07
7.54303e-08
-7.79468e-07
8.22828e-08
-7.74932e-07
8.93577e-08
-7.70036e-07
9.66905e-08
-7.64743e-07
1.04314e-07
-7.59007e-07
1.1226e-07
-7.52773e-07
1.20552e-07
-7.45975e-07
1.2921e-07
-7.3854e-07
1.38242e-07
-7.3039e-07
1.4765e-07
-7.21441e-07
1.57419e-07
-7.11607e-07
1.67521e-07
-7.00801e-07
1.77916e-07
-6.88943e-07
1.88545e-07
-6.75952e-07
1.99335e-07
-6.61764e-07
2.10193e-07
-6.46321e-07
2.21012e-07
-6.29586e-07
2.31669e-07
-6.11544e-07
2.42024e-07
-5.92201e-07
2.51929e-07
-5.71598e-07
2.61226e-07
-5.49802e-07
2.69754e-07
-5.26918e-07
2.77355e-07
-5.03083e-07
2.83878e-07
-4.78464e-07
2.8919e-07
-4.53257e-07
2.93177e-07
-4.27676e-07
2.95756e-07
-4.01949e-07
2.96872e-07
-3.76307e-07
2.96509e-07
-3.50976e-07
2.94684e-07
-3.26169e-07
2.91446e-07
-3.02078e-07
2.86878e-07
-2.7887e-07
2.81087e-07
-2.5668e-07
2.742e-07
-2.35615e-07
2.66358e-07
-2.15748e-07
2.57711e-07
-1.97126e-07
2.4841e-07
-1.79767e-07
2.38603e-07
-1.63667e-07
2.28434e-07
2.18033e-07
-7.31454e-07
-5.10766e-08
-7.35527e-07
-5.10577e-08
-7.39629e-07
-5.08768e-08
-7.43741e-07
-5.05234e-08
-7.47861e-07
-4.99892e-08
-7.51969e-07
-4.92658e-08
-7.56057e-07
-4.83407e-08
-7.60105e-07
-4.72083e-08
-7.64099e-07
-4.58573e-08
-7.68018e-07
-4.42788e-08
-7.7184e-07
-4.24687e-08
-7.7555e-07
-4.04096e-08
-7.79115e-07
-3.81098e-08
-7.82525e-07
-3.5551e-08
-7.85739e-07
-3.27379e-08
-7.88738e-07
-2.96679e-08
-7.91495e-07
-2.63436e-08
-7.93981e-07
-2.27687e-08
-7.96173e-07
-1.89477e-08
-7.98045e-07
-1.48905e-08
-7.9958e-07
-1.0611e-08
-8.00748e-07
-6.11922e-09
-8.0154e-07
-1.43437e-09
-8.01942e-07
3.42863e-09
-8.01948e-07
8.45005e-09
-8.01552e-07
1.36151e-08
-8.00755e-07
1.89081e-08
-7.99562e-07
2.43155e-08
-7.97978e-07
2.98269e-08
-7.96014e-07
3.54361e-08
-7.93681e-07
4.11409e-08
-7.90989e-07
4.69438e-08
-7.87947e-07
5.28528e-08
-7.84562e-07
5.88803e-08
-7.80837e-07
6.50426e-08
-7.76769e-07
7.13609e-08
-7.72348e-07
7.78607e-08
-7.67558e-07
8.45674e-08
-7.62373e-07
9.15066e-08
-7.56762e-07
9.87033e-08
-7.50684e-07
1.0618e-07
-7.44087e-07
1.13955e-07
-7.36917e-07
1.22039e-07
-7.2911e-07
1.30437e-07
-7.20601e-07
1.39141e-07
-7.1132e-07
1.48137e-07
-7.01195e-07
1.57396e-07
-6.90156e-07
1.66877e-07
-6.78137e-07
1.76527e-07
-6.65077e-07
1.86276e-07
-6.50926e-07
1.96042e-07
-6.35643e-07
2.0573e-07
-6.19206e-07
2.15232e-07
-6.0161e-07
2.24428e-07
-5.8287e-07
2.3319e-07
-5.6303e-07
2.41386e-07
-5.42157e-07
2.4888e-07
-5.20345e-07
2.55543e-07
-4.97717e-07
2.6125e-07
-4.74418e-07
2.65891e-07
-4.50617e-07
2.69376e-07
-4.26497e-07
2.71635e-07
-4.02249e-07
2.72625e-07
-3.78072e-07
2.72332e-07
-3.54156e-07
2.70768e-07
-3.30683e-07
2.67974e-07
-3.07821e-07
2.64015e-07
-2.85714e-07
2.5898e-07
-2.64484e-07
2.5297e-07
-2.4423e-07
2.46104e-07
-2.25023e-07
2.38504e-07
-2.06911e-07
2.30298e-07
-1.8992e-07
2.21612e-07
-1.74055e-07
2.12569e-07
2.03282e-07
-7.3137e-07
-4.71905e-08
-7.35282e-07
-4.71466e-08
-7.39211e-07
-4.69477e-08
-7.43146e-07
-4.65883e-08
-7.47075e-07
-4.60599e-08
-7.50987e-07
-4.53541e-08
-7.54866e-07
-4.44626e-08
-7.58697e-07
-4.33771e-08
-7.62464e-07
-4.209e-08
-7.66149e-07
-4.05941e-08
-7.69733e-07
-3.88847e-08
-7.73192e-07
-3.69508e-08
-7.76511e-07
-3.4791e-08
-7.7966e-07
-3.24014e-08
-7.8262e-07
-2.97777e-08
-7.85365e-07
-2.69227e-08
-7.87871e-07
-2.38386e-08
-7.90114e-07
-2.05259e-08
-7.92073e-07
-1.69889e-08
-7.9372e-07
-1.32443e-08
-7.95043e-07
-9.28819e-09
-7.96019e-07
-5.14417e-09
-7.96634e-07
-8.1927e-10
-7.96877e-07
3.67082e-09
-7.96738e-07
8.3119e-09
-7.96214e-07
1.30912e-08
-7.95303e-07
1.79963e-08
-7.94005e-07
2.30171e-08
-7.92324e-07
2.81458e-08
-7.90265e-07
3.33775e-08
-7.87834e-07
3.87107e-08
-7.85037e-07
4.4147e-08
-7.81878e-07
4.96929e-08
-7.78359e-07
5.53597e-08
-7.74479e-07
6.11614e-08
-7.70232e-07
6.71139e-08
-7.65607e-07
7.32357e-08
-7.60586e-07
7.9547e-08
-7.55147e-07
8.6067e-08
-7.49259e-07
9.28148e-08
-7.42885e-07
9.98061e-08
-7.35981e-07
1.07052e-07
-7.285e-07
1.14558e-07
-7.20388e-07
1.22325e-07
-7.1159e-07
1.30342e-07
-7.02047e-07
1.38594e-07
-6.917e-07
1.4705e-07
-6.80494e-07
1.55671e-07
-6.68375e-07
1.64408e-07
-6.55297e-07
1.73197e-07
-6.41223e-07
1.81967e-07
-6.26124e-07
1.90632e-07
-6.09989e-07
1.99097e-07
-5.92823e-07
2.0726e-07
-5.74646e-07
2.15013e-07
-5.55502e-07
2.22242e-07
-5.35457e-07
2.28835e-07
-5.14596e-07
2.34682e-07
-4.9303e-07
2.39683e-07
-4.70885e-07
2.43747e-07
-4.48308e-07
2.46798e-07
-4.25455e-07
2.48782e-07
-4.02491e-07
2.49662e-07
-3.79585e-07
2.49426e-07
-3.56902e-07
2.48084e-07
-3.34597e-07
2.45669e-07
-3.12816e-07
2.42234e-07
-2.91687e-07
2.3785e-07
-2.71319e-07
2.32602e-07
-2.51802e-07
2.26587e-07
-2.33206e-07
2.19907e-07
-2.15578e-07
2.1267e-07
-1.98949e-07
2.04983e-07
-1.83331e-07
1.96951e-07
1.88672e-07
-7.31272e-07
-4.34503e-08
-7.35032e-07
-4.33865e-08
-7.388e-07
-4.31797e-08
-7.42566e-07
-4.28221e-08
-7.46319e-07
-4.23071e-08
-7.50046e-07
-4.16277e-08
-7.53733e-07
-4.07759e-08
-7.57363e-07
-3.97464e-08
-7.60922e-07
-3.85313e-08
-7.64393e-07
-3.71235e-08
-7.67753e-07
-3.55256e-08
-7.7099e-07
-3.37138e-08
-7.74077e-07
-3.17034e-08
-7.76997e-07
-2.94812e-08
-7.79725e-07
-2.70497e-08
-7.8224e-07
-2.44084e-08
-7.84522e-07
-2.15566e-08
-7.86539e-07
-1.85087e-08
-7.88284e-07
-1.52436e-08
-7.89734e-07
-1.17947e-08
-7.90863e-07
-8.15914e-09
-7.91658e-07
-4.34965e-09
-7.92108e-07
-3.69112e-10
-7.92199e-07
3.76169e-09
-7.91923e-07
8.03547e-09
-7.91273e-07
1.24415e-08
-7.90246e-07
1.69698e-08
-7.88841e-07
2.16121e-08
-7.87057e-07
2.63624e-08
-7.84897e-07
3.12169e-08
-7.82363e-07
3.6175e-08
-7.79457e-07
4.12393e-08
-7.76178e-07
4.64146e-08
-7.72525e-07
5.17089e-08
-7.68496e-07
5.71328e-08
-7.64081e-07
6.26995e-08
-7.59269e-07
6.84231e-08
-7.54042e-07
7.43198e-08
-7.48377e-07
8.04028e-08
-7.42248e-07
8.66854e-08
-7.3562e-07
9.31783e-08
-7.28458e-07
9.9889e-08
-7.20719e-07
1.06819e-07
-7.12358e-07
1.13964e-07
-7.03328e-07
1.21313e-07
-6.93581e-07
1.28846e-07
-6.8307e-07
1.36538e-07
-6.71748e-07
1.4435e-07
-6.59576e-07
1.52235e-07
-6.46517e-07
1.60139e-07
-6.32546e-07
1.67995e-07
-6.17644e-07
1.7573e-07
-6.01809e-07
1.83262e-07
-5.85049e-07
1.90501e-07
-5.67393e-07
1.97356e-07
-5.48881e-07
2.0373e-07
-5.29577e-07
2.09531e-07
-5.09561e-07
2.14665e-07
-4.88929e-07
2.19051e-07
-4.67794e-07
2.22612e-07
-4.46283e-07
2.25288e-07
-4.24532e-07
2.27032e-07
-4.02685e-07
2.27815e-07
-3.80886e-07
2.27626e-07
-3.59277e-07
2.26475e-07
-3.37995e-07
2.24387e-07
-3.17166e-07
2.21405e-07
-2.96904e-07
2.17588e-07
-2.77307e-07
2.13005e-07
-2.58459e-07
2.07738e-07
-2.40423e-07
2.01871e-07
-2.23249e-07
1.95496e-07
-2.06968e-07
1.88703e-07
-1.91599e-07
1.81582e-07
1.74218e-07
-7.31165e-07
-3.98458e-08
-7.34781e-07
-3.97707e-08
-7.38399e-07
-3.9561e-08
-7.42009e-07
-3.92124e-08
-7.45598e-07
-3.87179e-08
-7.49154e-07
-3.80718e-08
-7.52662e-07
-3.72676e-08
-7.56108e-07
-3.63006e-08
-7.59477e-07
-3.51626e-08
-7.6275e-07
-3.38512e-08
-7.65915e-07
-3.23606e-08
-7.68942e-07
-3.0686e-08
-7.71823e-07
-2.88233e-08
-7.74531e-07
-2.67727e-08
-7.7705e-07
-2.45308e-08
-7.79355e-07
-2.21035e-08
-7.81429e-07
-1.94823e-08
-7.83257e-07
-1.668e-08
-7.84805e-07
-1.36959e-08
-7.86066e-07
-1.05333e-08
-7.87021e-07
-7.20493e-09
-7.87654e-07
-3.71649e-09
-7.87949e-07
-7.37894e-11
-7.87897e-07
3.70977e-09
-7.87488e-07
7.62662e-09
-7.86716e-07
1.16686e-08
-7.85575e-07
1.58282e-08
-7.84062e-07
2.00984e-08
-7.82174e-07
2.44745e-08
-7.79911e-07
2.89541e-08
-7.77271e-07
3.35365e-08
-7.74254e-07
3.82231e-08
-7.70858e-07
4.30182e-08
-7.67077e-07
4.79283e-08
-7.62906e-07
5.29619e-08
-7.58336e-07
5.81291e-08
-7.53352e-07
6.34404e-08
-7.47941e-07
6.8907e-08
-7.42078e-07
7.45396e-08
-7.3574e-07
8.03473e-08
-7.28896e-07
8.63362e-08
-7.21516e-07
9.25095e-08
-7.13564e-07
9.88658e-08
-7.05e-07
1.054e-07
-6.95786e-07
1.12099e-07
-6.85882e-07
1.18943e-07
-6.75251e-07
1.25906e-07
-6.63855e-07
1.32954e-07
-6.51664e-07
1.40044e-07
-6.38652e-07
1.47127e-07
-6.248e-07
1.54144e-07
-6.10101e-07
1.61031e-07
-5.94555e-07
1.67716e-07
-5.78178e-07
1.74124e-07
-5.60998e-07
1.80175e-07
-5.43058e-07
1.8579e-07
-5.24417e-07
1.90889e-07
-5.05147e-07
1.95395e-07
-4.85336e-07
1.9924e-07
-4.65085e-07
2.02361e-07
-4.44505e-07
2.04708e-07
-4.23714e-07
2.06241e-07
-4.02838e-07
2.06939e-07
-3.82003e-07
2.06791e-07
-3.61332e-07
2.05804e-07
-3.40946e-07
2.04e-07
-3.20955e-07
2.01414e-07
-3.0146e-07
1.98094e-07
-2.82552e-07
1.94097e-07
-2.64305e-07
1.89491e-07
-2.46781e-07
1.84348e-07
-2.30027e-07
1.78743e-07
-2.14078e-07
1.72754e-07
-1.98954e-07
1.66457e-07
1.59927e-07
-7.31052e-07
-3.63706e-08
-7.34536e-07
-3.62873e-08
-7.38015e-07
-3.60819e-08
-7.4148e-07
-3.57477e-08
-7.44919e-07
-3.52792e-08
-7.48317e-07
-3.46738e-08
-7.51663e-07
-3.39212e-08
-7.54939e-07
-3.30249e-08
-7.58135e-07
-3.19666e-08
-7.61228e-07
-3.07579e-08
-7.64209e-07
-2.93794e-08
-7.6705e-07
-2.78448e-08
-7.69743e-07
-2.61304e-08
-7.72263e-07
-2.42534e-08
-7.74592e-07
-2.22016e-08
-7.76713e-07
-1.99825e-08
-7.78601e-07
-1.7595e-08
-7.80244e-07
-1.50371e-08
-7.81621e-07
-1.23184e-08
-7.82714e-07
-9.44045e-09
-7.83508e-07
-6.41072e-09
-7.83989e-07
-3.236e-09
-7.84142e-07
7.85849e-11
-7.83957e-07
3.52393e-09
-7.83423e-07
7.09325e-09
-7.82534e-07
1.07795e-08
-7.81282e-07
1.45765e-08
-7.79663e-07
1.84794e-08
-7.77672e-07
2.2484e-08
-7.75307e-07
2.65885e-08
-7.72563e-07
3.07926e-08
-7.69438e-07
3.50973e-08
-7.65927e-07
3.95064e-08
-7.62024e-07
4.40249e-08
-7.57721e-07
4.8659e-08
-7.53008e-07
5.34157e-08
-7.47871e-07
5.83039e-08
-7.42294e-07
6.33308e-08
-7.36258e-07
6.85041e-08
-7.2974e-07
7.3829e-08
-7.22714e-07
7.93098e-08
-7.15152e-07
8.49473e-08
-7.07023e-07
9.07376e-08
-6.98295e-07
9.66725e-08
-6.88937e-07
1.02739e-07
-6.78915e-07
1.0892e-07
-6.68198e-07
1.1519e-07
-6.5676e-07
1.21516e-07
-6.44576e-07
1.2786e-07
-6.31628e-07
1.34179e-07
-6.17905e-07
1.40421e-07
-6.03405e-07
1.46531e-07
-5.88135e-07
1.52445e-07
-5.72112e-07
1.58101e-07
-5.55366e-07
1.63429e-07
-5.3794e-07
1.68364e-07
-5.19888e-07
1.72837e-07
-5.01278e-07
1.76786e-07
-4.82189e-07
1.80151e-07
-4.62711e-07
1.82883e-07
-4.42942e-07
1.84939e-07
-4.22988e-07
1.86287e-07
-4.02957e-07
1.86908e-07
-3.82961e-07
1.86795e-07
-3.63109e-07
1.85952e-07
-3.43506e-07
1.84397e-07
-3.24251e-07
1.82159e-07
-3.05435e-07
1.79278e-07
-2.87138e-07
1.75801e-07
-2.69431e-07
1.71784e-07
-2.52371e-07
1.67288e-07
-2.36004e-07
1.62376e-07
-2.20364e-07
1.57114e-07
-2.05475e-07
1.51568e-07
1.45801e-07
-7.3094e-07
-3.30124e-08
-7.343e-07
-3.29274e-08
-7.37651e-07
-3.27315e-08
-7.40983e-07
-3.24153e-08
-7.44283e-07
-3.19798e-08
-7.47539e-07
-3.1418e-08
-7.50735e-07
-3.07251e-08
-7.53861e-07
-2.98984e-08
-7.56896e-07
-2.89314e-08
-7.59831e-07
-2.78231e-08
-7.62642e-07
-2.65679e-08
-7.65322e-07
-2.51659e-08
-7.67842e-07
-2.361e-08
-7.70192e-07
-2.1903e-08
-7.72351e-07
-2.00428e-08
-7.74303e-07
-1.80298e-08
-7.76023e-07
-1.5875e-08
-7.77504e-07
-1.3555e-08
-7.78724e-07
-1.1098e-08
-7.79666e-07
-8.49921e-09
-7.80315e-07
-5.7623e-09
-7.80657e-07
-2.89412e-09
-7.80679e-07
1.00956e-10
-7.80369e-07
3.21518e-09
-7.79719e-07
6.44293e-09
-7.78719e-07
9.77897e-09
-7.77361e-07
1.32185e-08
-7.7564e-07
1.67578e-08
-7.7355e-07
2.03934e-08
-7.71086e-07
2.41236e-08
-7.68242e-07
2.79484e-08
-7.65013e-07
3.1869e-08
-7.61394e-07
3.58873e-08
-7.57376e-07
4.00074e-08
-7.52951e-07
4.42341e-08
-7.48108e-07
4.85726e-08
-7.42833e-07
5.30291e-08
-7.37111e-07
5.76088e-08
-7.30924e-07
6.23169e-08
-7.24251e-07
6.71568e-08
-7.1707e-07
7.21293e-08
-7.09356e-07
7.72329e-08
-7.01083e-07
8.24638e-08
-6.92224e-07
8.78136e-08
-6.82752e-07
9.32682e-08
-6.72642e-07
9.88098e-08
-6.61869e-07
1.04416e-07
-6.50411e-07
1.10058e-07
-6.38253e-07
1.15701e-07
-6.25381e-07
1.21307e-07
-6.1179e-07
1.26831e-07
-5.97483e-07
1.32224e-07
-5.8247e-07
1.37433e-07
-5.66771e-07
1.42402e-07
-5.50418e-07
1.47076e-07
-5.33451e-07
1.51396e-07
-5.15922e-07
1.55308e-07
-4.97893e-07
1.58757e-07
-4.79436e-07
1.61695e-07
-4.60633e-07
1.6408e-07
-4.41571e-07
1.65877e-07
-4.22343e-07
1.6706e-07
-4.03047e-07
1.67613e-07
-3.83781e-07
1.67529e-07
-3.64641e-07
1.66812e-07
-3.45722e-07
1.65478e-07
-3.27112e-07
1.63549e-07
-3.08893e-07
1.61059e-07
-2.91138e-07
1.58047e-07
-2.73912e-07
1.54559e-07
-2.5727e-07
1.50645e-07
-2.41255e-07
1.46361e-07
-2.25901e-07
1.41761e-07
-2.11235e-07
1.36901e-07
1.31836e-07
-7.30831e-07
-2.97616e-08
-7.34079e-07
-2.96793e-08
-7.37315e-07
-2.94956e-08
-7.40526e-07
-2.92048e-08
-7.437e-07
-2.88062e-08
-7.46825e-07
-2.82922e-08
-7.49887e-07
-2.76626e-08
-7.52873e-07
-2.69116e-08
-7.55768e-07
-2.60374e-08
-7.58556e-07
-2.50351e-08
-7.6122e-07
-2.39034e-08
-7.63747e-07
-2.26389e-08
-7.66117e-07
-2.12397e-08
-7.68315e-07
-1.97055e-08
-7.70322e-07
-1.80358e-08
-7.72122e-07
-1.62299e-08
-7.73698e-07
-1.42986e-08
-7.75032e-07
-1.22201e-08
-7.7611e-07
-1.00206e-08
-7.76915e-07
-7.69437e-09
-7.77432e-07
-5.24505e-09
-7.77648e-07
-2.67833e-09
-7.7755e-07
2.90793e-12
-7.77127e-07
2.7918e-09
-7.76369e-07
5.68414e-09
-7.75265e-07
8.67576e-09
-7.73808e-07
1.17625e-08
-7.71991e-07
1.49409e-08
-7.69807e-07
1.82089e-08
-7.67248e-07
2.15655e-08
-7.64309e-07
2.50101e-08
-7.60983e-07
2.85431e-08
-7.57263e-07
3.21665e-08
-7.53139e-07
3.58836e-08
-7.48603e-07
3.96978e-08
-7.43642e-07
4.36124e-08
-7.38245e-07
4.76317e-08
-7.32396e-07
5.17599e-08
-7.26078e-07
5.59993e-08
-7.19274e-07
6.03517e-08
-7.11962e-07
6.48175e-08
-7.04122e-07
6.93934e-08
-6.95731e-07
7.40733e-08
-6.86767e-07
7.88492e-08
-6.77209e-07
8.37091e-08
-6.67034e-07
8.86354e-08
-6.56225e-07
9.36067e-08
-6.44765e-07
9.85982e-08
-6.32644e-07
1.0358e-07
-6.19853e-07
1.08517e-07
-6.06392e-07
1.1337e-07
-5.92268e-07
1.18099e-07
-5.77492e-07
1.22657e-07
-5.62088e-07
1.26999e-07
-5.46087e-07
1.31074e-07
-5.29527e-07
1.34837e-07
-5.12458e-07
1.38239e-07
-4.94939e-07
1.41237e-07
-4.77034e-07
1.4379e-07
-4.58817e-07
1.45864e-07
-4.40368e-07
1.47428e-07
-4.21771e-07
1.48463e-07
-4.03111e-07
1.48954e-07
-3.84478e-07
1.48895e-07
-3.65957e-07
1.48292e-07
-3.47633e-07
1.47154e-07
-3.29586e-07
1.45502e-07
-3.1189e-07
1.43363e-07
-2.94612e-07
1.40769e-07
-2.77813e-07
1.37759e-07
-2.61543e-07
1.34375e-07
-2.45845e-07
1.30663e-07
-2.30754e-07
1.26669e-07
-2.16293e-07
1.22441e-07
1.18024e-07
-7.30729e-07
-2.66102e-08
-7.33875e-07
-2.6533e-08
-7.37006e-07
-2.63652e-08
-7.40108e-07
-2.61028e-08
-7.43169e-07
-2.57445e-08
-7.46178e-07
-2.52832e-08
-7.4912e-07
-2.472e-08
-7.51983e-07
-2.40495e-08
-7.54751e-07
-2.32697e-08
-7.57409e-07
-2.23767e-08
-7.59942e-07
-2.13695e-08
-7.62334e-07
-2.02468e-08
-7.6457e-07
-1.90044e-08
-7.66631e-07
-1.76439e-08
-7.68504e-07
-1.61633e-08
-7.70169e-07
-1.45655e-08
-7.71617e-07
-1.28506e-08
-7.72822e-07
-1.10158e-08
-7.73772e-07
-9.07007e-09
-7.74455e-07
-7.01109e-09
-7.74855e-07
-4.84565e-09
-7.74957e-07
-2.57626e-09
-7.74751e-07
-2.03081e-10
-7.74224e-07
2.26566e-09
-7.73367e-07
4.827e-09
-7.72168e-07
7.47735e-09
-7.7062e-07
1.02141e-08
-7.68713e-07
1.30346e-08
-7.6644e-07
1.59368e-08
-7.63795e-07
1.89195e-08
-7.60767e-07
2.19827e-08
-7.57351e-07
2.51271e-08
-7.53538e-07
2.83535e-08
-7.49317e-07
3.16636e-08
-7.44682e-07
3.50606e-08
-7.39617e-07
3.85478e-08
-7.34112e-07
4.21267e-08
-7.28152e-07
4.58001e-08
-7.21722e-07
4.95698e-08
-7.14805e-07
5.34354e-08
-7.07384e-07
5.73959e-08
-6.9944e-07
6.14486e-08
-6.90954e-07
6.55874e-08
-6.81907e-07
6.98026e-08
-6.72282e-07
7.40833e-08
-6.62062e-07
7.84148e-08
-6.51233e-07
8.27775e-08
-6.39783e-07
8.71485e-08
-6.27705e-07
9.15021e-08
-6.14997e-07
9.58084e-08
-6.0166e-07
1.00034e-07
-5.87705e-07
1.04143e-07
-5.73145e-07
1.08098e-07
-5.58005e-07
1.11859e-07
-5.42316e-07
1.15385e-07
-5.26115e-07
1.18636e-07
-5.09449e-07
1.21574e-07
-4.92373e-07
1.24161e-07
-4.74947e-07
1.26364e-07
-4.57238e-07
1.28155e-07
-4.39318e-07
1.29509e-07
-4.21264e-07
1.30409e-07
-4.03154e-07
1.30843e-07
-3.85066e-07
1.30808e-07
-3.6708e-07
1.30305e-07
-3.4927e-07
1.29345e-07
-3.31712e-07
1.27943e-07
-3.14471e-07
1.26122e-07
-2.97611e-07
1.23908e-07
-2.81186e-07
1.21334e-07
-2.65246e-07
1.18435e-07
-2.49831e-07
1.15249e-07
-2.34975e-07
1.11813e-07
-2.20704e-07
1.08169e-07
1.04356e-07
-7.30637e-07
-2.35456e-08
-7.33693e-07
-2.34768e-08
-7.36729e-07
-2.3329e-08
-7.39734e-07
-2.30975e-08
-7.42697e-07
-2.27821e-08
-7.45602e-07
-2.23785e-08
-7.48438e-07
-2.18842e-08
-7.51191e-07
-2.1297e-08
-7.53847e-07
-2.06136e-08
-7.56391e-07
-1.98331e-08
-7.58809e-07
-1.89514e-08
-7.61082e-07
-1.79734e-08
-7.63199e-07
-1.68859e-08
-7.65142e-07
-1.57002e-08
-7.66897e-07
-1.4408e-08
-7.68444e-07
-1.30189e-08
-7.69774e-07
-1.15202e-08
-7.70866e-07
-9.92409e-09
-7.71707e-07
-8.22883e-09
-7.72282e-07
-6.43641e-09
-7.72576e-07
-4.55209e-09
-7.72579e-07
-2.57354e-09
-7.72275e-07
-5.05769e-10
-7.71656e-07
1.64617e-09
-7.70709e-07
3.87966e-09
-7.69424e-07
6.19264e-09
-7.67792e-07
8.5824e-09
-7.65804e-07
1.10465e-08
-7.63451e-07
1.35837e-08
-7.60725e-07
1.61934e-08
-7.57617e-07
1.8875e-08
-7.54119e-07
2.16287e-08
-7.50222e-07
2.44559e-08
-7.45916e-07
2.7358e-08
-7.4119e-07
3.03355e-08
-7.36034e-07
3.33915e-08
-7.30436e-07
3.65278e-08
-7.2438e-07
3.97452e-08
-7.17855e-07
4.30441e-08
-7.10844e-07
4.64245e-08
-7.03331e-07
4.9884e-08
-6.95302e-07
5.34185e-08
-6.86739e-07
5.70236e-08
-6.77627e-07
6.06907e-08
-6.67951e-07
6.44082e-08
-6.577e-07
6.8163e-08
-6.46862e-07
7.19389e-08
-6.35429e-07
7.57159e-08
-6.23399e-07
7.94712e-08
-6.1077e-07
8.31797e-08
-5.97549e-07
8.68132e-08
-5.83747e-07
9.03413e-08
-5.69381e-07
9.3732e-08
-5.54474e-07
9.69522e-08
-5.39058e-07
9.99685e-08
-5.23169e-07
1.02748e-07
-5.06853e-07
1.05257e-07
-4.90159e-07
1.07467e-07
-4.73145e-07
1.0935e-07
-4.55872e-07
1.10882e-07
-4.38406e-07
1.12043e-07
-4.20817e-07
1.1282e-07
-4.03176e-07
1.13202e-07
-3.85556e-07
1.13187e-07
-3.68027e-07
1.12776e-07
-3.5066e-07
1.11978e-07
-3.33521e-07
1.10804e-07
-3.16674e-07
1.09274e-07
-3.00175e-07
1.07409e-07
-2.84077e-07
1.05236e-07
-2.68425e-07
1.02784e-07
-2.5326e-07
1.00083e-07
-2.38614e-07
9.7167e-08
-2.24513e-07
9.4068e-08
9.08197e-08
-7.30557e-07
-2.05571e-08
-7.33534e-07
-2.04993e-08
-7.36489e-07
-2.03741e-08
-7.39409e-07
-2.01776e-08
-7.42283e-07
-1.9908e-08
-7.45098e-07
-1.95637e-08
-7.47842e-07
-1.91412e-08
-7.505e-07
-1.86394e-08
-7.53058e-07
-1.80555e-08
-7.55502e-07
-1.73883e-08
-7.57818e-07
-1.66358e-08
-7.59993e-07
-1.57976e-08
-7.62005e-07
-1.48739e-08
-7.63846e-07
-1.38585e-08
-7.65497e-07
-1.27584e-08
-7.66946e-07
-1.15699e-08
-7.68172e-07
-1.02936e-08
-7.69165e-07
-8.93148e-09
-7.69909e-07
-7.48516e-09
-7.7039e-07
-5.95568e-09
-7.70596e-07
-4.34541e-09
-7.70507e-07
-2.6628e-09
-7.70119e-07
-8.92857e-10
-7.69418e-07
9.44984e-10
-7.68392e-07
2.85349e-09
-7.6703e-07
4.83063e-09
-7.65324e-07
6.87492e-09
-7.63263e-07
8.98505e-09
-7.60838e-07
1.11591e-08
-7.5804e-07
1.33958e-08
-7.5486e-07
1.56956e-08
-7.51289e-07
1.80583e-08
-7.47318e-07
2.04842e-08
-7.42936e-07
2.29753e-08
-7.38132e-07
2.55325e-08
-7.32897e-07
2.81566e-08
-7.27218e-07
3.08482e-08
-7.21081e-07
3.36089e-08
-7.14475e-07
3.64378e-08
-7.07385e-07
3.93342e-08
-6.99798e-07
4.22963e-08
-6.91698e-07
4.53197e-08
-6.83074e-07
4.83988e-08
-6.73911e-07
5.15274e-08
-6.64198e-07
5.46955e-08
-6.53926e-07
5.78906e-08
-6.43087e-07
6.10991e-08
-6.31675e-07
6.43044e-08
-6.19691e-07
6.7487e-08
-6.07137e-07
7.06255e-08
-5.9402e-07
7.36966e-08
-5.80355e-07
7.66753e-08
-5.66158e-07
7.9535e-08
-5.51454e-07
8.22486e-08
-5.36274e-07
8.47885e-08
-5.20654e-07
8.71275e-08
-5.04637e-07
8.92394e-08
-4.88269e-07
9.10994e-08
-4.71605e-07
9.26855e-08
-4.54701e-07
9.39783e-08
-4.3762e-07
9.4962e-08
-4.20425e-07
9.56249e-08
-4.03182e-07
9.59593e-08
-3.85957e-07
9.59623e-08
-3.68816e-07
9.56357e-08
-3.51824e-07
9.49856e-08
-3.35043e-07
9.40226e-08
-3.1853e-07
9.27612e-08
-3.0234e-07
9.12195e-08
-2.86522e-07
8.94185e-08
-2.71119e-07
8.73817e-08
-2.56171e-07
8.51346e-08
-2.41708e-07
8.27039e-08
-2.27757e-07
8.0117e-08
7.7401e-08
-7.30492e-07
-1.76334e-08
-7.33401e-07
-1.75896e-08
-7.36285e-07
-1.74903e-08
-7.39133e-07
-1.73292e-08
-7.41932e-07
-1.7109e-08
-7.4467e-07
-1.68258e-08
-7.47334e-07
-1.64772e-08
-7.49911e-07
-1.60633e-08
-7.52386e-07
-1.55805e-08
-7.54745e-07
-1.50286e-08
-7.56975e-07
-1.44058e-08
-7.59062e-07
-1.37118e-08
-7.6099e-07
-1.29463e-08
-7.62742e-07
-1.21066e-08
-7.64305e-07
-1.11948e-08
-7.65666e-07
-1.02094e-08
-7.66807e-07
-9.15205e-09
-7.67716e-07
-8.02277e-09
-7.68377e-07
-6.82349e-09
-7.68777e-07
-5.55543e-09
-7.68904e-07
-4.2198e-09
-7.68742e-07
-2.82483e-09
-7.6828e-07
-1.35442e-09
-7.67508e-07
1.72082e-10
-7.66413e-07
1.75807e-09
-7.64984e-07
3.40254e-09
-7.63212e-07
5.1037e-09
-7.61087e-07
6.86003e-09
-7.58599e-07
8.67087e-09
-7.55739e-07
1.05354e-08
-7.52496e-07
1.24529e-08
-7.48862e-07
1.4424e-08
-7.44826e-07
1.64489e-08
-7.40378e-07
1.85279e-08
-7.35509e-07
2.06622e-08
-7.30206e-07
2.28532e-08
-7.24458e-07
2.51006e-08
-7.18254e-07
2.74045e-08
-7.1158e-07
2.97648e-08
-7.04425e-07
3.21795e-08
-6.96777e-07
3.4647e-08
-6.88622e-07
3.71643e-08
-6.79948e-07
3.97258e-08
-6.70747e-07
4.23253e-08
-6.61006e-07
4.49551e-08
-6.5072e-07
4.76051e-08
-6.39884e-07
5.0263e-08
-6.28495e-07
5.29153e-08
-6.16554e-07
5.55461e-08
-6.04067e-07
5.8138e-08
-5.91042e-07
6.06719e-08
-5.77495e-07
6.31275e-08
-5.63443e-07
6.54834e-08
-5.48913e-07
6.77179e-08
-5.33933e-07
6.98086e-08
-5.18539e-07
7.17337e-08
-5.02772e-07
7.34723e-08
-4.86678e-07
7.50049e-08
-4.70306e-07
7.63137e-08
-4.53711e-07
7.73834e-08
-4.3695e-07
7.82013e-08
-4.20083e-07
7.87579e-08
-4.03171e-07
7.90472e-08
-3.86276e-07
7.90671e-08
-3.69459e-07
7.88187e-08
-3.5278e-07
7.83069e-08
-3.36297e-07
7.75399e-08
-3.20065e-07
7.65293e-08
-3.04135e-07
7.52892e-08
-2.88553e-07
7.38366e-08
-2.73362e-07
7.21902e-08
-2.58597e-07
7.03702e-08
-2.44291e-07
6.83982e-08
-2.3047e-07
6.62958e-08
6.40851e-08
-7.30443e-07
-1.47659e-08
-7.33295e-07
-1.47373e-08
-7.36121e-07
-1.4664e-08
-7.38908e-07
-1.45424e-08
-7.41644e-07
-1.43725e-08
-7.44318e-07
-1.41524e-08
-7.46916e-07
-1.38797e-08
-7.49425e-07
-1.35542e-08
-7.5183e-07
-1.31743e-08
-7.5412e-07
-1.27387e-08
-7.56278e-07
-1.22473e-08
-7.58292e-07
-1.16982e-08
-7.60146e-07
-1.10915e-08
-7.61825e-07
-1.04267e-08
-7.63317e-07
-9.70346e-09
-7.64605e-07
-8.92181e-09
-7.65676e-07
-8.08178e-09
-7.66514e-07
-7.18469e-09
-7.67106e-07
-6.23157e-09
-7.67439e-07
-5.22271e-09
-7.67498e-07
-4.15996e-09
-7.67277e-07
-3.04545e-09
-7.66753e-07
-1.87949e-09
-7.6592e-07
-6.60344e-10
-7.64767e-07
6.04812e-10
-7.63282e-07
1.91698e-09
-7.61455e-07
3.27607e-09
-7.59276e-07
4.681e-09
-7.56734e-07
6.12985e-09
-7.53821e-07
7.62216e-09
-7.50525e-07
9.15765e-09
-7.46837e-07
1.07359e-08
-7.42747e-07
1.23581e-08
-7.38245e-07
1.40252e-08
-7.33319e-07
1.57371e-08
-7.2796e-07
1.74941e-08
-7.22156e-07
1.92967e-08
-7.15896e-07
2.11443e-08
-7.09169e-07
2.30366e-08
-7.01961e-07
2.49725e-08
-6.94263e-07
2.69492e-08
-6.86064e-07
2.89643e-08
-6.77353e-07
3.10145e-08
-6.68121e-07
3.30937e-08
-6.5836e-07
3.51951e-08
-6.48066e-07
3.73113e-08
-6.37235e-07
3.94324e-08
-6.25867e-07
4.15474e-08
-6.13965e-07
4.36438e-08
-6.01535e-07
4.5708e-08
-5.88588e-07
4.7725e-08
-5.7514e-07
4.96789e-08
-5.61209e-07
5.1553e-08
-5.46821e-07
5.33303e-08
-5.32006e-07
5.49935e-08
-5.16798e-07
5.65258e-08
-5.01237e-07
5.79109e-08
-4.85366e-07
5.91338e-08
-4.69232e-07
6.01808e-08
-4.52889e-07
6.10398e-08
-4.36389e-07
6.17011e-08
-4.19788e-07
6.21575e-08
-4.03146e-07
6.24044e-08
-3.86518e-07
6.244e-08
-3.69965e-07
6.22651e-08
-3.53541e-07
6.18833e-08
-3.37302e-07
6.13009e-08
-3.213e-07
6.05268e-08
-3.05583e-07
5.95719e-08
-2.90195e-07
5.84491e-08
-2.75178e-07
5.71729e-08
-2.60566e-07
5.57588e-08
-2.46391e-07
5.42234e-08
-2.32678e-07
5.25835e-08
5.08563e-08
-7.30329e-07
-1.19399e-08
-7.33138e-07
-1.19285e-08
-7.35918e-07
-1.18835e-08
-7.38658e-07
-1.18019e-08
-7.41346e-07
-1.16841e-08
-7.4397e-07
-1.15288e-08
-7.46517e-07
-1.13334e-08
-7.48973e-07
-1.10979e-08
-7.51323e-07
-1.08238e-08
-7.53558e-07
-1.05045e-08
-7.55661e-07
-1.01446e-08
-7.57618e-07
-9.74063e-09
-7.59417e-07
-9.29324e-09
-7.61039e-07
-8.80452e-09
-7.62474e-07
-8.26807e-09
-7.63706e-07
-7.68979e-09
-7.6472e-07
-7.06715e-09
-7.65504e-07
-6.40089e-09
-7.66043e-07
-5.69164e-09
-7.66324e-07
-4.94183e-09
-7.66335e-07
-4.15023e-09
-7.66061e-07
-3.3198e-09
-7.65492e-07
-2.44823e-09
-7.64613e-07
-1.53969e-09
-7.63416e-07
-5.93225e-10
-7.61886e-07
3.87999e-10
-7.60016e-07
1.40612e-09
-7.57796e-07
2.45996e-09
-7.55213e-07
3.5471e-09
-7.52259e-07
4.66768e-09
-7.48922e-07
5.82112e-09
-7.45193e-07
7.00684e-09
-7.4106e-07
8.22549e-09
-7.36514e-07
9.47911e-09
-7.31545e-07
1.07681e-08
-7.26142e-07
1.20915e-08
-7.20295e-07
1.34493e-08
-7.13991e-07
1.48412e-08
-7.07222e-07
1.62664e-08
-6.99975e-07
1.77248e-08
-6.92239e-07
1.92142e-08
-6.84006e-07
2.07317e-08
-6.75267e-07
2.22749e-08
-6.66013e-07
2.384e-08
-6.56239e-07
2.54214e-08
-6.4594e-07
2.7013e-08
-6.35116e-07
2.86081e-08
-6.23766e-07
3.01982e-08
-6.11896e-07
3.17741e-08
-5.99514e-07
3.33255e-08
-5.8663e-07
3.48414e-08
-5.73261e-07
3.63101e-08
-5.59427e-07
3.77193e-08
-5.45154e-07
3.90566e-08
-5.30469e-07
4.03093e-08
-5.15408e-07
4.1465e-08
-5.00009e-07
4.25118e-08
-4.84313e-07
4.34386e-08
-4.68368e-07
4.42354e-08
-4.52221e-07
4.48933e-08
-4.35926e-07
4.54054e-08
-4.19535e-07
4.57664e-08
-4.03103e-07
4.59729e-08
-3.86687e-07
4.60234e-08
-3.7034e-07
4.59183e-08
-3.54117e-07
4.56603e-08
-3.3807e-07
4.52539e-08
-3.22249e-07
4.47055e-08
-3.067e-07
4.4023e-08
-2.91466e-07
4.32157e-08
-2.76587e-07
4.2294e-08
-2.62097e-07
4.12692e-08
-2.48027e-07
4.01534e-08
-2.34402e-07
3.89589e-08
3.76982e-08
-7.28332e-07
-9.0747e-09
-7.31175e-07
-9.08483e-09
-7.33986e-07
-9.07232e-09
-7.36753e-07
-9.03446e-09
-7.39465e-07
-8.97246e-09
-7.42108e-07
-8.88581e-09
-7.44671e-07
-8.77048e-09
-7.4714e-07
-8.62918e-09
-7.49503e-07
-8.46137e-09
-7.51746e-07
-8.26185e-09
-7.53856e-07
-8.03495e-09
-7.55817e-07
-7.77987e-09
-7.57617e-07
-7.49346e-09
-7.5924e-07
-7.18149e-09
-7.60674e-07
-6.83388e-09
-7.61906e-07
-6.45785e-09
-7.62918e-07
-6.05557e-09
-7.63701e-07
-5.61729e-09
-7.6424e-07
-5.15339e-09
-7.64518e-07
-4.66324e-09
-7.64529e-07
-4.13874e-09
-7.64252e-07
-3.59659e-09
-7.63686e-07
-3.01513e-09
-7.62809e-07
-2.417e-09
-7.61616e-07
-1.78697e-09
-7.60088e-07
-1.14013e-09
-7.58222e-07
-4.595e-10
-7.56008e-07
2.45836e-10
-7.53429e-07
9.68613e-10
-7.50478e-07
1.71602e-09
-7.47144e-07
2.48641e-09
-7.43414e-07
3.27705e-09
-7.39277e-07
4.08938e-09
-7.34727e-07
4.92875e-09
-7.29751e-07
5.79284e-09
-7.24341e-07
6.68113e-09
-7.18485e-07
7.59314e-09
-7.12173e-07
8.52886e-09
-7.05393e-07
9.4873e-09
-6.98137e-07
1.0468e-08
-6.90394e-07
1.14707e-08
-6.82155e-07
1.24929e-08
-6.73412e-07
1.35323e-08
-6.6416e-07
1.45869e-08
-6.54391e-07
1.56532e-08
-6.44104e-07
1.67268e-08
-6.33299e-07
1.78031e-08
-6.21978e-07
1.88766e-08
-6.10145e-07
1.99412e-08
-5.97809e-07
2.099e-08
-5.84984e-07
2.20158e-08
-5.71685e-07
2.3011e-08
-5.57932e-07
2.39674e-08
-5.43752e-07
2.48768e-08
-5.29173e-07
2.57307e-08
-5.14229e-07
2.65211e-08
-4.98957e-07
2.724e-08
-4.83399e-07
2.78802e-08
-4.67598e-07
2.8435e-08
-4.51604e-07
2.88988e-08
-4.35466e-07
2.92668e-08
-4.19235e-07
2.95356e-08
-4.02964e-07
2.97028e-08
-3.86708e-07
2.97673e-08
-3.70519e-07
2.97292e-08
-3.54449e-07
2.95903e-08
-3.38549e-07
2.93535e-08
-3.22866e-07
2.90228e-08
-3.07445e-07
2.86031e-08
-2.9233e-07
2.81005e-08
-2.77558e-07
2.75216e-08
-2.63162e-07
2.68739e-08
-2.49174e-07
2.61651e-08
-2.35618e-07
2.54035e-08
2.45968e-08
-7.00949e-07
-5.54158e-09
-7.04455e-07
-5.57813e-09
-7.07924e-07
-5.6037e-09
-7.1134e-07
-5.61739e-09
-7.14693e-07
-5.61894e-09
-7.17971e-07
-5.60784e-09
-7.2116e-07
-5.58246e-09
-7.24245e-07
-5.54347e-09
-7.27216e-07
-5.49078e-09
-7.30056e-07
-5.42243e-09
-7.32752e-07
-5.33956e-09
-7.3529e-07
-5.24212e-09
-7.37656e-07
-5.12775e-09
-7.39838e-07
-4.99878e-09
-7.41819e-07
-4.8533e-09
-7.43585e-07
-4.69131e-09
-7.45126e-07
-4.51464e-09
-7.46422e-07
-4.32144e-09
-7.47462e-07
-4.11285e-09
-7.48239e-07
-3.88711e-09
-7.48732e-07
-3.64636e-09
-7.48936e-07
-3.39273e-09
-7.48831e-07
-3.12016e-09
-7.48413e-07
-2.83456e-09
-7.47662e-07
-2.53715e-09
-7.46582e-07
-2.22104e-09
-7.45149e-07
-1.89294e-09
-7.43354e-07
-1.54884e-09
-7.41193e-07
-1.19273e-09
-7.38658e-07
-8.19085e-10
-7.35739e-07
-4.32486e-10
-7.32418e-07
-4.40321e-11
-7.28676e-07
3.46245e-10
-7.2451e-07
7.63652e-10
-7.1991e-07
1.193e-09
-7.14864e-07
1.63483e-09
-7.0936e-07
2.08971e-09
-7.0339e-07
2.55783e-09
-6.96941e-07
3.03907e-09
-6.90005e-07
3.5325e-09
-6.82574e-07
4.03819e-09
-6.74637e-07
4.55583e-09
-6.66188e-07
5.08355e-09
-6.57222e-07
5.62014e-09
-6.47733e-07
6.16438e-09
-6.3772e-07
6.71398e-09
-6.27183e-07
7.26639e-09
-6.16126e-07
7.81902e-09
-6.04554e-07
8.36884e-09
-5.92477e-07
8.91248e-09
-5.79907e-07
9.44635e-09
-5.66863e-07
9.9666e-09
-5.53364e-07
1.04691e-08
-5.39436e-07
1.09497e-08
-5.2511e-07
1.14042e-08
-5.10417e-07
1.18284e-08
-4.95395e-07
1.22185e-08
-4.80086e-07
1.25708e-08
-4.64533e-07
1.28818e-08
-4.48783e-07
1.31487e-08
-4.32885e-07
1.33691e-08
-4.1689e-07
1.35411e-08
-4.0085e-07
1.36633e-08
-3.84817e-07
1.3735e-08
-3.68844e-07
1.37563e-08
-3.52981e-07
1.37278e-08
-3.37279e-07
1.36508e-08
-3.21783e-07
1.35271e-08
-3.06538e-07
1.33589e-08
-2.91587e-07
1.31491e-08
-2.76967e-07
1.2901e-08
-2.62711e-07
1.26181e-08
-2.4885e-07
1.23041e-08
-2.35409e-07
1.19629e-08
1.15982e-08
-4.72803e-07
-4.78382e-07
-4.83985e-07
-4.89603e-07
-4.95222e-07
-5.0083e-07
-5.06412e-07
-5.11956e-07
-5.17447e-07
-5.22869e-07
-5.28208e-07
-5.3345e-07
-5.38578e-07
-5.43576e-07
-5.4843e-07
-5.53122e-07
-5.57637e-07
-5.61958e-07
-5.66071e-07
-5.69958e-07
-5.73604e-07
-5.76997e-07
-5.80117e-07
-5.82952e-07
-5.85489e-07
-5.8771e-07
-5.89603e-07
-5.91152e-07
-5.92345e-07
-5.93164e-07
-5.93597e-07
-5.93641e-07
-5.93294e-07
-5.92531e-07
-5.91338e-07
-5.89703e-07
-5.87613e-07
-5.85055e-07
-5.82017e-07
-5.78484e-07
-5.74446e-07
-5.69891e-07
-5.64807e-07
-5.59187e-07
-5.53023e-07
-5.46309e-07
-5.39042e-07
-5.31224e-07
-5.22855e-07
-5.13943e-07
-5.04496e-07
-4.94529e-07
-4.8406e-07
-4.7311e-07
-4.61706e-07
-4.49878e-07
-4.37659e-07
-4.25088e-07
-4.12206e-07
-3.99057e-07
-3.85688e-07
-3.72147e-07
-3.58483e-07
-3.44748e-07
-3.30992e-07
-3.17264e-07
-3.03613e-07
-2.90086e-07
-2.76727e-07
-2.63578e-07
-2.50677e-07
-2.38059e-07
-2.25755e-07
-2.13792e-07
)
;

boundaryField
{
    leftWall
    {
        type            calculated;
        value           nonuniform List<scalar> 0();
    }
    rightWall
    {
        type            calculated;
        value           nonuniform List<scalar> 0();
    }
    lowerWall
    {
        type            calculated;
        value           uniform 0;
    }
    atmosphere
    {
        type            calculated;
        value           uniform 0;
    }
    defaultFaces
    {
        type            empty;
    }
    procBoundary2to1
    {
        type            processor;
        value           nonuniform List<scalar> 
40
(
-8.49968e-06
-8.20346e-06
-7.03137e-06
-1.86286e-06
1.10156e-07
8.52812e-07
9.01506e-07
7.85871e-07
7.28446e-07
7.19202e-07
7.20999e-07
7.22322e-07
7.22972e-07
7.2358e-07
7.2421e-07
7.24805e-07
7.2534e-07
7.25802e-07
7.26193e-07
7.26521e-07
7.26795e-07
7.2701e-07
7.27182e-07
7.27318e-07
7.27412e-07
7.27483e-07
7.27532e-07
7.2756e-07
7.27576e-07
7.27582e-07
7.27581e-07
7.27576e-07
7.27571e-07
7.2757e-07
7.2757e-07
7.27575e-07
7.27502e-07
7.25468e-07
6.97416e-07
4.67259e-07
)
;
    }
    procBoundary2to3
    {
        type            processor;
        value           nonuniform List<scalar> 
40
(
4.88093e-07
4.79105e-07
4.58987e-07
4.30478e-07
3.95561e-07
3.56208e-07
3.14282e-07
2.71389e-07
2.28821e-07
1.87539e-07
1.48212e-07
1.11259e-07
7.6904e-08
4.52241e-08
1.61908e-08
-1.04238e-08
-3.43787e-08
-5.61259e-08
-7.58072e-08
-9.35853e-08
-1.09631e-07
-1.2409e-07
-1.37102e-07
-1.48801e-07
-1.59305e-07
-1.68721e-07
-1.77145e-07
-1.84663e-07
-1.91349e-07
-1.97269e-07
-2.02482e-07
-2.07036e-07
-2.10976e-07
-2.14339e-07
-2.17155e-07
-2.1945e-07
-2.21245e-07
-2.22517e-07
-2.2241e-07
-2.02193e-07
)
;
    }
}


// ************************************************************************* //
