/*--------------------------------*- C++ -*----------------------------------*\
| =========                 |                                                 |
| \\      /  F ield         | OpenFOAM: The Open Source CFD Toolbox           |
|  \\    /   O peration     | Version:  2606                                  |
|   \\  /    A nd           | Website:  www.openfoam.com                      |
|    \\/     M anipulation  |                                                 |
\*---------------------------------------------------------------------------*/
FoamFile
{
    version     2.0;
    format      ascii;
    arch        "LSB;label=32;scalar=64";
    class       surfaceScalarField;
    location    "0.375";
    object      phi;
}
// * * * * * * * * * * * * * * * * * * * * * * * * * * * * * * * * * * * * * //

dimensions      [0 3 -1 0 0 0 0];

oriented        oriented;

internalField   nonuniform List<scalar> 
2270
(
5.1568518e-08
-5.1568514e-08
1.3384549e-07
-8.2276974e-08
2.2547753e-07
-9.1632043e-08
3.2167037e-07
-9.6192835e-08
4.2059796e-07
-9.8927597e-08
5.1909369e-07
-9.8495722e-08
6.1523908e-07
-9.614539e-08
7.0896317e-07
-9.3724091e-08
8.0073578e-07
-9.177261e-08
8.9088031e-07
-9.0144532e-08
9.7980594e-07
-8.8925622e-08
1.0680929e-06
-8.8286939e-08
1.1560719e-06
-8.7979022e-08
1.2439321e-06
-8.7860172e-08
1.3316634e-06
-8.7731304e-08
1.4190139e-06
-8.7350552e-08
1.5053016e-06
-8.6287623e-08
1.5895935e-06
-8.4291988e-08
1.671095e-06
-8.1501432e-08
1.7494122e-06
-7.8317266e-08
1.8244088e-06
-7.4996547e-08
1.8958895e-06
-7.1480718e-08
1.9636492e-06
-6.775971e-08
2.0279386e-06
-6.4289359e-08
2.0897296e-06
-6.1790973e-08
2.1506413e-06
-6.0911739e-08
2.2127821e-06
-6.2140774e-08
2.2782769e-06
-6.5494781e-08
2.3483047e-06
-7.002787e-08
2.422251e-06
-7.3946277e-08
2.4980632e-06
-7.5812209e-08
2.5732364e-06
-7.5173173e-08
2.6453951e-06
-7.215877e-08
2.7128813e-06
-6.7486201e-08
2.776742e-06
-6.3860635e-08
2.8383529e-06
-6.1610906e-08
2.8905316e-06
-5.2178761e-08
2.9369849e-06
-4.6453258e-08
2.9816134e-06
-4.4628541e-08
3.0261789e-06
-4.4565439e-08
3.0705064e-06
-4.4327568e-08
3.1131806e-06
-4.2674118e-08
3.1603333e-06
-4.7152774e-08
3.2237597e-06
-6.3426378e-08
3.3018231e-06
-7.806338e-08
3.3686244e-06
-6.6801347e-08
3.3973199e-06
-2.8695449e-08
3.4136631e-06
-1.6343257e-08
3.4385642e-06
-2.4901075e-08
3.4720951e-06
-3.3530836e-08
3.5122612e-06
-4.0166113e-08
3.5573062e-06
-4.5045046e-08
3.6087473e-06
-5.1441054e-08
3.6700387e-06
-6.1291437e-08
3.7411312e-06
-7.1092476e-08
3.8166124e-06
-7.5481215e-08
3.9036856e-06
-8.7073221e-08
4.0120603e-06
-1.0837468e-07
4.1385129e-06
-1.2645261e-07
4.2670232e-06
-1.2851033e-07
4.3553738e-06
-8.8350545e-08
4.3374858e-06
1.7888025e-08
4.3306888e-06
6.7969354e-09
4.4021034e-06
-7.1414632e-08
4.5424568e-06
-1.4035343e-07
4.7424946e-06
-2.0003787e-07
4.8623242e-06
-1.1982958e-07
4.5982948e-06
2.6402933e-07
3.6922689e-06
9.060264e-07
2.7107316e-06
9.8153702e-07
1.9610127e-06
7.4971924e-07
1.4337338e-06
5.2727933e-07
1.0522518e-06
3.8148214e-07
7.6970426e-07
2.825484e-07
5.6116248e-07
2.085419e-07
4.0857361e-07
1.525896e-07
2.9746407e-07
1.1110941e-07
2.1670997e-07
8.0753275e-08
1.580218e-07
5.8688005e-08
1.1533327e-07
4.2688882e-08
8.4245757e-08
3.1087222e-08
6.1580331e-08
2.2664829e-08
4.503861e-08
1.6541694e-08
3.2955352e-08
1.2083346e-08
2.4122252e-08
8.8328865e-09
1.7661511e-08
6.4606857e-09
1.2933999e-08
4.7276877e-09
9.4736055e-09
3.4604578e-09
6.9402238e-09
2.5334668e-09
5.0852423e-09
1.855325e-09
3.7266163e-09
1.3589804e-09
2.7312704e-09
9.9544459e-10
2.0020604e-09
7.2919196e-10
1.4678172e-09
5.3427676e-10
1.0762627e-09
3.9154311e-10
7.8917568e-10
2.8695266e-10
5.7872726e-10
2.103283e-10
4.2447632e-10
1.5424823e-10
3.1133309e-10
1.1314338e-10
2.282741e-10
8.2946938e-11
1.6739102e-10
6.0769039e-11
1.2291224e-10
4.4552982e-11
9.0457437e-11
3.2708367e-11
6.6692655e-11
2.3993627e-11
4.9216024e-11
1.7533763e-11
3.6359601e-11
1.2787824e-11
2.6898592e-11
9.3853926e-12
1.9875403e-11
6.9769545e-12
1.4588358e-11
5.240533e-12
1.0598515e-11
3.9537886e-12
7.622897e-12
3.0051286e-12
5.4210918e-12
2.2913799e-12
3.7401916e-12
1.7224911e-12
2.4148075e-12
1.2188114e-12
1.4342232e-12
7.6961914e-13
8.2771475e-13
4.6174296e-13
5.6310194e-13
3.138076e-13
4.4750138e-13
3.0740908e-13
2.834619e-13
3.192735e-13
2.8149981e-13
1.5162829e-07
-2.0319675e-07
2.4374947e-07
-1.7439815e-07
3.0895793e-07
-1.5684051e-07
3.6792958e-07
-1.551645e-07
4.3089902e-07
-1.6189705e-07
4.9717838e-07
-1.6477509e-07
5.6506305e-07
-1.6403006e-07
6.3480148e-07
-1.6346253e-07
7.0703371e-07
-1.6400485e-07
7.8206054e-07
-1.6517137e-07
8.588521e-07
-1.657172e-07
9.3626883e-07
-1.6570368e-07
1.0130989e-06
-1.6480911e-07
1.0880469e-06
-1.6280817e-07
1.1608017e-06
-1.6048619e-07
1.2320064e-06
-1.5855519e-07
1.3024248e-06
-1.567061e-07
1.3715969e-06
-1.5346406e-07
1.4386093e-06
-1.4851388e-07
1.5028324e-06
-1.4254037e-07
1.5640614e-06
-1.3622553e-07
1.6220218e-06
-1.2944111e-07
1.6760632e-06
-1.2180117e-07
1.7255274e-06
-1.1375358e-07
1.7698528e-06
-1.0611639e-07
1.8087782e-06
-9.9837142e-08
1.8433043e-06
-9.6666851e-08
1.8762545e-06
-9.8444978e-08
1.9112792e-06
-1.050526e-07
1.9512784e-06
-1.1394548e-07
2.0002633e-06
-1.2479714e-07
2.0606189e-06
-1.3552877e-07
2.1270808e-06
-1.3862066e-07
2.1895606e-06
-1.2996602e-07
2.2612468e-06
-1.3554684e-07
2.3654234e-06
-1.6578751e-07
2.2651065e-06
4.8138143e-08
2.022022e-06
1.9663129e-07
2.0779715e-06
-1.0057797e-07
2.3844498e-06
-3.5104369e-07
2.7977163e-06
-4.5759401e-07
3.2411185e-06
-4.8607609e-07
3.6840845e-06
-4.9011839e-07
4.1019004e-06
-4.8124185e-07
4.4683724e-06
-4.4453536e-07
4.7591042e-06
-3.5753345e-07
4.9542589e-06
-2.2385037e-07
5.0298571e-06
-9.1941358e-08
4.9914477e-06
1.3508278e-08
4.8389768e-06
1.1893973e-07
4.6305251e-06
1.6828538e-07
4.417809e-06
1.676711e-07
4.2448342e-06
1.2153396e-07
4.1245145e-06
5.9028432e-08
4.0958703e-06
-4.2448024e-08
4.1649341e-06
-1.4454518e-07
4.3466008e-06
-2.6874044e-07
4.5999862e-06
-3.617605e-07
4.8740903e-06
-4.0055676e-07
5.1440564e-06
-3.9847672e-07
5.3247977e-06
-2.6909133e-07
5.2841383e-06
5.85474e-08
5.0321675e-06
2.5876765e-07
5.0047497e-06
-4.3996873e-08
5.3943974e-06
-5.3000114e-07
5.7955336e-06
-6.0117404e-07
5.9733117e-06
-2.9760761e-07
5.8831754e-06
3.5416556e-07
5.1930605e-06
1.596141e-06
3.8764189e-06
2.2981788e-06
2.5670987e-06
2.0590383e-06
1.6772139e-06
1.4171645e-06
1.1297726e-06
9.2892393e-07
7.8002207e-07
6.322987e-07
5.4789461e-07
4.4066971e-07
3.8958689e-07
3.1089728e-07
2.7939672e-07
2.2129923e-07
2.0157528e-07
1.5857505e-07
1.4604713e-07
1.1421563e-07
1.0613708e-07
8.2597857e-08
7.7303535e-08
5.9920908e-08
5.6393401e-08
4.3575353e-08
4.1186961e-08
3.1747565e-08
3.0106613e-08
2.3163277e-08
2.2021386e-08
1.6918605e-08
1.6114988e-08
1.2367531e-08
1.1796561e-08
9.0460222e-09
8.6375717e-09
6.6195091e-09
6.3259403e-09
4.8456426e-09
4.6336552e-09
3.5480792e-09
3.3942902e-09
2.5983893e-09
2.4865309e-09
1.9031395e-09
1.821645e-09
1.394159e-09
1.3344979e-09
1.0214512e-09
9.7743798e-10
7.4841368e-10
7.1580288e-10
5.483704e-10
5.2421422e-10
4.0185077e-10
3.8389888e-10
2.9452769e-10
2.8104883e-10
2.158432e-10
2.057046e-10
1.5816896e-10
1.5066847e-10
1.1594987e-10
1.1053756e-10
8.505731e-11
8.1178365e-11
6.2374123e-11
5.9576123e-11
4.5642777e-11
4.3657647e-11
3.3332987e-11
3.1981762e-11
2.4368699e-11
2.3427475e-11
1.7918359e-11
1.7126038e-11
1.3260842e-11
1.2480077e-11
9.8543565e-12
9.123454e-12
7.328847e-12
6.7461048e-12
5.460975e-12
5.0003799e-12
4.0547533e-12
3.6007238e-12
2.958623e-12
2.4340069e-12
2.1008483e-12
1.5719368e-12
1.4501763e-12
1.0685307e-12
1.053671e-12
8.1990153e-13
8.4859587e-13
6.2991524e-13
7.3835243e-13
3.2407183e-13
6.5845006e-13
5.5920769e-13
1.3169933e-07
-3.3489608e-07
2.1421553e-07
-2.5691453e-07
2.7099343e-07
-2.1361752e-07
3.3621299e-07
-2.2038384e-07
3.583198e-07
-1.8400405e-07
3.2778865e-07
-1.3424401e-07
2.6778198e-07
-1.0402323e-07
2.0999773e-07
-1.0567797e-07
1.8561092e-07
-1.3961775e-07
2.0568794e-07
-1.8524826e-07
2.2564553e-07
-1.8567485e-07
2.3504028e-07
-1.7509858e-07
2.0873412e-07
-1.3850301e-07
1.5777347e-07
-1.1184741e-07
1.4523487e-07
-1.4794739e-07
1.6471221e-07
-1.7803244e-07
1.9887603e-07
-1.9087006e-07
2.403067e-07
-1.94895e-07
2.8327106e-07
-1.9147842e-07
3.2681691e-07
-1.8608616e-07
3.6828186e-07
-1.7769026e-07
4.0305175e-07
-1.6421087e-07
4.2782303e-07
-1.4657257e-07
4.3997118e-07
-1.2590205e-07
4.4015535e-07
-1.0630087e-07
4.3122953e-07
-9.0911407e-08
4.166125e-07
-8.2049714e-08
4.0097062e-07
-8.2802943e-08
3.8948583e-07
-9.3567766e-08
3.8889458e-07
-1.1335424e-07
4.0342891e-07
-1.3933146e-07
4.3432092e-07
-1.6642072e-07
4.8269721e-07
-1.8699692e-07
5.5212858e-07
-1.9939749e-07
6.3640246e-07
-2.1982096e-07
6.9554447e-07
-2.2492975e-07
8.0080618e-07
-5.7123648e-08
1.0131734e-06
-1.5735803e-08
1.1747872e-06
-2.6219166e-07
1.3270397e-06
-5.0329591e-07
1.5329832e-06
-6.6353712e-07
1.8063808e-06
-7.5947297e-07
2.1294765e-06
-8.1321361e-07
2.4719443e-06
-8.2370952e-07
2.8029462e-06
-7.755376e-07
3.1022376e-06
-6.5682514e-07
3.3581151e-06
-4.7972786e-07
3.5398997e-06
-2.7372607e-07
3.6082034e-06
-5.4795961e-08
3.5872328e-06
1.3991005e-07
3.4802094e-06
2.7530909e-07
3.3078605e-06
3.4002018e-07
3.0899118e-06
3.3948265e-07
2.9167515e-06
2.3218906e-07
2.9232082e-06
-4.8904102e-08
3.0462619e-06
-2.6759848e-07
3.2143214e-06
-4.3679931e-07
3.3640028e-06
-5.1144126e-07
3.4742045e-06
-5.1075813e-07
3.5312937e-06
-4.5556599e-07
3.5435493e-06
-2.8134704e-07
3.605455e-06
-3.3588346e-09
3.7408603e-06
1.2336239e-07
3.7921138e-06
-9.5250833e-08
3.9609896e-06
-6.9887676e-07
4.3327115e-06
-9.7289583e-07
4.5154385e-06
-4.8033457e-07
4.1777479e-06
6.9185591e-07
3.3191767e-06
2.4547129e-06
2.2788942e-06
3.3384619e-06
1.569517e-06
2.768416e-06
1.105491e-06
1.8811905e-06
7.8136786e-07
1.2530465e-06
5.5682148e-07
8.5684522e-07
4.0066838e-07
5.9682348e-07
2.903455e-07
4.2121988e-07
2.113552e-07
3.0028922e-07
1.5427763e-07
2.1565282e-07
1.127938e-07
1.5569892e-07
8.2539896e-08
1.1285113e-07
6.0433012e-08
8.2028172e-08
4.4260591e-08
5.9748095e-08
3.2421413e-08
4.3586433e-08
2.3751674e-08
3.1833062e-08
1.7401758e-08
2.3268988e-08
1.2749924e-08
1.7019413e-08
9.3417089e-09
1.2453987e-08
6.8447904e-09
9.116499e-09
5.0154506e-09
6.6752402e-09
3.6749663e-09
4.8885947e-09
2.6926883e-09
3.5806153e-09
1.9730126e-09
2.6229683e-09
1.4456567e-09
1.9217025e-09
1.0590384e-09
1.4079807e-09
7.7558523e-10
1.031573e-09
5.6793295e-10
7.558062e-10
4.1588136e-10
5.5381239e-10
3.0447886e-10
4.0581639e-10
2.2282629e-10
2.9735418e-10
1.6308483e-10
2.1791683e-10
1.1948338e-10
1.5976189e-10
8.7634813e-11
1.1713522e-10
6.4273963e-11
8.579715e-11
4.7111763e-11
6.2744823e-11
3.4557002e-11
4.5882881e-11
2.5393692e-11
3.3638859e-11
1.8644948e-11
2.4769461e-11
1.3610424e-11
1.8290028e-11
9.8834094e-12
1.3515565e-11
7.215077e-12
9.978021e-12
5.3309667e-12
7.3709626e-12
3.9178539e-12
5.4248529e-12
2.7521392e-12
3.9538456e-12
1.8185783e-12
2.8475814e-12
1.1862009e-12
2.0639074e-12
8.6896626e-13
1.5761657e-12
7.2428447e-13
1.2763801e-12
5.500828e-13
1.0690059e-12
2.7364755e-13
9.0836935e-13
7.6437196e-13
3.914708e-08
-3.7404298e-07
1.2873964e-07
-3.4650839e-07
1.9488358e-07
-2.7976165e-07
2.1647409e-07
-2.4197411e-07
2.0620115e-07
-1.737309e-07
1.6398172e-07
-9.2024295e-08
9.3897559e-08
-3.3938675e-08
2.8707666e-08
-4.0487694e-08
-8.8827183e-09
-1.0202719e-07
-2.5215437e-08
-1.6891564e-07
-6.8409584e-08
-1.4248093e-07
-1.9023272e-07
-5.3275566e-08
-3.6014825e-07
3.1412614e-08
-5.0145238e-07
2.9456935e-08
-5.7654352e-07
-7.2856184e-08
-6.2074464e-07
-1.3383155e-07
-6.5653357e-07
-1.5508149e-07
-6.7998822e-07
-1.7144058e-07
-6.9429464e-07
-1.7717192e-07
-7.0324165e-07
-1.7713892e-07
-7.0809829e-07
-1.7283352e-07
-7.0980317e-07
-1.6250625e-07
-7.084185e-07
-1.4795775e-07
-7.0329028e-07
-1.3103069e-07
-6.9522164e-07
-1.1436965e-07
-6.8548757e-07
-1.0064539e-07
-6.7530188e-07
-9.2235261e-08
-6.6580919e-07
-9.2295574e-08
-6.5747815e-07
-1.0189877e-07
-6.5063473e-07
-1.2019756e-07
-6.4611181e-07
-1.4385422e-07
-6.4373165e-07
-1.6880076e-07
-6.3941646e-07
-1.9131223e-07
-6.27324e-07
-2.1149028e-07
-6.1634608e-07
-2.3079925e-07
-6.0851487e-07
-2.3276115e-07
-4.6325683e-07
-2.0238166e-07
-2.4974426e-07
-2.2924818e-07
-1.4067637e-07
-3.7125928e-07
-7.915967e-08
-5.6481231e-07
3.3900062e-09
-7.4608646e-07
1.3056954e-07
-8.8665212e-07
3.0023613e-07
-9.8287992e-07
5.0174262e-07
-1.0252159e-06
7.1837491e-07
-9.9216994e-07
9.2907008e-07
-8.6752032e-07
1.1090863e-06
-6.5974427e-07
1.2404019e-06
-4.050421e-07
1.3336052e-06
-1.4799946e-07
1.3894986e-06
8.401696e-08
1.4252384e-06
2.3956969e-07
1.474016e-06
2.9124254e-07
1.5822104e-06
2.3128799e-07
1.742278e-06
7.2121077e-08
1.8910162e-06
-1.9764288e-07
1.9686836e-06
-3.4526598e-07
1.9683091e-06
-4.364246e-07
1.9351354e-06
-4.7826765e-07
1.9034245e-06
-4.7904727e-07
1.8981243e-06
-4.5026571e-07
1.973789e-06
-3.5701197e-07
2.1980005e-06
-2.2757074e-07
2.4911707e-06
-1.6980818e-07
2.6204735e-06
-2.2455402e-07
2.3056293e-06
-3.8403332e-07
1.7804783e-06
-4.4774556e-07
1.2211295e-06
7.9014416e-08
5.1678192e-07
1.3962031e-06
-1.2697491e-08
2.9841922e-06
1.0459893e-07
3.2211657e-06
3.2796655e-07
2.5450497e-06
3.8213063e-07
1.8270267e-06
3.4152439e-07
1.2936532e-06
2.7772138e-07
9.2064757e-07
2.1649556e-07
6.5804856e-07
1.6523515e-07
4.724805e-07
1.2455107e-07
3.4097351e-07
9.3129742e-08
2.4707406e-07
6.925083e-08
1.7957784e-07
5.1292521e-08
1.3080949e-07
3.7883322e-08
9.543733e-08
2.7921749e-08
6.9709781e-08
2.0548353e-08
5.0960171e-08
1.510513e-08
3.7276518e-08
1.1094559e-08
2.7279394e-08
8.1437869e-09
1.9969864e-08
5.9751569e-09
1.4622548e-08
4.3826008e-09
1.070917e-08
3.2136381e-09
7.8441917e-09
2.355968e-09
5.7462087e-09
1.727033e-09
4.2097292e-09
1.2659191e-09
3.0843759e-09
9.2769256e-10
2.2599395e-09
6.7951182e-10
1.6558144e-09
4.9754408e-10
1.2131532e-09
3.6427709e-10
8.8887244e-10
2.6667937e-10
6.5131289e-10
1.9514379e-10
4.772381e-10
1.4273614e-10
3.4969529e-10
1.0444614e-10
2.5627911e-10
7.6493213e-11
1.8784259e-10
5.6030138e-11
1.3762847e-10
4.1031817e-11
1.0074282e-10
3.0111566e-11
7.3706251e-11
2.2225025e-11
5.3994156e-11
1.6467531e-11
3.9667169e-11
1.2134278e-11
2.9211448e-11
8.8038476e-12
2.1527485e-11
6.3267777e-12
1.584654e-11
4.5804927e-12
1.1662357e-11
3.3682091e-12
8.5806205e-12
2.43644e-12
6.3008468e-12
1.6362354e-12
4.6264423e-12
1.0383009e-12
3.3717982e-12
6.8515551e-13
2.5263432e-12
5.6116608e-13
1.9657616e-12
5.0161013e-13
1.5860427e-12
3.7924282e-13
1.27572e-12
1.5338744e-13
1.0562729e-12
8.546887e-13
-1.1804147e-07
-2.5600062e-07
-1.9741815e-07
-2.6713175e-07
-2.4186689e-07
-2.3531301e-07
-2.8010386e-07
-2.0373701e-07
-3.2929208e-07
-1.2454251e-07
-3.9251063e-07
-2.8805503e-08
-4.3760053e-07
1.115154e-08
-4.4399216e-07
-3.40958e-08
-4.4188383e-07
-1.0413541e-07
-4.7000434e-07
-1.4079522e-07
-4.9649438e-07
-1.1599103e-07
-5.1166128e-07
-3.8108699e-08
-5.11383e-07
3.1134439e-08
-4.9222383e-07
1.0297903e-08
-4.9987912e-07
-6.5200878e-08
-5.3041094e-07
-1.0329986e-07
-5.6994239e-07
-1.155502e-07
-6.1582737e-07
-1.2555563e-07
-6.6381416e-07
-1.2918503e-07
-7.1078141e-07
-1.3017158e-07
-7.5539302e-07
-1.2822201e-07
-7.9556212e-07
-1.2233744e-07
-8.3030086e-07
-1.1321932e-07
-8.5901759e-07
-1.0231415e-07
-8.8192276e-07
-9.1464503e-08
-9.0003864e-07
-8.2529463e-08
-9.148259e-07
-7.7447925e-08
-9.2875149e-07
-7.8369809e-08
-9.4409575e-07
-8.6554186e-08
-9.6300195e-07
-1.0129097e-07
-9.866192e-07
-1.2023669e-07
-1.0143297e-06
-1.4109024e-07
-1.0436412e-06
-1.6200094e-07
-1.0729849e-06
-1.8214695e-07
-1.1041189e-06
-1.9966569e-07
-1.1254753e-06
-2.1140488e-07
-1.0964697e-06
-2.3138707e-07
-1.0341205e-06
-2.9159715e-07
-1.0015293e-06
-4.0385017e-07
-1.0150944e-06
-5.5124719e-07
-1.0554685e-06
-7.0571218e-07
-1.0984766e-06
-8.4364371e-07
-1.128739e-06
-9.5261719e-07
-1.1341717e-06
-1.0197832e-06
-1.1033382e-06
-1.0230035e-06
-1.0276328e-06
-9.4322587e-07
-9.0742389e-07
-7.7995342e-07
-7.5942913e-07
-5.5303694e-07
-6.0793049e-07
-2.9949786e-07
-4.6576024e-07
-5.8153116e-08
-3.2606483e-07
9.987401e-08
-2.0625584e-07
1.7143347e-07
-1.2309188e-07
1.4812441e-07
-8.6017222e-08
3.5046505e-08
-1.8877706e-07
-9.4883e-08
-2.9913368e-07
-2.3490908e-07
-4.0216952e-07
-3.3338871e-07
-5.0046767e-07
-3.7997011e-07
-5.9495163e-07
-3.8456304e-07
-6.8815361e-07
-3.5706318e-07
-7.4286354e-07
-3.0230166e-07
-7.3914565e-07
-2.3128887e-07
-7.3232483e-07
-1.7662897e-07
-8.110869e-07
-1.4579302e-07
-1.1030737e-06
-9.2045583e-08
-1.6372593e-06
8.6440083e-08
-2.2680249e-06
7.0978072e-07
-2.5063205e-06
1.6344985e-06
-1.9121127e-06
2.3899845e-06
-1.07333e-06
2.3823827e-06
-4.9903763e-07
1.9707568e-06
-2.0094447e-07
1.5289334e-06
-6.18742e-08
1.1545844e-06
6.1583287e-10
8.5815806e-07
2.4961222e-08
6.3370299e-07
3.0858803e-08
4.6658285e-07
2.9086285e-08
3.4274554e-07
2.4688823e-08
2.514713e-07
1.9873574e-08
1.8439356e-07
1.5514619e-08
1.3516858e-07
1.1881369e-08
9.9070206e-08
8.9839489e-09
7.2607277e-08
6.7339006e-09
5.3210621e-08
5.0160589e-09
3.8994248e-08
3.719756e-09
2.8575228e-08
2.7497479e-09
2.0939755e-08
2.0280961e-09
1.5344427e-08
1.4932221e-09
1.1244133e-08
1.0979268e-09
8.2394098e-09
8.0659992e-10
6.037653e-09
5.9230206e-10
4.4243513e-09
4.3465131e-10
3.2421374e-09
3.1856873e-10
2.3756931e-09
2.3318135e-10
1.7406981e-09
1.7057607e-10
1.2754314e-09
1.2475475e-10
9.3457412e-10
9.1175283e-11
6.8481271e-10
6.6548691e-11
5.0177526e-10
4.8551274e-11
3.6766899e-10
3.5438346e-11
2.6942672e-10
2.5856944e-11
1.9740656e-10
1.8839167e-11
1.4456509e-10
1.377986e-11
1.0582529e-10
1.0246926e-11
7.7511799e-11
7.7850216e-12
5.6878119e-11
5.9219988e-12
4.1821971e-11
4.3709046e-12
3.0749389e-11
3.0652308e-12
2.2608845e-11
2.1093255e-12
1.6596009e-11
1.5062423e-12
1.2194236e-11
1.1102517e-12
8.9718436e-12
7.6065048e-13
6.6045882e-12
4.3851883e-13
4.8762833e-12
1.9298163e-13
3.63786e-12
1.1733972e-13
2.7828598e-12
1.6731053e-13
2.1743712e-12
2.047399e-13
1.7245288e-12
1.5157701e-13
1.3387693e-12
3.7473247e-14
1.0739481e-12
8.6193301e-13
-2.3082502e-07
-2.5175265e-08
-3.9938938e-07
-9.8566917e-08
-4.8109252e-07
-1.5360986e-07
-5.0570165e-07
-1.7912784e-07
-4.8997962e-07
-1.4026449e-07
-4.4712956e-07
-7.1655439e-08
-3.9687556e-07
-3.9102268e-08
-3.7293498e-07
-5.803618e-08
-3.8896493e-07
-8.8105408e-08
-4.3091745e-07
-9.8842788e-08
-4.6382332e-07
-8.3085304e-08
-4.5597238e-07
-4.5959704e-08
-4.1018993e-07
-1.4647953e-08
-3.7770731e-07
-2.2184611e-08
-3.8841469e-07
-5.4493414e-08
-4.2315259e-07
-6.8561955e-08
-4.642043e-07
-7.4498505e-08
-5.0997221e-07
-7.9787727e-08
-5.577532e-07
-8.1404079e-08
-6.0655921e-07
-8.1365676e-08
-6.5510535e-07
-7.9676032e-08
-7.0142537e-07
-7.601756e-08
-7.4410914e-07
-7.0535644e-08
-7.8242197e-07
-6.4001364e-08
-8.1628598e-07
-5.7600526e-08
-8.4618608e-07
-5.2629325e-08
-8.7324887e-07
-5.0384895e-08
-8.9950453e-07
-5.2113664e-08
-9.2753508e-07
-5.8523075e-08
-9.5950024e-07
-6.932545e-08
-9.9626873e-07
-8.3468139e-08
-1.0372858e-06
-1.000733e-07
-1.0809886e-06
-1.182985e-07
-1.1258341e-06
-1.3730173e-07
-1.1691717e-06
-1.5632836e-07
-1.2031935e-06
-1.7738309e-07
-1.2229654e-06
-2.1161494e-07
-1.2431945e-06
-2.7136795e-07
-1.2877144e-06
-3.5933035e-07
-1.371923e-06
-4.6703882e-07
-1.4978282e-06
-5.7980691e-07
-1.6577889e-06
-6.8368258e-07
-1.8420041e-06
-7.6840162e-07
-2.0391001e-06
-8.2268708e-07
-2.231194e-06
-8.3090973e-07
-2.3961006e-06
-7.7831944e-07
-2.5136274e-06
-6.6242681e-07
-2.5702633e-06
-4.9640099e-07
-2.564622e-06
-3.0513919e-07
-2.5032189e-06
-1.1955641e-07
-2.4227496e-06
1.9404336e-08
-2.3456828e-06
9.4366652e-08
-2.2880725e-06
9.0514521e-08
-2.2691265e-06
1.610053e-08
-2.2858164e-06
-7.819309e-08
-2.3510708e-06
-1.6965461e-07
-2.4455081e-06
-2.3895132e-07
-2.5505082e-06
-2.7496991e-07
-2.6538942e-06
-2.8117751e-07
-2.7477242e-06
-2.632332e-07
-2.8228279e-06
-2.271985e-07
-2.874006e-06
-1.8011047e-07
-2.9219451e-06
-1.2868854e-07
-3.0088901e-06
-5.8847416e-08
-3.1481484e-06
4.7212102e-08
-3.359446e-06
2.9773774e-07
-3.3941953e-06
7.4452976e-07
-3.0303436e-06
1.2706463e-06
-2.2498833e-06
1.6095238e-06
-1.4720011e-06
1.6045007e-06
-9.2180307e-07
1.4205603e-06
-5.7155007e-07
1.1786804e-06
-3.5574072e-07
9.3877393e-07
-2.2496387e-07
7.2738106e-07
-1.4503991e-07
5.5377971e-07
-9.5237715e-08
4.1678047e-07
-6.3711043e-08
3.1121803e-07
-4.3371291e-08
2.3113139e-07
-2.9981666e-08
1.7100437e-07
-2.0995169e-08
1.2618219e-07
-1.4857676e-08
9.2932493e-08
-1.060211e-08
6.835166e-08
-7.6144946e-09
5.022298e-08
-5.496174e-09
3.68757e-08
-3.982246e-09
2.7061211e-08
-2.8934719e-09
1.9851231e-08
-2.1068864e-09
1.4558077e-08
-1.5367215e-09
1.0673975e-08
-1.1222039e-09
7.8249474e-09
-8.2008863e-10
5.7358135e-09
-5.9967666e-10
4.2041287e-09
-4.3892537e-10
3.081164e-09
-3.2165414e-10
2.2579233e-09
-2.3591311e-10
1.6545614e-09
-1.7308504e-10
1.2124505e-09
-1.2705396e-10
8.8848179e-10
-9.3366878e-11
6.5102969e-10
-6.8680257e-11
4.7700167e-10
-5.0529023e-11
3.494887e-10
-3.7198549e-11
2.560582e-10
-2.7445264e-11
1.875579e-10
-2.0250076e-11
1.3734147e-10
-1.4792106e-11
1.0059556e-10
-1.0583571e-11
7.3783025e-11
-7.4537458e-12
5.4212799e-11
-5.3044394e-12
3.9830808e-11
-3.9911431e-12
2.9246904e-11
-3.0913113e-12
2.1390369e-11
-2.3744519e-12
1.5667649e-11
-1.7438587e-12
1.1508491e-11
-1.2825834e-12
8.5033632e-12
-1.0299615e-12
6.3079698e-12
-8.8131476e-13
4.6889536e-12
-7.2453614e-13
3.5418885e-12
-5.0917396e-13
2.7374664e-12
-3.100954e-13
2.1501365e-12
-1.6774133e-13
1.6487379e-12
-1.1886218e-13
1.2404811e-12
-9.4549097e-14
9.7990273e-13
7.9398065e-13
-2.3544679e-07
2.102716e-07
-3.6808506e-07
3.4071797e-08
-4.3262897e-07
-8.9066096e-08
-4.4278757e-07
-1.6896944e-07
-4.034433e-07
-1.7960887e-07
-3.4216539e-07
-1.329333e-07
-2.8960959e-07
-9.1657882e-08
-2.6776019e-07
-7.9885395e-08
-2.7658504e-07
-7.9280509e-08
-3.0299528e-07
-7.2432687e-08
-3.3032461e-07
-5.5756189e-08
-3.4327545e-07
-3.3009008e-08
-3.4133406e-07
-1.6589295e-08
-3.4302093e-07
-2.0497545e-08
-3.6565975e-07
-3.1854383e-08
-3.9705133e-07
-3.7170238e-08
-4.3078267e-07
-4.0767187e-08
-4.6740576e-07
-4.3164786e-08
-5.0534331e-07
-4.3466726e-08
-5.4427783e-07
-4.2431283e-08
-5.837955e-07
-4.0158357e-08
-6.2291644e-07
-3.6896499e-08
-6.6052015e-07
-3.293184e-08
-6.9596544e-07
-2.8556078e-08
-7.2923023e-07
-2.4335788e-08
-7.6089846e-07
-2.0960995e-08
-7.920104e-07
-1.9272596e-08
-8.239226e-07
-2.0200979e-08
-8.5794087e-07
-2.450449e-08
-8.9494086e-07
-3.2325474e-08
-9.3555288e-07
-4.2856324e-08
-9.7947159e-07
-5.6154737e-08
-1.0259304e-06
-7.1839796e-08
-1.0735991e-06
-8.963304e-08
-1.1200088e-06
-1.0991883e-07
-1.1617245e-06
-1.3566735e-07
-1.2001758e-06
-1.7316368e-07
-1.2442185e-06
-2.2732538e-07
-1.3057676e-06
-2.9778157e-07
-1.3945024e-06
-3.7830406e-07
-1.5153125e-06
-4.5899643e-07
-1.6689573e-06
-5.3003745e-07
-1.8537572e-06
-5.8360175e-07
-2.064175e-06
-6.1226941e-07
-2.2873955e-06
-6.076894e-07
-2.5021393e-06
-5.6357582e-07
-2.6839774e-06
-4.8058913e-07
-2.813017e-06
-3.6736169e-07
-2.8785904e-06
-2.3956584e-07
-2.8790407e-06
-1.1910585e-07
-2.8313534e-06
-2.828253e-08
-2.7576013e-06
2.0615163e-08
-2.6901023e-06
2.3015612e-08
-2.659541e-06
-1.4461142e-08
-2.6693515e-06
-6.8382881e-08
-2.7160894e-06
-1.2291688e-07
-2.7895037e-06
-1.6553675e-07
-2.8746754e-06
-1.8979803e-07
-2.9604003e-06
-1.9545353e-07
-3.0392274e-06
-1.8440536e-07
-3.1071224e-06
-1.5930378e-07
-3.1634832e-06
-1.2374968e-07
-3.2130843e-06
-7.9087582e-08
-3.256685e-06
-1.5246924e-08
-3.3087922e-06
9.9319678e-08
-3.299912e-06
2.8885694e-07
-3.1171399e-06
5.6175796e-07
-2.69258e-06
8.4608729e-07
-2.1136658e-06
1.0306096e-06
-1.5693318e-06
1.060166e-06
-1.1315445e-06
9.8277291e-07
-8.0332393e-07
8.5045996e-07
-5.6676833e-07
7.0221837e-07
-4.0014984e-07
5.6076214e-07
-2.8366579e-07
4.3729549e-07
-2.0212797e-07
3.3524273e-07
-1.4477934e-07
2.5386934e-07
-1.0419606e-07
1.9054784e-07
-7.529343e-08
1.4210151e-07
-5.4587949e-08
1.0547678e-07
-3.9679682e-08
7.8024374e-08
-2.8901071e-08
5.7572952e-08
-2.1082638e-08
4.2404321e-08
-1.5396974e-08
3.119003e-08
-1.1254264e-08
2.2918766e-08
-8.2314771e-09
1.6828682e-08
-6.0235568e-09
1.2350184e-08
-4.4094649e-09
9.0599064e-09
-3.2286299e-09
6.6443412e-09
-2.364393e-09
4.8718256e-09
-1.7318564e-09
3.5715319e-09
-1.2689105e-09
2.6178548e-09
-9.2995312e-10
1.9186151e-09
-6.8163311e-10
1.4060978e-09
-4.9969245e-10
1.030468e-09
-3.6643077e-10
7.5512086e-10
-2.6880978e-10
5.5326876e-10
-1.9723214e-10
4.0534165e-10
-1.4473111e-10
2.969533e-10
-1.0626699e-10
2.1752862e-10
-7.8077652e-11
1.593128e-10
-5.728998e-11
1.1668849e-10
-4.1814702e-11
8.5543989e-11
-3.0296604e-11
6.2811207e-11
-2.1886485e-11
4.6148186e-11
-1.5950381e-11
3.3853035e-11
-1.1796206e-11
2.4770771e-11
-8.8283659e-12
1.808661e-11
-6.5705984e-12
1.3232396e-11
-4.8287594e-12
9.72065e-12
-3.5545714e-12
7.1980623e-12
-2.6803689e-12
5.370257e-12
-2.064641e-12
4.0294216e-12
-1.5621985e-12
3.0685004e-12
-1.1444759e-12
2.3912039e-12
-8.0410076e-13
1.8398003e-12
-5.7228189e-13
1.3683692e-12
-4.1560969e-13
1.0159054e-12
-2.2014208e-13
7.9368185e-13
6.7297164e-13
-1.296849e-07
3.3995647e-07
-2.5086784e-07
1.5525489e-07
-2.9285935e-07
-4.7074986e-08
-3.2010178e-07
-1.4172752e-07
-3.1655077e-07
-1.8316023e-07
-2.9137505e-07
-1.5810908e-07
-2.7492295e-07
-1.0810982e-07
-2.7695507e-07
-7.7853121e-08
-2.9318843e-07
-6.3047189e-08
-3.1293491e-07
-5.268648e-08
-3.2883462e-07
-3.9856789e-08
-3.3929421e-07
-2.2549569e-08
-3.4854377e-07
-7.3396212e-09
-3.6717183e-07
-1.8691782e-09
-3.9691499e-07
-2.1109325e-09
-4.30847e-07
-3.2381367e-09
-4.6595322e-07
-5.6611352e-09
-5.0108669e-07
-8.0316249e-09
-5.3552647e-07
-9.0271572e-09
-5.695564e-07
-8.4012967e-09
-6.0332485e-07
-6.3896131e-09
-6.3657264e-07
-3.6483637e-09
-6.6866699e-07
-8.3732407e-10
-6.9938888e-07
2.1657687e-09
-7.2856097e-07
4.8362552e-09
-7.5632133e-07
6.7995238e-09
-7.8345467e-07
7.8610105e-09
-8.1129873e-07
7.6431822e-09
-8.4115363e-07
5.350185e-09
-8.7379865e-07
3.1920999e-10
-9.1082224e-07
-5.8328105e-09
-9.5170209e-07
-1.5274655e-08
-9.9620254e-07
-2.7339104e-08
-1.043415e-06
-4.2420531e-08
-1.0925145e-06
-6.0819386e-08
-1.143431e-06
-8.475102e-08
-1.198564e-06
-1.1803087e-07
-1.2628403e-06
-1.6304952e-07
-1.3417554e-06
-2.1886669e-07
-1.4389029e-06
-2.8115645e-07
-1.5550363e-06
-3.4286282e-07
-1.6888448e-06
-3.9622907e-07
-1.8380985e-06
-4.3434827e-07
-1.9989501e-06
-4.5141785e-07
-2.1639659e-06
-4.4267348e-07
-2.3215828e-06
-4.059593e-07
-2.4581197e-06
-3.4405257e-07
-2.5606667e-06
-2.648147e-07
-2.6206439e-06
-1.7958845e-07
-2.6378826e-06
-1.0186699e-07
-2.6224867e-06
-4.3678084e-08
-2.590929e-06
-1.0942681e-08
-2.5630729e-06
-4.8406773e-09
-2.5540134e-06
-2.3520261e-08
-2.569418e-06
-5.2978039e-08
-2.6089103e-06
-8.3424641e-08
-2.6669149e-06
-1.0753243e-07
-2.7351423e-06
-1.2157044e-07
-2.8057517e-06
-1.2484319e-07
-2.8721739e-06
-1.1798377e-07
-2.929447e-06
-1.0203075e-07
-2.9752899e-06
-7.7907585e-08
-3.0104808e-06
-4.3896429e-08
-3.0304507e-06
4.7225394e-09
-3.0186052e-06
8.7474621e-08
-2.9404017e-06
2.1065485e-07
-2.7460722e-06
3.6742855e-07
-2.420931e-06
5.2094573e-07
-2.0147086e-06
6.2438741e-07
-1.6075424e-06
6.5299986e-07
-1.244786e-06
6.2001538e-07
-9.4421553e-07
5.4988934e-07
-7.0641865e-07
4.6442232e-07
-5.23958e-07
3.7830074e-07
-3.8658836e-07
2.9992479e-07
-2.8435938e-07
2.3301399e-07
-2.0879856e-07
1.7830906e-07
-1.5316817e-07
1.3491727e-07
-1.1230118e-07
1.0123421e-07
-8.2315304e-08
7.5491156e-08
-6.0327473e-08
5.6036935e-08
-4.4209952e-08
4.1455408e-08
-3.2397411e-08
3.0591584e-08
-2.3740545e-08
2.2533187e-08
-1.739662e-08
1.6574971e-08
-1.2747901e-08
1.2179955e-08
-9.3414323e-09
8.9436817e-09
-6.8451425e-09
6.5637878e-09
-5.0158161e-09
4.8153108e-09
-3.6753987e-09
3.5315276e-09
-2.6933635e-09
2.5893444e-09
-1.9738834e-09
1.8981642e-09
-1.4466721e-09
1.3913309e-09
-1.0603367e-09
1.0197664e-09
-7.7729028e-10
7.4733873e-10
-5.699306e-10
5.475828e-10
-4.1795377e-10
4.0115076e-10
-3.0650974e-10
2.9385655e-10
-2.2481602e-10
2.1524471e-10
-1.6496532e-10
1.5764265e-10
-1.2105233e-10
1.1545502e-10
-8.8680691e-11
8.4615244e-11
-6.4729465e-11
6.2103154e-11
-4.7083159e-11
4.5630909e-11
-3.4268213e-11
3.3486868e-11
-2.5107476e-11
2.4490508e-11
-1.8538291e-11
1.7838506e-11
-1.373226e-11
1.2987503e-11
-1.0118421e-11
9.4769268e-12
-7.4196242e-12
6.9597179e-12
-5.4569652e-12
5.1598726e-12
-4.0284294e-12
3.83773e-12
-2.9996534e-12
2.907148e-12
-2.2476838e-12
2.2463876e-12
-1.6740894e-12
1.735101e-12
-1.2459943e-12
1.2908382e-12
-9.4753537e-13
9.5303796e-13
-6.5780347e-13
7.0539148e-13
-3.1051021e-13
5.776357e-13
5.2699408e-13
1.0908182e-07
2.3087442e-07
1.1559937e-07
1.4873718e-07
6.4530995e-08
3.9929747e-09
-6.1852084e-09
-7.1011801e-08
-8.3123444e-08
-1.0622228e-07
-1.3791387e-07
-1.0331866e-07
-1.749986e-07
-7.102494e-08
-2.0939748e-07
-4.3454193e-08
-2.4508164e-07
-2.7363222e-08
-2.7987206e-07
-1.7896441e-08
-3.1028123e-07
-9.4479559e-09
-3.3289407e-07
6.3204723e-11
-3.4924744e-07
9.0139896e-09
-3.6538516e-07
1.426891e-08
-3.8326722e-07
1.5771357e-08
-4.0170753e-07
1.5202111e-08
-4.2091522e-07
1.354625e-08
-4.4072113e-07
1.1773988e-08
-4.6030064e-07
1.0552339e-08
-4.7905097e-07
1.0349361e-08
-4.9672093e-07
1.1280859e-08
-5.1316125e-07
1.2792346e-08
-5.2843787e-07
1.4439397e-08
-5.4220395e-07
1.5931754e-08
-5.5430877e-07
1.694103e-08
-5.6510699e-07
1.7597749e-08
-5.7500099e-07
1.7754872e-08
-5.8483947e-07
1.748122e-08
-5.9577879e-07
1.6288993e-08
-6.0941424e-07
1.3954482e-08
-6.2579233e-07
1.0545641e-08
-6.4674293e-07
5.6765399e-09
-6.7320042e-07
-8.8129282e-10
-7.0569185e-07
-9.9291642e-09
-7.4629953e-07
-2.0211952e-08
-7.9792996e-07
-3.3120871e-08
-8.6521242e-07
-5.0748762e-08
-9.5372658e-07
-7.4535622e-08
-1.0685499e-06
-1.0404339e-07
-1.2112918e-06
-1.3841447e-07
-1.3794157e-06
-1.7473921e-07
-1.5664017e-06
-2.092434e-07
-1.7628727e-06
-2.3787732e-07
-1.9577178e-06
-2.5657267e-07
-2.1391664e-06
-2.6122517e-07
-2.2961894e-06
-2.4893661e-07
-2.4204175e-06
-2.1982428e-07
-2.5078027e-06
-1.7742919e-07
-2.5589847e-06
-1.2840653e-07
-2.5796134e-06
-8.1238346e-08
-2.5798523e-06
-4.3439113e-08
-2.5704496e-06
-2.0345515e-08
-2.5617355e-06
-1.3554867e-08
-2.565531e-06
-1.9724268e-08
-2.5847244e-06
-3.3784895e-08
-2.6178177e-06
-5.0331119e-08
-2.6611332e-06
-6.4216923e-08
-2.7101272e-06
-7.2577196e-08
-2.7603063e-06
-7.466463e-08
-2.8074723e-06
-7.0817858e-08
-2.8480052e-06
-6.1498094e-08
-2.8792116e-06
-4.6699999e-08
-2.8977678e-06
-2.5339916e-08
-2.8973751e-06
4.330383e-09
-2.8581147e-06
4.8214202e-08
-2.7563294e-06
1.0886939e-07
-2.5700005e-06
1.8109934e-07
-2.2983104e-06
2.4925604e-07
-1.9695901e-06
2.9566667e-07
-1.6276545e-06
3.1106461e-07
-1.3066329e-06
2.9899364e-07
-1.0255319e-06
2.6878743e-07
-7.9101653e-07
2.2990685e-07
-6.021052e-07
1.8938941e-07
-4.5377402e-07
1.5159325e-07
-3.3946433e-07
1.187042e-07
-2.5256594e-07
9.1410834e-08
-1.8715787e-07
6.9509382e-08
-1.3827925e-07
5.2355899e-08
-1.0194401e-07
3.9156358e-08
-7.503652e-08
2.9129701e-08
-5.5166389e-08
2.1585176e-08
-4.0523013e-08
1.5947971e-08
-2.9747588e-08
1.1757591e-08
-2.1827181e-08
8.6544328e-09
-1.6010088e-08
6.3627834e-09
-1.1740242e-08
4.6739423e-09
-8.6074179e-09
3.4312475e-09
-6.3096552e-09
2.5177913e-09
-4.6248956e-09
1.8468219e-09
-3.3898544e-09
1.3542641e-09
-2.4845532e-09
9.9288652e-10
-1.8210004e-09
7.2784253e-10
-1.3347303e-09
5.3345722e-10
-9.7843584e-10
3.9086586e-10
-7.1734014e-10
2.8630063e-10
-5.2593714e-10
2.0967433e-10
-3.8560983e-10
1.5353936e-10
-2.827753e-10
1.1241239e-10
-2.0741114e-10
8.2293865e-11
-1.5207563e-10
6.0286378e-11
-1.1131333e-10
4.4243131e-11
-8.126724e-11
3.2536252e-11
-5.9236498e-11
2.3912357e-11
-4.3246827e-11
1.7486126e-11
-3.1712144e-11
1.2687567e-11
-2.3345152e-11
9.1467528e-12
-1.7187212e-11
6.5999966e-12
-1.2614337e-11
4.7793849e-12
-9.2312805e-12
3.4800142e-12
-6.753425e-12
2.5551021e-12
-4.9776546e-12
1.9033892e-12
-3.6981513e-12
1.4539387e-12
-2.7618437e-12
1.117581e-12
-2.0972687e-12
8.5453321e-13
-1.6259618e-12
6.2047432e-13
-1.2305813e-12
4.6347123e-13
-8.1609297e-13
3.757289e-13
-3.4504386e-13
3.5846058e-13
3.6869832e-13
2.3087399e-07
3.7961074e-07
3.8360335e-07
3.1259137e-07
2.063691e-07
1.0305058e-07
3.2025703e-08
-1.1428597e-08
-3.8792062e-08
-5.6688723e-08
-6.6136726e-08
-6.6073366e-08
-5.7059133e-08
-4.2790065e-08
-2.701875e-08
-1.1816843e-08
1.7292083e-09
1.3503188e-08
2.405576e-08
3.4405469e-08
4.568658e-08
5.8478959e-08
7.2918245e-08
8.8849898e-08
1.0579087e-07
1.2338848e-07
1.4114304e-07
1.5862393e-07
1.7491288e-07
1.8886766e-07
1.9941374e-07
2.0509045e-07
2.0420905e-07
1.9427972e-07
1.7406761e-07
1.4094663e-07
9.0197786e-08
1.5662122e-08
-8.8381343e-08
-2.2679605e-07
-4.0153551e-07
-6.1077889e-07
-8.4865607e-07
-1.1052288e-06
-1.3664542e-06
-1.6153907e-06
-1.8352149e-06
-2.0126443e-06
-2.141051e-06
-2.2222893e-06
-2.2657281e-06
-2.2860733e-06
-2.2996284e-06
-2.3193533e-06
-2.3531383e-06
-2.4034696e-06
-2.4676872e-06
-2.5402638e-06
-2.6149283e-06
-2.685745e-06
-2.7472439e-06
-2.7939436e-06
-2.819283e-06
-2.8149532e-06
-2.7667395e-06
-2.6578697e-06
-2.4767705e-06
-2.2275145e-06
-1.9318482e-06
-1.6207834e-06
-1.3217894e-06
-1.0530026e-06
-8.2309628e-07
-6.3370659e-07
-4.8211308e-07
-3.63409e-07
-2.719982e-07
-2.0248846e-07
-1.5013216e-07
-1.1097572e-07
-8.18462e-08
-6.0261235e-08
-4.43134e-08
-3.2555897e-08
-2.39015e-08
-1.7538637e-08
-1.2864515e-08
-9.4331088e-09
-6.9152607e-09
-5.0684377e-09
-3.7141456e-09
-2.7212168e-09
-1.9934005e-09
-1.4600567e-09
-1.0693061e-09
-7.8303987e-10
-5.7333698e-10
-4.1977778e-10
-3.0736191e-10
-2.2500021e-10
-1.6451842e-10
-1.2000953e-10
-8.7285591e-11
-6.3371474e-11
-4.6045152e-11
-3.3559096e-11
-2.4552807e-11
-1.8017693e-11
-1.327826e-11
-9.8612438e-12
-7.4017158e-12
-5.6138107e-12
-4.2874434e-12
-3.3043624e-12
-2.5658043e-12
-1.9927058e-12
-1.4663063e-12
-9.2604372e-13
-3.6869702e-13
)
;

boundaryField
{
    leftWall
    {
        type            calculated;
        value           uniform 0;
    }
    rightWall
    {
        type            calculated;
        value           uniform 0;
    }
    lowerWall
    {
        type            calculated;
        value           uniform 0;
    }
    atmosphere
    {
        type            calculated;
        value           uniform 0;
    }
    defaultFaces
    {
        type            empty;
    }
}


// ************************************************************************* //
