/*--------------------------------*- C++ -*----------------------------------*\
| =========                 |                                                 |
| \\      /  F ield         | OpenFOAM: The Open Source CFD Toolbox           |
|  \\    /   O peration     | Version:  2606                                  |
|   \\  /    A nd           | Website:  www.openfoam.com                      |
|    \\/     M anipulation  |                                                 |
\*---------------------------------------------------------------------------*/
FoamFile
{
    version     2.0;
    format      ascii;
    arch        "LSB;label=32;scalar=64";
    class       surfaceScalarField;
    location    "0.3";
    object      phi;
}
// * * * * * * * * * * * * * * * * * * * * * * * * * * * * * * * * * * * * * //

dimensions      [0 3 -1 0 0 0 0];

oriented        oriented;

internalField   nonuniform List<scalar> 
5885
(
1.06083e-09
8.67473e-11
9.80568e-10
8.02833e-11
9.06372e-10
7.4194e-11
8.37729e-10
6.85517e-11
7.7424e-10
6.33461e-11
7.15526e-10
5.85324e-11
6.61247e-10
5.40803e-11
6.11091e-10
4.99755e-11
5.64751e-10
4.61951e-11
5.21923e-10
4.2704e-11
4.82332e-10
3.9472e-11
4.45741e-10
3.64835e-11
4.1193e-10
3.37286e-11
3.80684e-10
3.11869e-11
3.51799e-10
2.88285e-11
3.25106e-10
2.66322e-11
3.00467e-10
2.45971e-11
2.77748e-10
2.27322e-11
2.5679e-10
2.10333e-11
2.37416e-10
1.94726e-11
2.19469e-10
1.8016e-11
2.02838e-10
1.66465e-11
1.87446e-10
1.53693e-11
1.73221e-10
1.41963e-11
1.60073e-10
1.3126e-11
1.47905e-10
1.21421e-11
1.36638e-10
1.12272e-11
1.26218e-10
1.03743e-11
1.16602e-10
9.58388e-12
1.07738e-10
8.85497e-12
9.95723e-11
8.17947e-12
9.20508e-11
7.55182e-12
8.51276e-11
6.97374e-12
7.87529e-11
6.44922e-12
7.28606e-11
5.97615e-12
6.73786e-11
5.5395e-12
6.22542e-11
5.12206e-12
5.74722e-11
4.7198e-12
5.30425e-11
4.34709e-12
4.89683e-11
4.02077e-12
4.52189e-11
3.74495e-12
4.17347e-11
3.50449e-12
3.84611e-11
3.27371e-12
3.5378e-11
3.03816e-12
3.25022e-11
2.80074e-12
2.98578e-11
2.57902e-12
2.74507e-11
2.38255e-12
2.52601e-11
2.2093e-12
2.32536e-11
2.0489e-12
2.14063e-11
1.89544e-12
1.97067e-11
1.75068e-12
1.8146e-11
1.62223e-12
1.67078e-11
1.5122e-12
1.53704e-11
1.41397e-12
1.41186e-11
1.31712e-12
1.29472e-11
1.22162e-12
1.18599e-11
1.1322e-12
1.08519e-11
1.05929e-12
9.90189e-12
1.00665e-12
8.98173e-12
9.64165e-13
8.07034e-12
9.20748e-13
7.17131e-12
8.66422e-13
6.308e-12
8.04878e-13
5.5088e-12
7.45845e-13
4.78647e-12
7.00598e-13
4.13281e-12
6.71242e-13
3.52715e-12
6.51416e-13
2.95193e-12
6.31848e-13
2.40309e-12
6.06936e-13
1.88939e-12
5.77616e-13
1.42453e-12
5.48083e-13
1.01767e-12
5.22795e-13
6.61706e-13
5.10995e-13
3.338e-13
5.19667e-13
5.52533e-13
1.05761e-09
1.73198e-10
9.77492e-10
1.60163e-10
9.03518e-10
1.48009e-10
8.35094e-10
1.36753e-10
7.71799e-10
1.26351e-10
7.13267e-10
1.16747e-10
6.59169e-10
1.07885e-10
6.09185e-10
9.97141e-11
5.62994e-10
9.21715e-11
5.20295e-10
8.5199e-11
4.80828e-10
7.87553e-11
4.44358e-10
7.28089e-11
4.10657e-10
6.73222e-11
3.79499e-10
6.22474e-11
3.50687e-10
5.75409e-11
3.24072e-10
5.31812e-11
2.99527e-10
4.91615e-11
2.76903e-10
4.54682e-11
2.56019e-10
4.20646e-11
2.3669e-10
3.8903e-11
2.18775e-10
3.59499e-11
2.02184e-10
3.31992e-11
1.86847e-10
3.0659e-11
1.7268e-10
2.833e-11
1.59578e-10
2.61948e-11
1.47441e-10
2.42265e-11
1.36201e-10
2.2405e-11
1.2581e-10
2.07184e-11
1.16223e-10
1.91586e-11
1.07385e-10
1.77143e-11
9.92406e-11
1.63722e-11
9.17457e-11
1.51252e-11
8.48572e-11
1.39721e-11
7.8515e-11
1.29104e-11
7.26411e-11
1.19293e-11
6.71613e-11
1.10144e-11
6.20367e-11
1.01599e-11
5.72693e-11
9.37393e-12
5.28743e-11
8.67044e-12
4.884e-11
8.05047e-12
4.51138e-11
7.49755e-12
4.16277e-11
6.9848e-12
3.83379e-11
6.49199e-12
3.52447e-11
6.01716e-12
3.23743e-11
5.57199e-12
2.97469e-11
5.16735e-12
2.73555e-11
4.79881e-12
2.51702e-11
4.45649e-12
2.3163e-11
4.13037e-12
2.13186e-11
3.82369e-12
1.96297e-11
3.54389e-12
1.80821e-11
3.2967e-12
1.6652e-11
3.07494e-12
1.53149e-11
2.86669e-12
1.406e-11
2.66276e-12
1.28935e-11
2.46711e-12
1.18203e-11
2.2903e-12
1.08295e-11
2.14061e-12
9.89054e-12
2.01651e-12
8.96854e-12
1.90553e-12
8.04532e-12
1.80047e-12
7.13687e-12
1.69189e-12
6.27382e-12
1.59169e-12
5.48402e-12
1.50736e-12
4.77313e-12
1.44513e-12
4.12637e-12
1.39914e-12
3.51859e-12
1.36271e-12
2.93523e-12
1.32651e-12
2.37847e-12
1.28827e-12
1.86328e-12
1.25034e-12
1.40503e-12
1.21717e-12
1.00916e-12
1.19288e-12
6.73997e-13
1.18019e-12
3.90104e-13
1.18245e-12
1.11736e-12
1.04471e-09
2.58676e-10
9.65479e-10
2.39122e-10
8.92393e-10
2.20978e-10
8.24812e-10
2.04182e-10
7.62304e-10
1.88653e-10
7.04507e-10
1.7432e-10
6.51092e-10
1.61094e-10
6.0173e-10
1.48887e-10
5.56104e-10
1.37613e-10
5.13928e-10
1.27196e-10
4.74953e-10
1.17579e-10
4.38938e-10
1.08703e-10
4.05644e-10
1.00504e-10
3.7485e-10
9.2915e-11
3.4638e-10
8.58874e-11
3.20102e-10
7.93957e-11
2.95879e-10
7.34173e-11
2.73541e-10
6.79109e-11
2.52895e-10
6.28151e-11
2.33771e-10
5.80723e-11
2.16055e-10
5.3654e-11
1.99672e-10
4.95573e-11
1.84544e-10
4.57834e-11
1.70567e-10
4.23173e-11
1.57629e-10
3.91275e-11
1.45637e-10
3.61806e-11
1.34532e-10
3.34543e-11
1.24267e-10
3.09338e-11
1.14793e-10
2.86043e-11
1.06054e-10
2.64461e-11
9.80038e-11
2.44428e-11
9.06015e-11
2.25846e-11
8.38023e-11
2.08652e-11
7.75392e-11
1.92753e-11
7.17305e-11
1.78012e-11
6.63109e-11
1.64307e-11
6.1255e-11
1.51648e-11
5.65693e-11
1.40138e-11
5.22579e-11
1.29832e-11
4.829e-11
1.20601e-11
4.46032e-11
1.12173e-11
4.11374e-11
1.04266e-11
3.78662e-11
9.6755e-12
3.48028e-11
8.96713e-12
3.19713e-11
8.31319e-12
2.93798e-11
7.71539e-12
2.70115e-11
7.16276e-12
2.48417e-11
6.64317e-12
2.28521e-11
6.15426e-12
2.10347e-11
5.70389e-12
1.93782e-11
5.29894e-12
1.78578e-11
4.93798e-12
1.64425e-11
4.6057e-12
1.51115e-11
4.28796e-12
1.38662e-11
3.97856e-12
1.2719e-11
3.68855e-12
1.16739e-11
3.42994e-12
1.07081e-11
3.20998e-12
9.7837e-12
3.01879e-12
8.8629e-12
2.84589e-12
7.94021e-12
2.68105e-12
7.03718e-12
2.52232e-12
6.1895e-12
2.38245e-12
5.42135e-12
2.26676e-12
4.72939e-12
2.17939e-12
4.09115e-12
2.11006e-12
3.48442e-12
2.04874e-12
2.89853e-12
1.98969e-12
2.34157e-12
1.93146e-12
1.82989e-12
1.87908e-12
1.37896e-12
1.83597e-12
9.94197e-13
1.80586e-12
6.70774e-13
1.78905e-12
3.95089e-13
1.7857e-12
1.68114e-12
1.02513e-09
3.42646e-10
9.47333e-10
3.16655e-10
8.75594e-10
2.92614e-10
8.09287e-10
2.70376e-10
7.47967e-10
2.49819e-10
6.91279e-10
2.30841e-10
6.38884e-10
2.13324e-10
5.90455e-10
1.9715e-10
5.45686e-10
1.8221e-10
5.04309e-10
1.68411e-10
4.66076e-10
1.55674e-10
4.30738e-10
1.43914e-10
3.98054e-10
1.33042e-10
3.67822e-10
1.22984e-10
3.39888e-10
1.13686e-10
3.14123e-10
1.05112e-10
2.90372e-10
9.72147e-11
2.68445e-10
8.99241e-11
2.48152e-10
8.31618e-11
2.29352e-10
7.68704e-11
2.11958e-10
7.10258e-11
1.95898e-10
6.56216e-11
1.81077e-10
6.06437e-11
1.67377e-10
5.60587e-11
1.54682e-10
5.18253e-11
1.4291e-10
4.79094e-11
1.3201e-10
4.42891e-11
1.21935e-10
4.09463e-11
1.12633e-10
3.78585e-11
1.0405e-10
3.50003e-11
9.61443e-11
3.23503e-11
8.88808e-11
2.9896e-11
8.2211e-11
2.76248e-11
7.60629e-11
2.55224e-11
7.03584e-11
2.35729e-11
6.50438e-11
2.17669e-11
6.01026e-11
2.01083e-11
5.5537e-11
1.86033e-11
5.13336e-11
1.72467e-11
4.7446e-11
1.60142e-11
4.38111e-11
1.48743e-11
4.03841e-11
1.38027e-11
3.71572e-11
1.27934e-11
3.41476e-11
1.18532e-11
3.13713e-11
1.09886e-11
2.88255e-11
1.01933e-11
2.64919e-11
9.45443e-12
2.43529e-11
8.7645e-12
2.24012e-11
8.12535e-12
2.06296e-11
7.54497e-12
1.90158e-11
7.0249e-12
1.75246e-11
6.55322e-12
1.61238e-11
6.10922e-12
1.48027e-11
5.68194e-12
1.35753e-11
5.27093e-12
1.24601e-11
4.89203e-12
1.14518e-11
4.55853e-12
1.05182e-11
4.26944e-12
9.61075e-12
4.01257e-12
8.69763e-12
3.77606e-12
7.78233e-12
3.55252e-12
6.89628e-12
3.34488e-12
6.07447e-12
3.16715e-12
5.33276e-12
3.0205e-12
4.6603e-12
2.90408e-12
4.03116e-12
2.80515e-12
3.42562e-12
2.71301e-12
2.84078e-12
2.62534e-12
2.28882e-12
2.54476e-12
1.78675e-12
2.47856e-12
1.34826e-12
2.42791e-12
9.75872e-13
2.39565e-12
6.62271e-13
2.37884e-12
3.91876e-13
2.37355e-12
2.23353e-12
9.99097e-10
4.24528e-10
9.23277e-10
3.92246e-10
8.53341e-10
3.62449e-10
7.88721e-10
3.34903e-10
7.28977e-10
3.09449e-10
6.73751e-10
2.85944e-10
6.22701e-10
2.64242e-10
5.75506e-10
2.44198e-10
5.3188e-10
2.25683e-10
4.91565e-10
2.08585e-10
4.5431e-10
1.92799e-10
4.19861e-10
1.78217e-10
3.8799e-10
1.64735e-10
3.58519e-10
1.52274e-10
3.3131e-10
1.40773e-10
3.06222e-10
1.30176e-10
2.83078e-10
1.20405e-10
2.61679e-10
1.11367e-10
2.41857e-10
1.02978e-10
2.23504e-10
9.51837e-11
2.0655e-10
8.79608e-11
1.90917e-10
8.129e-11
1.7649e-10
7.51366e-11
1.63141e-10
6.94531e-11
1.50763e-10
6.41943e-11
1.39287e-10
5.93298e-11
1.28665e-10
5.48385e-11
1.18846e-10
5.06954e-11
1.09773e-10
4.68698e-11
1.01398e-10
4.33304e-11
9.36878e-11
4.0053e-11
8.66085e-11
3.70213e-11
8.01071e-11
3.42183e-11
7.41114e-11
3.16231e-11
6.85513e-11
2.92185e-11
6.3384e-11
2.69968e-11
5.85962e-11
2.49603e-11
5.41789e-11
2.31083e-11
5.01003e-11
2.14249e-11
4.63048e-11
1.98784e-11
4.27383e-11
1.84379e-11
3.93742e-11
1.70854e-11
3.62169e-11
1.58206e-11
3.32823e-11
1.465e-11
3.05753e-11
1.35748e-11
2.80861e-11
1.25838e-11
2.58004e-11
1.16663e-11
2.37127e-11
1.08187e-11
2.18201e-11
1.0045e-11
2.01086e-11
9.34657e-12
1.85429e-11
8.71598e-12
1.70804e-11
8.13259e-12
1.56946e-11
7.57587e-12
1.43926e-11
7.03909e-12
1.31969e-11
6.53412e-12
1.21256e-11
6.07428e-12
1.11637e-11
5.66895e-12
1.02625e-11
5.31359e-12
9.37323e-12
4.98934e-12
8.47278e-12
4.68794e-12
7.57456e-12
4.4084e-12
6.7164e-12
4.15465e-12
5.92898e-12
3.94011e-12
5.21581e-12
3.76244e-12
4.561e-12
3.61119e-12
3.93964e-12
3.47481e-12
3.33814e-12
3.34571e-12
2.7603e-12
3.22699e-12
2.22125e-12
3.12519e-12
1.73683e-12
3.04793e-12
1.31497e-12
2.99487e-12
9.56706e-13
2.96297e-12
6.53233e-13
2.94715e-12
3.86518e-13
2.94156e-12
2.76447e-12
9.66771e-10
5.0373e-10
8.93461e-10
4.65375e-10
8.2578e-10
4.3002e-10
7.63253e-10
3.97344e-10
7.05459e-10
3.67158e-10
6.52037e-10
3.39278e-10
6.02645e-10
3.13528e-10
5.56979e-10
2.89739e-10
5.14771e-10
2.67762e-10
4.7577e-10
2.47465e-10
4.39719e-10
2.28722e-10
4.06371e-10
2.11404e-10
3.75521e-10
1.95399e-10
3.47011e-10
1.80621e-10
3.20706e-10
1.66995e-10
2.96446e-10
1.54437e-10
2.74035e-10
1.42842e-10
2.53284e-10
1.32104e-10
2.34058e-10
1.2214e-10
2.16277e-10
1.12899e-10
1.99876e-10
1.04349e-10
1.8476e-10
9.64519e-11
1.70803e-10
8.91541e-11
1.57879e-10
8.24006e-11
1.45896e-10
7.61488e-11
1.34793e-10
7.03715e-11
1.2452e-10
6.50431e-11
1.15018e-10
6.01295e-11
1.06231e-10
5.55909e-11
9.81193e-11
5.13931e-11
9.06546e-11
4.75113e-11
8.38035e-11
4.39256e-11
7.75106e-11
4.06125e-11
7.17054e-11
3.75459e-11
6.63284e-11
3.47064e-11
6.13462e-11
3.2086e-11
5.6743e-11
2.96831e-11
5.24939e-11
2.74891e-11
4.85527e-11
2.5479e-11
4.48633e-11
2.36174e-11
4.13852e-11
2.18781e-11
3.8109e-11
2.02494e-11
3.50462e-11
1.87344e-11
3.2206e-11
1.73385e-11
2.95839e-11
1.60579e-11
2.71677e-11
1.48808e-11
2.49517e-11
1.37986e-11
2.29381e-11
1.28094e-11
2.11221e-11
1.19143e-11
1.94777e-11
1.11038e-11
1.79588e-11
1.0361e-11
1.65232e-11
9.66231e-12
1.51578e-11
8.9926e-12
1.38849e-11
8.35271e-12
1.27371e-11
7.75923e-12
1.17217e-11
7.22566e-12
1.08072e-11
6.75349e-12
9.93935e-12
6.33021e-12
9.07089e-12
5.93839e-12
8.19078e-12
5.57379e-12
7.32338e-12
5.24068e-12
6.50205e-12
4.94703e-12
5.75129e-12
4.69577e-12
5.06591e-12
4.48177e-12
4.42548e-12
4.28959e-12
3.81188e-12
4.10916e-12
3.21923e-12
3.94117e-12
2.65842e-12
3.79208e-12
2.14294e-12
3.67311e-12
1.68382e-12
3.58842e-12
1.28316e-12
3.53499e-12
9.39891e-13
3.50239e-12
6.42887e-13
3.48716e-12
3.77353e-13
3.47867e-12
3.26292e-12
9.28407e-10
5.79708e-10
8.58078e-10
5.35578e-10
7.93083e-10
4.94897e-10
7.33045e-10
4.57303e-10
6.77563e-10
4.22583e-10
6.26271e-10
3.90508e-10
5.78841e-10
3.60873e-10
5.34989e-10
3.33486e-10
4.94463e-10
3.08183e-10
4.57015e-10
2.84814e-10
4.2239e-10
2.63228e-10
3.90358e-10
2.43284e-10
3.60734e-10
2.24864e-10
3.33377e-10
2.07868e-10
3.0814e-10
1.922e-10
2.84844e-10
1.77747e-10
2.6329e-10
1.64386e-10
2.43314e-10
1.52006e-10
2.24812e-10
1.40529e-10
2.07722e-10
1.29901e-10
1.91974e-10
1.20077e-10
1.77457e-10
1.10996e-10
1.64045e-10
1.02594e-10
1.51624e-10
9.48138e-11
1.40115e-10
8.76174e-11
1.29461e-10
8.09748e-11
1.19603e-10
7.48503e-11
1.10477e-10
6.91985e-11
1.02031e-10
6.39749e-11
9.42356e-11
5.91463e-11
8.70668e-11
5.46872e-11
8.04883e-11
5.0573e-11
7.4442e-11
4.67727e-11
6.88639e-11
4.32549e-11
6.37063e-11
3.99983e-11
5.89422e-11
3.69938e-11
5.45475e-11
3.42351e-11
5.04822e-11
3.17046e-11
4.66905e-11
2.9371e-11
4.31226e-11
2.71987e-11
3.97554e-11
2.51675e-11
3.6594e-11
2.32717e-11
3.36498e-11
2.15178e-11
3.09243e-11
1.99072e-11
2.84063e-11
1.84338e-11
2.60848e-11
1.70864e-11
2.39616e-11
1.58562e-11
2.20415e-11
1.47388e-11
2.03121e-11
1.3728e-11
1.87347e-11
1.28041e-11
1.72586e-11
1.1944e-11
1.58512e-11
1.11266e-11
1.45182e-11
1.03455e-11
1.32922e-11
9.61132e-12
1.22042e-11
8.93925e-12
1.1249e-11
8.33775e-12
1.03826e-11
7.79952e-12
9.54759e-12
7.30788e-12
8.70593e-12
6.84947e-12
7.85667e-12
6.42695e-12
7.0292e-12
6.04561e-12
6.25307e-12
5.71239e-12
5.53729e-12
5.42484e-12
4.87407e-12
5.16795e-12
4.24604e-12
4.92847e-12
3.64289e-12
4.70316e-12
3.07055e-12
4.49705e-12
2.53897e-12
4.32396e-12
2.05804e-12
4.19204e-12
1.62971e-12
4.10214e-12
1.25145e-12
4.04587e-12
9.20043e-13
4.0087e-12
6.27786e-13
3.98853e-12
3.62329e-13
3.97378e-12
3.71976e-12
8.84276e-10
6.52032e-10
8.17361e-10
6.02412e-10
7.5547e-10
5.56672e-10
6.98301e-10
5.14408e-10
6.4547e-10
4.75378e-10
5.96619e-10
4.3931e-10
5.51439e-10
4.05974e-10
5.09672e-10
3.75164e-10
4.71079e-10
3.46698e-10
4.35416e-10
3.20405e-10
4.02435e-10
2.96116e-10
3.71926e-10
2.73679e-10
3.43728e-10
2.52965e-10
3.17699e-10
2.33857e-10
2.93679e-10
2.16233e-10
2.71475e-10
1.99958e-10
2.50903e-10
1.84899e-10
2.31829e-10
1.70948e-10
2.14178e-10
1.58028e-10
1.97892e-10
1.46079e-10
1.82887e-10
1.35035e-10
1.6905e-10
1.24822e-10
1.5626e-10
1.15369e-10
1.44423e-10
1.06622e-10
1.33469e-10
9.85404e-11
1.23333e-10
9.10845e-11
1.13947e-10
8.42059e-11
1.0525e-10
7.78502e-11
9.71994e-11
7.19739e-11
8.97741e-11
6.65464e-11
8.29503e-11
6.15413e-11
7.66858e-11
5.69255e-11
7.09221e-11
5.26603e-11
6.56052e-11
4.87101e-11
6.07002e-11
4.50531e-11
5.61818e-11
4.16793e-11
5.20155e-11
3.85755e-11
4.81469e-11
3.57167e-11
4.45175e-11
3.30672e-11
4.10898e-11
3.05938e-11
3.78588e-11
2.82839e-11
3.4839e-11
2.61368e-11
3.20386e-11
2.4161e-11
2.94503e-11
2.2353e-11
2.70577e-11
2.07048e-11
2.48536e-11
1.92039e-11
2.28437e-11
1.78389e-11
2.10292e-11
1.65998e-11
1.93883e-11
1.54714e-11
1.78744e-11
1.44275e-11
1.64404e-11
1.3445e-11
1.50694e-11
1.25098e-11
1.37829e-11
1.16254e-11
1.26208e-11
1.08061e-11
1.16024e-11
1.00653e-11
1.07094e-11
9.39967e-12
9.88976e-12
8.79571e-12
9.08979e-12
8.23681e-12
8.28199e-12
7.71668e-12
7.47603e-12
7.24063e-12
6.69625e-12
6.81694e-12
5.96396e-12
6.44377e-12
5.28028e-12
6.11419e-12
4.63491e-12
5.81011e-12
4.01931e-12
5.5226e-12
3.43702e-12
5.25447e-12
2.89658e-12
5.01908e-12
2.40702e-12
4.82815e-12
1.96796e-12
4.68653e-12
1.57272e-12
4.58933e-12
1.21628e-12
4.52303e-12
8.94533e-13
4.47552e-12
6.06181e-13
4.444e-12
3.41411e-13
4.42091e-12
4.13129e-12
8.34676e-10
7.20256e-10
7.71575e-10
6.65465e-10
7.13185e-10
6.14965e-10
6.59243e-10
5.68309e-10
6.09382e-10
5.25212e-10
5.63263e-10
4.85375e-10
5.2061e-10
4.48548e-10
4.81189e-10
4.14514e-10
4.44771e-10
3.83071e-10
4.11113e-10
3.54026e-10
3.79985e-10
3.27194e-10
3.51199e-10
3.0241e-10
3.24608e-10
2.79532e-10
3.00065e-10
2.58424e-10
2.77394e-10
2.38939e-10
2.56407e-10
2.20927e-10
2.36943e-10
2.04251e-10
2.18902e-10
1.88811e-10
2.02222e-10
1.74527e-10
1.86842e-10
1.61327e-10
1.72668e-10
1.49128e-10
1.59591e-10
1.37847e-10
1.47508e-10
1.27411e-10
1.36338e-10
1.17765e-10
1.2601e-10
1.0886e-10
1.1645e-10
1.00643e-10
1.07588e-10
9.30506e-11
9.93705e-11
8.60291e-11
9.17687e-11
7.95386e-11
8.47657e-11
7.35503e-11
7.83322e-11
6.80323e-11
7.24183e-11
6.29422e-11
6.69694e-11
5.8234e-11
6.1946e-11
5.38702e-11
5.73241e-11
4.98309e-11
5.30764e-11
4.61041e-11
4.91551e-11
4.26687e-11
4.54953e-11
3.94933e-11
4.20437e-11
3.65394e-11
3.87783e-11
3.37816e-11
3.5711e-11
3.12127e-11
3.28611e-11
2.88366e-11
3.023e-11
2.66609e-11
2.78013e-11
2.46761e-11
2.55553e-11
2.28712e-11
2.34879e-11
2.12295e-11
2.16042e-11
1.97359e-11
1.98997e-11
1.83738e-11
1.83445e-11
1.71214e-11
1.68912e-11
1.59513e-11
1.55045e-11
1.48457e-11
1.41841e-11
1.38001e-11
1.29635e-11
1.28238e-11
1.18781e-11
1.19319e-11
1.09359e-11
1.11285e-11
1.01046e-11
1.04016e-11
9.33071e-12
9.73356e-12
8.56959e-12
9.11113e-12
7.80624e-12
8.53399e-12
7.0517e-12
8.01036e-12
6.32589e-12
7.54368e-12
5.63414e-12
7.1307e-12
4.97685e-12
6.75369e-12
4.34728e-12
6.40221e-12
3.75162e-12
6.0697e-12
3.20057e-12
5.7691e-12
2.70492e-12
5.51371e-12
2.26552e-12
5.31019e-12
1.86991e-12
5.15904e-12
1.50636e-12
5.0475e-12
1.16855e-12
4.96308e-12
8.56679e-13
4.89829e-12
5.74972e-13
4.85083e-12
3.14853e-13
4.82004e-12
4.49857e-12
7.79923e-10
7.83924e-10
7.21025e-10
7.24366e-10
6.66508e-10
6.69431e-10
6.16117e-10
6.18677e-10
5.69522e-10
5.71774e-10
5.26415e-10
5.28413e-10
4.86555e-10
4.88331e-10
4.49728e-10
4.51295e-10
4.15709e-10
4.1708e-10
3.84264e-10
3.85471e-10
3.55186e-10
3.56266e-10
3.28308e-10
3.29292e-10
3.03488e-10
3.04391e-10
2.80569e-10
2.81403e-10
2.59371e-10
2.60163e-10
2.39722e-10
2.40512e-10
2.21493e-10
2.22318e-10
2.0461e-10
2.05484e-10
1.89014e-10
1.89925e-10
1.74636e-10
1.75555e-10
1.6138e-10
1.62278e-10
1.49149e-10
1.50005e-10
1.37856e-10
1.38662e-10
1.27428e-10
1.28187e-10
1.17787e-10
1.18517e-10
1.08854e-10
1.09585e-10
1.00563e-10
1.01323e-10
9.28764e-11
9.36798e-11
8.5777e-11
8.66207e-11
7.92446e-11
8.01139e-11
7.32393e-11
7.41176e-11
6.77067e-11
6.85804e-11
6.26032e-11
6.34512e-11
5.79049e-11
5.86958e-11
5.35951e-11
5.42964e-11
4.96398e-11
5.02357e-11
4.59775e-11
4.64851e-11
4.25399e-11
4.30081e-11
3.92843e-11
3.97677e-11
3.62078e-11
3.6748e-11
3.33351e-11
3.39462e-11
3.06831e-11
3.13688e-11
2.82454e-11
2.90162e-11
2.59951e-11
2.68742e-11
2.39123e-11
2.49247e-11
2.19935e-11
2.31475e-11
2.02419e-11
2.15244e-11
1.86461e-11
2.00343e-11
1.71743e-11
1.86516e-11
1.5785e-11
1.73551e-11
1.44582e-11
1.61337e-11
1.32092e-11
1.49899e-11
1.20721e-11
1.39376e-11
1.10737e-11
1.29841e-11
1.02083e-11
1.2123e-11
9.43617e-12
1.13368e-11
8.70914e-12
1.06066e-11
7.99321e-12
9.92616e-12
7.28213e-12
9.29741e-12
6.58545e-12
8.72813e-12
5.91025e-12
8.21887e-12
5.25773e-12
7.7598e-12
4.62466e-12
7.33567e-12
4.01664e-12
6.94075e-12
3.45074e-12
6.57405e-12
2.94383e-12
6.25262e-12
2.50181e-12
5.98547e-12
2.11325e-12
5.77237e-12
1.75855e-12
5.60615e-12
1.42202e-12
5.47293e-12
1.10196e-12
5.36268e-12
8.04468e-13
5.27553e-12
5.34589e-13
5.21301e-12
2.85974e-13
5.17624e-12
4.82777e-12
7.20391e-10
8.42691e-10
6.66042e-10
7.78794e-10
6.15725e-10
7.1975e-10
5.69186e-10
6.65201e-10
5.26136e-10
6.14774e-10
4.86309e-10
5.68159e-10
4.49497e-10
5.25079e-10
4.15493e-10
4.85279e-10
3.8408e-10
4.48509e-10
3.55042e-10
4.14532e-10
3.28196e-10
3.83139e-10
3.03392e-10
3.54142e-10
2.80487e-10
3.27367e-10
2.59316e-10
3.02632e-10
2.39708e-10
2.79757e-10
2.21518e-10
2.58583e-10
2.04649e-10
2.38987e-10
1.89042e-10
2.20869e-10
1.74635e-10
2.04138e-10
1.61351e-10
1.8869e-10
1.491e-10
1.74422e-10
1.37799e-10
1.61239e-10
1.27375e-10
1.49066e-10
1.17753e-10
1.37826e-10
1.08849e-10
1.27446e-10
1.00587e-10
1.17847e-10
9.29155e-11
1.08964e-10
8.58132e-11
1.00751e-10
7.92666e-11
9.31744e-11
7.32456e-11
8.61928e-11
6.76979e-11
7.97537e-11
6.25739e-11
7.37964e-11
5.7845e-11
6.82726e-11
5.35025e-11
6.31527e-11
4.9532e-11
5.84183e-11
4.58873e-11
5.40467e-11
4.24983e-11
4.99995e-11
3.92987e-11
4.62411e-11
3.62622e-11
4.27394e-11
3.34051e-11
3.94862e-11
3.07571e-11
3.64827e-11
2.83288e-11
3.37311e-11
2.61015e-11
3.12221e-11
2.40436e-11
2.8934e-11
2.21336e-11
2.68448e-11
2.03691e-11
2.49316e-11
1.87505e-11
2.31749e-11
1.72634e-11
2.15532e-11
1.58771e-11
2.00421e-11
1.45623e-11
1.86271e-11
1.33145e-11
1.73041e-11
1.21557e-11
1.60802e-11
1.11173e-11
1.49654e-11
1.0212e-11
1.39583e-11
9.42123e-12
1.30436e-11
8.70624e-12
1.2199e-11
8.02688e-12
1.14112e-11
7.36432e-12
1.06752e-11
6.71325e-12
9.99882e-12
6.077e-12
9.38418e-12
5.45128e-12
8.83123e-12
4.8343e-12
8.32465e-12
4.22754e-12
7.85809e-12
3.65099e-12
7.42761e-12
3.12826e-12
7.03962e-12
2.67549e-12
6.70795e-12
2.28883e-12
6.43409e-12
1.94639e-12
6.20977e-12
1.62515e-12
6.02175e-12
1.31223e-12
5.86035e-12
1.0109e-12
5.72222e-12
7.35488e-13
5.61036e-12
4.85924e-13
5.5377e-12
2.57056e-13
5.49669e-12
5.12604e-12
6.56462e-10
8.96283e-10
6.06963e-10
8.28424e-10
5.61141e-10
7.65615e-10
5.18731e-10
7.07591e-10
4.79493e-10
6.53945e-10
4.43204e-10
6.04371e-10
4.09672e-10
5.58565e-10
3.78701e-10
5.16248e-10
3.50084e-10
4.77148e-10
3.2363e-10
4.41013e-10
2.99182e-10
4.07625e-10
2.76601e-10
3.76786e-10
2.55737e-10
3.48297e-10
2.36428e-10
3.2196e-10
2.18522e-10
2.97588e-10
2.01909e-10
2.75027e-10
1.86521e-10
2.54161e-10
1.723e-10
2.34885e-10
1.59178e-10
2.17092e-10
1.47074e-10
2.00667e-10
1.3591e-10
1.855e-10
1.25618e-10
1.71493e-10
1.1613e-10
1.58561e-10
1.07366e-10
1.46618e-10
9.92441e-11
1.35581e-10
9.16987e-11
1.25369e-10
8.46981e-11
1.15922e-10
7.82318e-11
1.07198e-10
7.22812e-11
9.91567e-11
6.68017e-11
9.17435e-11
6.17368e-11
8.48953e-11
5.70468e-11
7.85492e-11
5.27221e-11
7.26628e-11
4.87654e-11
6.72103e-11
4.51575e-11
6.21703e-11
4.1841e-11
5.75116e-11
3.87372e-11
5.31942e-11
3.57952e-11
4.91793e-11
3.30064e-11
4.54472e-11
3.04002e-11
4.19935e-11
2.80042e-11
3.88188e-11
2.58184e-11
3.59145e-11
2.38131e-11
3.32616e-11
2.19525e-11
3.08327e-11
2.02192e-11
2.86028e-11
1.86112e-11
2.65517e-11
1.71273e-11
2.46612e-11
1.57524e-11
2.29115e-11
1.44617e-11
2.12826e-11
1.32385e-11
1.9766e-11
1.209e-11
1.83605e-11
1.10399e-11
1.70732e-11
1.01091e-11
1.59069e-11
9.29635e-12
1.48509e-11
8.57751e-12
1.38829e-11
7.91719e-12
1.29828e-11
7.29159e-12
1.21381e-11
6.68755e-12
1.13514e-11
6.0998e-12
1.06297e-11
5.52246e-12
9.97022e-12
4.94546e-12
9.37219e-12
4.36543e-12
8.82248e-12
3.79527e-12
8.3206e-12
3.2639e-12
7.86598e-12
2.7958e-12
7.46878e-12
2.39999e-12
7.13421e-12
2.06379e-12
6.85275e-12
1.75882e-12
6.61223e-12
1.46292e-12
6.39848e-12
1.17382e-12
6.20526e-12
9.00545e-13
6.04058e-12
6.53643e-13
5.91232e-12
4.34815e-13
5.83146e-12
2.31189e-13
5.78947e-12
5.40025e-12
5.88514e-10
9.44382e-10
5.44134e-10
8.72923e-10
5.03074e-10
8.06728e-10
4.65059e-10
7.45578e-10
4.29887e-10
6.8905e-10
3.97371e-10
6.36827e-10
3.67331e-10
5.88579e-10
3.39577e-10
5.44003e-10
3.13927e-10
5.02807e-10
2.90222e-10
4.64735e-10
2.68325e-10
4.29561e-10
2.48097e-10
3.97068e-10
2.29385e-10
3.67038e-10
2.12041e-10
3.39257e-10
1.95948e-10
3.13543e-10
1.8103e-10
2.8975e-10
1.67234e-10
2.6776e-10
1.54497e-10
2.4746e-10
1.42744e-10
2.28724e-10
1.31898e-10
2.11427e-10
1.21895e-10
1.95454e-10
1.12678e-10
1.80704e-10
1.0418e-10
1.67084e-10
9.6322e-11
1.545e-10
8.90263e-11
1.42864e-10
8.22469e-11
1.32102e-10
7.59694e-11
1.22156e-10
7.01856e-11
1.12981e-10
6.48638e-11
1.04526e-10
5.99487e-11
9.67225e-11
5.53869e-11
8.95011e-11
5.11566e-11
8.28027e-11
4.72664e-11
7.65911e-11
4.37228e-11
7.08424e-11
4.04964e-11
6.5529e-11
3.75188e-11
6.06134e-11
3.47198e-11
5.60513e-11
3.20607e-11
5.18132e-11
2.95506e-11
4.78861e-11
2.72246e-11
4.42644e-11
2.51007e-11
4.09435e-11
2.31646e-11
3.79019e-11
2.13822e-11
3.51096e-11
1.97207e-11
3.25391e-11
1.81668e-11
3.01688e-11
1.67196e-11
2.79836e-11
1.53765e-11
2.59675e-11
1.41236e-11
2.41036e-11
1.29441e-11
2.23752e-11
1.18337e-11
2.07766e-11
1.08039e-11
1.93084e-11
9.8744e-12
1.7971e-11
9.05275e-12
1.676e-11
8.32805e-12
1.56556e-11
7.67564e-12
1.46338e-11
7.07222e-12
1.36773e-11
6.50374e-12
1.27796e-11
5.96372e-12
1.1945e-11
5.44236e-12
1.11798e-11
4.92336e-12
1.04792e-11
4.39687e-12
9.83806e-12
3.86129e-12
9.25419e-12
3.34125e-12
8.72625e-12
2.86755e-12
8.25935e-12
2.46074e-12
7.86029e-12
2.12027e-12
7.52338e-12
1.82386e-12
7.23178e-12
1.54465e-12
6.9709e-12
1.27082e-12
6.7289e-12
1.00779e-12
6.50853e-12
7.69468e-13
6.32435e-12
5.66179e-13
6.18275e-12
3.84586e-13
6.10094e-12
2.07776e-13
6.06085e-12
5.65312e-12
5.16938e-10
9.86624e-10
4.77931e-10
9.11979e-10
4.41878e-10
8.42822e-10
4.08503e-10
7.78929e-10
3.7763e-10
7.19878e-10
3.49095e-10
6.65331e-10
3.22728e-10
6.14934e-10
2.98357e-10
5.68363e-10
2.75833e-10
5.25322e-10
2.55027e-10
4.85551e-10
2.35812e-10
4.48809e-10
2.18048e-10
4.1486e-10
2.01588e-10
3.83469e-10
1.86311e-10
3.54419e-10
1.72141e-10
3.27535e-10
1.59028e-10
3.02676e-10
1.46921e-10
2.79719e-10
1.3575e-10
2.5853e-10
1.25437e-10
2.3897e-10
1.15915e-10
2.20906e-10
1.07135e-10
2.0422e-10
9.90492e-11
1.88809e-10
9.15897e-11
1.74574e-10
8.46791e-11
1.61417e-10
7.82564e-11
1.49252e-10
7.22951e-11
1.38008e-10
6.67899e-11
1.2763e-10
6.17251e-11
1.18064e-10
5.70561e-11
1.09243e-10
5.27222e-11
1.0109e-10
4.86844e-11
9.3535e-11
4.49416e-11
8.6526e-11
4.15148e-11
8.00321e-11
3.84068e-11
7.40263e-11
3.55765e-11
6.84747e-11
3.29549e-11
6.33323e-11
3.04794e-11
5.85605e-11
2.81301e-11
5.41361e-11
2.59283e-11
5.0048e-11
2.39013e-11
4.6288e-11
2.20567e-11
4.28371e-11
2.03714e-11
3.96636e-11
1.88101e-11
3.67343e-11
1.73488e-11
3.40251e-11
1.59799e-11
3.15221e-11
1.4703e-11
2.92159e-11
1.35117e-11
2.70933e-11
1.23962e-11
2.51348e-11
1.13449e-11
2.33304e-11
1.03633e-11
2.16698e-11
9.46562e-12
2.01517e-11
8.6614e-12
1.87714e-11
7.94709e-12
1.75158e-11
7.30592e-12
1.63606e-11
6.71836e-12
1.52838e-11
6.17384e-12
1.42725e-11
5.6687e-12
1.33254e-11
5.19613e-12
1.24486e-11
4.74428e-12
1.16416e-11
4.28793e-12
1.09057e-11
3.81262e-12
1.02352e-11
3.33313e-12
9.62358e-12
2.87514e-12
9.08081e-12
2.46815e-12
8.60898e-12
2.12394e-12
8.209e-12
1.8296e-12
7.8679e-12
1.5623e-12
7.56091e-12
1.30203e-12
7.27834e-12
1.05096e-12
7.01104e-12
8.21206e-13
6.77331e-12
6.31966e-13
6.57441e-12
4.71768e-13
6.43432e-12
3.31212e-13
6.34822e-12
1.84707e-13
6.30856e-12
5.88306e-12
4.4217e-10
1.02274e-09
4.08763e-10
9.45341e-10
3.77937e-10
8.73669e-10
3.49422e-10
8.07445e-10
3.23049e-10
7.46247e-10
2.98669e-10
6.89712e-10
2.76129e-10
6.37468e-10
2.55291e-10
5.89186e-10
2.36038e-10
5.44566e-10
2.18264e-10
5.03342e-10
2.01843e-10
4.65258e-10
1.86637e-10
4.30058e-10
1.72521e-10
3.97496e-10
1.59412e-10
3.67364e-10
1.47268e-10
3.39494e-10
1.36056e-10
3.13744e-10
1.25719e-10
2.89973e-10
1.16179e-10
2.6803e-10
1.07362e-10
2.47764e-10
9.92192e-11
2.29038e-10
9.17152e-11
2.11736e-10
8.48056e-11
1.95751e-10
7.84253e-11
1.8098e-10
7.25062e-11
1.67327e-10
6.70054e-11
1.54708e-10
6.19115e-11
1.43057e-10
5.72187e-11
1.32315e-10
5.2899e-11
1.22413e-10
4.88982e-11
1.13273e-10
4.51619e-11
1.04813e-10
4.16712e-11
9.69688e-11
3.84441e-11
8.9696e-11
3.55058e-11
8.29651e-11
3.28509e-11
7.67429e-11
3.04313e-11
7.09881e-11
2.81802e-11
6.56554e-11
2.60514e-11
6.07115e-11
2.40399e-11
5.61371e-11
2.21667e-11
5.19196e-11
2.04484e-11
4.80421e-11
1.8881e-11
4.44708e-11
1.74398e-11
4.11694e-11
1.60988e-11
3.81085e-11
1.48443e-11
3.52725e-11
1.36723e-11
3.26562e-11
1.25786e-11
3.0253e-11
1.15547e-11
2.80474e-11
1.05895e-11
2.60197e-11
9.68373e-12
2.41561e-11
8.84463e-12
2.24487e-11
8.08472e-12
2.08881e-11
7.40436e-12
1.94655e-11
6.79092e-12
1.81623e-11
6.22791e-12
1.69533e-11
5.70629e-12
1.58208e-11
5.22648e-12
1.47589e-11
4.79116e-12
1.37689e-11
4.39212e-12
1.28567e-11
4.00705e-12
1.20198e-11
3.61103e-12
1.12588e-11
3.20118e-12
1.05628e-11
2.78863e-12
9.9373e-12
2.40386e-12
9.38698e-12
2.06917e-12
8.91207e-12
1.78147e-12
8.51114e-12
1.5266e-12
8.15778e-12
1.2786e-12
7.83639e-12
1.03621e-12
7.53265e-12
8.10594e-13
7.25064e-12
6.24913e-13
7.00273e-12
4.84108e-13
6.8029e-12
3.78172e-13
6.66024e-12
2.7662e-13
6.57344e-12
1.59355e-13
6.53002e-12
6.08579e-12
3.64662e-10
1.05251e-09
3.3708e-10
9.7281e-10
3.11667e-10
8.99094e-10
2.8819e-10
8.30963e-10
2.66478e-10
7.68004e-10
2.46396e-10
7.09824e-10
2.27818e-10
6.56054e-10
2.10644e-10
6.06358e-10
1.9479e-10
5.60438e-10
1.80157e-10
5.18017e-10
1.66621e-10
4.7882e-10
1.54056e-10
4.42576e-10
1.42371e-10
4.09046e-10
1.31525e-10
3.78029e-10
1.21503e-10
3.49363e-10
1.12272e-10
3.22894e-10
1.03764e-10
2.9846e-10
9.59016e-11
2.75894e-10
8.86258e-11
2.55039e-10
8.19067e-11
2.35761e-10
7.57207e-11
2.17944e-10
7.00266e-11
2.01479e-10
6.47644e-11
1.86262e-10
5.98795e-11
1.72199e-10
5.53476e-11
1.59209e-10
5.11628e-11
1.47226e-10
4.73115e-11
1.36184e-10
4.37536e-11
1.25999e-10
4.04333e-11
1.16586e-10
3.73125e-11
1.07867e-10
3.43943e-11
9.97824e-11
3.17094e-11
9.22956e-11
2.9281e-11
8.53731e-11
2.70928e-11
7.89757e-11
2.50953e-11
7.30555e-11
2.32332e-11
6.75701e-11
2.14751e-11
6.24919e-11
1.9821e-11
5.78022e-11
1.82863e-11
5.34793e-11
1.6875e-11
4.94976e-11
1.55777e-11
4.58134e-11
1.43772e-11
4.23933e-11
1.32619e-11
3.9217e-11
1.22268e-11
3.62795e-11
1.12674e-11
3.35791e-11
1.03731e-11
3.11066e-11
9.53063e-12
2.88417e-11
8.72805e-12
2.67669e-11
7.97432e-12
2.48587e-11
7.28366e-12
2.31089e-11
6.66141e-12
2.15071e-11
6.09949e-12
2.00393e-11
5.58099e-12
1.86852e-11
5.09495e-12
1.74215e-11
4.64277e-12
1.62379e-11
4.23686e-12
1.51317e-11
3.87856e-12
1.41108e-11
3.55652e-12
1.31739e-11
3.24137e-12
1.23201e-11
2.91478e-12
1.15415e-11
2.57384e-12
1.08329e-11
2.23741e-12
1.02005e-11
1.93316e-12
9.64449e-12
1.66543e-12
9.17068e-12
1.42998e-12
8.76031e-12
1.20351e-12
8.39394e-12
9.74136e-13
8.05676e-12
7.5314e-13
7.73841e-12
5.62259e-13
7.45215e-12
4.26473e-13
7.20247e-12
3.40046e-13
7.00737e-12
2.82228e-13
6.86211e-12
2.17309e-13
6.77129e-12
1.3092e-13
6.71849e-12
6.25776e-12
2.84885e-10
1.07577e-09
2.63335e-10
9.94251e-10
2.43494e-10
9.18962e-10
2.25191e-10
8.49352e-10
2.08264e-10
7.85019e-10
1.92594e-10
7.25554e-10
1.78094e-10
6.70589e-10
1.64699e-10
6.19791e-10
1.52345e-10
5.72859e-10
1.40936e-10
5.29497e-10
1.30356e-10
4.89416e-10
1.20506e-10
4.52348e-10
1.11336e-10
4.18061e-10
1.02842e-10
3.86366e-10
9.50183e-11
3.57093e-10
8.78231e-11
3.3007e-10
8.11848e-11
3.05116e-10
7.5035e-11
2.82056e-10
6.9337e-11
2.60735e-10
6.40793e-11
2.41021e-10
5.92468e-11
2.22799e-10
5.4801e-11
2.05958e-10
5.06919e-11
1.90391e-10
4.68822e-11
1.76009e-10
4.33587e-11
1.62733e-10
4.01134e-11
1.50494e-10
3.71215e-11
1.39213e-10
3.43354e-11
1.28799e-10
3.17081e-11
1.19163e-10
2.92239e-11
1.10235e-10
2.69036e-11
1.01964e-10
2.47839e-11
9.43133e-11
2.28795e-11
8.72447e-11
2.11688e-11
8.07117e-11
1.9607e-11
7.46644e-11
1.81521e-11
6.90645e-11
1.67831e-11
6.38877e-11
1.55002e-11
5.91088e-11
1.4302e-11
5.47024e-11
1.31885e-11
5.06275e-11
1.21546e-11
4.68423e-11
1.11985e-11
4.33228e-11
1.03221e-11
4.00607e-11
9.52511e-12
3.70556e-11
8.7939e-12
3.43053e-11
8.10884e-12
3.17902e-11
7.44925e-12
2.94887e-11
6.81655e-12
2.7374e-11
6.22276e-12
2.54268e-11
5.682e-12
2.36369e-11
5.19335e-12
2.19936e-11
4.74323e-12
2.04789e-11
4.31655e-12
1.90733e-11
3.91047e-12
1.77594e-11
3.53865e-12
1.65328e-11
3.21524e-12
1.53975e-11
2.94298e-12
1.43575e-11
2.70051e-12
1.34111e-11
2.46122e-12
1.25489e-11
2.20626e-12
1.17641e-11
1.9399e-12
1.10515e-11
1.68381e-12
1.04161e-11
1.45434e-12
9.85907e-12
1.25486e-12
9.37723e-12
1.0635e-12
8.95766e-12
8.63183e-13
8.57751e-12
6.56798e-13
8.22554e-12
4.62291e-13
7.90414e-12
3.14462e-13
7.61907e-12
2.28987e-13
7.37534e-12
1.96113e-13
7.18192e-12
1.78381e-13
7.03601e-12
1.51117e-13
6.93079e-12
9.53182e-14
6.87097e-12
6.39371e-12
2.03355e-10
1.09238e-09
1.87992e-10
1.00959e-09
1.73845e-10
9.3317e-10
1.60817e-10
8.62502e-10
1.48764e-10
7.97191e-10
1.37597e-10
7.36808e-10
1.27265e-10
6.80993e-10
1.17737e-10
6.29413e-10
1.08957e-10
5.81754e-10
1.00832e-10
5.37711e-10
9.32664e-11
4.96986e-10
8.61989e-11
4.59322e-10
7.96226e-11
4.245e-10
7.35522e-11
3.92332e-10
6.79797e-11
3.62634e-10
6.28546e-11
3.35217e-10
5.81109e-11
3.09884e-10
5.37013e-11
2.86463e-10
4.96128e-11
2.64804e-10
4.58477e-11
2.44779e-10
4.23958e-11
2.26269e-10
3.92254e-11
2.0916e-10
3.63011e-11
1.93345e-10
3.36016e-11
1.78739e-10
3.11143e-11
1.65266e-10
2.88268e-11
1.52844e-10
2.6702e-11
1.41386e-10
2.46939e-11
1.30797e-10
2.2774e-11
1.20992e-10
2.09482e-11
1.1191e-10
1.92506e-11
1.03506e-10
1.7713e-11
9.57417e-11
1.6343e-11
8.85703e-11
1.51182e-11
8.19414e-11
1.40056e-11
7.58036e-11
1.2973e-11
7.01267e-11
1.20059e-11
6.48809e-11
1.10911e-11
6.00398e-11
1.02235e-11
5.55638e-11
9.40263e-12
5.14099e-11
8.63407e-12
4.75475e-11
7.93423e-12
4.39617e-11
7.31684e-12
4.06508e-11
6.77286e-12
3.76179e-11
6.27977e-12
3.48456e-11
5.80469e-12
3.23094e-11
5.33148e-12
2.998e-11
4.86787e-12
2.78305e-11
4.4317e-12
2.58468e-11
4.03748e-12
2.40171e-11
3.67754e-12
2.23335e-11
3.33647e-12
2.07737e-11
3.00272e-12
1.93234e-11
2.68393e-12
1.79706e-11
2.40255e-12
1.67159e-11
2.17439e-12
1.55663e-11
1.99362e-12
1.45233e-11
1.83713e-12
1.35762e-11
1.67373e-12
1.27163e-11
1.49358e-12
1.1931e-11
1.3043e-12
1.12201e-11
1.12599e-12
1.05862e-11
9.71692e-13
1.00251e-11
8.32802e-13
9.53294e-12
6.84759e-13
9.10182e-12
5.1492e-13
8.70992e-12
3.33892e-13
8.35222e-12
1.77053e-13
8.02999e-12
7.58646e-14
7.75107e-12
3.74413e-14
7.51662e-12
4.32333e-14
7.32563e-12
6.17007e-14
7.1701e-12
6.34706e-14
7.05209e-12
5.20474e-14
6.97425e-12
6.4897e-12
1.2054e-10
1.10225e-09
1.11491e-10
1.01872e-09
1.03147e-10
9.41613e-10
9.54632e-11
8.70323e-10
8.83468e-11
8.04437e-10
8.17483e-11
7.43515e-10
7.56548e-11
6.87202e-10
7.00509e-11
6.3516e-10
6.48868e-11
5.87065e-10
6.00853e-11
5.42601e-10
5.55807e-11
5.01483e-10
5.13568e-11
4.63463e-10
4.74352e-11
4.28331e-10
4.38379e-11
3.95892e-10
4.05451e-11
3.65948e-10
3.75076e-11
3.3829e-10
3.46758e-11
3.12722e-10
3.20285e-11
2.8908e-10
2.95745e-11
2.6722e-10
2.73263e-11
2.47011e-10
2.52756e-11
2.28333e-10
2.34029e-11
2.11066e-10
2.16867e-11
1.9511e-10
2.0118e-11
1.80378e-10
1.86857e-11
1.66792e-10
1.73611e-11
1.54261e-10
1.61056e-11
1.42689e-10
1.48831e-11
1.31982e-10
1.36859e-11
1.22066e-10
1.25399e-11
1.12887e-10
1.1481e-11
1.04406e-10
1.05365e-11
9.65755e-11
9.70791e-12
8.93428e-11
8.97854e-12
8.26553e-11
8.32305e-12
7.64673e-11
7.72324e-12
7.0745e-11
7.15788e-12
6.54594e-11
6.60946e-12
6.05743e-11
6.06728e-12
5.6047e-11
5.53696e-12
5.18411e-11
5.0461e-12
4.79335e-11
4.62374e-12
4.43221e-11
4.281e-12
4.10055e-11
3.99994e-12
3.79759e-11
3.74214e-12
3.52024e-11
3.47136e-12
3.26542e-11
3.17782e-12
3.03007e-11
2.88016e-12
2.81181e-11
2.60227e-12
2.60997e-11
2.35119e-12
2.42374e-11
2.11905e-12
2.25175e-11
1.8851e-12
2.09248e-11
1.64965e-12
1.94419e-11
1.42873e-12
1.80675e-11
1.25127e-12
1.68009e-11
1.12709e-12
1.56537e-11
1.04646e-12
1.46161e-11
9.7451e-13
1.36796e-11
8.8955e-13
1.28233e-11
7.80212e-13
1.20459e-11
6.68362e-13
1.13353e-11
5.71716e-13
1.07003e-11
4.90667e-13
1.01364e-11
4.00878e-13
9.64385e-12
2.91879e-13
9.19799e-12
1.52567e-13
8.79843e-12
8.32175e-15
8.4342e-12
-1.08e-13
8.11609e-12
-1.63191e-13
7.841e-12
-1.56707e-13
7.61094e-12
-1.1154e-13
7.41753e-12
-6.11327e-14
7.25408e-12
-2.13807e-14
7.12217e-12
1.50809e-15
7.0431e-12
6.54287e-12
3.69512e-11
1.10532e-09
3.43118e-11
1.02153e-09
3.18349e-11
9.44223e-10
2.95319e-11
8.7276e-10
2.73907e-11
8.06704e-10
2.54026e-11
7.45625e-10
2.35823e-11
6.89168e-10
2.19267e-11
6.36984e-10
2.03975e-11
5.88743e-10
1.89425e-11
5.44134e-10
1.75393e-11
5.02881e-10
1.62061e-11
4.64752e-10
1.49804e-11
4.29536e-10
1.38746e-11
3.97025e-10
1.28698e-11
3.67003e-10
1.1927e-11
3.39259e-10
1.10197e-11
3.13608e-10
1.01558e-11
2.89891e-10
9.35723e-12
2.67969e-10
8.63636e-12
2.47709e-10
7.99817e-12
2.28981e-10
7.43646e-12
2.1167e-10
6.94716e-12
1.95678e-10
6.52339e-12
1.80918e-10
6.14717e-12
1.67303e-10
5.78196e-12
1.54734e-10
5.39166e-12
1.43111e-10
4.96039e-12
1.32349e-10
4.50196e-12
1.22383e-10
4.05297e-12
1.13167e-10
3.64707e-12
1.04661e-10
3.3027e-12
9.68096e-11
3.01746e-12
8.9559e-11
2.78655e-12
8.28512e-11
2.59918e-12
7.66457e-11
2.43619e-12
7.09107e-11
2.27403e-12
6.56091e-11
2.08533e-12
6.07049e-11
1.86175e-12
5.61565e-11
1.63089e-12
5.19297e-11
1.43147e-12
4.8021e-11
1.3038e-12
4.44227e-11
1.24829e-12
4.11322e-11
1.22784e-12
3.81278e-11
1.19415e-12
3.53632e-11
1.11498e-12
3.28061e-11
9.94685e-13
3.04297e-11
8.61144e-13
2.82198e-11
7.39528e-13
2.61759e-11
6.32558e-13
2.42915e-11
5.26709e-13
2.2549e-11
4.06018e-13
2.0938e-11
2.7718e-13
1.94423e-11
1.68457e-13
1.80628e-11
1.01516e-13
1.68066e-11
8.91933e-14
1.5669e-11
1.09333e-13
1.46424e-11
1.2444e-13
1.37179e-11
1.07014e-13
1.28759e-11
7.18858e-14
1.20987e-11
3.19316e-14
1.13938e-11
1.55688e-15
1.07638e-11
-1.77577e-14
1.01953e-11
-4.43304e-14
9.69062e-12
-1.06145e-13
9.23838e-12
-2.01381e-13
8.8332e-12
-3.04776e-13
8.46884e-12
-3.75343e-13
8.15075e-12
-3.91289e-13
7.87982e-12
-3.57012e-13
7.65471e-12
-2.81704e-13
7.44897e-12
-1.99734e-13
7.2797e-12
-1.22453e-13
7.14312e-12
-4.20116e-14
7.06156e-12
6.56358e-12
-4.68055e-11
1.10135e-09
-4.30691e-11
1.01799e-09
-3.96663e-11
9.4098e-10
-3.65708e-11
8.69787e-10
-3.37252e-11
8.03968e-10
-3.10925e-11
7.43115e-10
-2.86348e-11
6.86863e-10
-2.63444e-11
6.34859e-10
-2.4241e-11
5.86771e-10
-2.23374e-11
5.42297e-10
-2.06165e-11
5.01179e-10
-1.9035e-11
4.63189e-10
-1.75556e-11
4.28108e-10
-1.61689e-11
3.95714e-10
-1.48923e-11
3.65785e-10
-1.37419e-11
3.38119e-10
-1.27133e-11
3.12542e-10
-1.17816e-11
2.88901e-10
-1.09194e-11
2.67056e-10
-1.01056e-11
2.46871e-10
-9.32589e-12
2.28213e-10
-8.56826e-12
2.1097e-10
-7.82567e-12
1.95049e-10
-7.1048e-12
1.80355e-10
-6.43441e-12
1.66791e-10
-5.85122e-12
1.54254e-10
-5.38108e-12
1.42647e-10
-5.01494e-12
1.31893e-10
-4.72206e-12
1.21943e-10
-4.46427e-12
1.12751e-10
-4.21255e-12
1.0427e-10
-3.95973e-12
9.64456e-11
-3.69874e-12
8.92151e-11
-3.42531e-12
8.2525e-11
-3.1444e-12
7.63397e-11
-2.87318e-12
7.06228e-11
-2.64364e-12
6.53355e-11
-2.4778e-12
6.0438e-11
-2.37067e-12
5.58977e-11
-2.28674e-12
5.16943e-11
-2.1711e-12
4.78235e-11
-1.99586e-12
4.42775e-11
-1.77252e-12
4.10354e-11
-1.54398e-12
3.80574e-11
-1.36983e-12
3.53061e-11
-1.26779e-12
3.27423e-11
-1.21867e-12
3.03509e-11
-1.18744e-12
2.81278e-11
-1.15158e-12
2.60756e-11
-1.11345e-12
2.41853e-11
-1.09393e-12
2.24415e-11
-1.09844e-12
2.08293e-11
-1.1101e-12
1.93375e-11
-1.09891e-12
1.79713e-11
-1.03862e-12
1.67311e-11
-9.36844e-13
1.56139e-11
-8.24787e-13
1.46061e-11
-7.3146e-13
1.36907e-11
-6.69313e-13
1.28521e-11
-6.35425e-13
1.20849e-11
-6.09249e-13
1.13917e-11
-5.66215e-13
1.0759e-11
-5.26842e-13
1.01951e-11
-5.10823e-13
9.68721e-12
-5.27755e-13
9.22229e-12
-5.71942e-13
8.80534e-12
-6.26953e-13
8.44339e-12
-6.54605e-13
8.12545e-12
-6.36652e-13
7.8568e-12
-5.60732e-13
7.61854e-12
-4.65585e-13
7.42123e-12
-3.48671e-13
7.24358e-12
-2.26026e-13
7.11354e-12
-8.9056e-14
7.03779e-12
6.54897e-12
-1.30182e-10
1.09051e-09
-1.20151e-10
1.00813e-09
-1.10902e-10
9.31897e-10
-1.02425e-10
8.61412e-10
-9.4612e-11
7.96239e-10
-8.73785e-11
7.35989e-10
-8.06689e-11
6.80289e-10
-7.44604e-11
6.28787e-10
-6.87396e-11
5.81155e-10
-6.3479e-11
5.37106e-10
-5.8629e-11
4.96393e-10
-5.41362e-11
4.58784e-10
-4.99677e-11
4.24051e-10
-4.61142e-11
3.91963e-10
-4.25745e-11
3.62304e-10
-3.93352e-11
3.34883e-10
-3.63675e-11
3.09539e-10
-3.36386e-11
2.86125e-10
-3.11171e-11
2.64494e-10
-2.87733e-11
2.44507e-10
-2.65773e-11
2.26037e-10
-2.44997e-11
2.08975e-10
-2.25272e-11
1.93225e-10
-2.06747e-11
1.78685e-10
-1.89776e-11
1.6525e-10
-1.74657e-11
1.52814e-10
-1.61393e-11
1.41289e-10
-1.49712e-11
1.30615e-10
-1.3917e-11
1.20746e-10
-1.2946e-11
1.11639e-10
-1.20424e-11
1.03239e-10
-1.11954e-11
9.54837e-11
-1.03907e-11
8.83139e-11
-9.61495e-12
8.1682e-11
-8.86591e-12
7.55521e-11
-8.16356e-12
6.98851e-11
-7.542e-12
6.46427e-11
-7.01958e-12
5.97883e-11
-6.57605e-12
5.52961e-11
-6.16072e-12
5.11547e-11
-5.71937e-12
4.73551e-11
-5.23691e-12
4.38817e-11
-4.74343e-12
4.0697e-11
-4.29744e-12
3.77554e-11
-3.93667e-12
3.50151e-11
-3.66332e-12
3.24517e-11
-3.44346e-12
3.00599e-11
-3.24156e-12
2.78449e-11
-3.04274e-12
2.58065e-11
-2.8589e-12
2.39322e-11
-2.708e-12
2.22044e-11
-2.58899e-12
2.06087e-11
-2.47837e-12
1.91388e-11
-2.33941e-12
1.77951e-11
-2.15785e-12
1.65803e-11
-1.9462e-12
1.54835e-11
-1.73996e-12
1.44911e-11
-1.56815e-12
1.35847e-11
-1.43903e-12
1.27548e-11
-1.33663e-12
1.19977e-11
-1.23386e-12
1.13101e-11
-1.1334e-12
1.06918e-11
-1.03884e-12
1.01285e-11
-9.68317e-13
9.61269e-12
-9.38787e-13
9.1417e-12
-9.39946e-13
8.71751e-12
-9.42313e-13
8.34697e-12
-9.22363e-13
8.02708e-12
-8.63146e-13
7.75665e-12
-7.70314e-13
7.52365e-12
-6.41148e-13
7.32325e-12
-4.92675e-13
7.15727e-12
-3.2264e-13
7.03977e-12
-1.27257e-13
6.97343e-12
6.50476e-12
-2.12603e-10
1.07301e-09
-1.96423e-10
9.92033e-10
-1.81435e-10
9.17037e-10
-1.67635e-10
8.47681e-10
-1.54897e-10
7.83557e-10
-1.43111e-10
7.24283e-10
-1.32202e-10
6.69482e-10
-1.22121e-10
6.18803e-10
-1.12814e-10
5.71934e-10
-1.04217e-10
5.28599e-10
-9.62595e-11
4.88554e-10
-8.88894e-11
4.51561e-10
-8.20742e-11
4.17383e-10
-7.5791e-11
3.85791e-10
-7.00108e-11
3.56581e-10
-6.46935e-11
3.29579e-10
-5.97965e-11
3.04632e-10
-5.52822e-11
2.81588e-10
-5.11159e-11
2.60303e-10
-4.72546e-11
2.40636e-10
-4.36491e-11
2.22469e-10
-4.02589e-11
2.05695e-10
-3.70743e-11
1.90213e-10
-3.41177e-11
1.7591e-10
-3.14218e-11
1.62676e-10
-2.89974e-11
1.50412e-10
-2.6821e-11
1.39043e-10
-2.48455e-11
1.2852e-10
-2.30297e-11
1.18802e-10
-2.13509e-11
1.09839e-10
-1.98017e-11
1.01569e-10
-1.83683e-11
9.39291e-11
-1.70254e-11
8.68632e-11
-1.57491e-11
8.03295e-11
-1.45356e-11
7.42923e-11
-1.34084e-11
6.87112e-11
-1.2399e-11
6.35497e-11
-1.15138e-11
5.87754e-11
-1.07204e-11
5.43703e-11
-9.96157e-12
5.03236e-11
-9.19537e-12
4.66199e-11
-8.42253e-12
4.32293e-11
-7.68636e-12
4.01048e-11
-7.03786e-12
3.71986e-11
-6.50068e-12
3.44791e-11
-6.05542e-12
3.19338e-11
-5.65985e-12
2.95668e-11
-5.28107e-12
2.73843e-11
-4.9179e-12
2.53838e-11
-4.58763e-12
2.35443e-11
-4.30537e-12
2.18486e-11
-4.05998e-12
2.02823e-11
-3.82151e-12
1.88447e-11
-3.55556e-12
1.75309e-11
-3.2549e-12
1.63437e-11
-2.93967e-12
1.52669e-11
-2.64552e-12
1.42885e-11
-2.3962e-12
1.33918e-11
-2.19441e-12
1.25745e-11
-2.02289e-12
1.18334e-11
-1.86267e-12
1.11623e-11
-1.69967e-12
1.05468e-11
-1.55294e-12
9.98669e-12
-1.43865e-12
9.46734e-12
-1.36158e-12
8.98852e-12
-1.30984e-12
8.55607e-12
-1.25961e-12
8.17826e-12
-1.19261e-12
7.85742e-12
-1.09421e-12
7.58678e-12
-9.65846e-13
7.36178e-12
-8.08383e-13
7.1745e-12
-6.24928e-13
7.02988e-12
-4.06361e-13
6.92674e-12
-1.63334e-13
6.87644e-12
6.4259e-12
-2.93645e-10
1.04899e-09
-2.71447e-10
9.69779e-10
-2.50837e-10
8.96471e-10
-2.31795e-10
8.28672e-10
-2.14207e-10
7.66e-10
-1.97944e-10
7.08069e-10
-1.8291e-10
6.54507e-10
-1.69018e-10
6.04973e-10
-1.56174e-10
5.59168e-10
-1.44285e-10
5.16828e-10
-1.33274e-10
4.77704e-10
-1.23088e-10
4.41553e-10
-1.13684e-10
4.08134e-10
-1.05018e-10
3.77231e-10
-9.70281e-11
3.48657e-10
-8.96561e-11
3.22248e-10
-8.28531e-11
2.97854e-10
-7.65805e-11
2.75323e-10
-7.07938e-11
2.5451e-10
-6.54326e-11
2.35285e-10
-6.04323e-11
2.17534e-10
-5.57511e-11
2.01149e-10
-5.13852e-11
1.86021e-10
-4.73596e-11
1.72031e-10
-4.36938e-11
1.59071e-10
-4.03729e-11
1.47052e-10
-3.73496e-11
1.35917e-10
-3.45697e-11
1.25622e-10
-3.19976e-11
1.16122e-10
-2.96254e-11
1.07361e-10
-2.74462e-11
9.92716e-11
-2.54379e-11
9.17922e-11
-2.35635e-11
8.48748e-11
-2.17924e-11
7.84813e-11
-2.01205e-11
7.2575e-11
-1.85732e-11
6.71177e-11
-1.71754e-11
6.20748e-11
-1.59217e-11
5.74186e-11
-1.477e-11
5.31342e-11
-1.36681e-11
4.92072e-11
-1.25883e-11
4.56116e-11
-1.15483e-11
4.23083e-11
-1.05925e-11
3.9245e-11
-9.75863e-12
3.6383e-11
-9.04634e-12
3.37013e-11
-8.42153e-12
3.12008e-11
-7.84128e-12
2.88882e-11
-7.28444e-12
2.67652e-11
-6.7583e-12
2.48201e-11
-6.28425e-12
2.30288e-11
-5.87129e-12
2.13758e-11
-5.50019e-12
1.98491e-11
-5.13282e-12
1.84472e-11
-4.74555e-12
1.71708e-11
-4.33167e-12
1.60097e-11
-3.91928e-12
1.49548e-11
-3.5396e-12
1.39919e-11
-3.21485e-12
1.3113e-11
-2.9401e-12
1.23134e-11
-2.69608e-12
1.15888e-11
-2.46754e-12
1.09314e-11
-2.25888e-12
1.03298e-11
-2.07187e-12
9.76916e-12
-1.91648e-12
9.24489e-12
-1.79202e-12
8.75971e-12
-1.68628e-12
8.32263e-12
-1.58138e-12
7.94313e-12
-1.46235e-12
7.62435e-12
-1.32143e-12
7.36128e-12
-1.15272e-12
7.14818e-12
-9.54853e-13
6.98126e-12
-7.23199e-13
6.85935e-12
-4.65267e-13
6.78369e-12
-1.89441e-13
6.75137e-12
6.31228e-12
-3.72922e-10
1.0185e-09
-3.44786e-10
9.41479e-10
-3.18674e-10
8.7032e-10
-2.94507e-10
8.0451e-10
-2.72173e-10
7.43682e-10
-2.51538e-10
6.87453e-10
-2.32473e-10
6.35464e-10
-2.1485e-10
5.87388e-10
-1.9854e-10
5.42941e-10
-1.83432e-10
5.01863e-10
-1.69447e-10
4.63902e-10
-1.56526e-10
4.28808e-10
-1.44606e-10
3.96354e-10
-1.33609e-10
3.66336e-10
-1.23452e-10
3.38582e-10
-1.14065e-10
3.12937e-10
-1.05397e-10
2.89249e-10
-9.74058e-11
2.67367e-10
-9.00307e-11
2.47153e-10
-8.31947e-11
2.28487e-10
-7.68262e-11
2.11258e-10
-7.08881e-11
1.95356e-10
-6.53829e-11
1.80663e-10
-6.03287e-11
1.6706e-10
-5.57193e-11
1.54448e-10
-5.15144e-11
1.42756e-10
-4.76501e-11
1.31936e-10
-4.40741e-11
1.21944e-10
-4.07662e-11
1.12728e-10
-3.77203e-11
1.0422e-10
-3.49302e-11
9.63598e-11
-3.23601e-11
8.90876e-11
-2.99616e-11
8.23631e-11
-2.77019e-11
7.61524e-11
-2.55799e-11
7.04181e-11
-2.3619e-11
6.51235e-11
-2.18338e-11
6.02354e-11
-2.02086e-11
5.57311e-11
-1.86995e-11
5.15936e-11
-1.72655e-11
4.78032e-11
-1.58962e-11
4.4324e-11
-1.46135e-11
4.1109e-11
-1.34571e-11
3.81159e-11
-1.24416e-11
3.53143e-11
-1.15483e-11
3.26984e-11
-1.07346e-11
3.02734e-11
-9.96486e-12
2.80429e-11
-9.23106e-12
2.5999e-11
-8.54952e-12
2.41221e-11
-7.94041e-12
2.23881e-11
-7.39941e-12
2.07815e-11
-6.90235e-12
1.93003e-11
-6.41114e-12
1.79402e-11
-5.9046e-12
1.67028e-11
-5.38801e-12
1.55755e-11
-4.88418e-12
1.4546e-11
-4.42203e-12
1.36059e-11
-4.01482e-12
1.27482e-11
-3.66132e-12
1.19719e-11
-3.3499e-12
1.12689e-11
-3.07038e-12
1.0627e-11
-2.81836e-12
1.00314e-11
-2.59617e-12
9.47123e-12
-2.4028e-12
8.94497e-12
-2.22959e-12
8.45807e-12
-2.06636e-12
8.02463e-12
-1.90121e-12
7.65216e-12
-1.72567e-12
7.34354e-12
-1.53379e-12
7.09414e-12
-1.32041e-12
6.89998e-12
-1.07853e-12
6.75533e-12
-8.06672e-13
6.65836e-12
-5.12187e-13
6.60591e-12
-2.08979e-13
6.58728e-12
6.15975e-12
-4.49987e-10
9.81666e-10
-4.15992e-10
9.07338e-10
-3.84516e-10
8.38764e-10
-3.5537e-10
7.75362e-10
-3.28435e-10
7.16756e-10
-3.03558e-10
6.62574e-10
-2.80577e-10
6.12479e-10
-2.59322e-10
5.66163e-10
-2.39642e-10
5.23354e-10
-2.21416e-10
4.8379e-10
-2.04561e-10
4.47218e-10
-1.89e-10
4.13396e-10
-1.74642e-10
3.82108e-10
-1.61379e-10
3.5317e-10
-1.49112e-10
3.2642e-10
-1.37767e-10
3.01702e-10
-1.27292e-10
2.78866e-10
-1.17631e-10
2.57766e-10
-1.08708e-10
2.38275e-10
-1.00433e-10
2.20281e-10
-9.27375e-11
2.03674e-10
-8.55902e-11
1.88341e-10
-7.89935e-11
1.7416e-10
-7.29469e-11
1.61021e-10
-6.74183e-11
1.48839e-10
-6.23411e-11
1.37557e-10
-5.76477e-11
1.27132e-10
-5.32959e-11
1.17513e-10
-4.92758e-11
1.08638e-10
-4.55881e-11
1.00438e-10
-4.22073e-11
9.28502e-11
-3.90882e-11
8.58325e-11
-3.61763e-11
7.93474e-11
-3.34388e-11
7.33622e-11
-3.08773e-11
6.78397e-11
-2.85096e-11
6.2744e-11
-2.63405e-11
5.80443e-11
-2.43478e-11
5.37196e-11
-2.24929e-11
4.97497e-11
-2.07468e-11
4.61064e-11
-1.91108e-11
4.27492e-11
-1.76083e-11
3.96333e-11
-1.62593e-11
3.67262e-11
-1.50592e-11
3.4012e-11
-1.39746e-11
3.14925e-11
-1.29658e-11
2.91722e-11
-1.20097e-11
2.70448e-11
-1.111e-11
2.50918e-11
-1.02846e-11
2.3288e-11
-9.54575e-12
2.16143e-11
-8.88183e-12
2.00611e-11
-8.26058e-12
1.86304e-11
-7.64997e-12
1.73206e-11
-7.03294e-12
1.6129e-11
-6.41668e-12
1.50414e-11
-5.8247e-12
1.4047e-11
-5.27906e-12
1.31379e-11
-4.79181e-12
1.23087e-11
-4.36517e-12
1.15589e-11
-3.9915e-12
1.08741e-11
-3.66447e-12
1.02426e-11
-3.3775e-12
9.65067e-12
-3.12305e-12
9.09248e-12
-2.88838e-12
8.56929e-12
-2.66396e-12
8.09333e-12
-2.43923e-12
7.67447e-12
-2.21074e-12
7.3206e-12
-1.97498e-12
7.03017e-12
-1.72874e-12
6.79998e-12
-1.46515e-12
6.62584e-12
-1.17845e-12
6.50254e-12
-8.67426e-13
6.42428e-12
-5.45526e-13
6.38919e-12
-2.26467e-13
6.37732e-12
5.96189e-12
-5.24343e-10
9.38752e-10
-4.84618e-10
8.67621e-10
-4.47951e-10
8.02038e-10
-4.14013e-10
7.41428e-10
-3.82648e-10
6.85402e-10
-3.53683e-10
6.33597e-10
-3.2692e-10
5.85706e-10
-3.02157e-10
5.41437e-10
-2.79229e-10
5.00526e-10
-2.5801e-10
4.62712e-10
-2.38403e-10
4.27748e-10
-2.20306e-10
3.95404e-10
-2.03597e-10
3.65484e-10
-1.88145e-10
3.37816e-10
-1.73844e-10
3.12242e-10
-1.60617e-10
2.88607e-10
-1.48404e-10
2.66762e-10
-1.37133e-10
2.46573e-10
-1.26712e-10
2.27925e-10
-1.17049e-10
2.10711e-10
-1.0808e-10
1.94822e-10
-9.97798e-11
1.80139e-10
-9.21404e-11
1.66549e-10
-8.51356e-11
1.53956e-10
-7.87055e-11
1.4229e-10
-7.27724e-11
1.31503e-10
-6.72722e-11
1.21547e-10
-6.21765e-11
1.12362e-10
-5.74811e-11
1.03879e-10
-5.31771e-11
9.60306e-11
-4.92293e-11
8.87665e-11
-4.55769e-11
8.20495e-11
-4.21645e-11
7.58488e-11
-3.89638e-11
7.01307e-11
-3.59763e-11
6.48569e-11
-3.32118e-11
5.99921e-11
-3.06683e-11
5.55103e-11
-2.83205e-11
5.13876e-11
-2.61389e-11
4.76005e-11
-2.41065e-11
4.41149e-11
-2.22278e-11
4.08901e-11
-2.05167e-11
3.789e-11
-1.89747e-11
3.50947e-11
-1.75802e-11
3.24986e-11
-1.62973e-11
3.01053e-11
-1.50946e-11
2.79106e-11
-1.3964e-11
2.58988e-11
-1.29143e-11
2.40409e-11
-1.19598e-11
2.23138e-11
-1.10996e-11
2.07041e-11
-1.0314e-11
1.92121e-11
-9.57047e-12
1.78418e-11
-8.84285e-12
1.65928e-11
-8.12023e-12
1.5457e-11
-7.41058e-12
1.4419e-11
-6.73397e-12
1.34698e-11
-6.10815e-12
1.25994e-11
-5.54629e-12
1.18028e-11
-5.05025e-12
1.10734e-11
-4.62309e-12
1.0403e-11
-4.25599e-12
9.776e-12
-3.93678e-12
9.18739e-12
-3.64572e-12
8.63536e-12
-3.36556e-12
8.12807e-12
-3.08314e-12
7.67595e-12
-2.7946e-12
7.28567e-12
-2.50156e-12
6.9597e-12
-2.20602e-12
6.69399e-12
-1.90437e-12
6.48414e-12
-1.58925e-12
6.32699e-12
-1.25694e-12
6.21891e-12
-9.13492e-13
6.15402e-12
-5.69857e-13
6.1246e-12
-2.44605e-13
6.11591e-12
5.71427e-12
-5.95495e-10
8.90028e-10
-5.50251e-10
8.22592e-10
-5.08594e-10
7.60386e-10
-4.70075e-10
7.0293e-10
-4.34481e-10
6.49821e-10
-4.01604e-10
6.00712e-10
-3.71214e-10
5.55319e-10
-3.43093e-10
5.13367e-10
-3.17065e-10
4.74597e-10
-2.92995e-10
4.38756e-10
-2.70766e-10
4.05609e-10
-2.50244e-10
3.74946e-10
-2.3128e-10
3.46587e-10
-2.13734e-10
3.20369e-10
-1.97493e-10
2.96133e-10
-1.82475e-10
2.73725e-10
-1.68605e-10
2.53004e-10
-1.55792e-10
2.33852e-10
-1.43936e-10
2.16161e-10
-1.32947e-10
1.9983e-10
-1.22771e-10
1.84748e-10
-1.13378e-10
1.708e-10
-1.04741e-10
1.57885e-10
-9.68079e-11
1.45924e-10
-8.94988e-11
1.34859e-10
-8.27346e-11
1.24644e-10
-7.64636e-11
1.1522e-10
-7.06652e-11
1.0652e-10
-6.53337e-11
9.84748e-11
-6.04455e-11
9.10256e-11
-5.59498e-11
8.41323e-11
-5.17813e-11
7.77644e-11
-4.78863e-11
7.18911e-11
-4.42404e-11
6.64769e-11
-4.0843e-11
6.14844e-11
-3.76973e-11
5.68803e-11
-3.4793e-11
5.26392e-11
-3.21102e-11
4.87385e-11
-2.96269e-11
4.51482e-11
-2.73334e-11
4.18335e-11
-2.52297e-11
3.87581e-11
-2.3314e-11
3.58972e-11
-2.15717e-11
3.32434e-11
-1.99744e-11
3.07949e-11
-1.84922e-11
2.85503e-11
-1.71096e-11
2.64961e-11
-1.58227e-11
2.46016e-11
-1.46425e-11
2.28419e-11
-1.35698e-11
2.11951e-11
-1.25923e-11
1.96591e-11
-1.1685e-11
1.82408e-11
-1.08203e-11
1.69456e-11
-9.97989e-12
1.57699e-11
-9.15783e-12
1.47008e-11
-8.36314e-12
1.37233e-11
-7.60672e-12
1.28231e-11
-6.90535e-12
1.19935e-11
-6.27304e-12
1.12265e-11
-5.72117e-12
1.05161e-11
-5.24805e-12
9.85156e-12
-4.84478e-12
9.22796e-12
-4.48907e-12
8.64612e-12
-4.15363e-12
8.11047e-12
-3.8178e-12
7.63244e-12
-3.47234e-12
7.21794e-12
-3.12085e-12
6.86785e-12
-2.76764e-12
6.57468e-12
-2.41703e-12
6.33554e-12
-2.06259e-12
6.14287e-12
-1.69792e-12
5.9978e-12
-1.32259e-12
5.89782e-12
-9.48995e-13
5.8392e-12
-5.92837e-13
5.81086e-12
-2.65477e-13
5.79948e-12
5.41581e-12
-6.62965e-10
8.35742e-10
-6.12495e-10
7.72494e-10
-5.6608e-10
7.14064e-10
-5.23219e-10
6.60111e-10
-4.83615e-10
6.1024e-10
-4.47025e-10
5.64131e-10
-4.13192e-10
5.21513e-10
-3.81887e-10
4.82129e-10
-3.52927e-10
4.45728e-10
-3.26162e-10
4.12071e-10
-3.01446e-10
3.80943e-10
-2.78619e-10
3.52155e-10
-2.57514e-10
3.2554e-10
-2.37985e-10
3.00936e-10
-2.19914e-10
2.78184e-10
-2.03208e-10
2.57138e-10
-1.87769e-10
2.3767e-10
-1.73493e-10
2.19674e-10
-1.60277e-10
2.03051e-10
-1.48039e-10
1.87701e-10
-1.36726e-10
1.73515e-10
-1.26301e-10
1.60388e-10
-1.1671e-10
1.48235e-10
-1.07879e-10
1.36992e-10
-9.97203e-11
1.26608e-10
-9.21639e-11
1.17029e-10
-8.51679e-11
1.08189e-10
-7.87152e-11
1.00019e-10
-7.27868e-11
9.24562e-11
-6.73435e-11
8.5454e-11
-6.2322e-11
7.89792e-11
-5.7658e-11
7.30056e-11
-5.33034e-11
6.74985e-11
-4.92358e-11
6.24211e-11
-4.54487e-11
5.77373e-11
-4.19391e-11
5.34188e-11
-3.86957e-11
4.9441e-11
-3.57021e-11
4.57793e-11
-3.2944e-11
4.24016e-11
-3.04108e-11
3.92746e-11
-2.80925e-11
3.63718e-11
-2.59705e-11
3.36773e-11
-2.40207e-11
3.11931e-11
-2.22189e-11
2.89162e-11
-2.05482e-11
2.68352e-11
-1.90023e-11
2.49245e-11
-1.75837e-11
2.31514e-11
-1.62906e-11
2.14937e-11
-1.51063e-11
1.99351e-11
-1.40116e-11
1.84889e-11
-1.29813e-11
1.71614e-11
-1.19971e-11
1.59569e-11
-1.10487e-11
1.48655e-11
-1.01363e-11
1.38725e-11
-9.26265e-12
1.29582e-11
-8.43675e-12
1.21093e-11
-7.67224e-12
1.13186e-11
-6.98447e-12
1.05769e-11
-6.38396e-12
9.87885e-12
-5.87037e-12
9.22001e-12
-5.4273e-12
8.60414e-12
-5.02405e-12
8.03805e-12
-4.63193e-12
7.53303e-12
-4.23204e-12
7.09691e-12
-3.82255e-12
6.72946e-12
-3.41183e-12
6.42282e-12
-3.0085e-12
6.16439e-12
-2.6092e-12
5.94646e-12
-2.20785e-12
5.76812e-12
-1.79809e-12
5.6313e-12
-1.38505e-12
5.53572e-12
-9.83865e-13
5.47613e-12
-6.16349e-13
5.44638e-12
-2.89125e-13
5.43185e-12
5.06989e-12
-7.26271e-10
7.76195e-10
-6.70958e-10
7.17609e-10
-6.20065e-10
6.63345e-10
-5.73122e-10
6.13234e-10
-5.2975e-10
5.66904e-10
-4.89667e-10
5.24079e-10
-4.52599e-10
4.84496e-10
-4.1831e-10
4.47915e-10
-3.86604e-10
4.14096e-10
-3.57308e-10
3.82825e-10
-3.30251e-10
3.53911e-10
-3.0525e-10
3.27182e-10
-2.82133e-10
3.02476e-10
-2.6075e-10
2.79633e-10
-2.40973e-10
2.585e-10
-2.22687e-10
2.38942e-10
-2.05776e-10
2.20848e-10
-1.90125e-10
2.04122e-10
-1.75636e-10
1.88672e-10
-1.62233e-10
1.74398e-10
-1.49861e-10
1.61198e-10
-1.38461e-10
1.48981e-10
-1.2796e-10
1.37677e-10
-1.18269e-10
1.27232e-10
-1.09305e-10
1.17594e-10
-1.01008e-10
1.08703e-10
-9.33425e-11
1.00492e-10
-8.62828e-11
9.28937e-11
-7.97935e-11
8.58588e-11
-7.38211e-11
7.93524e-11
-6.83e-11
7.33443e-11
-6.31682e-11
6.78047e-11
-5.83837e-11
6.26972e-11
-5.3922e-11
5.79842e-11
-4.97701e-11
5.36338e-11
-4.59191e-11
4.96229e-11
-4.23596e-11
4.59281e-11
-3.90819e-11
4.25235e-11
-3.60736e-11
3.93763e-11
-3.33172e-11
3.64584e-11
-3.07875e-11
3.37525e-11
-2.84567e-11
3.12529e-11
-2.62989e-11
2.8962e-11
-2.43003e-11
2.68717e-11
-2.24591e-11
2.49608e-11
-2.07759e-11
2.3196e-11
-1.92448e-11
2.1547e-11
-1.78464e-11
1.99987e-11
-1.65539e-11
1.8547e-11
-1.53399e-11
1.72089e-11
-1.41868e-11
1.59898e-11
-1.3088e-11
1.48886e-11
-1.20424e-11
1.38889e-11
-1.105e-11
1.29732e-11
-1.01107e-11
1.21214e-11
-9.22906e-12
1.13216e-11
-8.41443e-12
1.05649e-11
-7.68271e-12
9.84604e-12
-7.0416e-12
9.16082e-12
-6.48646e-12
8.51469e-12
-5.9939e-12
7.9183e-12
-5.53008e-12
7.3825e-12
-5.06867e-12
6.9205e-12
-4.59999e-12
6.5347e-12
-4.12999e-12
6.21595e-12
-3.66994e-12
5.94908e-12
-3.22486e-12
5.71945e-12
-2.78771e-12
5.52027e-12
-2.34563e-12
5.35309e-12
-1.89425e-12
5.22308e-12
-1.44529e-12
5.1309e-12
-1.02096e-12
5.06982e-12
-6.43684e-13
5.03766e-12
-3.14393e-13
5.01976e-12
4.68302e-12
-7.84919e-10
7.11821e-10
-7.25239e-10
6.58279e-10
-6.70216e-10
6.0854e-10
-6.19476e-10
5.62579e-10
-5.72602e-10
5.20078e-10
-5.29273e-10
4.80802e-10
-4.89203e-10
4.44494e-10
-4.52148e-10
4.10931e-10
-4.17893e-10
3.79898e-10
-3.8624e-10
3.51207e-10
-3.56995e-10
3.24689e-10
-3.2997e-10
3.00184e-10
-3.04989e-10
2.77535e-10
-2.81895e-10
2.56585e-10
-2.60542e-10
2.37194e-10
-2.40792e-10
2.19243e-10
-2.22511e-10
2.02639e-10
-2.05584e-10
1.87293e-10
-1.89919e-10
1.73116e-10
-1.75441e-10
1.60009e-10
-1.62085e-10
1.47883e-10
-1.49771e-10
1.36661e-10
-1.38411e-10
1.26286e-10
-1.27912e-10
1.16707e-10
-1.18201e-10
1.0787e-10
-1.09225e-10
9.97111e-11
-1.00945e-10
9.21672e-11
-9.33217e-11
8.51857e-11
-8.63046e-11
7.87274e-11
-7.98326e-11
7.27651e-11
-7.38424e-11
6.7266e-11
-6.82792e-11
6.21953e-11
-6.30999e-11
5.75138e-11
-5.82745e-11
5.31884e-11
-5.37835e-11
4.91943e-11
-4.96155e-11
4.5512e-11
-4.57669e-11
4.21206e-11
-4.22314e-11
3.89914e-11
-3.89939e-11
3.60946e-11
-3.60255e-11
3.34087e-11
-3.32884e-11
3.09255e-11
-3.07492e-11
2.86439e-11
-2.83904e-11
2.65635e-11
-2.62127e-11
2.46676e-11
-2.42247e-11
2.29285e-11
-2.24257e-11
2.13119e-11
-2.07955e-11
1.97945e-11
-1.92968e-11
1.83708e-11
-1.78939e-11
1.70464e-11
-1.65596e-11
1.58343e-11
-1.52893e-11
1.47376e-11
-1.40871e-11
1.3745e-11
-1.29588e-11
1.28373e-11
-1.19019e-11
1.19947e-11
-1.09116e-11
1.12011e-11
-9.98655e-12
1.04462e-11
-9.13497e-12
9.72422e-12
-8.36721e-12
9.03109e-12
-7.68838e-12
8.36999e-12
-7.0852e-12
7.75095e-12
-6.52984e-12
7.1902e-12
-5.99243e-12
6.70024e-12
-5.45477e-12
6.28966e-12
-4.91887e-12
5.95515e-12
-4.3968e-12
5.67876e-12
-3.8993e-12
5.44325e-12
-3.42399e-12
5.2357e-12
-2.9551e-12
5.05223e-12
-2.47628e-12
4.8968e-12
-1.98682e-12
4.77617e-12
-1.5053e-12
4.68924e-12
-1.06154e-12
4.62942e-12
-6.75815e-13
4.59505e-12
-3.42429e-13
4.57345e-12
4.2602e-12
-8.38533e-10
6.43148e-10
-7.74986e-10
5.94871e-10
-7.16217e-10
5.49969e-10
-6.61995e-10
5.0845e-10
-6.11904e-10
4.70045e-10
-5.65601e-10
4.34559e-10
-5.22786e-10
4.01745e-10
-4.83198e-10
3.71403e-10
-4.46601e-10
3.43348e-10
-4.12774e-10
3.17418e-10
-3.81515e-10
2.93461e-10
-3.52633e-10
2.71328e-10
-3.25951e-10
2.50865e-10
-3.01298e-10
2.31927e-10
-2.78503e-10
2.14392e-10
-2.57406e-10
1.98164e-10
-2.37866e-10
1.83158e-10
-2.19771e-10
1.69294e-10
-2.03033e-10
1.56481e-10
-1.87575e-10
1.4463e-10
-1.73314e-10
1.33661e-10
-1.60153e-10
1.23513e-10
-1.47995e-10
1.14135e-10
-1.36755e-10
1.05478e-10
-1.26365e-10
9.74849e-11
-1.16773e-10
9.00981e-11
-1.0793e-10
8.32647e-11
-9.97834e-11
7.69471e-11
-9.22719e-11
7.11148e-11
-8.53349e-11
6.57396e-11
-7.89161e-11
6.07845e-11
-7.29629e-11
5.62091e-11
-6.74278e-11
5.19763e-11
-6.22712e-11
4.80603e-11
-5.74674e-11
4.44436e-11
-5.30098e-11
4.11127e-11
-4.88986e-11
3.80435e-11
-4.513e-11
3.52092e-11
-4.16819e-11
3.25841e-11
-3.85114e-11
3.0153e-11
-3.55715e-11
2.79142e-11
-3.28315e-11
2.58681e-11
-3.02872e-11
2.40082e-11
-2.79531e-11
2.23098e-11
-2.5842e-11
2.07439e-11
-2.39436e-11
1.92808e-11
-2.22208e-11
1.7908e-11
-2.06217e-11
1.66271e-11
-1.91063e-11
1.54475e-11
-1.76579e-11
1.43757e-11
-1.62825e-11
1.34055e-11
-1.49949e-11
1.25197e-11
-1.38016e-11
1.16978e-11
-1.26959e-11
1.09224e-11
-1.16674e-11
1.01839e-11
-1.07101e-11
9.47529e-12
-9.82785e-12
8.79425e-12
-9.02692e-12
8.14e-12
-8.30711e-12
7.52268e-12
-7.64734e-12
6.95028e-12
-7.02041e-12
6.44302e-12
-6.40307e-12
6.00894e-12
-5.7909e-12
5.65201e-12
-5.19501e-12
5.36125e-12
-4.6318e-12
5.11671e-12
-4.10731e-12
4.90396e-12
-3.60804e-12
4.71347e-12
-3.10993e-12
4.5456e-12
-2.59728e-12
4.4068e-12
-2.07419e-12
4.30023e-12
-1.5663e-12
4.22157e-12
-1.1071e-12
4.16445e-12
-7.10739e-13
4.12479e-12
-3.65724e-13
4.09709e-12
3.81241e-12
-8.86843e-10
5.706e-10
-8.19889e-10
5.27777e-10
-7.5778e-10
4.87987e-10
-7.00412e-10
4.51173e-10
-6.47416e-10
4.17108e-10
-5.98433e-10
3.85627e-10
-5.53146e-10
3.56505e-10
-5.1127e-10
3.29572e-10
-4.72547e-10
3.04672e-10
-4.36745e-10
2.81667e-10
-4.03661e-10
2.6042e-10
-3.73109e-10
2.40787e-10
-3.449e-10
2.22624e-10
-3.18843e-10
2.05808e-10
-2.94741e-10
1.90239e-10
-2.7242e-10
1.75839e-10
-2.51738e-10
1.62534e-10
-2.32591e-10
1.50241e-10
-2.14891e-10
1.38877e-10
-1.9855e-10
1.28359e-10
-1.83468e-10
1.18622e-10
-1.69536e-10
1.09614e-10
-1.56657e-10
1.0129e-10
-1.44752e-10
9.36008e-11
-1.33756e-10
8.64932e-11
-1.2361e-10
7.99198e-11
-1.14252e-10
7.38439e-11
-1.05619e-10
6.82385e-11
-9.76511e-11
6.30769e-11
-9.0293e-11
5.83234e-11
-8.34943e-11
5.39382e-11
-7.71982e-11
4.98783e-11
-7.13459e-11
4.61138e-11
-6.58892e-11
4.26294e-11
-6.08015e-11
3.94137e-11
-5.60809e-11
3.64549e-11
-5.17348e-11
3.37281e-11
-4.7757e-11
3.1208e-11
-4.41139e-11
2.88742e-11
-4.07518e-11
2.67188e-11
-3.76189e-11
2.47413e-11
-3.46938e-11
2.29421e-11
-3.19856e-11
2.13063e-11
-2.95198e-11
1.98077e-11
-2.73056e-11
1.84187e-11
-2.53177e-11
1.71182e-11
-2.35025e-11
1.59043e-11
-2.18016e-11
1.47829e-11
-2.01784e-11
1.376e-11
-1.86282e-11
1.28326e-11
-1.71686e-11
1.1986e-11
-1.58173e-11
1.11995e-11
-1.45773e-11
1.04561e-11
-1.34366e-11
9.74556e-12
-1.23777e-11
9.06426e-12
-1.13926e-11
8.41135e-12
-1.04815e-11
7.78623e-12
-9.64706e-12
7.19223e-12
-8.87862e-12
6.63768e-12
-8.15669e-12
6.13349e-12
-7.45461e-12
5.69161e-12
-6.76082e-12
5.31737e-12
-6.08246e-12
5.00859e-12
-5.43925e-12
4.75212e-12
-4.84563e-12
4.52937e-12
-4.29966e-12
4.334e-12
-3.77593e-12
4.15863e-12
-3.24842e-12
4.01112e-12
-2.70365e-12
3.89437e-12
-2.15243e-12
3.80558e-12
-1.62612e-12
3.73687e-12
-1.15486e-12
3.67943e-12
-7.49541e-13
3.63357e-12
-3.90485e-13
3.59781e-12
3.34341e-12
-9.29692e-10
4.94591e-10
-8.59686e-10
4.57418e-10
-7.94637e-10
4.22981e-10
-7.34485e-10
3.91101e-10
-6.7892e-10
3.6159e-10
-6.2757e-10
3.343e-10
-5.80096e-10
3.09048e-10
-5.36185e-10
2.85693e-10
-4.95565e-10
2.6411e-10
-4.58004e-10
2.44177e-10
-4.23307e-10
2.25766e-10
-3.91282e-10
2.08742e-10
-3.61726e-10
1.92984e-10
-3.3442e-10
1.78393e-10
-3.0915e-10
1.64892e-10
-2.85734e-10
1.52418e-10
-2.64038e-10
1.409e-10
-2.43963e-10
1.30258e-10
-2.25416e-10
1.20413e-10
-2.08293e-10
1.11296e-10
-1.9248e-10
1.02854e-10
-1.77864e-10
9.50427e-11
-1.64351e-10
8.78195e-11
-1.51864e-10
8.11389e-11
-1.40333e-10
7.4958e-11
-1.29689e-10
6.92435e-11
-1.19861e-10
6.3973e-11
-1.10784e-10
5.91245e-11
-1.02406e-10
5.46678e-11
-9.4682e-11
5.05622e-11
-8.75572e-11
4.6763e-11
-8.09648e-11
4.32356e-11
-7.48332e-11
3.99605e-11
-6.91063e-11
3.69306e-11
-6.37632e-11
3.41402e-11
-5.88091e-11
3.15739e-11
-5.42564e-11
2.92085e-11
-5.00922e-11
2.70201e-11
-4.6271e-11
2.49956e-11
-4.27287e-11
2.31306e-11
-3.9419e-11
2.14279e-11
-3.63309e-11
1.9882e-11
-3.34854e-11
1.84722e-11
-3.09109e-11
1.71755e-11
-2.86062e-11
1.59687e-11
-2.65323e-11
1.48424e-11
-2.46249e-11
1.38011e-11
-2.28249e-11
1.28487e-11
-2.11063e-11
1.19858e-11
-1.94753e-11
1.11983e-11
-1.79553e-11
1.04673e-11
-1.65612e-11
9.7727e-12
-1.52886e-11
9.1053e-12
-1.41192e-11
8.46457e-12
-1.30317e-11
7.85131e-12
-1.20175e-11
7.27031e-12
-1.10755e-11
6.72166e-12
-1.0203e-11
6.20814e-12
-9.38478e-12
5.73476e-12
-8.59883e-12
5.30943e-12
-7.82744e-12
4.93877e-12
-7.06989e-12
4.62287e-12
-6.34121e-12
4.35459e-12
-5.6617e-12
4.12229e-12
-5.04415e-12
3.91814e-12
-4.47314e-12
3.73742e-12
-3.92263e-12
3.58381e-12
-3.36456e-12
3.46159e-12
-2.79179e-12
3.37016e-12
-2.22133e-12
3.29919e-12
-1.68546e-12
3.23789e-12
-1.20932e-12
3.17757e-12
-7.93425e-13
3.12221e-12
-4.15712e-13
3.07978e-12
2.85835e-12
-9.66889e-10
4.1559e-10
-8.94133e-10
3.84269e-10
-8.26547e-10
3.55372e-10
-7.64006e-10
3.28609e-10
-7.0623e-10
3.03827e-10
-6.52837e-10
2.8089e-10
-6.03465e-10
2.59665e-10
-5.57781e-10
2.4004e-10
-5.15509e-10
2.21914e-10
-4.76427e-10
2.05175e-10
-4.4034e-10
1.89705e-10
-4.07049e-10
1.75389e-10
-3.76326e-10
1.6213e-10
-3.47928e-10
1.4986e-10
-3.21631e-10
1.3852e-10
-2.97259e-10
1.28055e-10
-2.74686e-10
1.18395e-10
-2.53814e-10
1.09467e-10
-2.34538e-10
1.012e-10
-2.1674e-10
9.35401e-11
-2.00296e-10
8.64447e-11
-1.85092e-10
7.98759e-11
-1.71036e-10
7.37947e-11
-1.58048e-10
6.81642e-11
-1.46051e-10
6.29542e-11
-1.34963e-10
5.81457e-11
-1.24712e-10
5.37243e-11
-1.15243e-10
4.96669e-11
-1.06514e-10
4.59382e-11
-9.84821e-11
4.24942e-11
-9.10865e-11
3.92957e-11
-8.42421e-11
3.63178e-11
-7.78649e-11
3.35547e-11
-7.18986e-11
3.10044e-11
-6.63307e-11
2.8662e-11
-6.11761e-11
2.65077e-11
-5.64464e-11
2.45196e-11
-5.2119e-11
2.26777e-11
-4.8136e-11
2.09757e-11
-4.44322e-11
1.94141e-11
-4.09671e-11
1.79937e-11
-3.7741e-11
1.67035e-11
-3.47841e-11
1.55227e-11
-3.21187e-11
1.44305e-11
-2.97329e-11
1.34143e-11
-2.75752e-11
1.24722e-11
-2.5577e-11
1.16102e-11
-2.36887e-11
1.083e-11
-2.18939e-11
1.01217e-11
-2.02075e-11
9.46596e-12
-1.865e-11
8.84237e-12
-1.72292e-11
8.23865e-12
-1.59314e-11
7.65358e-12
-1.47325e-11
7.09484e-12
-1.36131e-11
6.5675e-12
-1.25659e-11
6.07733e-12
-1.15891e-11
5.62238e-12
-1.06766e-11
5.20356e-12
-9.81094e-12
4.82084e-12
-8.97013e-12
4.47692e-12
-8.14406e-12
4.17577e-12
-7.33833e-12
3.91179e-12
-6.57269e-12
3.67826e-12
-5.86656e-12
3.46903e-12
-5.22412e-12
3.28513e-12
-4.62567e-12
3.12572e-12
-4.04388e-12
2.99991e-12
-3.4564e-12
2.90624e-12
-2.86249e-12
2.83815e-12
-2.28327e-12
2.78069e-12
-1.74698e-12
2.72221e-12
-1.26893e-12
2.6565e-12
-8.43243e-13
2.59514e-12
-4.4207e-13
2.54868e-12
2.36262e-12
-9.98242e-10
3.34125e-10
-9.23048e-10
3.08813e-10
-8.53324e-10
2.85581e-10
-7.88801e-10
2.64079e-10
-7.29181e-10
2.44169e-10
-6.74074e-10
2.25724e-10
-6.231e-10
2.08663e-10
-5.75918e-10
1.92898e-10
-5.32258e-10
1.78343e-10
-4.91906e-10
1.64897e-10
-4.54665e-10
1.52457e-10
-4.20315e-10
1.40934e-10
-3.88604e-10
1.30263e-10
-3.59274e-10
1.20399e-10
-3.32103e-10
1.11298e-10
-3.06924e-10
1.02906e-10
-2.8362e-10
9.51595e-11
-2.62085e-10
8.79924e-11
-2.42202e-10
8.13503e-11
-2.23839e-10
7.51927e-11
-2.06868e-10
6.94862e-11
-1.91176e-10
6.41991e-11
-1.7667e-10
5.92993e-11
-1.63261e-10
5.47607e-11
-1.50862e-10
5.0566e-11
-1.39387e-10
4.67058e-11
-1.28772e-10
4.3167e-11
-1.18973e-10
3.99222e-11
-1.09959e-10
3.69333e-11
-1.01683e-10
3.41597e-11
-9.40654e-11
3.15744e-11
-8.70072e-11
2.91675e-11
-8.04164e-11
2.6941e-11
-7.42435e-11
2.4895e-11
-6.84858e-11
2.30191e-11
-6.31658e-11
2.12924e-11
-5.82895e-11
1.96939e-11
-5.38219e-11
1.82094e-11
-4.9698e-11
1.68411e-11
-4.58534e-11
1.55912e-11
-4.22579e-11
1.44577e-11
-3.8922e-11
1.34257e-11
-3.58766e-11
1.24761e-11
-3.31358e-11
1.15939e-11
-3.06751e-11
1.0775e-11
-2.84369e-11
1.00228e-11
-2.63577e-11
9.34197e-12
-2.43976e-11
8.72847e-12
-2.25503e-11
8.16617e-12
-2.08316e-11
7.63479e-12
-1.92541e-11
7.11725e-12
-1.78144e-11
6.6116e-12
-1.64913e-11
6.12367e-12
-1.52592e-11
5.66454e-12
-1.41038e-11
5.24142e-12
-1.3021e-11
4.85617e-12
-1.2009e-11
4.5036e-12
-1.10593e-11
4.18252e-12
-1.01537e-11
3.88995e-12
-9.2724e-12
3.62392e-12
-8.40838e-12
3.38637e-12
-7.57095e-12
3.1702e-12
-6.78032e-12
2.97244e-12
-6.05197e-12
2.79296e-12
-5.38226e-12
2.6367e-12
-4.75188e-12
2.50722e-12
-4.1373e-12
2.41284e-12
-3.52441e-12
2.34567e-12
-2.91946e-12
2.29544e-12
-2.34264e-12
2.24545e-12
-1.81287e-12
2.18619e-12
-1.33601e-12
2.11863e-12
-8.94756e-13
2.05516e-12
-4.65327e-13
2.01275e-12
1.86528e-12
-1.02356e-09
2.50628e-10
-9.46284e-10
2.31509e-10
-8.7482e-10
2.14033e-10
-8.08721e-10
1.97897e-10
-7.47628e-10
1.82974e-10
-6.9114e-10
1.69145e-10
-6.38867e-10
1.56364e-10
-5.90475e-10
1.44562e-10
-5.45706e-10
1.33666e-10
-5.04348e-10
1.23589e-10
-4.66189e-10
1.14252e-10
-4.30987e-10
1.05599e-10
-3.9847e-10
9.75923e-11
-3.68376e-10
9.02042e-11
-3.40495e-10
8.3399e-11
-3.14672e-10
7.71269e-11
-2.90788e-10
7.1331e-11
-2.68728e-10
6.59617e-11
-2.4836e-10
6.09806e-11
-2.29546e-10
5.63614e-11
-2.12156e-10
5.20789e-11
-1.96076e-10
4.81087e-11
-1.81209e-10
4.44276e-11
-1.67456e-10
4.10208e-11
-1.54722e-10
3.78803e-11
-1.42927e-10
3.50003e-11
-1.32017e-10
3.23636e-11
-1.21963e-10
2.99406e-11
-1.12733e-10
2.7696e-11
-1.04268e-10
2.56015e-11
-9.64726e-11
2.36463e-11
-8.92337e-11
2.18333e-11
-8.24619e-11
2.01677e-11
-7.6119e-11
1.86459e-11
-7.02129e-11
1.7251e-11
-6.47655e-11
1.59608e-11
-5.97728e-11
1.47597e-11
-5.519e-11
1.36423e-11
-5.09476e-11
1.26161e-11
-4.69875e-11
1.16837e-11
-4.32897e-11
1.08401e-11
-3.98712e-11
1.00685e-11
-3.67586e-11
9.35321e-12
-3.39552e-11
8.68567e-12
-3.14274e-11
8.06828e-12
-2.91174e-11
7.50658e-12
-2.69712e-11
7.00298e-12
-2.496e-11
6.5484e-12
-2.30823e-11
6.12507e-12
-2.13481e-11
5.71592e-12
-1.97601e-11
5.3125e-12
-1.83024e-11
4.91901e-12
-1.69506e-11
4.54642e-12
-1.56822e-11
4.2036e-12
-1.44895e-11
3.89608e-12
-1.33722e-11
3.61978e-12
-1.23303e-11
3.36908e-12
-1.13522e-11
3.14011e-12
-1.04176e-11
2.92929e-12
-9.51025e-12
2.73598e-12
-8.6237e-12
2.55856e-12
-7.76801e-12
2.39246e-12
-6.96019e-12
2.23813e-12
-6.21012e-12
2.09871e-12
-5.51082e-12
1.97908e-12
-4.84823e-12
1.88636e-12
-4.20421e-12
1.82121e-12
-3.5755e-12
1.77557e-12
-2.96987e-12
1.73535e-12
-2.40281e-12
1.68856e-12
-1.88214e-12
1.63026e-12
-1.40252e-12
1.56807e-12
-9.42165e-13
1.51215e-12
-4.8078e-13
1.48069e-12
1.37625e-12
-1.04249e-09
1.65485e-10
-9.63579e-10
1.5281e-10
-8.9077e-10
1.4118e-10
-8.23498e-10
1.30483e-10
-7.61312e-10
1.2063e-10
-7.03792e-10
1.11515e-10
-6.50548e-10
1.03103e-10
-6.0126e-10
9.53394e-11
-5.5568e-10
8.81639e-11
-5.13589e-10
8.15134e-11
-4.74754e-10
7.53403e-11
-4.38912e-10
6.96185e-11
-4.05782e-10
6.43346e-11
-3.75111e-10
5.94719e-11
-3.46702e-10
5.49993e-11
-3.20407e-10
5.08745e-11
-2.96101e-10
4.70549e-11
-2.73656e-10
4.35098e-11
-2.5293e-10
4.02183e-11
-2.33783e-10
3.71661e-11
-2.16084e-10
3.43369e-11
-1.99719e-10
3.17139e-11
-1.8458e-10
2.92843e-11
-1.70563e-10
2.7042e-11
-1.57572e-10
2.49833e-11
-1.45536e-10
2.31002e-11
-1.34414e-10
2.13723e-11
-1.24183e-10
1.9772e-11
-1.14805e-10
1.82755e-11
-1.06203e-10
1.68721e-11
-9.82667e-11
1.5567e-11
-9.08817e-11
1.43707e-11
-8.39678e-11
1.32853e-11
-7.74994e-11
1.22996e-11
-7.149e-11
1.1392e-11
-6.59549e-11
1.05427e-11
-6.08778e-11
9.74475e-12
-5.62056e-11
9.00176e-12
-5.18699e-11
8.32435e-12
-4.78223e-11
7.71365e-12
-4.40524e-11
7.16215e-12
-4.05783e-11
6.65269e-12
-3.74184e-11
6.1742e-12
-3.45658e-11
5.72427e-12
-3.19823e-11
5.30955e-12
-2.96148e-11
4.9354e-12
-2.74199e-11
4.60245e-12
-2.53773e-11
4.3006e-12
-2.34852e-11
4.01433e-12
-2.17451e-11
3.7337e-12
-2.01475e-11
3.45747e-12
-1.86698e-11
3.19293e-12
-1.72872e-11
2.95011e-12
-1.59849e-11
2.73356e-12
-1.47606e-11
2.54276e-12
-1.36182e-11
2.37146e-12
-1.25555e-11
2.21375e-12
-1.15588e-11
2.06757e-12
-1.0607e-11
1.93142e-12
-9.6851e-12
1.80824e-12
-8.78652e-12
1.69277e-12
-7.92043e-12
1.58444e-12
-7.0995e-12
1.48414e-12
-6.32794e-12
1.3931e-12
-5.60204e-12
1.31746e-12
-4.91127e-12
1.26064e-12
-4.2475e-12
1.22013e-12
-3.61257e-12
1.18857e-12
-3.01459e-12
1.15452e-12
-2.46018e-12
1.11201e-12
-1.94658e-12
1.0623e-12
-1.45852e-12
1.01437e-12
-9.76851e-13
9.76993e-13
-4.8666e-13
9.61237e-13
9.00166e-13
-1.05106e-09
7.94732e-11
-9.71357e-10
7.34893e-11
-8.97894e-10
6.78191e-11
-8.30083e-10
6.25945e-11
-7.67403e-10
5.7822e-11
-7.09411e-10
5.34429e-11
-6.55726e-10
4.94253e-11
-6.06045e-10
4.57228e-11
-5.60119e-10
4.22898e-11
-5.17716e-10
3.90918e-11
-4.78584e-10
3.61142e-11
-4.42446e-10
3.33579e-11
-4.09026e-10
3.08247e-11
-3.78087e-10
2.85049e-11
-3.49443e-10
2.63742e-11
-3.22946e-10
2.44031e-11
-2.98462e-10
2.25691e-11
-2.75851e-10
2.08612e-11
-2.54969e-10
1.92745e-11
-2.35674e-10
1.78053e-11
-2.17839e-10
1.64461e-11
-2.01347e-10
1.51891e-11
-1.86082e-10
1.40304e-11
-1.71937e-10
1.29687e-11
-1.58823e-10
1.20005e-11
-1.46679e-10
1.11136e-11
-1.35473e-10
1.02884e-11
-1.25179e-10
9.50691e-12
-1.15745e-10
8.76302e-12
-1.07081e-10
8.0647e-12
-9.90695e-11
7.42767e-12
-9.16032e-11
6.86246e-12
-8.46172e-11
6.36478e-12
-7.80964e-11
5.9161e-12
-7.20522e-11
5.49352e-12
-6.64879e-11
5.08482e-12
-6.13752e-11
4.6935e-12
-5.66568e-11
4.33021e-12
-5.22706e-11
4.00505e-12
-4.81801e-11
3.71766e-12
-4.43816e-11
3.45818e-12
-4.08903e-11
3.2108e-12
-3.77148e-11
2.96945e-12
-3.48395e-11
2.73723e-12
-3.22248e-11
2.52222e-12
-2.9826e-11
2.33127e-12
-2.76091e-11
2.16386e-12
-2.55579e-11
2.01217e-12
-2.36671e-11
1.86683e-12
-2.19289e-11
1.72468e-12
-2.03254e-11
1.58868e-12
-1.8832e-11
1.46486e-12
-1.74285e-11
1.35823e-12
-1.61068e-11
1.26734e-12
-1.48685e-11
1.18673e-12
-1.37173e-11
1.11082e-12
-1.26472e-11
1.03611e-12
-1.16433e-11
9.67087e-13
-1.06852e-11
9.04933e-13
-9.75784e-12
8.53778e-13
-8.85547e-12
8.06218e-13
-7.98542e-12
7.63635e-13
-7.15663e-12
7.24525e-13
-6.37323e-12
6.87745e-13
-5.6318e-12
6.55474e-13
-4.92727e-12
6.29421e-13
-4.25992e-12
6.09032e-13
-3.63075e-12
5.861e-13
-3.04389e-12
5.57623e-13
-2.5005e-12
5.26986e-13
-1.9881e-12
4.94855e-13
-1.48923e-12
4.703e-13
-9.88755e-13
4.56915e-13
-4.79537e-13
4.56914e-13
4.37609e-13
-9.68324e-10
-8.94918e-10
-8.27202e-10
-7.64704e-10
-7.06938e-10
-6.53493e-10
-6.04025e-10
-5.58263e-10
-5.15974e-10
-4.7693e-10
-4.40885e-10
-4.0758e-10
-3.76771e-10
-3.48253e-10
-3.21861e-10
-2.97457e-10
-2.74912e-10
-2.5409e-10
-2.34856e-10
-2.17085e-10
-2.00657e-10
-1.85462e-10
-1.71391e-10
-1.58347e-10
-1.46254e-10
-1.35066e-10
-1.24759e-10
-1.15298e-10
-1.06622e-10
-9.86392e-11
-9.12422e-11
-8.43438e-11
-7.78967e-11
-7.18918e-11
-6.63352e-11
-6.12192e-11
-5.65077e-11
-5.21484e-11
-4.80939e-11
-4.432e-11
-4.08259e-11
-3.76223e-11
-3.47089e-11
-3.20651e-11
-2.96561e-11
-2.7446e-11
-2.54091e-11
-2.35316e-11
-2.18051e-11
-2.02162e-11
-1.87452e-11
-1.73713e-11
-1.60798e-11
-1.48666e-11
-1.3734e-11
-1.26821e-11
-1.1704e-11
-1.07816e-11
-9.89731e-12
-9.03681e-12
-8.20154e-12
-7.39574e-12
-6.62458e-12
-5.89182e-12
-5.19768e-12
-4.54117e-12
-3.92208e-12
-3.34544e-12
-2.81284e-12
-2.31567e-12
-1.84227e-12
-1.37661e-12
-9.09124e-13
-4.3761e-13
)
;

boundaryField
{
    leftWall
    {
        type            calculated;
        value           nonuniform List<scalar> 0();
    }
    rightWall
    {
        type            calculated;
        value           uniform 0;
    }
    lowerWall
    {
        type            calculated;
        value           uniform 0;
    }
    atmosphere
    {
        type            calculated;
        value           uniform 0;
    }
    defaultFaces
    {
        type            empty;
    }
    procBoundary3to2
    {
        type            processor;
        value           nonuniform List<scalar> 
40
(
-1.14828e-09
-1.14434e-09
-1.12992e-09
-1.10841e-09
-1.08012e-09
-1.04528e-09
-1.00407e-09
-9.56676e-10
-9.03324e-10
-8.4431e-10
-7.80003e-10
-7.10803e-10
-6.37153e-10
-5.59486e-10
-4.78325e-10
-3.94193e-10
-3.07708e-10
-2.19447e-10
-1.29996e-10
-3.98949e-11
5.05622e-11
1.40715e-10
2.30106e-10
3.18174e-10
4.04261e-10
4.87689e-10
5.67864e-10
6.4432e-10
7.16681e-10
7.84674e-10
8.4805e-10
9.06479e-10
9.59553e-10
1.00676e-09
1.04761e-09
1.08167e-09
1.10866e-09
1.1283e-09
1.13666e-09
1.04665e-09
)
;
    }
}


// ************************************************************************* //
