/*--------------------------------*- C++ -*----------------------------------*\
| =========                 |                                                 |
| \\      /  F ield         | OpenFOAM: The Open Source CFD Toolbox           |
|  \\    /   O peration     | Version:  2606                                  |
|   \\  /    A nd           | Website:  www.openfoam.com                      |
|    \\/     M anipulation  |                                                 |
\*---------------------------------------------------------------------------*/
FoamFile
{
    version     2.0;
    format      ascii;
    arch        "LSB;label=32;scalar=64";
    class       volScalarField;
    location    "0.55";
    object      p;
}
// * * * * * * * * * * * * * * * * * * * * * * * * * * * * * * * * * * * * * //

dimensions      [1 -1 -2 0 0 0 0];

internalField   nonuniform List<scalar> 
3000
(
45.8158
45.7279
45.6329
45.5323
45.4281
45.3223
45.2158
45.1077
44.9955
44.8772
44.7516
44.6194
44.4815
44.3389
44.1928
44.0445
43.8955
43.7473
43.6014
43.4595
43.3236
43.1957
43.0775
42.97
42.8717
42.7787
42.6843
42.5801
42.4577
42.3095
42.1303
41.9191
41.6785
41.4147
41.1356
40.8498
40.5657
40.2916
40.0354
39.8039
39.6009
39.4262
39.2741
39.1349
38.9968
38.8489
38.682
38.4889
38.266
38.0203
37.805
37.6651
37.5731
37.5121
37.4791
37.421
37.371
37.3719
37.3656
37.3124
37.2095
37.0662
36.8885
36.6762
36.4312
36.1602
35.872
35.5742
35.2746
34.9814
34.703
34.4453
34.2119
34.0057
33.8305
17.9206
17.8359
17.7424
17.6414
17.5357
17.4291
17.3246
17.2229
17.1205
17.0113
16.8922
16.7637
16.6278
16.4866
16.3422
16.1966
16.0511
15.9067
15.7649
15.6272
15.4956
15.3729
15.262
15.165
15.0814
15.0068
14.9329
14.8493
14.7451
14.6102
14.4381
14.2274
13.9828
13.7129
13.4282
13.1383
12.8524
12.5788
12.3269
12.1055
11.921
11.7737
11.6564
11.5553
11.4543
11.3398
11.1998
11.0254
10.7983
10.4835
10.2199
10.1344
10.0791
10.0459
10.0689
10.0062
9.95206
9.99808
10.0038
9.94661
9.85134
9.72469
9.5643
9.37084
9.1494
8.90728
8.65216
8.39072
8.12953
7.87607
7.63789
7.42007
7.2249
7.0549
6.91404
2.44228
2.40844
2.37094
2.33093
2.29012
2.25051
2.21349
2.17833
2.14275
2.10436
2.06155
2.01505
1.96598
1.91527
1.86379
1.81236
1.76142
1.71118
1.66205
1.6145
1.56918
1.52699
1.48885
1.45537
1.42625
1.39987
1.3734
1.34334
1.3061
1.25859
1.19897
1.12738
1.04588
0.957774
0.866655
0.77577
0.687926
0.605687
0.531443
0.467103
0.413444
0.369329
0.331486
0.295368
0.256323
0.21052
0.155629
0.0920982
0.0244821
-0.0523277
-0.104996
-0.103717
-0.0724649
-0.0313308
-0.00993394
-0.0479919
-0.0808932
-0.0631277
-0.0455419
-0.0444208
-0.0500349
-0.0533069
-0.0546622
-0.0558442
-0.0569945
-0.0579346
-0.0586486
-0.0592441
-0.0597681
-0.0602135
-0.0606033
-0.0608593
-0.060912
-0.0607119
-0.0602517
-0.0974727
-0.100951
-0.10469
-0.107874
-0.109677
-0.109426
-0.107083
-0.103472
-0.100187
-0.0978557
-0.0962598
-0.0951284
-0.0944791
-0.0943509
-0.0944645
-0.0945575
-0.0945406
-0.0944854
-0.0944123
-0.0943503
-0.0943326
-0.0943758
-0.094486
-0.0946521
-0.094836
-0.0950097
-0.0951588
-0.0952731
-0.0953422
-0.0953634
-0.0953259
-0.0952026
-0.0949519
-0.094534
-0.0939361
-0.0931973
-0.0924175
-0.0917487
-0.0913848
-0.0915763
-0.092657
-0.0950232
-0.0990104
-0.10485
-0.112534
-0.121606
-0.130973
-0.139102
-0.143995
-0.143595
-0.136726
-0.12564
-0.107691
-0.0872668
-0.0707108
-0.0672754
-0.0662639
-0.0581215
-0.0572072
-0.0628584
-0.0697157
-0.0751514
-0.0788781
-0.0814748
-0.0833817
-0.0847494
-0.0857961
-0.0865926
-0.0872187
-0.0877389
-0.0881121
-0.0883438
-0.088402
-0.0882347
-0.0878302
-0.125927
-0.129788
-0.133842
-0.137386
-0.139645
-0.13961
-0.136381
-0.130975
-0.125794
-0.122427
-0.121089
-0.121024
-0.121493
-0.122239
-0.122666
-0.122845
-0.122907
-0.12288
-0.122806
-0.122745
-0.122714
-0.122729
-0.1228
-0.122914
-0.123048
-0.123185
-0.123312
-0.123415
-0.123491
-0.123534
-0.123535
-0.123475
-0.123324
-0.123049
-0.122636
-0.122107
-0.121532
-0.12103
-0.120756
-0.120946
-0.12193
-0.124066
-0.127714
-0.133141
-0.140391
-0.149147
-0.158582
-0.167307
-0.173507
-0.173649
-0.165454
-0.150926
-0.134497
-0.119406
-0.109762
-0.106811
-0.101268
-0.0978152
-0.100008
-0.101928
-0.104364
-0.106613
-0.108595
-0.110317
-0.111749
-0.112891
-0.1138
-0.114521
-0.1151
-0.115534
-0.115841
-0.116012
-0.116034
-0.115889
-0.115577
-0.154811
-0.158542
-0.162325
-0.165294
-0.16676
-0.166392
-0.163961
-0.159949
-0.156539
-0.154166
-0.152839
-0.152148
-0.151841
-0.151481
-0.151344
-0.151307
-0.151279
-0.151233
-0.151174
-0.151119
-0.15109
-0.151093
-0.151135
-0.151207
-0.151295
-0.151388
-0.151475
-0.151546
-0.151594
-0.151613
-0.151592
-0.151522
-0.151389
-0.151182
-0.150908
-0.1506
-0.150313
-0.150129
-0.150193
-0.15069
-0.151852
-0.153938
-0.157191
-0.161808
-0.167815
-0.174908
-0.182334
-0.1889
-0.193268
-0.192606
-0.186069
-0.174823
-0.162289
-0.150625
-0.142441
-0.137512
-0.132301
-0.128505
-0.127015
-0.129137
-0.131965
-0.134584
-0.136655
-0.138305
-0.139621
-0.140672
-0.141518
-0.142188
-0.142709
-0.143096
-0.143356
-0.143492
-0.143497
-0.143368
-0.14311
-0.18303
-0.185738
-0.188456
-0.190603
-0.191636
-0.190787
-0.188802
-0.186336
-0.184135
-0.182473
-0.181355
-0.180653
-0.180217
-0.180024
-0.179886
-0.179778
-0.179689
-0.179612
-0.179548
-0.179498
-0.179467
-0.179459
-0.179476
-0.179516
-0.179574
-0.179641
-0.179706
-0.179764
-0.179809
-0.179835
-0.179835
-0.179804
-0.179738
-0.179636
-0.179511
-0.179393
-0.179329
-0.179392
-0.179689
-0.180357
-0.181549
-0.183413
-0.186075
-0.189602
-0.193923
-0.198743
-0.20346
-0.2071
-0.208189
-0.207447
-0.203149
-0.195985
-0.187516
-0.179283
-0.172667
-0.167875
-0.164293
-0.1623
-0.161875
-0.162678
-0.163464
-0.164596
-0.165816
-0.166969
-0.167982
-0.16884
-0.16955
-0.170122
-0.170567
-0.170894
-0.171109
-0.171212
-0.171204
-0.171085
-0.170863
-0.211028
-0.21268
-0.214223
-0.215312
-0.215621
-0.21534
-0.214455
-0.213168
-0.211865
-0.210769
-0.20994
-0.209349
-0.208963
-0.208585
-0.208342
-0.208173
-0.208045
-0.207946
-0.207868
-0.207809
-0.207769
-0.20775
-0.207752
-0.207773
-0.20781
-0.207855
-0.207904
-0.20795
-0.20799
-0.20802
-0.208035
-0.208034
-0.208019
-0.207998
-0.207987
-0.208013
-0.208117
-0.208358
-0.208811
-0.209563
-0.210709
-0.212328
-0.214469
-0.217119
-0.220156
-0.223311
-0.226135
-0.228017
-0.228307
-0.226855
-0.22354
-0.218651
-0.212961
-0.207323
-0.202441
-0.198541
-0.195589
-0.19362
-0.192556
-0.192545
-0.193269
-0.194076
-0.194917
-0.195741
-0.196499
-0.197167
-0.197734
-0.198198
-0.198558
-0.198821
-0.198987
-0.199057
-0.199032
-0.198914
-0.198709
-0.239094
-0.240156
-0.241135
-0.241833
-0.24209
-0.241915
-0.241298
-0.240487
-0.239634
-0.238842
-0.23817
-0.237631
-0.237215
-0.236915
-0.23668
-0.236496
-0.236353
-0.23624
-0.236152
-0.236087
-0.236041
-0.236015
-0.236008
-0.236017
-0.23604
-0.236073
-0.23611
-0.236149
-0.236188
-0.236223
-0.236253
-0.236279
-0.236306
-0.236344
-0.236408
-0.236523
-0.236723
-0.237052
-0.237561
-0.238308
-0.239347
-0.240712
-0.242406
-0.244381
-0.246512
-0.248582
-0.250283
-0.25126
-0.251216
-0.249834
-0.247206
-0.243617
-0.239526
-0.235413
-0.231659
-0.228484
-0.226013
-0.224319
-0.223387
-0.223104
-0.223179
-0.22354
-0.224036
-0.224579
-0.225113
-0.225604
-0.226033
-0.226388
-0.226666
-0.226863
-0.226978
-0.227012
-0.226964
-0.226837
-0.226634
-0.267097
-0.267786
-0.268402
-0.268839
-0.269021
-0.268926
-0.268565
-0.268019
-0.267418
-0.266833
-0.266307
-0.265859
-0.265484
-0.26519
-0.264956
-0.264769
-0.26462
-0.264502
-0.264409
-0.264338
-0.264288
-0.264256
-0.264242
-0.264243
-0.264257
-0.264281
-0.264311
-0.264347
-0.264386
-0.264427
-0.26447
-0.264518
-0.264577
-0.264657
-0.264771
-0.26494
-0.265191
-0.265555
-0.266066
-0.26676
-0.267664
-0.268787
-0.270111
-0.271577
-0.273077
-0.274442
-0.275464
-0.275922
-0.275637
-0.274438
-0.272386
-0.269676
-0.266601
-0.263461
-0.260484
-0.25792
-0.255859
-0.254354
-0.253388
-0.252893
-0.252762
-0.252863
-0.253109
-0.25343
-0.253776
-0.254111
-0.254413
-0.254667
-0.254863
-0.254995
-0.255062
-0.255059
-0.254988
-0.254848
-0.254643
-0.295085
-0.295552
-0.295961
-0.296245
-0.296355
-0.296277
-0.296031
-0.295658
-0.295224
-0.29478
-0.294362
-0.293992
-0.293673
-0.293406
-0.293185
-0.293004
-0.292856
-0.292737
-0.292642
-0.292569
-0.292516
-0.29248
-0.29246
-0.292455
-0.292463
-0.292481
-0.292508
-0.292542
-0.292582
-0.292628
-0.292682
-0.292747
-0.292828
-0.292935
-0.293079
-0.293277
-0.293547
-0.293911
-0.294392
-0.29501
-0.295773
-0.296679
-0.297698
-0.298776
-0.299821
-0.300711
-0.301306
-0.301462
-0.301066
-0.300023
-0.298386
-0.29629
-0.293924
-0.291496
-0.289075
-0.287007
-0.285278
-0.283946
-0.283012
-0.282435
-0.282139
-0.282055
-0.282115
-0.282261
-0.282452
-0.282654
-0.282843
-0.283003
-0.283123
-0.283194
-0.283212
-0.283174
-0.283077
-0.282922
-0.28271
-0.323051
-0.323367
-0.323639
-0.323825
-0.323894
-0.323833
-0.323655
-0.323387
-0.323066
-0.322727
-0.322395
-0.322088
-0.321815
-0.321578
-0.321375
-0.321205
-0.321064
-0.320947
-0.320854
-0.32078
-0.320725
-0.320687
-0.320664
-0.320655
-0.320658
-0.320673
-0.320697
-0.32073
-0.320771
-0.320822
-0.320883
-0.320959
-0.321054
-0.321177
-0.321335
-0.321542
-0.321811
-0.322156
-0.322591
-0.323123
-0.323754
-0.324471
-0.325245
-0.326026
-0.326743
-0.327308
-0.327625
-0.327602
-0.327178
-0.326259
-0.32493
-0.323272
-0.321408
-0.319473
-0.317558
-0.315849
-0.314385
-0.313208
-0.312325
-0.311709
-0.311323
-0.311116
-0.311041
-0.311055
-0.311121
-0.311211
-0.311304
-0.311381
-0.311432
-0.311447
-0.31142
-0.311347
-0.311226
-0.311055
-0.310833
-0.351012
-0.351226
-0.351407
-0.351527
-0.351566
-0.351515
-0.351381
-0.351181
-0.350938
-0.350674
-0.350409
-0.350156
-0.349924
-0.349717
-0.349535
-0.349379
-0.349246
-0.349135
-0.349045
-0.348973
-0.348918
-0.348879
-0.348854
-0.348842
-0.348843
-0.348855
-0.348877
-0.348909
-0.348951
-0.349004
-0.349071
-0.349153
-0.349255
-0.349383
-0.349545
-0.349749
-0.350004
-0.350318
-0.350698
-0.351146
-0.351657
-0.352216
-0.352794
-0.353352
-0.353833
-0.354174
-0.354309
-0.354176
-0.353732
-0.352945
-0.351853
-0.350518
-0.349023
-0.347462
-0.345919
-0.344501
-0.343255
-0.342215
-0.341397
-0.340774
-0.340338
-0.340053
-0.339884
-0.339799
-0.339768
-0.339769
-0.33978
-0.339787
-0.339777
-0.339742
-0.339674
-0.339569
-0.339424
-0.339237
-0.339006
-0.378972
-0.379117
-0.379237
-0.379313
-0.379332
-0.379287
-0.379182
-0.379028
-0.378839
-0.378631
-0.378417
-0.378208
-0.378011
-0.377831
-0.37767
-0.377529
-0.377407
-0.377304
-0.377218
-0.377149
-0.377095
-0.377056
-0.37703
-0.377017
-0.377016
-0.377026
-0.377047
-0.377078
-0.37712
-0.377174
-0.377242
-0.377326
-0.37743
-0.377557
-0.377714
-0.377906
-0.378139
-0.378417
-0.378741
-0.379111
-0.379518
-0.379946
-0.380372
-0.380761
-0.381073
-0.38126
-0.381276
-0.381081
-0.380648
-0.379967
-0.379054
-0.37796
-0.376742
-0.375466
-0.374201
-0.373014
-0.37195
-0.371026
-0.370261
-0.369665
-0.369211
-0.368879
-0.368647
-0.36849
-0.368387
-0.368316
-0.368261
-0.368209
-0.368148
-0.368069
-0.367965
-0.367832
-0.367665
-0.367462
-0.367221
-0.406934
-0.407033
-0.407111
-0.407157
-0.407162
-0.407121
-0.407036
-0.406914
-0.406765
-0.406598
-0.406424
-0.40625
-0.406083
-0.405928
-0.405786
-0.40566
-0.405549
-0.405454
-0.405374
-0.405309
-0.405258
-0.40522
-0.405194
-0.40518
-0.405178
-0.405187
-0.405206
-0.405236
-0.405278
-0.405331
-0.405398
-0.405481
-0.405581
-0.405703
-0.40585
-0.406025
-0.406232
-0.406471
-0.406743
-0.407042
-0.407361
-0.407684
-0.407991
-0.408254
-0.408444
-0.408525
-0.408466
-0.408239
-0.407828
-0.40723
-0.406461
-0.405551
-0.404543
-0.403484
-0.40243
-0.401429
-0.400526
-0.399695
-0.398996
-0.398425
-0.397968
-0.397611
-0.397338
-0.397131
-0.396973
-0.396847
-0.396741
-0.39664
-0.396536
-0.39642
-0.396285
-0.396127
-0.395941
-0.395724
-0.395475
-0.4349
-0.434967
-0.435017
-0.435043
-0.435039
-0.435001
-0.43493
-0.434832
-0.434711
-0.434575
-0.434432
-0.434287
-0.434146
-0.434012
-0.433888
-0.433776
-0.433677
-0.43359
-0.433517
-0.433456
-0.433407
-0.433371
-0.433346
-0.433332
-0.43333
-0.433337
-0.433355
-0.433384
-0.433423
-0.433475
-0.433539
-0.433617
-0.433712
-0.433825
-0.433958
-0.434114
-0.434293
-0.434495
-0.434718
-0.434956
-0.435201
-0.43544
-0.435655
-0.435825
-0.435926
-0.435935
-0.435829
-0.435589
-0.435205
-0.434678
-0.43402
-0.433254
-0.432411
-0.431512
-0.430622
-0.429762
-0.428945
-0.428242
-0.427615
-0.427078
-0.426631
-0.426263
-0.425966
-0.425725
-0.425528
-0.425361
-0.425214
-0.425075
-0.424936
-0.42479
-0.42463
-0.42445
-0.424248
-0.42402
-0.423763
-0.462871
-0.462915
-0.462947
-0.46296
-0.46295
-0.462915
-0.462855
-0.462774
-0.462675
-0.462563
-0.462444
-0.462322
-0.462202
-0.462087
-0.461979
-0.46188
-0.461792
-0.461713
-0.461646
-0.46159
-0.461545
-0.461511
-0.461487
-0.461474
-0.46147
-0.461477
-0.461494
-0.46152
-0.461557
-0.461606
-0.461665
-0.461738
-0.461825
-0.461927
-0.462045
-0.462181
-0.462333
-0.4625
-0.462679
-0.462865
-0.46305
-0.463221
-0.463365
-0.463465
-0.463504
-0.463464
-0.463329
-0.463086
-0.462731
-0.462263
-0.461695
-0.461045
-0.460343
-0.459538
-0.458793
-0.458056
-0.457356
-0.45672
-0.456149
-0.455648
-0.455217
-0.454849
-0.454539
-0.454277
-0.454053
-0.453857
-0.453679
-0.453511
-0.453345
-0.453174
-0.452993
-0.452796
-0.452581
-0.452343
-0.452081
-0.490847
-0.490877
-0.490896
-0.4909
-0.490887
-0.490854
-0.490803
-0.490735
-0.490652
-0.490559
-0.49046
-0.490357
-0.490255
-0.490156
-0.490062
-0.489975
-0.489896
-0.489826
-0.489765
-0.489714
-0.489672
-0.48964
-0.489618
-0.489605
-0.489602
-0.489607
-0.489622
-0.489647
-0.489681
-0.489725
-0.48978
-0.489845
-0.489923
-0.490013
-0.490116
-0.490231
-0.490358
-0.490494
-0.490635
-0.490777
-0.490912
-0.49103
-0.49112
-0.491169
-0.491163
-0.49109
-0.490938
-0.4907
-0.490371
-0.489955
-0.489458
-0.488895
-0.48828
-0.487618
-0.486965
-0.486323
-0.48571
-0.48514
-0.48462
-0.484153
-0.483741
-0.483381
-0.483067
-0.482793
-0.482551
-0.482335
-0.482135
-0.481945
-0.481758
-0.481569
-0.481371
-0.481161
-0.480936
-0.480691
-0.480425
-0.518829
-0.518848
-0.518859
-0.518858
-0.518843
-0.518813
-0.518769
-0.518711
-0.518642
-0.518563
-0.518479
-0.518392
-0.518305
-0.51822
-0.518138
-0.518062
-0.517992
-0.517929
-0.517874
-0.517828
-0.51779
-0.51776
-0.51774
-0.517727
-0.517724
-0.517728
-0.517742
-0.517764
-0.517794
-0.517834
-0.517883
-0.517941
-0.518009
-0.518087
-0.518175
-0.518271
-0.518374
-0.518482
-0.518591
-0.518696
-0.518791
-0.518867
-0.518916
-0.518927
-0.51889
-0.518796
-0.518636
-0.518406
-0.518103
-0.51773
-0.517292
-0.5168
-0.516265
-0.5157
-0.515131
-0.514569
-0.514026
-0.513515
-0.513041
-0.512608
-0.512217
-0.511868
-0.511556
-0.511277
-0.511026
-0.510796
-0.510582
-0.510376
-0.510175
-0.509971
-0.509762
-0.509543
-0.50931
-0.509061
-0.508794
-0.546816
-0.546829
-0.546834
-0.54683
-0.546814
-0.546787
-0.546749
-0.546699
-0.54664
-0.546574
-0.546503
-0.546429
-0.546354
-0.54628
-0.546209
-0.546142
-0.54608
-0.546025
-0.545976
-0.545934
-0.545899
-0.545872
-0.545853
-0.545841
-0.545837
-0.545841
-0.545853
-0.545872
-0.545899
-0.545934
-0.545977
-0.546027
-0.546086
-0.546152
-0.546225
-0.546303
-0.546386
-0.54647
-0.546551
-0.546626
-0.546689
-0.546733
-0.54675
-0.546734
-0.546675
-0.546568
-0.546407
-0.546187
-0.545908
-0.545572
-0.545184
-0.544751
-0.544283
-0.543792
-0.543293
-0.542798
-0.542316
-0.541856
-0.541423
-0.541022
-0.540654
-0.540319
-0.540014
-0.539736
-0.539481
-0.539244
-0.53902
-0.538805
-0.538593
-0.53838
-0.538163
-0.537938
-0.537701
-0.53745
-0.537183
-0.574808
-0.574817
-0.574819
-0.574813
-0.574798
-0.574774
-0.57474
-0.574697
-0.574647
-0.574591
-0.57453
-0.574466
-0.574402
-0.574338
-0.574276
-0.574218
-0.574163
-0.574114
-0.57407
-0.574032
-0.574001
-0.573976
-0.573959
-0.573948
-0.573943
-0.573946
-0.573956
-0.573972
-0.573996
-0.574026
-0.574063
-0.574106
-0.574155
-0.57421
-0.57427
-0.574332
-0.574397
-0.57446
-0.574518
-0.574569
-0.574606
-0.574625
-0.574619
-0.574583
-0.57451
-0.574396
-0.574236
-0.574028
-0.573771
-0.573468
-0.573122
-0.572739
-0.572325
-0.571895
-0.571456
-0.571017
-0.570586
-0.570171
-0.569777
-0.569406
-0.569061
-0.568741
-0.568446
-0.568173
-0.567918
-0.567679
-0.567451
-0.56723
-0.567012
-0.566795
-0.566573
-0.566345
-0.566106
-0.565856
-0.565591
-0.602806
-0.602812
-0.602812
-0.602806
-0.602792
-0.60277
-0.60274
-0.602703
-0.60266
-0.602612
-0.60256
-0.602505
-0.60245
-0.602394
-0.602341
-0.602289
-0.602241
-0.602198
-0.602159
-0.602125
-0.602096
-0.602074
-0.602058
-0.602047
-0.602043
-0.602045
-0.602053
-0.602066
-0.602086
-0.602112
-0.602143
-0.602179
-0.602219
-0.602264
-0.602311
-0.60236
-0.602409
-0.602454
-0.602494
-0.602525
-0.602542
-0.602542
-0.602519
-0.602469
-0.602387
-0.60227
-0.602114
-0.601918
-0.601683
-0.601409
-0.6011
-0.600755
-0.60039
-0.600009
-0.59962
-0.59923
-0.598844
-0.598469
-0.598108
-0.597766
-0.597443
-0.597141
-0.596857
-0.596591
-0.596341
-0.596103
-0.595874
-0.595652
-0.595433
-0.595213
-0.59499
-0.594762
-0.594524
-0.594276
-0.594016
-0.630808
-0.630813
-0.630813
-0.630806
-0.630793
-0.630774
-0.630748
-0.630716
-0.630679
-0.630637
-0.630593
-0.630546
-0.630498
-0.63045
-0.630403
-0.630358
-0.630316
-0.630277
-0.630242
-0.630212
-0.630186
-0.630166
-0.630151
-0.630141
-0.630136
-0.630137
-0.630143
-0.630155
-0.630171
-0.630192
-0.630217
-0.630247
-0.63028
-0.630315
-0.630352
-0.630388
-0.630423
-0.630454
-0.630479
-0.630494
-0.630496
-0.630481
-0.630446
-0.630387
-0.6303
-0.630183
-0.630033
-0.62985
-0.629634
-0.629387
-0.629114
-0.628791
-0.628472
-0.628135
-0.627788
-0.627439
-0.627092
-0.626753
-0.626424
-0.626108
-0.625807
-0.625522
-0.625252
-0.624996
-0.624752
-0.624519
-0.624293
-0.624072
-0.623854
-0.623635
-0.623414
-0.623188
-0.622954
-0.62271
-0.622456
-0.658816
-0.65882
-0.65882
-0.658813
-0.658802
-0.658784
-0.658762
-0.658734
-0.658702
-0.658666
-0.658628
-0.658587
-0.658545
-0.658504
-0.658463
-0.658423
-0.658386
-0.658352
-0.658321
-0.658294
-0.658271
-0.658253
-0.658239
-0.658229
-0.658224
-0.658224
-0.658229
-0.658238
-0.658251
-0.658268
-0.658288
-0.658312
-0.658338
-0.658365
-0.658392
-0.658419
-0.658442
-0.658461
-0.658473
-0.658476
-0.658466
-0.658441
-0.658397
-0.658332
-0.658243
-0.658128
-0.657986
-0.657815
-0.657616
-0.657391
-0.65714
-0.656862
-0.656573
-0.656271
-0.655961
-0.655648
-0.655335
-0.655027
-0.654727
-0.654436
-0.654157
-0.653889
-0.653633
-0.653389
-0.653154
-0.652927
-0.652707
-0.65249
-0.652276
-0.652061
-0.651844
-0.651622
-0.651393
-0.651156
-0.650909
-0.686829
-0.686833
-0.686832
-0.686826
-0.686816
-0.686801
-0.686781
-0.686757
-0.686729
-0.686698
-0.686665
-0.68663
-0.686594
-0.686557
-0.686522
-0.686487
-0.686455
-0.686424
-0.686397
-0.686373
-0.686352
-0.686335
-0.686322
-0.686313
-0.686308
-0.686307
-0.68631
-0.686317
-0.686327
-0.68634
-0.686356
-0.686374
-0.686394
-0.686414
-0.686433
-0.686451
-0.686466
-0.686475
-0.686477
-0.68647
-0.686452
-0.686419
-0.68637
-0.686302
-0.686213
-0.686102
-0.685967
-0.685808
-0.685626
-0.685421
-0.685193
-0.684947
-0.684687
-0.684416
-0.684139
-0.683857
-0.683575
-0.683295
-0.683021
-0.682754
-0.682495
-0.682245
-0.682004
-0.681772
-0.681548
-0.68133
-0.681117
-0.680907
-0.680699
-0.68049
-0.680279
-0.680063
-0.679842
-0.679613
-0.679375
-0.714846
-0.71485
-0.714849
-0.714844
-0.714835
-0.714822
-0.714805
-0.714784
-0.71476
-0.714733
-0.714704
-0.714673
-0.714642
-0.714611
-0.714579
-0.714549
-0.71452
-0.714494
-0.714469
-0.714448
-0.714429
-0.714414
-0.714402
-0.714393
-0.714388
-0.714386
-0.714388
-0.714393
-0.7144
-0.71441
-0.714422
-0.714435
-0.71445
-0.714464
-0.714477
-0.714487
-0.714494
-0.714496
-0.714491
-0.714477
-0.714452
-0.714414
-0.714362
-0.714293
-0.714206
-0.714099
-0.713973
-0.713826
-0.713659
-0.713473
-0.713265
-0.713045
-0.712813
-0.71257
-0.712321
-0.712067
-0.711812
-0.711559
-0.711309
-0.711064
-0.710825
-0.710593
-0.710368
-0.710149
-0.709937
-0.709729
-0.709525
-0.709324
-0.709123
-0.708922
-0.708718
-0.708511
-0.708299
-0.708079
-0.707852
-0.742868
-0.742871
-0.742871
-0.742866
-0.742858
-0.742847
-0.742832
-0.742814
-0.742793
-0.74277
-0.742745
-0.742718
-0.742691
-0.742663
-0.742636
-0.74261
-0.742584
-0.742561
-0.742539
-0.74252
-0.742503
-0.742489
-0.742478
-0.74247
-0.742465
-0.742462
-0.742463
-0.742466
-0.742471
-0.742478
-0.742486
-0.742496
-0.742505
-0.742514
-0.742522
-0.742527
-0.742528
-0.742523
-0.742513
-0.742493
-0.742464
-0.742424
-0.74237
-0.742302
-0.742218
-0.742117
-0.741999
-0.741864
-0.741711
-0.741542
-0.741356
-0.741158
-0.740949
-0.740731
-0.740507
-0.740279
-0.74005
-0.73982
-0.739593
-0.739369
-0.739149
-0.738934
-0.738725
-0.73852
-0.738321
-0.738124
-0.737931
-0.73774
-0.737549
-0.737357
-0.737163
-0.736965
-0.736763
-0.736554
-0.736339
-0.770893
-0.770896
-0.770896
-0.770892
-0.770886
-0.770876
-0.770863
-0.770847
-0.770829
-0.770809
-0.770787
-0.770764
-0.77074
-0.770716
-0.770692
-0.770669
-0.770647
-0.770626
-0.770607
-0.77059
-0.770575
-0.770562
-0.770552
-0.770544
-0.770539
-0.770536
-0.770535
-0.770536
-0.77054
-0.770544
-0.77055
-0.770556
-0.770562
-0.770567
-0.77057
-0.77057
-0.770566
-0.770558
-0.770543
-0.77052
-0.770489
-0.770447
-0.770393
-0.770327
-0.770247
-0.770153
-0.770044
-0.769919
-0.76978
-0.769626
-0.76946
-0.769282
-0.769095
-0.7689
-0.768699
-0.768494
-0.768287
-0.76808
-0.767874
-0.76767
-0.767469
-0.767271
-0.767078
-0.766888
-0.766701
-0.766518
-0.766336
-0.766156
-0.765976
-0.765794
-0.765611
-0.765425
-0.765234
-0.765038
-0.764835
-0.798922
-0.798925
-0.798925
-0.798922
-0.798916
-0.798907
-0.798896
-0.798883
-0.798867
-0.798849
-0.79883
-0.79881
-0.79879
-0.798769
-0.798748
-0.798728
-0.798708
-0.79869
-0.798673
-0.798657
-0.798644
-0.798632
-0.798623
-0.798616
-0.79861
-0.798607
-0.798605
-0.798606
-0.798607
-0.79861
-0.798613
-0.798616
-0.798619
-0.79862
-0.79862
-0.798617
-0.79861
-0.798598
-0.798581
-0.798556
-0.798523
-0.798481
-0.798429
-0.798366
-0.798291
-0.798203
-0.798103
-0.79799
-0.797864
-0.797724
-0.797575
-0.797416
-0.797248
-0.797074
-0.796895
-0.796711
-0.796526
-0.796339
-0.796153
-0.795968
-0.795785
-0.795605
-0.795427
-0.795252
-0.79508
-0.79491
-0.794741
-0.794573
-0.794404
-0.794235
-0.794064
-0.793889
-0.793711
-0.793528
-0.79334
-0.826954
-0.826957
-0.826957
-0.826955
-0.82695
-0.826942
-0.826932
-0.82692
-0.826907
-0.826891
-0.826875
-0.826858
-0.82684
-0.826821
-0.826803
-0.826785
-0.826768
-0.826752
-0.826737
-0.826723
-0.826711
-0.826701
-0.826692
-0.826685
-0.82668
-0.826676
-0.826674
-0.826673
-0.826674
-0.826674
-0.826676
-0.826677
-0.826677
-0.826676
-0.826673
-0.826667
-0.826658
-0.826644
-0.826625
-0.8266
-0.826567
-0.826526
-0.826476
-0.826417
-0.826347
-0.826267
-0.826175
-0.826074
-0.825962
-0.825831
-0.825699
-0.825558
-0.82541
-0.825255
-0.825095
-0.824931
-0.824766
-0.824599
-0.824431
-0.824265
-0.8241
-0.823936
-0.823775
-0.823615
-0.823457
-0.823301
-0.823145
-0.82299
-0.822834
-0.822678
-0.82252
-0.822359
-0.822194
-0.822025
-0.821851
-0.85499
-0.854992
-0.854992
-0.85499
-0.854986
-0.854979
-0.85497
-0.85496
-0.854948
-0.854935
-0.854921
-0.854906
-0.85489
-0.854874
-0.854858
-0.854843
-0.854828
-0.854813
-0.8548
-0.854788
-0.854777
-0.854768
-0.85476
-0.854753
-0.854748
-0.854744
-0.854742
-0.85474
-0.854739
-0.854739
-0.854739
-0.854738
-0.854737
-0.854734
-0.854729
-0.854722
-0.854711
-0.854696
-0.854676
-0.854651
-0.854619
-0.85458
-0.854533
-0.854478
-0.854414
-0.854341
-0.854259
-0.854167
-0.854066
-0.853952
-0.853834
-0.853709
-0.853577
-0.85344
-0.853299
-0.853154
-0.853007
-0.852859
-0.85271
-0.852561
-0.852413
-0.852266
-0.85212
-0.851976
-0.851833
-0.851691
-0.85155
-0.851408
-0.851266
-0.851124
-0.850979
-0.850832
-0.850682
-0.850528
-0.85037
-0.883028
-0.88303
-0.88303
-0.883028
-0.883024
-0.883018
-0.88301
-0.883001
-0.882991
-0.88298
-0.882967
-0.882954
-0.88294
-0.882927
-0.882913
-0.882899
-0.882886
-0.882874
-0.882862
-0.882851
-0.882842
-0.882833
-0.882826
-0.88282
-0.882815
-0.882811
-0.882808
-0.882806
-0.882805
-0.882803
-0.882802
-0.8828
-0.882797
-0.882793
-0.882787
-0.882779
-0.882767
-0.882752
-0.882733
-0.882708
-0.882678
-0.882642
-0.882599
-0.882548
-0.88249
-0.882425
-0.882351
-0.88227
-0.882182
-0.882079
-0.881976
-0.881866
-0.881751
-0.881631
-0.881506
-0.881379
-0.88125
-0.881119
-0.880988
-0.880857
-0.880726
-0.880595
-0.880466
-0.880337
-0.880209
-0.880082
-0.879955
-0.879828
-0.8797
-0.879572
-0.879442
-0.879309
-0.879175
-0.879036
-0.878894
-0.911068
-0.91107
-0.91107
-0.911068
-0.911064
-0.911059
-0.911052
-0.911044
-0.911035
-0.911025
-0.911014
-0.911003
-0.910991
-0.910979
-0.910967
-0.910956
-0.910944
-0.910933
-0.910923
-0.910914
-0.910905
-0.910898
-0.910891
-0.910886
-0.910881
-0.910877
-0.910874
-0.910872
-0.91087
-0.910868
-0.910866
-0.910863
-0.910859
-0.910855
-0.910848
-0.910839
-0.910828
-0.910813
-0.910794
-0.910771
-0.910743
-0.91071
-0.910671
-0.910626
-0.910575
-0.910517
-0.910452
-0.91038
-0.910302
-0.910216
-0.910125
-0.910029
-0.909929
-0.909825
-0.909717
-0.909607
-0.909495
-0.909381
-0.909267
-0.909152
-0.909038
-0.908924
-0.90881
-0.908697
-0.908584
-0.908472
-0.90836
-0.908248
-0.908135
-0.908022
-0.907907
-0.90779
-0.907671
-0.907549
-0.907424
-0.939111
-0.939112
-0.939111
-0.939109
-0.939106
-0.939101
-0.939095
-0.939088
-0.93908
-0.939071
-0.939062
-0.939052
-0.939042
-0.939032
-0.939022
-0.939012
-0.939002
-0.938992
-0.938984
-0.938975
-0.938968
-0.938961
-0.938956
-0.938951
-0.938946
-0.938943
-0.93894
-0.938937
-0.938935
-0.938932
-0.93893
-0.938927
-0.938923
-0.938918
-0.938911
-0.938902
-0.938891
-0.938877
-0.93886
-0.938839
-0.938814
-0.938785
-0.93875
-0.938711
-0.938666
-0.938615
-0.938559
-0.938497
-0.93843
-0.938357
-0.938279
-0.938197
-0.938112
-0.938023
-0.937931
-0.937837
-0.937741
-0.937644
-0.937546
-0.937448
-0.93735
-0.937252
-0.937154
-0.937057
-0.93696
-0.936863
-0.936767
-0.93667
-0.936572
-0.936474
-0.936375
-0.936274
-0.936171
-0.936066
-0.935958
-0.967156
-0.967156
-0.967155
-0.967152
-0.967149
-0.967145
-0.967139
-0.967133
-0.967126
-0.967119
-0.967111
-0.967102
-0.967093
-0.967085
-0.967076
-0.967067
-0.967059
-0.967051
-0.967043
-0.967036
-0.96703
-0.967024
-0.967019
-0.967015
-0.967011
-0.967008
-0.967005
-0.967002
-0.967
-0.966997
-0.966994
-0.966991
-0.966987
-0.966982
-0.966976
-0.966968
-0.966957
-0.966945
-0.96693
-0.966911
-0.966889
-0.966864
-0.966834
-0.9668
-0.966762
-0.966719
-0.966672
-0.96662
-0.966563
-0.966502
-0.966438
-0.966369
-0.966298
-0.966224
-0.966147
-0.966069
-0.965989
-0.965908
-0.965827
-0.965745
-0.965663
-0.965581
-0.965499
-0.965417
-0.965336
-0.965255
-0.965174
-0.965092
-0.965011
-0.964928
-0.964845
-0.964761
-0.964675
-0.964587
-0.964497
-0.995202
-0.995201
-0.995199
-0.995197
-0.995194
-0.995189
-0.995184
-0.995179
-0.995173
-0.995166
-0.995159
-0.995152
-0.995145
-0.995137
-0.99513
-0.995123
-0.995116
-0.995109
-0.995103
-0.995097
-0.995092
-0.995087
-0.995082
-0.995078
-0.995075
-0.995072
-0.995069
-0.995067
-0.995064
-0.995062
-0.995059
-0.995056
-0.995053
-0.995048
-0.995042
-0.995035
-0.995026
-0.995015
-0.995002
-0.994987
-0.994968
-0.994947
-0.994923
-0.994895
-0.994863
-0.994828
-0.994789
-0.994747
-0.994701
-0.994652
-0.9946
-0.994545
-0.994487
-0.994427
-0.994366
-0.994302
-0.994238
-0.994173
-0.994107
-0.994041
-0.993975
-0.993909
-0.993843
-0.993778
-0.993712
-0.993647
-0.993581
-0.993516
-0.99345
-0.993384
-0.993317
-0.99325
-0.993181
-0.99311
-0.993038
-1.02325
-1.02325
-1.02325
-1.02324
-1.02324
-1.02323
-1.02323
-1.02323
-1.02322
-1.02321
-1.02321
-1.0232
-1.0232
-1.02319
-1.02318
-1.02318
-1.02317
-1.02317
-1.02316
-1.02316
-1.02315
-1.02315
-1.02314
-1.02314
-1.02314
-1.02314
-1.02313
-1.02313
-1.02313
-1.02313
-1.02312
-1.02312
-1.02312
-1.02311
-1.02311
-1.0231
-1.0231
-1.02309
-1.02308
-1.02307
-1.02305
-1.02303
-1.02301
-1.02299
-1.02297
-1.02294
-1.02291
-1.02288
-1.02284
-1.0228
-1.02276
-1.02272
-1.02268
-1.02263
-1.02259
-1.02254
-1.02249
-1.02244
-1.02239
-1.02234
-1.02229
-1.02224
-1.02219
-1.02214
-1.02209
-1.02204
-1.02199
-1.02194
-1.02189
-1.02184
-1.02179
-1.02174
-1.02169
-1.02164
-1.02158
-1.0513
-1.05129
-1.05129
-1.05129
-1.05128
-1.05128
-1.05128
-1.05127
-1.05127
-1.05126
-1.05126
-1.05125
-1.05125
-1.05124
-1.05124
-1.05123
-1.05123
-1.05122
-1.05122
-1.05122
-1.05121
-1.05121
-1.05121
-1.0512
-1.0512
-1.0512
-1.0512
-1.0512
-1.05119
-1.05119
-1.05119
-1.05119
-1.05119
-1.05118
-1.05118
-1.05117
-1.05117
-1.05116
-1.05115
-1.05115
-1.05113
-1.05112
-1.05111
-1.05109
-1.05108
-1.05106
-1.05103
-1.05101
-1.05099
-1.05096
-1.05093
-1.0509
-1.05087
-1.05084
-1.05081
-1.05077
-1.05074
-1.0507
-1.05067
-1.05064
-1.0506
-1.05057
-1.05053
-1.0505
-1.05046
-1.05043
-1.0504
-1.05036
-1.05033
-1.0503
-1.05026
-1.05023
-1.0502
-1.05016
-1.05013
-1.07935
-1.07934
-1.07934
-1.07934
-1.07933
-1.07933
-1.07932
-1.07932
-1.07932
-1.07931
-1.07931
-1.0793
-1.0793
-1.0793
-1.07929
-1.07929
-1.07929
-1.07928
-1.07928
-1.07928
-1.07927
-1.07927
-1.07927
-1.07927
-1.07927
-1.07926
-1.07926
-1.07926
-1.07926
-1.07926
-1.07926
-1.07926
-1.07925
-1.07925
-1.07925
-1.07925
-1.07924
-1.07924
-1.07923
-1.07923
-1.07922
-1.07921
-1.0792
-1.07919
-1.07918
-1.07917
-1.07916
-1.07915
-1.07913
-1.07912
-1.0791
-1.07908
-1.07906
-1.07905
-1.07903
-1.07901
-1.07899
-1.07897
-1.07895
-1.07893
-1.07891
-1.07889
-1.07888
-1.07886
-1.07884
-1.07882
-1.07881
-1.07879
-1.07877
-1.07876
-1.07874
-1.07872
-1.07871
-1.07869
-1.07867
-1.1074
-1.10739
-1.10739
-1.10738
-1.10738
-1.10737
-1.10737
-1.10737
-1.10736
-1.10736
-1.10736
-1.10735
-1.10735
-1.10735
-1.10735
-1.10734
-1.10734
-1.10734
-1.10734
-1.10734
-1.10733
-1.10733
-1.10733
-1.10733
-1.10733
-1.10733
-1.10733
-1.10733
-1.10732
-1.10732
-1.10732
-1.10732
-1.10732
-1.10732
-1.10732
-1.10732
-1.10732
-1.10731
-1.10731
-1.10731
-1.10731
-1.1073
-1.1073
-1.1073
-1.10729
-1.10729
-1.10729
-1.10728
-1.10728
-1.10727
-1.10727
-1.10726
-1.10726
-1.10725
-1.10725
-1.10725
-1.10724
-1.10724
-1.10723
-1.10723
-1.10723
-1.10722
-1.10722
-1.10722
-1.10722
-1.10722
-1.10721
-1.10721
-1.10721
-1.10721
-1.10722
-1.10722
-1.10722
-1.10722
-1.10722
)
;

boundaryField
{
    leftWall
    {
        type            calculated;
        value           nonuniform List<scalar> 0();
    }
    rightWall
    {
        type            calculated;
        value           nonuniform List<scalar> 0();
    }
    lowerWall
    {
        type            calculated;
        value           nonuniform List<scalar> 
75
(
59.7971
59.7086
59.6131
59.5119
59.4072
59.3008
59.1937
59.0849
58.9722
58.8532
58.7269
58.594
58.4553
58.312
58.1651
58.016
57.8661
57.7171
57.5703
57.4275
57.2907
57.1618
57.0427
56.9342
56.835
56.741
56.6457
56.5405
56.4171
56.2678
56.0875
55.875
55.6331
55.3679
55.0874
54.8
54.5143
54.2385
53.9806
53.7473
53.5426
53.3661
53.2123
53.0715
52.9317
52.7821
52.6135
52.4186
52.1938
51.9461
51.7288
51.5868
51.4927
51.4298
51.3949
51.3352
51.2835
51.2828
51.2749
51.2199
51.1149
50.9693
50.7891
50.574
50.3261
50.0518
49.7598
49.4578
49.1536
48.8558
48.5726
48.3104
48.0726
47.8623
47.6832
)
;
    }
    atmosphere
    {
        type            calculated;
        value           nonuniform List<scalar> 
75
(
-1.12142
-1.12142
-1.12141
-1.12141
-1.1214
-1.1214
-1.12139
-1.12139
-1.12139
-1.12138
-1.12138
-1.12138
-1.12138
-1.12137
-1.12137
-1.12137
-1.12137
-1.12137
-1.12137
-1.12137
-1.12136
-1.12136
-1.12136
-1.12136
-1.12136
-1.12136
-1.12136
-1.12136
-1.12136
-1.12136
-1.12136
-1.12136
-1.12136
-1.12135
-1.12135
-1.12135
-1.12135
-1.12135
-1.12135
-1.12135
-1.12135
-1.12135
-1.12135
-1.12135
-1.12135
-1.12135
-1.12135
-1.12135
-1.12135
-1.12135
-1.12135
-1.12136
-1.12136
-1.12136
-1.12136
-1.12136
-1.12137
-1.12137
-1.12138
-1.12138
-1.12138
-1.12139
-1.12139
-1.1214
-1.12141
-1.12141
-1.12142
-1.12143
-1.12144
-1.12145
-1.12146
-1.12147
-1.12148
-1.12149
-1.1215
)
;
    }
    defaultFaces
    {
        type            empty;
    }
    procBoundary1to0
    {
        type            processor;
        value           nonuniform List<scalar> 
40
(
45.8971
17.997
2.4719
-0.0949805
-0.122876
-0.151905
-0.180817
-0.209607
-0.238147
-0.266456
-0.294639
-0.322742
-0.350797
-0.378823
-0.406831
-0.434829
-0.462822
-0.490812
-0.518804
-0.546797
-0.574794
-0.602794
-0.630799
-0.658808
-0.686821
-0.714839
-0.74286
-0.770886
-0.798916
-0.826949
-0.854985
-0.883024
-0.911065
-0.939109
-0.967154
-0.995201
-1.02325
-1.0513
-1.07935
-1.1074
)
;
    }
    procBoundary1to2
    {
        type            processor;
        value           nonuniform List<scalar> 
40
(
33.6883
6.8045
-0.0596018
-0.0872385
-0.11513
-0.142745
-0.170551
-0.198426
-0.226362
-0.254375
-0.282442
-0.310563
-0.338731
-0.366942
-0.395192
-0.423476
-0.451792
-0.480136
-0.508505
-0.536897
-0.56531
-0.59374
-0.622188
-0.65065
-0.679127
-0.707615
-0.736115
-0.764625
-0.793144
-0.821672
-0.850207
-0.878748
-0.907295
-0.935848
-0.964404
-0.992964
-1.02153
-1.05009
-1.07866
-1.10723
)
;
    }
}


// ************************************************************************* //
