/*--------------------------------*- C++ -*----------------------------------*\
| =========                 |                                                 |
| \\      /  F ield         | OpenFOAM: The Open Source CFD Toolbox           |
|  \\    /   O peration     | Version:  2606                                  |
|   \\  /    A nd           | Website:  www.openfoam.com                      |
|    \\/     M anipulation  |                                                 |
\*---------------------------------------------------------------------------*/
FoamFile
{
    version     2.0;
    format      ascii;
    arch        "LSB;label=32;scalar=64";
    class       volScalarField;
    location    "140";
    object      p;
}
// * * * * * * * * * * * * * * * * * * * * * * * * * * * * * * * * * * * * * //

dimensions      [0 2 -2 0 0 0 0];

internalField   nonuniform List<scalar> 
1200
(
0.002564512437398034
0.002014091499876675
0.001723124914536931
0.001592983106358949
0.001513547435845892
0.001456844635857065
0.00141136656528937
0.00137024053179855
0.001330980689222459
0.001292968114361068
0.001256014354611135
0.001220026173397805
0.001184944857161793
0.001150722608537398
0.001117313275688675
0.001084671348312623
0.001052751681355159
0.001021510641224491
0.0009909059576665459
0.0009608979801813912
0.0009314490212421395
0.0009025245400086468
0.0008740919054598681
0.0008461217175424811
0.0008185860346761855
0.0007914600804654571
0.0007647198935202973
0.000738344659482703
0.000712313628536794
0.000686609342547841
0.0006612135469971953
0.0006361116675240328
0.0006112873014413767
0.0005867284411521359
0.0005624199448240154
0.0005383522133459466
0.0005145107931985587
0.0004908884939196505
0.0004674709616911648
0.0004442535692637659
0.0004212214341835611
0.0003983727849199756
0.0003756915473207614
0.0003531791845073637
0.0003308177964586118
0.0003086124168173467
0.0002865428957704792
0.000264617841299635
0.0002428150509598328
0.000221145773322004
0.0001995874322991599
0.0001781508216532634
0.0001568178909390342
0.0001355912963287142
0.0001144690891916709
9.342877182930095e-05
7.250970848748256e-05
5.162846637589797e-05
3.092122411659647e-05
1.016672639977903e-05
0.002318618815719176
0.001947672314871017
0.001715998300069139
0.001603064199237017
0.001525620078973485
0.001466218472430188
0.001417845952235044
0.001374657094808151
0.001334084050225444
0.001295259742985808
0.001257790989238191
0.001221458703608673
0.001186135409799437
0.001151735386397319
0.00111819049773935
0.00108544199743532
0.001053436363319133
0.001022124518369639
0.0009914604487235165
0.0009614019568448015
0.0009319094590522774
0.0009029471067197598
0.0008744811897660517
0.0008464815921382326
0.0008189196826595114
0.0007917702867086276
0.0007650089466372837
0.0007386146457490087
0.0007125662294852914
0.0006868461797315849
0.0006614358659817079
0.0006363207779095413
0.0006114841171460959
0.0005869140678931641
0.0005625950266565394
0.0005385177355410183
0.0005146671623668081
0.000491036645486297
0.000467611075203734
0.0004443865943046906
0.0004213473169513802
0.0003984925488807259
0.0003758048892557139
0.0003532872542336661
0.000330920026833915
0.000308710117193903
0.0002866352438377506
0.0002647062914564196
0.0002428986006947075
0.0002212259010039829
0.0001996631816415632
0.0001782233480090645
0.0001568868304246282
0.0001356566672839474
0.000114532320878391
9.348693057705067e-05
7.256854730255919e-05
5.167747805971229e-05
3.097508464405675e-05
1.019657474759123e-05
0.002148291283771853
0.001916089760074684
0.001733977945841203
0.001625956709747951
0.001543868387855727
0.001479062740950726
0.00142665197411135
0.001380789222565991
0.001338475656106798
0.00129850495503805
0.001260262233257782
0.001223393656318435
0.001187690461688297
0.001153015386042852
0.001119266534140906
0.001086363028348265
0.001054236663253747
0.001022828631351384
0.0009920862695443409
0.0009619629191689173
0.0009324157800576576
0.0009034068402935871
0.0008749006731988869
0.0008468660568616223
0.0008192733242521639
0.0007920967303248979
0.0007653110977989021
0.0007388951516535
0.0007128271544689372
0.0006870895493366609
0.0006616631548458632
0.0006365336131154592
0.000611683528140215
0.000587101437988237
0.0005627710189542921
0.0005386836095803407
0.0005148232488344381
0.0004911841852146051
0.000467750065579533
0.0004445183587464132
0.0004214714893929044
0.0003986106387652619
0.000375916113705284
0.0003533934145327417
0.0003310198572963119
0.0003088058095361848
0.0002867249919921244
0.0002647927405495794
0.0002429793990753673
0.0002213041115686927
0.0001997360462321769
0.0001782940770296736
0.0001569527310202161
0.0001357202979708639
0.0001145922483797621
9.354301432966795e-05
7.262330899909149e-05
5.172254664013721e-05
3.102223253354713e-05
1.021472429071704e-05
0.002042246690992264
0.001891203157093636
0.001743382404687655
0.00164213274312948
0.001560455181334924
0.001493152500298172
0.00143743761437896
0.001388725659007147
0.001344275509599549
0.001302782875851447
0.001263473498180493
0.001225855608972831
0.001189620342450954
0.00115456169426123
0.001120531211268909
0.001087416782382568
0.001055129147827114
0.001023595299586977
0.0009927528069367858
0.000962548351927523
0.0009329343903085544
0.0009038696556268138
0.000875316249317718
0.0008472412848584233
0.0008196136769454427
0.0007924068067012335
0.0007655945779286659
0.0007391552781147866
0.0007130664820504774
0.00068731047672722
0.0006618674776258311
0.0006367231932686148
0.0006118596106961237
0.0005872655509236414
0.0005629239735157517
0.0005388267487164394
0.0005149570070500383
0.0004913098448922001
0.0004678676971091583
0.000444629301206495
0.0004215754231465973
0.0003987090812216582
0.0003760082927544149
0.0003534811615398431
0.0003311018495178016
0.0003088843492524221
0.0002867980709664042
0.0002648633136068581
0.0002430446001409962
0.0002213677521653742
0.0001997941964794097
0.0001783516106439937
0.0001570044341054252
0.0001357722242161531
0.0001146377357737608
9.358895513408951e-05
7.266165979201424e-05
5.175884632440539e-05
3.104778685543594e-05
1.023034566025002e-05
0.00196653085193904
0.001863562243870923
0.001743982251425781
0.00165216031124058
0.001573887393066597
0.001506252901307941
0.001448436577151474
0.001397415223980306
0.00135098377476824
0.001307928477200794
0.001267436828755504
0.00122894131696422
0.001192058050382307
0.00115651958584063
0.001122130629752781
0.001088744835162976
0.001056248471243885
0.001024551310552551
0.0009935787789309277
0.0009632690765385184
0.0009335685886813825
0.0009044317878533017
0.00087581759144027
0.0008476908794794377
0.000820018760312709
0.0007927733943880219
0.0007659275522563479
0.0007394588489800945
0.0007133440586947613
0.0006875651321383451
0.0006621016369769968
0.0006369391898928239
0.000612059171205078
0.0005874505257599441
0.0005630955596943431
0.0005389864951065783
0.0005151056764502033
0.0004914488274661351
0.0004679973646631775
0.0004447510120275057
0.0004216891571049442
0.0003988162912031416
0.0003761085216306449
0.0003535760997278341
0.0003311905072931928
0.0003089688359485068
0.0002868766974867698
0.0002649388622692365
0.000243114398869969
0.0002214356456869554
0.0001998560349537597
0.000178412941949953
0.0001570587352392726
0.0001358278354262335
0.0001146840905990481
9.363899966355549e-05
7.269755830552026e-05
5.180126500829944e-05
3.106506041536907e-05
1.025986076503896e-05
0.001910925876291899
0.00183858938309072
0.001741375671784461
0.001658277220451864
0.001583722630189217
0.001516729727388904
0.001457830242312631
0.001405256819908051
0.001357329263572475
0.001312992152155121
0.00127146773793942
0.00123216672398238
0.001194664043476891
0.001158651067414893
0.001123897382096397
0.001090228851087599
0.00105751068019235
0.001025637105214506
0.0009945221917696456
0.0009640959366949162
0.0009342987291235
0.0009050807150820025
0.0008763975607454319
0.0008482117904935273
0.0008204886391282411
0.0007931989274847532
0.0007663142527587292
0.0007398114454531134
0.0007136664696244902
0.0006878608263516618
0.000662373458979693
0.0006371897666937962
0.0006122905853531019
0.0005876648322212603
0.0005632942720874683
0.0005391712837176718
0.0005152776050066614
0.0004916093234573676
0.0004681471105621236
0.0004448913111993611
0.0004218203385616862
0.0003989396449640546
0.0003762240102871593
0.0003536851211050822
0.0003312925945613521
0.0003090656551129488
0.0002869672069894392
0.0002650252505189213
0.0002431947432905483
0.0002215131200863056
0.0001999271880417412
0.0001784828527732055
0.0001571210313552334
0.0001358914082950278
0.0001147366007040365
9.369723275622486e-05
7.273638286701454e-05
5.185487492257892e-05
3.107917814017777e-05
1.030733129971444e-05
0.001871277616495151
0.001818383371912792
0.001737518191045399
0.001661507027450349
0.001590340317379508
0.001524420966107414
0.001465108332375437
0.001411578703397922
0.001362613342074863
0.001317326535760784
0.001275002395601587
0.00123505706539437
0.001197045765506808
0.001160634308522179
0.001125568182671843
0.001091653012138621
0.001058738060902068
0.001026705472580729
0.0009954602957433401
0.0009649258976376639
0.0009350377696757243
0.0009057424674851672
0.0008769929499359689
0.0008487497379700734
0.0008209764847081134
0.000793642836656035
0.0007667193929848079
0.000740182264253739
0.0007140067286340762
0.0006881738391290681
0.0006626620238191301
0.0006374564166534763
0.0006125374274451924
0.0005878938487344854
0.0005635070540756519
0.0005393694214988286
0.0005154622898362745
0.0004917818704661674
0.0004683083888790822
0.0004450424523231985
0.0004219619380223663
0.0003990727278194463
0.0003763489189742549
0.0003538028517016662
0.0003314032200340794
0.0003091702484367312
0.0002870654824998323
0.0002651185554535333
0.0002432821744028758
0.0002215967361214198
0.0002000047974832414
0.0001785582561917923
0.000157189084638754
0.0001359601127821646
0.0001147938043180623
9.376108321780637e-05
7.277789447925565e-05
5.191722443304487e-05
3.109167466629943e-05
1.036794601063847e-05
0.001844210450579468
0.001803180678761617
0.001733604439960984
0.001662982514976148
0.001594579182237704
0.00152974096109171
0.001470343900403362
0.001416245584619712
0.001366593418154918
0.001320647038110809
0.001277751196113644
0.001237336360011319
0.001198949142666188
0.001162239767578382
0.001126937705472168
0.001092834533374879
0.001059768180358696
0.001027612063663739
0.0009962646739325551
0.0009656445284495814
0.0009356835367007782
0.0009063256199332734
0.0008775217628546896
0.0008492310146372923
0.0008214158814109365
0.0007940451395591125
0.0007670886681600314
0.0007405220307182462
0.00071432001446428
0.0006884633132020946
0.0006629299939460106
0.0006377049521854745
0.0006127683131859957
0.0005881087165486604
0.0005637072967657587
0.0005395563441895998
0.0005156369857173054
0.0004919453964596851
0.0004684616080661491
0.0004451862295571576
0.0004220969608079707
0.0003991997079743134
0.0003764684102548352
0.0003539154437190961
0.0003315093551694805
0.0003092704393305898
0.0002871600302157669
0.0002652080153784391
0.0002433665259209138
0.000221676926852972
0.0002000798938961748
0.0001786305719023165
0.0001572551153044382
0.0001360261180346333
0.0001148493636655931
9.382306968192719e-05
7.281800590945053e-05
5.197996427365991e-05
3.110264496390137e-05
1.043103154201134e-05
0.00182732376746752
0.001793046915116674
0.001730561595736283
0.001663563063526139
0.001597081595568477
0.001533069240263658
0.001473708847907368
0.001419295798129883
0.001369227291219459
0.001322866545326931
0.001279604468210305
0.001238885393676931
0.001200252798709843
0.001163347986456873
0.001127890573699478
0.001093663214036763
0.001060496515559668
0.001028258207796399
0.0009968424915025355
0.0009661647066553504
0.0009361544244643397
0.0009067538501634421
0.0008779126950708478
0.0008495890598463002
0.0008217447236095586
0.000794347906067787
0.000767368038159594
0.0007407803311609873
0.0007145592725412048
0.0006886853177067778
0.0006631363193522227
0.0006378970029157049
0.00061294733372799
0.00058827582402775
0.0005638634883098821
0.0005397025140198036
0.0005157739447071642
0.0004920738589698964
0.0004685822492002546
0.0004452996101583424
0.0004222036659938427
0.0003993001561657744
0.0003765631404598166
0.0003540047318569704
0.0003315937318411868
0.0003093500419461688
0.0002872353878358611
0.0002652791818698558
0.0002434339244672327
0.0002217407636961564
0.0002001400490612616
0.0001786881639442251
0.000157308138194023
0.0001360787618483704
0.0001148940559611649
9.387285039562876e-05
7.285026245815182e-05
5.20313831927743e-05
3.111111954109165e-05
1.048332030090821e-05
0.00181920396350331
0.001787991343790491
0.001728923742341483
0.00166374018787982
0.00159823783237669
0.001534666660707384
0.001475351243840083
0.001420799469279705
0.00137053472965304
0.001323974074184137
0.0012805332204722
0.00123966470412425
0.001200911173777033
0.001163909871779661
0.001128375699876331
0.001094086955468571
0.001060870636789465
0.001028591654091195
0.000997142077441058
0.0009664356679928962
0.0009364008380155453
0.0009069789442228411
0.0008781190727843115
0.000849778859962027
0.000821919733457902
0.0007945096431739967
0.0007675178074528417
0.0007409192672914724
0.0007146883709069254
0.0006888054568839526
0.0006632482811758753
0.0006380014824788121
0.0006130449576760143
0.0005883671485563536
0.0005639490242708094
0.0005397827071725953
0.0005158492200297238
0.000492144569524963
0.000468648760422492
0.0004453621911593912
0.0004222626485475745
0.0003993557251335212
0.0003766156214834548
0.0003540542175089769
0.000331640568635492
0.0003093942220437291
0.0002872772922364829
0.0002653187197243525
0.0002434714658114859
0.0002217762520269342
0.0002001736112719629
0.0001787201948780636
0.0001573377686192943
0.0001361080701976028
0.0001149190641618397
9.390067316276376e-05
7.286832665261532e-05
5.206041771197861e-05
3.111580012379683e-05
1.051294223072084e-05
0.001819203963502004
0.001787991343790293
0.001728923742338862
0.00166374018787172
0.001598237832370275
0.001534666660708459
0.001475351243841195
0.001420799469267454
0.001370534729624831
0.001323974074150059
0.001280533220449537
0.001239664704123511
0.001200911173797791
0.001163909871809807
0.001128375699905265
0.001094086955491429
0.001060870636811634
0.001028591654117844
0.0009971420774750935
0.0009664356680290544
0.0009364008380487808
0.0009069789442501529
0.0008781190728095834
0.0008497788599881126
0.000821919733481622
0.0007945096431838439
0.0007675178074399141
0.0007409192672595892
0.0007146883708743075
0.000688805456862302
0.0006632482811576939
0.0006380014824357721
0.0006130449575959057
0.0005883671484556501
0.000563949024185454
0.0005397827071112859
0.000515849219968209
0.0004921445694469065
0.0004686487603332916
0.0004453621910667313
0.0004222626484121709
0.00039935572497917
0.0003766156213453598
0.0003540542173869149
0.0003316405684574921
0.0003093942218355229
0.0002872772920378922
0.0002653187194895621
0.0002434714655895433
0.0002217762517850898
0.0002001736110514914
0.000178720194580374
0.0001573377683812247
0.0001361080698857214
0.0001149190639676722
9.390067297785734e-05
7.286832668758499e-05
5.206041785538303e-05
3.111580092051803e-05
1.051294311272348e-05
0.00182732376746365
0.001793046915116063
0.001730561595728304
0.001663563063501568
0.001597081595548593
0.001533069240266174
0.001473708847910986
0.001419295798095241
0.001369227291138249
0.001322866545227924
0.001279604468143633
0.001238885393673544
0.001200252798769134
0.001163347986544376
0.001127890573784896
0.001093663214106017
0.001060496515627842
0.001028258207877745
0.0009968424916048204
0.0009661647067632114
0.0009361544245631906
0.0009067538502447336
0.000877912695145222
0.0008495890599216185
0.0008217447236764336
0.0007943479060943593
0.0007673680381213927
0.000740780331069538
0.000714559272446839
0.0006886853176406562
0.0006631363192922377
0.0006378970027839675
0.0006129473334936403
0.0005882758237379415
0.0005638634880626177
0.0005397025138359492
0.0005157739445178331
0.0004920738587301981
0.0004685822489278286
0.0004452996098821476
0.0004222036656058397
0.0003993001557217377
0.0003765631400451757
0.0003540047314821167
0.000331593731320051
0.0003093500413403033
0.0002872353872507554
0.0002652791811894738
0.0002434339238228271
0.0002217407629727431
0.0002001400483998601
0.0001786881630781094
0.0001573081375096431
0.0001360787609611992
0.0001148940553827183
9.387284983382495e-05
7.285026252684192e-05
5.203138360362594e-05
3.111112181389118e-05
1.048332282714995e-05
0.00184421045057326
0.001803180678760625
0.001733604439947157
0.001662982514934275
0.001594579182202617
0.001529740961093483
0.001470343900409684
0.001416245584568135
0.001366593418030415
0.001320647037956729
0.001277751196007678
0.001237336360002817
0.001198949142755971
0.00116223976771507
0.001126937705610048
0.001092834533492264
0.001059768180477124
0.001027612063803162
0.0009962646741028959
0.0009656445286270042
0.0009356835368627941
0.0009063256200671899
0.0008775217629747711
0.0008492310147542727
0.0008214158815094984
0.0007940451395943266
0.0007670886680980664
0.0007405220305781264
0.0007143200143171573
0.0006884633130879883
0.0006629299938307794
0.0006377049519599118
0.0006127683128160933
0.0005881087161033092
0.0005637072963796223
0.0005395563438814991
0.0005156369853887124
0.0004919453960481508
0.0004684616076034211
0.0004451862291018373
0.0004220969602114525
0.0003991997072911755
0.0003764684095698273
0.0003539154430753112
0.0003315093543415078
0.000309270438383946
0.0002871600292792819
0.0002652080143125662
0.0002433665249081196
0.000221676925672081
0.0002000798928158865
0.0001786305705537566
0.0001572551142453969
0.0001360261166839515
0.0001148493627278083
9.382306874982452e-05
7.281800592389754e-05
5.197996489649662e-05
3.110264834877953e-05
1.043103535297691e-05
0.00187127761648707
0.001818383371912023
0.001737518191025106
0.001661507027389747
0.001590340317326307
0.001524420966104178
0.001465108332382994
0.0014115787033361
0.001362613341921629
0.00131732653556812
0.001275002395465948
0.001235057065379199
0.001197045765616183
0.001160634308696173
0.001125568182856077
0.001091653012306252
0.001058738061076066
0.00102670547278161
0.0009954602959795136
0.0009649258978799443
0.0009350377698968172
0.0009057424676703582
0.0008769929500982347
0.0008487497381192707
0.0008209764848232712
0.0007936428366891029
0.0007667193929011712
0.0007401822640787528
0.0007140067284450041
0.0006881738389619991
0.0006626620236342765
0.0006374564163338132
0.0006125374269709369
0.0005878938481796534
0.0005635070535785869
0.0005393694210612078
0.0005154622893566787
0.0004917818698822615
0.0004683083882324291
0.0004450424516977917
0.0004219619372639041
0.0003990727269603284
0.0003763489180451403
0.0003538028507923439
0.000331403218955921
0.0003091702472347136
0.0002870654812711327
0.0002651185540773018
0.0002432821730929191
0.0002215967345596163
0.0002000047960606974
0.0001785582544959831
0.0001571890832907579
0.0001359601110941685
0.0001147938030882827
9.376108198554486e-05
7.277789435342538e-05
5.191722517678971e-05
3.109167855510354e-05
1.03679505340301e-05
0.001910925876282168
0.00183858938309211
0.001741375671759072
0.00165827722037198
0.00158372263011368
0.001516729727372789
0.00145783024231601
0.001405256819841159
0.001357329263407614
0.001312992151945741
0.001271467737789086
0.001232166723961466
0.001194664043594381
0.001158651067612335
0.001123897382319588
0.001090228851307161
0.00105751068042683
0.00102563710547826
0.0009945221920661467
0.0009640959369935907
0.0009342987293972236
0.0009050807153160903
0.0008763975609465259
0.0008482117906655382
0.0008204886392453479
0.0007931989275054791
0.0007663142526560396
0.0007398114452560952
0.0007136664694022488
0.0006878608261278328
0.00066237345871825
0.0006371897662927425
0.0006122905848139933
0.0005876648316037273
0.0005632942715018872
0.0005391712831461881
0.0005152776043722713
0.000491609322720989
0.0004681471097604445
0.0004448913104243424
0.0004218203376738096
0.0003989396439826462
0.0003762240091661541
0.0003536851199783648
0.000331292593306323
0.0003090656537437099
0.0002869672055440919
0.0002650252489175957
0.0002431947417703921
0.000221513118276314
0.0001999271864012777
0.0001784828508682044
0.0001571210298021888
0.0001358914063964611
0.0001147365992921672
9.369723137228893e-05
7.27363825643638e-05
5.185487565762551e-05
3.107918178966427e-05
1.030733586652716e-05
0.001966530851926591
0.00186356224387657
0.001743982251401479
0.001652160311147113
0.001573887392966791
0.001506252901267939
0.001448436577139579
0.001397415223908966
0.001350983774607419
0.001307928476997958
0.001267436828607991
0.00122894131694034
0.001192058050497042
0.001156519586047203
0.001122130630006399
0.001088744835434195
0.001056248471541017
0.001024551310877075
0.0009935787792787782
0.0009632690768816675
0.0009335685889980913
0.0009044317881304178
0.0008758175916746223
0.0008476908796649337
0.0008200187604205623
0.0007927733943898174
0.0007659275521376799
0.0007394588487696626
0.0007133440584445149
0.0006875651318585226
0.0006621016366459247
0.0006369391894371767
0.0006120591706409292
0.0005874505251147119
0.0005630955590344324
0.0005389864944072244
0.0005151056756770276
0.000491448826616324
0.0004679973637526928
0.0004447510111355738
0.0004216891561103472
0.0003988162901365072
0.0003761085203900647
0.0003535760984717444
0.0003311905059385663
0.0003089688344824328
0.000286876695912838
0.0002649388605516612
0.0002431143972425522
0.0002214356437760252
0.0001998560332170191
0.0001784129399476441
0.0001570587335742011
0.0001358278334586202
0.0001146840891250328
9.363899829669737e-05
7.269755784475009e-05
5.180126560287997e-05
3.106506320579435e-05
1.025986482456787e-05
0.002042246690974794
0.00189120315710125
0.001743382404672264
0.001642132743038312
0.001560455181219372
0.001493152500227531
0.001437437614338955
0.001388725658927351
0.001344275509452751
0.0013027828756731
0.001263473498049529
0.001225855608947895
0.001189620342553614
0.001154561694464503
0.001120531211543633
0.001087416782700794
0.001055129148182378
0.001023595299964368
0.0009927528073237336
0.0009625483523017282
0.0009329343906560679
0.0009038696559364867
0.0008753162495755147
0.0008472412850481752
0.0008196136770381663
0.0007924068066831293
0.0007655945777974048
0.0007391552778945363
0.0007130664817756661
0.0006873104763998969
0.0006618674772458812
0.0006367231927892766
0.0006118596101353649
0.0005872655502661753
0.0005629239727931826
0.0005388267479117069
0.0005149570061787534
0.0004913098439753068
0.000467867696139099
0.000444629300234152
0.0004215754220733663
0.0003987090801006718
0.0003760082914696481
0.000353481160245112
0.0003311018481288032
0.0003088843477503023
0.0002867980693573407
0.0002648633118921269
0.0002430445984963343
0.0002213677502574278
0.00019979419472006
0.0001783516086428839
0.000157004432440842
0.0001357722223494368
0.0001146377343444435
9.358895387365224e-05
7.26616592393634e-05
5.175884675659349e-05
3.10477885547429e-05
1.023034894809512e-05
0.002148291283748227
0.00191608976007514
0.001733977945832683
0.001625956709674332
0.001543868387742372
0.001479062740855064
0.001426651974039838
0.001380789222476502
0.001338475655979329
0.001298504954892431
0.00126026223314868
0.001223393656292343
0.001187690461774826
0.001153015386237136
0.001119266534429767
0.001086363028703569
0.001054236663653596
0.001022828631765747
0.0009920862699552089
0.0009619629195603861
0.0009324157804231672
0.0009034068406220542
0.0008749006734681778
0.0008468660570485024
0.0008192733243307421
0.0007920967302920176
0.0007653110976594243
0.0007388951514257538
0.000712827154175553
0.000687089548979468
0.0006616631544416417
0.0006365336126336515
0.0006116835275887123
0.000587101437319433
0.0005627710181826731
0.0005386836087075226
0.0005148232479127124
0.0004911841842709207
0.000467750064585947
0.0004445183577286942
0.0004214714882780647
0.0003986106376254578
0.0003759161124325075
0.0003533934132553557
0.0003310198559229045
0.0003088058080704359
0.000286724990430427
0.0002647927388924209
0.0002429793974393025
0.0002213041097269436
0.0001997360445421724
0.0001782940751493025
0.0001569527294088354
0.000135720296263464
0.0001145922470986953
9.354301326709106e-05
7.262330847927534e-05
5.172254700742587e-05
3.102223334137499e-05
1.021472684700359e-05
0.00231861881569206
0.001947672314857436
0.001715998300054614
0.001603064199178052
0.00152562007886999
0.001466218472319681
0.00141784595214014
0.001374657094713841
0.001334084050117774
0.001295259742869514
0.001257790989146823
0.001221458703580469
0.001186135409872269
0.001151735386584021
0.001118190498036956
0.001085441997813375
0.001053436363743636
0.001022124518801175
0.000991460449142277
0.0009614019572400576
0.0009319094594221215
0.0009029471070526588
0.0008744811900366209
0.0008464815923210028
0.0008189196827317695
0.0007917702866715309
0.0007650089464966595
0.0007386146455205275
0.0007125662291858225
0.000686846179367028
0.0006614358655713838
0.0006363207774302007
0.0006114841165945843
0.0005869140672138902
0.0005625950258576025
0.0005385177346384902
0.0005146671614301248
0.0004910366445430626
0.0004676110742156169
0.0004443865932740952
0.0004213473158315718
0.0003984925477573025
0.0003758048880419591
0.0003532872530063199
0.0003309200254990362
0.0003087101157970815
0.0002866352423727569
0.0002647062898852824
0.0002428985991130906
0.0002212258992936931
0.0001996631800531753
0.0001782233462810126
0.0001568868289537047
0.0001356566658011705
0.0001145323198012438
9.34869297641924e-05
7.256854697346964e-05
5.167747853447926e-05
3.097508518688183e-05
1.019657699011276e-05
0.002564512437371652
0.002014091499860127
0.001723124914519103
0.001592983106305979
0.001513547435746329
0.001456844635737221
0.001411366565179312
0.001370240531697882
0.001330980689120823
0.00129296811425592
0.001256014354525577
0.001220026173366396
0.001184944857226106
0.001150722608718181
0.001117313275987038
0.001084671348697181
0.001052751681786825
0.001021510641659766
0.0009909059580839401
0.0009608979805710915
0.0009314490216044708
0.0009025245403340136
0.0008740919057254077
0.0008461217177233765
0.0008185860347500188
0.0007914600804317553
0.0007647198933843172
0.0007383446592616832
0.0007123136282470684
0.0006866093421944458
0.0006612135465919252
0.0006361116670446054
0.0006112873008864261
0.000586728440471595
0.0005624199440222162
0.0005383522124375473
0.0005145107922640206
0.0004908884929888018
0.00046747096072129
0.0004442535682426547
0.0004212214330902251
0.0003983727838341415
0.0003756915461505596
0.0003531791833224398
0.00033081779518511
0.0003086124154959127
0.000286542894372622
0.0002646178398162712
0.0002428150494589804
0.0002211457717251172
0.0001995874308139148
0.0001781508200724454
0.0001568178896078488
0.0001355912950356294
0.0001144690883098648
9.342877122733101e-05
7.25097083952261e-05
5.162846702771603e-05
3.092122485976855e-05
1.016672879017782e-05
)
;

boundaryField
{
    inlet
    {
        type            calculated;
        value           nonuniform List<scalar> 
20
(
0.002564512437398034
0.002318618815719176
0.002148291283771853
0.002042246690992264
0.00196653085193904
0.001910925876291899
0.001871277616495151
0.001844210450579468
0.00182732376746752
0.00181920396350331
0.001819203963502004
0.00182732376746365
0.00184421045057326
0.00187127761648707
0.001910925876282168
0.001966530851926591
0.002042246690974794
0.002148291283748227
0.00231861881569206
0.002564512437371652
)
;
    }
    outlet
    {
        type            calculated;
        value           uniform 0;
    }
    hotWall
    {
        type            calculated;
        value           nonuniform List<scalar> 
60
(
0.002564512437398034
0.002014091499876675
0.001723124914536931
0.001592983106358949
0.001513547435845892
0.001456844635857065
0.00141136656528937
0.00137024053179855
0.001330980689222459
0.001292968114361068
0.001256014354611135
0.001220026173397805
0.001184944857161793
0.001150722608537398
0.001117313275688675
0.001084671348312623
0.001052751681355159
0.001021510641224491
0.0009909059576665459
0.0009608979801813912
0.0009314490212421395
0.0009025245400086468
0.0008740919054598681
0.0008461217175424811
0.0008185860346761855
0.0007914600804654571
0.0007647198935202973
0.000738344659482703
0.000712313628536794
0.000686609342547841
0.0006612135469971953
0.0006361116675240328
0.0006112873014413767
0.0005867284411521359
0.0005624199448240154
0.0005383522133459466
0.0005145107931985587
0.0004908884939196505
0.0004674709616911648
0.0004442535692637659
0.0004212214341835611
0.0003983727849199756
0.0003756915473207614
0.0003531791845073637
0.0003308177964586118
0.0003086124168173467
0.0002865428957704792
0.000264617841299635
0.0002428150509598328
0.000221145773322004
0.0001995874322991599
0.0001781508216532634
0.0001568178909390342
0.0001355912963287142
0.0001144690891916709
9.342877182930095e-05
7.250970848748256e-05
5.162846637589797e-05
3.092122411659647e-05
1.016672639977903e-05
)
;
    }
    topWall
    {
        type            calculated;
        value           nonuniform List<scalar> 
60
(
0.002564512437371652
0.002014091499860127
0.001723124914519103
0.001592983106305979
0.001513547435746329
0.001456844635737221
0.001411366565179312
0.001370240531697882
0.001330980689120823
0.00129296811425592
0.001256014354525577
0.001220026173366396
0.001184944857226106
0.001150722608718181
0.001117313275987038
0.001084671348697181
0.001052751681786825
0.001021510641659766
0.0009909059580839401
0.0009608979805710915
0.0009314490216044708
0.0009025245403340136
0.0008740919057254077
0.0008461217177233765
0.0008185860347500188
0.0007914600804317553
0.0007647198933843172
0.0007383446592616832
0.0007123136282470684
0.0006866093421944458
0.0006612135465919252
0.0006361116670446054
0.0006112873008864261
0.000586728440471595
0.0005624199440222162
0.0005383522124375473
0.0005145107922640206
0.0004908884929888018
0.00046747096072129
0.0004442535682426547
0.0004212214330902251
0.0003983727838341415
0.0003756915461505596
0.0003531791833224398
0.00033081779518511
0.0003086124154959127
0.000286542894372622
0.0002646178398162712
0.0002428150494589804
0.0002211457717251172
0.0001995874308139148
0.0001781508200724454
0.0001568178896078488
0.0001355912950356294
0.0001144690883098648
9.342877122733101e-05
7.25097083952261e-05
5.162846702771603e-05
3.092122485976855e-05
1.016672879017782e-05
)
;
    }
    frontAndBack
    {
        type            empty;
    }
}


// ************************************************************************* //
