0 	0.997185
0.0028575 	0.997185
0.005715 	0.997182
0.0085725 	0.997169
0.01143 	0.99714
0.0142875 	0.997086
0.017145 	0.997003
0.0200025 	0.996891
0.02286 	0.996755
0.0257175 	0.996606
0.028575 	0.996452
0.0314325 	0.996301
0.03429 	0.996158
0.0371475 	0.996025
0.040005 	0.995902
0.0428625 	0.995792
0.04572 	0.995692
0.0485775 	0.995602
0.051435 	0.995519
0.0542925 	0.995442
0.05715 	0.995367
0.0600075 	0.995292
0.062865 	0.995218
0.0657225 	0.995142
0.06858 	0.995066
0.0714375 	0.99499
0.074295 	0.994913
0.0771525 	0.994837
0.08001 	0.994761
0.0828675 	0.994686
0.085725 	0.994612
0.0885825 	0.994541
0.09144 	0.994471
0.0942975 	0.994403
0.097155 	0.994335
0.100012 	0.994268
0.10287 	0.9942
0.105727 	0.994131
0.108585 	0.99406
0.111442 	0.993988
0.1143 	0.993915
0.117157 	0.993843
0.120015 	0.993773
0.122872 	0.993706
0.12573 	0.993643
0.128587 	0.993584
0.131445 	0.993529
0.134302 	0.993479
0.13716 	0.993432
0.140017 	0.993387
0.142875 	0.993345
0.145732 	0.993303
0.14859 	0.99326
0.151447 	0.993217
0.154305 	0.993172
0.157162 	0.993125
0.16002 	0.993078
0.162877 	0.99303
0.165735 	0.992982
0.168592 	0.992935
0.17145 	0.99289
0.174307 	0.992846
0.177165 	0.992804
0.180022 	0.992762
0.18288 	0.992721
0.185737 	0.992679
0.188595 	0.992636
0.191452 	0.99259
0.19431 	0.992542
0.197167 	0.99249
0.200025 	0.992435
0.202882 	0.992377
0.20574 	0.992318
0.208597 	0.992257
0.211455 	0.992196
0.214312 	0.992105
0.214312 	0.992165
0.21717 	0.992075
0.220027 	0.992015
0.222885 	0.991955
0.225743 	0.991895
0.2286 	0.991834
0.231458 	0.991771
0.234315 	0.991707
0.237173 	0.991642
0.24003 	0.991576
0.242888 	0.991508
0.245745 	0.991439
0.248603 	0.991368
0.25146 	0.991296
0.254317 	0.991222
0.257175 	0.991146
0.260032 	0.991067
0.26289 	0.990986
0.265748 	0.990902
0.268605 	0.990816
0.271462 	0.990728
0.27432 	0.990637
0.277178 	0.990544
0.280035 	0.99045
0.282892 	0.990354
0.28575 	0.990257
0.288608 	0.990159
0.291465 	0.99006
0.294322 	0.989961
0.29718 	0.989862
0.300038 	0.989764
0.302895 	0.989667
0.305752 	0.989571
0.30861 	0.989475
0.311468 	0.98938
0.314325 	0.989283
0.317182 	0.989185
0.32004 	0.989082
0.322898 	0.988973
0.325755 	0.988858
0.328612 	0.988736
0.33147 	0.988607
0.334327 	0.98847
0.337185 	0.988325
0.340043 	0.988175
0.3429 	0.98802
0.345757 	0.987863
0.348615 	0.987705
0.351473 	0.987546
0.35433 	0.987389
0.357187 	0.987234
0.360045 	0.987083
0.362903 	0.986937
0.36576 	0.986794
0.368617 	0.986654
0.371475 	0.986513
0.374333 	0.98637
0.37719 	0.986222
0.380047 	0.986066
0.382905 	0.985901
0.385763 	0.985726
0.38862 	0.985539
0.391477 	0.985341
0.394335 	0.985144
0.397193 	0.984963
0.40005 	0.984802
0.402907 	0.984654
0.405765 	0.984508
0.408622 	0.984361
0.41148 	0.984211
0.414338 	0.984061
0.417195 	0.983907
0.420052 	0.983746
0.42291 	0.983572
0.425768 	0.983382
0.428625 	0.983282
0.428625 	0.983062
0.431483 	0.98294
0.43434 	0.982685
0.437198 	0.982411
0.440055 	0.982118
0.442913 	0.9818
0.44577 	0.981458
0.448628 	0.981104
0.451485 	0.980745
0.454343 	0.98039
0.4572 	0.980051
0.460058 	0.979736
0.462915 	0.979452
0.465773 	0.979195
0.46863 	0.978957
0.471488 	0.978728
0.474345 	0.978498
0.477203 	0.978261
0.48006 	0.978014
0.482918 	0.977757
0.485775 	0.977488
0.488633 	0.977205
0.49149 	0.976925
0.494348 	0.976687
0.497205 	0.976506
0.500063 	0.976366
0.50292 	0.976249
0.505778 	0.97614
0.508635 	0.976018
0.511493 	0.975858
0.51435 	0.975653
0.517208 	0.975417
0.520065 	0.975158
0.522923 	0.974887
0.52578 	0.974586
0.528638 	0.974093
0.531495 	0.973203
0.534353 	0.971943
0.53721 	0.970437
0.540068 	0.968601
0.542925 	0.966198
0.545783 	0.963169
0.54864 	0.95988
0.551498 	0.956852
0.554355 	0.954119
0.557213 	0.95103
0.56007 	0.946577
0.562928 	0.940011
0.565785 	0.931799
0.568643 	0.92398
0.5715 	0.918543
0.574358 	0.915475
0.577215 	0.913291
0.580073 	0.910602
0.58293 	0.906767
0.585788 	0.902372
0.588645 	0.898902
0.591503 	0.897087
0.59436 	0.896373
0.597217 	0.896046
0.600075 	0.89579
0.602932 	0.895492
0.60579 	0.895123
0.608648 	0.894755
0.611505 	0.894444
0.614363 	0.894051
0.61722 	0.893175
0.620077 	0.891229
0.622935 	0.887848
0.625792 	0.883337
0.62865 	0.878412
0.631507 	0.873364
0.634365 	0.867755
0.637222 	0.861176
0.64008 	0.854604
0.642937 	0.849165
0.642938 	0.851574
0.645795 	0.848955
0.648652 	0.847274
0.65151 	0.836263
0.654367 	0.798895
0.657225 	0.740939
0.660083 	0.707139
0.66294 	0.705839
0.665797 	0.708457
0.668655 	0.708673
0.671512 	0.708477
0.67437 	0.70823
0.677227 	0.707942
0.680085 	0.665404
0.682942 	0.574969
0.6858 	0.54316
0.688657 	0.581379
0.691515 	0.603979
0.694372 	0.604858
0.69723 	0.60517
0.700087 	0.605322
0.702945 	0.605376
0.705802 	0.60536
0.70866 	0.604847
0.711517 	0.603735
0.714375 	0.603236
0.717232 	0.603593
0.72009 	0.6039
0.722947 	0.603982
0.725805 	0.603987
0.728662 	0.603987
0.73152 	0.603986
0.734377 	0.60398
0.737235 	0.603959
0.740092 	0.603916
0.74295 	0.603855
0.745807 	0.603784
0.748665 	0.603713
0.751522 	0.603652
0.75438 	0.603608
0.757237 	0.603583
0.760095 	0.603576
0.762952 	0.603565
0.76581 	0.603475
0.768667 	0.603075
0.771525 	0.599585
0.774382 	0.419951
0.77724 	0.126731
0.780097 	0.00605364
0.782955 	0.00125581
0.785812 	0.000217157
0.78867 	3.18933e-05
0.791527 	4.08499e-06
0.794385 	4.6143e-07
0.797242 	4.60777e-08
0.8001 	4.07369e-09
0.802957 	3.21379e-10
0.805815 	2.43481e-11
0.808672 	1.896e-12
0.81153 	2.07342e-13
0.814387 	1.23228e-14
0.817245 	5.21792e-16
0.820102 	2.03227e-17
0.82296 	7.09839e-19
0.825817 	2.20508e-20
0.828675 	6.06352e-22
0.831532 	1.46639e-23
0.83439 	3.09122e-25
0.837247 	5.6116e-27
0.840105 	8.62667e-29
0.842962 	1.09688e-30
0.84582 	1.11451e-32
0.848677 	8.57908e-35
0.851535 	4.56245e-37
0.854392 	1.99458e-39
0.85725 	1.32319e-39
