/*--------------------------------*- C++ -*----------------------------------*\
| =========                 |                                                 |
| \\      /  F ield         | OpenFOAM: The Open Source CFD Toolbox           |
|  \\    /   O peration     | Version:  2606                                  |
|   \\  /    A nd           | Website:  www.openfoam.com                      |
|    \\/     M anipulation  |                                                 |
\*---------------------------------------------------------------------------*/
FoamFile
{
    version     2.0;
    format      ascii;
    arch        "LSB;label=32;scalar=64";
    class       volScalarField;
    location    "0.4";
    object      p_rgh;
}
// * * * * * * * * * * * * * * * * * * * * * * * * * * * * * * * * * * * * * //

dimensions      [1 -1 -2 0 0 0 0];

internalField   nonuniform List<scalar> 
1920
(
96.9935
97.1941
97.5452
97.7045
97.6125
97.3521
97.0411
96.7233
96.3771
95.9591
95.4545
94.8806
94.2547
93.5767
92.838
92.0357
91.1774
90.2779
89.3509
88.4048
87.4463
86.4881
85.5567
84.692
83.9305
83.2804
82.7061
82.1394
81.5019
80.7103
79.6749
78.3178
76.648
74.6225
72.2771
69.8672
67.5502
65.3437
63.0999
61.0851
60.1473
59.3594
58.8218
58.1693
56.4335
53.5091
52.0304
52.2834
52.6017
51.9464
43.1682
37.6623
39.8539
40.7603
40.6569
40.55
40.3361
39.9787
39.8588
39.9645
38.3525
29.6067
27.8179
30.0957
30.4502
30.9308
31.1143
14.5687
4.83662
9.95389
11.7581
12.8029
15.81
13.8106
4.63651
1.94291
1.25228
1.0378
0.880733
0.751798
0.649902
0.565461
0.494882
0.43569
0.385621
0.342902
0.306149
0.274279
0.246444
0.221972
0.200333
0.181103
0.163942
0.148576
0.13478
0.122366
0.111178
0.101085
0.0919715
0.0837404
0.0763057
0.0695923
0.0635341
0.0580721
0.0531541
0.0487335
0.044769
0.0412237
0.0380646
0.0352626
0.0327917
0.0306291
0.0287549
0.0271517
0.0258048
0.0247019
0.0238326
0.0231889
0.0227649
0.0225559
60.1486
59.0968
59.3206
59.5429
59.3482
58.9434
58.554
58.1777
57.6747
56.9803
56.1109
55.0999
53.9575
52.6806
51.2676
49.7306
48.0935
46.3787
44.5945
42.7351
40.8026
38.8403
36.9442
35.2364
33.8111
32.6747
31.7184
30.7671
29.6413
28.1595
26.1109
23.3338
19.9278
16.4633
13.1432
10.0452
7.16036
4.68771
2.41256
0.256801
0.112429
0.110954
0.1174
0.130561
0.147757
0.167405
0.186761
0.203703
0.217793
0.230104
0.243883
0.25031
0.238347
0.205726
0.146708
0.0588421
-0.0547406
-0.183782
-0.311669
-0.420032
-0.495851
-0.532825
-0.546047
-0.550559
-0.556876
-0.604038
-0.704882
-0.43058
-0.169429
-0.133096
-0.0609557
0.525882
6.47313
9.78112
2.72459
0.878512
0.999322
0.98082
0.858913
0.734957
0.634656
0.552108
0.483669
0.426473
0.3781
0.336765
0.301119
0.270126
0.242982
0.219058
0.197856
0.178977
0.162101
0.146969
0.133366
0.121115
0.110065
0.10009
0.0910786
0.082936
0.0755787
0.0689336
0.0629355
0.0575268
0.0526561
0.0482776
0.0443505
0.0408384
0.0377088
0.0349328
0.0324848
0.0303422
0.0284853
0.0268969
0.0255624
0.0244697
0.0236084
0.0229708
0.0225509
0.0223437
0.0179048
0.0184362
0.0194826
0.0202384
0.0209697
0.0218873
0.0234435
0.0257329
0.0290781
0.0313963
0.0317513
0.0310729
0.0293647
0.0250001
0.0170716
0.00615554
-0.00508646
-0.0129431
-0.0151564
-0.0119465
-0.00590629
-0.000426425
0.00296689
0.00492759
0.00677884
0.00947568
0.0129939
0.0171336
0.0216938
0.0263843
0.0309844
0.0354597
0.0393353
0.0410879
0.0396826
0.03527
0.0286928
0.0146712
0.00682455
0.0553737
0.0957196
0.109509
0.117972
0.128877
0.143247
0.160128
0.1774
0.193185
0.206937
0.220009
0.234284
0.24264
0.234032
0.20287
0.145181
0.0581007
-0.0559189
-0.187882
-0.321645
-0.439075
-0.524142
-0.565817
-0.571807
-0.554815
-0.533525
-0.525346
-0.527441
-0.511534
-0.388086
-0.290115
-0.28411
-0.235494
0.441383
1.50841
0.548519
-0.089214
0.410644
0.688249
0.68913
0.631485
0.566664
0.504677
0.44929
0.400813
0.358506
0.321513
0.28904
0.260405
0.235043
0.212483
0.19234
0.174295
0.158086
0.143494
0.130334
0.11845
0.107709
0.0979949
0.0892073
0.0812577
0.0740682
0.0675696
0.0617001
0.0564047
0.0516341
0.0473442
0.0434955
0.0400529
0.0369847
0.0342627
0.0318622
0.0297609
0.0279396
0.0263817
0.0250728
0.024001
0.0231562
0.0225307
0.0221189
0.0219155
0.0181224
0.0181256
0.0189791
0.0198203
0.0205188
0.0212871
0.0224422
0.0240252
0.0290098
0.0332658
0.0323886
0.0296186
0.0270707
0.0232515
0.0154715
0.00477347
-0.00773861
-0.0160863
-0.0179761
-0.0128986
-0.00503762
0.00116768
0.00424283
0.00594113
0.00716434
0.00872414
0.0106474
0.0129223
0.0161023
0.0201135
0.0249971
0.0302041
0.0346447
0.037368
0.0382287
0.0374847
0.034754
0.0262197
0.0295058
0.0622571
0.087492
0.0992017
0.108303
0.118777
0.131134
0.144754
0.158709
0.171856
0.183521
0.193597
0.20122
0.201907
0.188738
0.155433
0.0966947
0.00947255
-0.104018
-0.233606
-0.362157
-0.47109
-0.545518
-0.579974
-0.582209
-0.566414
-0.551084
-0.552946
-0.402989
-0.292146
-0.192049
-0.15804
-0.381392
-0.495337
-0.76024
-0.941632
-1.10326
-0.665365
-0.01595
0.345465
0.465292
0.486635
0.468223
0.435595
0.399335
0.363656
0.330193
0.299475
0.271559
0.246301
0.223484
0.202876
0.184254
0.167411
0.152166
0.138356
0.125841
0.114495
0.104206
0.0948765
0.086419
0.0787549
0.0718139
0.0655328
0.0598545
0.0547278
0.0501064
0.0459486
0.0422171
0.0388782
0.0359017
0.0332606
0.030931
0.0288915
0.0271236
0.0256113
0.0243406
0.0233
0.0224799
0.0218726
0.0214727
0.0212752
0.0170465
0.0170896
0.0173996
0.0178997
0.0184829
0.0191909
0.0199911
0.0209155
0.0312365
0.0319699
0.0300521
0.0244369
0.0226623
0.0186456
0.0117122
0.00170418
-0.00665507
-0.0125012
-0.0140022
-0.0106348
-0.00425364
0.000623842
0.00360684
0.00535268
0.00730953
0.00966734
0.01233
0.0152283
0.0181502
0.0209817
0.0240229
0.0272898
0.0304489
0.0330706
0.0350025
0.0363633
0.0371703
0.0386044
0.0458014
0.0633641
0.0771719
0.0877363
0.0975048
0.107236
0.117555
0.128274
0.138812
0.148478
0.156661
0.162697
0.165144
0.160762
0.144828
0.112166
0.0577419
-0.0216569
-0.124822
-0.244032
-0.364422
-0.467527
-0.539049
-0.573357
-0.576731
-0.561892
-0.543887
-0.534243
-0.536587
-0.528987
-0.499843
-0.464589
-0.463027
-0.546792
-0.747966
-1.00639
-1.10357
-0.710065
-0.182478
0.138458
0.291557
0.352989
0.368449
0.361246
0.343272
0.320702
0.296721
0.272954
0.25021
0.228859
0.209039
0.190762
0.173977
0.158604
0.144549
0.131716
0.120011
0.109344
0.0996317
0.0907953
0.0827629
0.075468
0.0688495
0.0628516
0.0574229
0.0525169
0.0480911
0.0441069
0.0405294
0.0373271
0.0344714
0.0319368
0.0297007
0.0277428
0.0260455
0.0245933
0.0233731
0.0223738
0.0215862
0.021003
0.020619
0.0204292
0.0153512
0.0155226
0.0159129
0.0163264
0.0167558
0.0172102
0.0176685
0.0182324
0.0221219
0.0246898
0.018216
0.0177731
0.0163461
0.0137098
0.00971948
0.00470625
-0.000305386
-0.00374629
-0.00453068
-0.00280431
-0.000689221
0.00129713
0.00312232
0.00490294
0.00675655
0.00872341
0.0109201
0.0134048
0.0161845
0.0191751
0.0221168
0.0250875
0.0277167
0.0302311
0.032534
0.0347557
0.0371147
0.0406294
0.0475262
0.0594928
0.0697171
0.078697
0.0871896
0.0955597
0.103936
0.112112
0.119669
0.126061
0.130655
0.132615
0.130563
0.122207
0.104473
0.0737837
0.0264239
-0.0402174
-0.125416
-0.225893
-0.330598
-0.422154
-0.492339
-0.533827
-0.545943
-0.538828
-0.52253
-0.509569
-0.515786
-0.51106
-0.489055
-0.471523
-0.486344
-0.550476
-0.664977
-0.760624
-0.720071
-0.47157
-0.167962
0.0492002
0.179868
0.250289
0.282678
0.292023
0.287974
0.276474
0.261101
0.243991
0.226405
0.209078
0.192422
0.17666
0.161896
0.148164
0.135457
0.123743
0.112976
0.103104
0.0940712
0.08582
0.0782954
0.0714439
0.0652146
0.0595596
0.0544344
0.0497974
0.0456106
0.0418388
0.0384501
0.0354154
0.0327082
0.0303047
0.0281837
0.0263262
0.0247157
0.0233377
0.0221798
0.0212314
0.0204839
0.0199304
0.0195659
0.0193858
0.0140826
0.0141925
0.0143962
0.0146745
0.0149756
0.0152796
0.0155662
0.0158963
0.0156041
0.0154701
0.0153815
0.0147563
0.013512
0.0114936
0.00877728
0.00563938
0.00266422
0.00053794
-0.000282749
0.000146166
0.00122232
0.00254114
0.00386839
0.00535126
0.00699502
0.00880466
0.0107813
0.0129226
0.0152507
0.0177154
0.0202494
0.022808
0.0252973
0.0277631
0.0302472
0.0329001
0.036055
0.0403505
0.0467152
0.0548998
0.0629831
0.0706076
0.0778578
0.084818
0.0914538
0.0975521
0.102741
0.106518
0.108251
0.107119
0.101955
0.0911202
0.0726407
0.0444029
0.00421874
-0.0493387
-0.115879
-0.192566
-0.272381
-0.345798
-0.40685
-0.44898
-0.471525
-0.478123
-0.478727
-0.486325
-0.479372
-0.466525
-0.449116
-0.437513
-0.445451
-0.478723
-0.524704
-0.539453
-0.470093
-0.310679
-0.133949
0.00919846
0.111148
0.176623
0.214256
0.232328
0.237373
0.234086
0.225689
0.214334
0.201437
0.187913
0.174349
0.16111
0.148419
0.136404
0.125131
0.114626
0.104887
0.095895
0.0876213
0.0800301
0.0730825
0.066738
0.060956
0.0556973
0.0509238
0.0465999
0.0426918
0.0391684
0.0360009
0.0331627
0.0306298
0.0283804
0.0263948
0.0246557
0.0231475
0.0218569
0.0207723
0.0198839
0.0191837
0.0186652
0.0183237
0.0181551
0.0125728
0.0126613
0.0127958
0.0129901
0.0131947
0.0133881
0.0135431
0.0136217
0.0135178
0.0133315
0.0130621
0.012425
0.0113587
0.0097966
0.00783324
0.0056822
0.00370752
0.00226715
0.00158832
0.00164628
0.00222095
0.00311695
0.00418697
0.00542559
0.00683022
0.00839866
0.0101258
0.012019
0.0140622
0.0162216
0.0184619
0.0207532
0.0230688
0.0254376
0.0279352
0.0307129
0.0340183
0.0382072
0.0435793
0.0498615
0.0563258
0.0626192
0.0686233
0.0742651
0.079416
0.0838451
0.087203
0.0890262
0.0887322
0.0855957
0.0786669
0.0667628
0.0486083
0.0229647
-0.0112255
-0.0545448
-0.106001
-0.163285
-0.222257
-0.277588
-0.324499
-0.359747
-0.382225
-0.393572
-0.396874
-0.392535
-0.394369
-0.391432
-0.384003
-0.378454
-0.380917
-0.391378
-0.399344
-0.383755
-0.324608
-0.223725
-0.111247
-0.0109311
0.0680419
0.124485
0.161375
0.182898
0.193081
0.195268
0.192033
0.185271
0.176336
0.166177
0.155452
0.144604
0.133932
0.123628
0.113813
0.104558
0.095897
0.0878413
0.0803849
0.0735111
0.0671959
0.0614111
0.0561261
0.0513097
0.0469308
0.0429591
0.0393657
0.0361234
0.0332066
0.0305917
0.0282571
0.026183
0.0243518
0.0227475
0.021356
0.0201652
0.0191644
0.0183445
0.0176983
0.0172198
0.0169047
0.016749
0.0110062
0.0110761
0.0111762
0.0112997
0.0114325
0.0115467
0.0116198
0.0116291
0.0115358
0.0113316
0.0109965
0.010401
0.0095107
0.00831086
0.00689255
0.0054055
0.00406309
0.00306095
0.00252781
0.00246852
0.00279645
0.00341512
0.00424922
0.00526906
0.00645735
0.00780152
0.00929241
0.0109281
0.0126961
0.0145692
0.0165291
0.0185628
0.0206711
0.0228864
0.025278
0.0279617
0.0310989
0.0348682
0.0393418
0.0443382
0.0495137
0.0546028
0.059435
0.0638689
0.0677338
0.0707938
0.0727279
0.0731263
0.0714886
0.0672106
0.0595591
0.0477027
0.0308266
0.00823668
-0.0205538
-0.0556958
-0.095912
-0.139491
-0.183651
-0.225133
-0.261008
-0.289295
-0.309388
-0.322005
-0.328644
-0.331218
-0.329418
-0.326943
-0.323234
-0.320141
-0.319125
-0.318341
-0.311095
-0.287438
-0.239792
-0.170469
-0.0930392
-0.0203012
0.0407219
0.0876481
0.121034
0.142799
0.155274
0.160691
0.160958
0.157608
0.151821
0.144482
0.136238
0.127557
0.118771
0.110107
0.101723
0.0937187
0.0861555
0.0790669
0.0724655
0.0663503
0.06071
0.0555272
0.0507804
0.0464457
0.0424983
0.0389134
0.0356666
0.0327345
0.0300951
0.0277277
0.0256132
0.023734
0.0220744
0.0206202
0.0193588
0.0182791
0.0173716
0.0166282
0.0160421
0.0156082
0.0153224
0.0151813
0.00941028
0.00946084
0.00952949
0.00960495
0.00968444
0.00974292
0.00976695
0.00973634
0.00962478
0.00941256
0.00908555
0.00856715
0.00784851
0.00693662
0.00590501
0.00486047
0.00393281
0.00323641
0.00284574
0.00277203
0.00298382
0.00343748
0.00409265
0.00492341
0.00591154
0.007043
0.00830707
0.00969837
0.0112077
0.0128152
0.0145114
0.0162936
0.0181715
0.0201752
0.0223586
0.0248012
0.0275984
0.0308295
0.0344957
0.0384769
0.0425733
0.0465886
0.0503551
0.053712
0.0564779
0.0584257
0.0592721
0.0586679
0.0562012
0.0513929
0.0437061
0.0325805
0.0175092
-0.00187014
-0.025748
-0.0539512
-0.0853966
-0.118759
-0.152152
-0.183485
-0.210919
-0.233223
-0.249965
-0.261461
-0.268539
-0.272163
-0.272766
-0.271598
-0.269323
-0.266501
-0.262984
-0.256868
-0.244185
-0.220143
-0.182012
-0.13194
-0.0767274
-0.0232795
0.0235994
0.0616263
0.0903697
0.110541
0.123399
0.130354
0.132747
0.131749
0.128323
0.123233
0.117072
0.110286
0.103205
0.0960711
0.0890537
0.0822706
0.0757994
0.069688
0.0639626
0.0586334
0.0536994
0.0491517
0.0449764
0.0411561
0.0376718
0.0345034
0.0316311
0.0290353
0.026697
0.0245987
0.0227238
0.0210571
0.0195848
0.0182944
0.017175
0.0162167
0.0154113
0.0147514
0.0142313
0.0138461
0.0135924
0.0134671
0.00779355
0.00782466
0.00786762
0.00790862
0.00795076
0.00797236
0.00796502
0.00791216
0.00779582
0.00760004
0.0073065
0.00688389
0.00632537
0.0056479
0.00490505
0.00416903
0.00352127
0.0030335
0.00275437
0.00269831
0.00285485
0.00320341
0.00372213
0.00439295
0.00520131
0.00613491
0.00718364
0.00834227
0.00960498
0.0109552
0.0123902
0.0139116
0.0155305
0.0172716
0.0191735
0.0212861
0.0236609
0.0263274
0.0292645
0.032386
0.0355573
0.0386298
0.0414551
0.0438786
0.0457291
0.0468015
0.0468546
0.0456023
0.0427193
0.0378449
0.0306034
0.0206334
0.00763989
-0.00855104
-0.0280314
-0.0503104
-0.0746647
-0.100095
-0.125313
-0.148947
-0.169808
-0.1871
-0.200508
-0.210157
-0.216496
-0.220072
-0.221355
-0.220938
-0.219153
-0.216078
-0.211216
-0.203162
-0.189686
-0.168543
-0.138862
-0.102192
-0.0621613
-0.0226747
0.0130401
0.0431595
0.0669644
0.0845708
0.0965925
0.103878
0.107329
0.107797
0.106032
0.102659
0.0981845
0.0930076
0.0874347
0.081696
0.075961
0.0703506
0.0649486
0.0598102
0.0549689
0.0504425
0.0462367
0.0423493
0.0387721
0.0354932
0.0324983
0.0297721
0.0272984
0.0250611
0.0230448
0.0212346
0.0196166
0.0181779
0.0169067
0.0157924
0.0148257
0.0139981
0.0133024
0.0127325
0.0122832
0.0119505
0.0117314
0.0116232
0.00616791
0.00617793
0.00620133
0.00621628
0.00623274
0.00623054
0.0062056
0.00614417
0.00603433
0.00586409
0.00562061
0.00529104
0.00487366
0.00438521
0.00386403
0.00335783
0.00291727
0.00258729
0.0024001
0.00236939
0.00249399
0.00276602
0.00317359
0.0037051
0.00435009
0.00509868
0.00594285
0.00687723
0.00790021
0.00899692
0.0101682
0.0114173
0.0127533
0.0141945
0.0157658
0.017496
0.0194103
0.0215142
0.0237804
0.0261427
0.0285033
0.0307475
0.0327502
0.0343758
0.0354747
0.0358745
0.0353773
0.0337607
0.0307814
0.0261829
0.0197131
0.0111561
0.00037904
-0.0126258
-0.0283395
-0.0454214
-0.0638376
-0.0828051
-0.101443
-0.11886
-0.13429
-0.147218
-0.157431
-0.164976
-0.170109
-0.173141
-0.174397
-0.174162
-0.17255
-0.169461
-0.164421
-0.15651
-0.144512
-0.127384
-0.104912
-0.078129
-0.0490985
-0.0200627
0.00669928
0.0299177
0.0488878
0.0634683
0.0739111
0.0806977
0.0844107
0.0856455
0.0849573
0.082834
0.0796866
0.0758496
0.0715885
0.0671083
0.0625638
0.0580687
0.0537041
0.0495254
0.0455683
0.0418537
0.0383914
0.0351831
0.032225
0.0295095
0.0270262
0.0247634
0.0227086
0.0208493
0.0191727
0.017667
0.0163208
0.0151236
0.0140656
0.0131381
0.0123333
0.0116443
0.0110652
0.0105907
0.0102167
0.00993969
0.0097573
0.00966723
0.0045485
0.00453202
0.00454241
0.00453663
0.00453618
0.00451986
0.00448714
0.00442697
0.00433206
0.00419442
0.00400575
0.00376266
0.0034666
0.00313128
0.00278278
0.00245137
0.00216814
0.00196092
0.00185046
0.00184751
0.00195385
0.00216726
0.00248141
0.00288946
0.00338418
0.00395864
0.00460672
0.00532557
0.00611182
0.00695662
0.00786084
0.00882725
0.00986258
0.0109786
0.0121898
0.0135115
0.0149525
0.0165079
0.0181507
0.0198289
0.021469
0.0229824
0.0242686
0.0252171
0.0257049
0.0255966
0.0247402
0.0229736
0.0201255
0.0160285
0.0105266
0.00350305
-0.00509144
-0.0152544
-0.0269864
-0.0397021
-0.0530995
-0.0666625
-0.0798174
-0.0920071
-0.102767
-0.111787
-0.118942
-0.124271
-0.127945
-0.130151
-0.131101
-0.130869
-0.129465
-0.126742
-0.122334
-0.115667
-0.106085
-0.0931085
-0.076751
-0.0576976
-0.0372106
-0.016239
0.0030873
0.0202551
0.0346389
0.0460124
0.0544402
0.0601767
0.0635805
0.0650494
0.0649753
0.0637181
0.0615915
0.0588588
0.0557338
0.0523856
0.0489445
0.045508
0.0421472
0.0389117
0.0358348
0.0329368
0.0302286
0.0277141
0.0253919
0.0232575
0.0213038
0.0195223
0.0179036
0.0164382
0.0151165
0.0139291
0.0128673
0.0119229
0.0110882
0.0103565
0.00972158
0.00917801
0.00872107
0.00834672
0.00805162
0.00783311
0.00768922
0.00761818
0.00294232
0.00289342
0.0028963
0.00287285
0.00286139
0.0028379
0.00280484
0.00275385
0.00268058
0.00258007
0.0024479
0.00228441
0.00209239
0.001882
0.00167067
0.00147663
0.00131769
0.00120972
0.00116451
0.00118877
0.00128427
0.00145021
0.0016833
0.00197958
0.00233444
0.00274369
0.00320318
0.00371208
0.00426525
0.00485963
0.00549451
0.00617181
0.00689563
0.00767221
0.00850902
0.00941236
0.0103822
0.0114093
0.0124701
0.0135244
0.0145179
0.0153838
0.0160458
0.0164207
0.0164152
0.015931
0.0148616
0.013099
0.0105342
0.0070722
0.0026355
-0.00281632
-0.00927337
-0.0166819
-0.0249273
-0.0336779
-0.0426636
-0.0515412
-0.0599522
-0.0675784
-0.074181
-0.0796197
-0.0838556
-0.0869555
-0.0890666
-0.0903085
-0.0908212
-0.0905539
-0.0894538
-0.0873698
-0.0840484
-0.0791472
-0.0723168
-0.0633411
-0.0522858
-0.0395684
-0.0258817
-0.0119709
0.00117359
0.0129858
0.0230517
0.0311734
0.0373374
0.0416653
0.0443635
0.0456798
0.0458716
0.0451838
0.0438362
0.0420178
0.0398851
0.0375642
0.0351533
0.0327273
0.0303413
0.0280345
0.0258336
0.0237556
0.0218099
0.0200008
0.0183282
0.0167895
0.0153801
0.0140944
0.0129257
0.0118675
0.0109128
0.0100551
0.009288
0.00860567
0.00800264
0.00747399
0.00701527
0.00662257
0.00629246
0.00602203
0.00580885
0.00565101
0.00554708
0.00549578
0.0013419
0.00125506
0.0012486
0.00120938
0.00119007
0.00116457
0.00113642
0.0011003
0.00105393
0.000994315
0.000920598
0.000833212
0.000735185
0.000632777
0.00053638
0.000455989
0.000400283
0.000376359
0.000388659
0.000438994
0.000527269
0.000652168
0.000811894
0.00100421
0.00122664
0.00147694
0.00175301
0.00205577
0.00237881
0.00272248
0.00308567
0.00346895
0.00387353
0.0043016
0.00475536
0.00523507
0.0057365
0.00624919
0.00675423
0.00722245
0.00761597
0.00788877
0.00798889
0.00785993
0.00744161
0.00667191
0.00548858
0.0038331
0.00165426
-0.00108359
-0.00439353
-0.00825855
-0.0126245
-0.017407
-0.022477
-0.0276041
-0.0326054
-0.0372779
-0.0414354
-0.0449421
-0.0477315
-0.0498069
-0.0512302
-0.0521149
-0.0526123
-0.0528491
-0.0529132
-0.0526702
-0.0519718
-0.0506924
-0.0486794
-0.0457519
-0.041736
-0.0365382
-0.0302124
-0.0229789
-0.0151731
-0.00723838
0.000355567
0.0072528
0.0132041
0.0180744
0.0218311
0.0245224
0.0262511
0.0271504
0.0273648
0.0270363
0.0262949
0.0252547
0.0240115
0.022643
0.0212109
0.0197623
0.0183322
0.0169458
0.0156204
0.014367
0.0131921
0.0120987
0.0110873
0.0101564
0.00930352
0.00852529
0.00781787
0.00717723
0.00659926
0.00608
0.00561562
0.00520257
0.00483754
0.00451756
0.00423992
0.00400225
0.00380247
0.00363882
0.00350983
0.00341432
0.00335145
0.00332042
-0.000242995
-0.000420205
-0.000440315
-0.000488544
-0.000512347
-0.000535753
-0.000555271
-0.000573196
-0.000589695
-0.000604912
-0.000618812
-0.000630768
-0.000639297
-0.000641875
-0.000633929
-0.000611434
-0.000572497
-0.000517704
-0.000449565
-0.000371641
-0.000286938
-0.000198189
-0.000106949
-1.43067e-05
7.89463e-05
0.000172401
0.000267535
0.000360263
0.000451522
0.000540235
0.000625224
0.000705473
0.000779658
0.000846207
0.000902805
0.000945304
0.000967236
0.000958318
0.000904038
0.000785704
0.000580662
0.0002633
-0.000194009
-0.000819685
-0.00163949
-0.00267675
-0.00394794
-0.00546121
-0.00721015
-0.00917366
-0.0113064
-0.0135435
-0.0157955
-0.0179569
-0.0199107
-0.0215177
-0.0226803
-0.0233302
-0.0234433
-0.0230509
-0.0222417
-0.0211512
-0.0199434
-0.0187873
-0.017845
-0.0172491
-0.0170203
-0.016894
-0.016661
-0.0162531
-0.0156122
-0.0146822
-0.0134076
-0.0117549
-0.00975382
-0.00746068
-0.00496819
-0.00241501
5.29024e-05
0.00231836
0.00429425
0.00592891
0.00720418
0.00812948
0.00873407
0.00905916
0.00915126
0.00905715
0.00882051
0.00847997
0.00806828
0.00761224
0.00713309
0.00664718
0.00616667
0.00570032
0.00525416
0.00483208
0.00443635
0.00406805
0.00372735
0.00341383
0.00312661
0.00286457
0.00262642
0.00241078
0.00221628
0.00204156
0.00188534
0.0017464
0.00162364
0.00151604
0.0014227
0.0013428
0.00127565
0.00122064
0.00117729
0.00114519
0.00112408
0.00111365
)
;

boundaryField
{
    leftWall
    {
        type            fixedFluxPressure;
        gradient        uniform 0;
        value           nonuniform List<scalar> 
16
(
96.9935
60.1486
0.0179048
0.0181224
0.0170465
0.0153512
0.0140826
0.0125728
0.0110062
0.00941028
0.00779355
0.00616791
0.0045485
0.00294232
0.0013419
-0.000242995
)
;
    }
    rightWall
    {
        type            fixedFluxPressure;
        gradient        uniform 0;
        value           nonuniform List<scalar> 
16
(
0.0225559
0.0223437
0.0219155
0.0212752
0.0204292
0.0193858
0.0181551
0.016749
0.0151813
0.0134671
0.0116232
0.00966723
0.00761818
0.00549578
0.00332042
0.00111365
)
;
    }
    lowerWall
    {
        type            fixedFluxPressure;
        gradient        uniform 0;
        value           nonuniform List<scalar> 
120
(
96.9935
97.1941
97.5452
97.7045
97.6125
97.3521
97.0411
96.7233
96.3771
95.9591
95.4545
94.8806
94.2547
93.5767
92.838
92.0357
91.1774
90.2779
89.3509
88.4048
87.4463
86.4881
85.5567
84.692
83.9305
83.2804
82.7061
82.1394
81.5019
80.7103
79.6749
78.3178
76.648
74.6225
72.2771
69.8672
67.5502
65.3437
63.0999
61.0851
60.1473
59.3594
58.8218
58.1693
56.4335
53.5091
52.0304
52.2834
52.6017
51.9464
43.1682
37.6623
39.8539
40.7603
40.6569
40.55
40.3361
39.9787
39.8588
39.9645
38.3525
29.6067
27.8179
30.0957
30.4502
30.9308
31.1143
14.5687
4.83662
9.95389
11.7581
12.8029
15.81
13.8106
4.63651
1.94291
1.25228
1.0378
0.880733
0.751798
0.649902
0.565461
0.494882
0.43569
0.385621
0.342902
0.306149
0.274279
0.246444
0.221972
0.200333
0.181103
0.163942
0.148576
0.13478
0.122366
0.111178
0.101085
0.0919715
0.0837404
0.0763057
0.0695923
0.0635341
0.0580721
0.0531541
0.0487335
0.044769
0.0412237
0.0380646
0.0352626
0.0327917
0.0306291
0.0287549
0.0271517
0.0258048
0.0247019
0.0238326
0.0231889
0.0227649
0.0225559
)
;
    }
    atmosphere
    {
        type            totalPressure;
        rho             rho;
        psi             none;
        gamma           1;
        p0              uniform 0;
        value           nonuniform List<scalar> 
120
(
-0.00100133
-0.00132067
-0.00133008
-0.00137392
-0.00139603
-0.00141672
-0.00143032
-0.00143826
-0.00143882
-0.00143117
-0.00141431
-0.00138767
-0.00135112
-0.00130435
-0.00124514
-0.00117186
-0.00108564
-0.000990886
-0.000893566
-0.000800342
-0.000715649
-0.000643399
-0.000585193
-0.0005416
-0.000512661
-0.000497933
-0.000496911
-0.000510063
-0.000537921
-0.000581076
-0.000640781
-0.000718917
-0.000818162
-0.00094199
-0.00109473
-0.00128257
-0.00151282
-0.00179572
-0.00214404
-0.00257145
-0.00309366
-0.00372583
-0.00448287
-0.00537961
-0.00642105
-0.00761072
-0.00893728
-0.0103837
-0.0119076
-0.013462
-0.0149653
-0.0163325
-0.0174579
-0.0182339
-0.0185526
-0.0183356
-0.0175365
-0.016166
-0.0142871
-0.0120143
-0.00950875
-0.00696199
-0.00458132
-0.00255565
-0.00104631
-0.000180143
0
0
0
0
0
0
0
0
0
0
0
0
0
0
0
0
0
0
0
0
0
0
0
0
0
0
0
0
0
0
0
0
0
0
0
0
0
0
0
0
0
0
0
0
0
0
0
0
0
0
0
0
0
0
)
;
    }
    defaultFaces
    {
        type            empty;
    }
}


// ************************************************************************* //
