/*--------------------------------*- C++ -*----------------------------------*\
| =========                 |                                                 |
| \\      /  F ield         | OpenFOAM: The Open Source CFD Toolbox           |
|  \\    /   O peration     | Version:  2506                                  |
|   \\  /    A nd           | Website:  www.openfoam.com                      |
|    \\/     M anipulation  |                                                 |
\*---------------------------------------------------------------------------*/
FoamFile
{
    version     2.0;
    format      ascii;
    arch        "LSB;label=32;scalar=64";
    class       cellSet;
    location    "constant/polyMesh/sets";
    object      concaveCells;
}
// * * * * * * * * * * * * * * * * * * * * * * * * * * * * * * * * * * * * * //


3215
(
122880
61440
118784
61441
122882
61442
61443
118787
122884
61444
122887
118791
57352
122889
118794
122891
131084
57360
131089
57361
122899
122900
131093
131095
122903
131096
131100
131102
118814
122913
118817
118818
122915
122917
118821
118822
131118
61487
61488
131123
61491
122932
61492
131125
122934
61495
122936
131129
131134
131136
127041
61505
131138
122947
131140
122948
131141
127045
57413
122950
57419
131148
127055
65615
131152
65616
131153
127057
127059
131156
65620
131158
131159
131160
122971
131165
122973
122984
122988
61549
131188
131190
122999
61559
123001
131196
123004
131197
131198
123006
123008
131201
131204
131205
131209
131210
65674
123019
123020
131213
131214
123022
131216
123026
65682
123027
65683
131221
123029
127126
131223
131225
131226
127130
131228
61597
131230
61598
61599
131235
131237
61608
123049
131242
123050
61610
61611
123052
61612
61613
61614
61615
61616
61617
61618
131251
127159
131256
127162
131259
127163
123069
131262
127166
123070
131265
123073
127170
65731
131268
65732
65733
131270
131271
65736
131273
131274
123083
65739
65740
127181
123085
123087
65744
127185
65745
123090
65746
65747
65748
65749
131286
123094
65750
65751
131288
65752
131289
131291
61660
131293
131297
123105
123107
131300
61668
119012
61669
131302
119014
131304
119016
131306
131308
131309
127216
131314
127218
119026
131315
127220
123125
131318
127222
119030
131319
119031
127224
131321
123129
127226
131323
127228
131328
131330
131332
123140
65796
127237
131334
123142
65799
131336
65800
131337
127241
119053
131342
119054
123151
119055
123152
131346
119058
131347
123155
65813
123158
123159
61721
123162
119066
119070
61727
119071
119074
69923
123172
69924
131365
69925
123174
69926
119078
69927
123176
69928
131369
69929
119081
119082
131371
123179
123181
123183
131376
131378
131383
123191
123192
131386
119098
131387
123195
131390
119102
119103
131392
65857
131395
131397
123205
123207
123209
65867
131412
131413
131416
123224
131417
123226
131419
123228
131421
69982
131426
119141
123238
69990
119142
131431
127335
119145
131434
123242
127339
123243
131436
131440
65905
131442
65906
65907
119155
127349
65909
119158
127351
119160
131449
127353
119162
65916
131453
123261
65918
119166
65919
131456
65920
65921
123266
65922
65923
65924
65925
65926
119177
131466
119179
123276
119181
123280
119185
131478
131479
70039
70040
123289
70041
131482
131484
70045
123294
70046
119198
123296
123298
119202
70051
123300
70052
131493
70053
70054
70055
70056
70057
119209
131498
70058
119210
70059
70060
119212
123311
65968
119217
123314
123315
119219
119220
65976
123321
65977
123322
127420
119229
119230
127424
119233
119237
123340
123344
123345
70098
119250
119253
70103
119255
127453
70110
127456
127457
123361
123362
127460
123365
119269
119270
127464
70121
119273
131565
66029
131566
66030
131567
123375
123378
66034
127475
119283
131572
127476
123380
131574
123382
119286
127479
127480
119288
123386
131579
131581
123395
131588
123400
119306
119308
70158
131600
119313
131602
119315
70164
127510
131607
127512
70168
131609
123417
70169
127514
127517
123421
131614
127518
127519
131616
127522
131621
127525
70181
123430
131623
127529
127531
123435
131628
127533
131630
127535
123443
131636
123444
123447
123450
131643
123451
123454
131650
131651
123464
123467
70219
70220
123469
70221
70224
131665
123474
70227
123476
70228
70229
70231
143960
131672
70232
70233
70234
123483
70235
123484
70236
70237
143966
131678
70238
143967
131679
123487
70239
70240
131684
143973
143974
131686
123497
123500
123502
131699
131700
74359
74360
74361
74362
74363
74364
74365
123518
74366
74367
123520
74368
74369
74370
74371
74372
74373
123526
74374
123527
74375
131720
74376
131721
74377
70282
74378
74379
123532
74380
127629
123534
144015
144016
127633
70290
123540
131733
123541
127643
127645
127647
74418
70343
70344
70345
74441
70346
70347
70348
70349
127714
127718
74478
127747
74501
127750
127751
127754
127758
119571
119575
119576
127769
127770
127773
127774
144163
119587
119588
119590
144168
144170
74539
74540
74541
74542
144175
74543
74544
144177
74545
74546
74547
119603
74548
74549
74550
74551
74552
74553
74554
74555
127804
74556
119612
74557
127806
74558
119614
74559
127808
74560
127811
127812
127813
119623
127816
127818
119626
119629
127825
127827
127829
119643
119645
144233
144238
119663
144240
119664
119666
144245
119670
144247
119693
119694
119696
127923
127927
127937
127939
127941
119780
119794
119797
119800
128008
119817
119818
119819
128012
119820
42013
42014
42015
42016
42017
42018
42019
42020
42021
42022
42023
42024
128041
42025
42026
42027
128044
42028
128045
42029
42030
42031
128048
42032
42033
42034
128052
128053
128063
128064
128067
128068
42072
128098
128100
128102
128104
128106
128108
128110
42095
128113
128119
128121
128123
46217
46218
46219
46220
46221
46222
46223
42132
42155
46276
46284
42193
42194
42195
42196
42197
42198
42199
42200
128217
42201
42202
42203
42204
128221
42205
42206
42207
42208
42209
42210
42211
42212
42213
42214
128231
128233
128235
46333
46334
46335
46345
46346
46347
46348
46349
46350
46351
46352
46353
46354
128302
128303
128306
46392
46398
46399
46400
46401
46402
124227
46403
124228
124229
124230
124235
128335
46415
124241
128338
128339
124243
124244
128342
124246
120150
128343
120151
120152
120153
128346
128347
120158
120159
120160
120161
128357
120165
128361
50537
50538
50542
50543
46452
120180
46457
46458
120188
46462
46463
46464
120196
120197
128392
120200
120201
128394
46475
128396
120204
120205
128400
120208
128402
128404
128413
128417
120225
120226
50596
120229
120230
120232
50604
120236
50605
120238
46513
120241
46514
120242
46515
46519
120247
46520
120251
46525
120253
46526
46527
46528
46529
120257
46530
46531
120259
46532
46533
46534
120263
120269
120276
120281
50653
50654
120286
50655
50658
50661
50662
120294
50666
120298
50667
120299
50668
50669
120301
50670
50671
46576
50672
50673
120305
50674
120306
124403
120309
124406
124407
46584
120313
124412
124413
124414
124418
124420
124425
120331
124428
120332
128525
128527
120335
120336
128529
124433
124434
120339
120340
124439
120343
120344
124442
50718
50719
124448
50721
124450
50722
124455
120361
124458
46637
120365
124462
46638
46639
50735
120367
124464
46640
46641
46642
46643
120371
124469
120373
124472
120376
120377
54845
124478
120382
124480
120386
54851
120388
124485
124488
120392
120394
124492
124494
120398
124499
128596
120404
128597
124502
128600
50779
120411
124508
124510
120417
124515
50789
120421
124518
124522
124524
120430
120432
124529
120434
124532
128629
120437
120439
128632
54904
128633
120441
124538
128636
124540
120444
128637
128640
54912
120448
128641
124545
54913
124548
128646
128647
124552
124554
50827
128652
50828
128653
50829
124559
50831
128656
128658
124562
120466
120467
128662
50838
120470
120471
124568
50840
50841
124570
50842
120474
50843
120475
50844
50845
50846
120478
50847
120479
124576
50848
124577
124582
124584
128685
124590
128687
124591
120496
128689
54961
54962
128691
54963
120500
128693
54966
120502
128695
128697
54970
120506
120507
128700
120508
128702
54974
54975
120511
128704
54976
120512
54977
54978
54979
128708
54980
54981
120517
54982
128712
120521
50890
120523
120527
128721
120529
50898
50899
128725
120533
120536
120539
120540
120546
120552
120556
55025
55026
55029
120565
55030
120567
120569
120572
120574
120576
55043
120579
50951
120583
50952
50956
59153
59159
120601
120604
120605
120606
120609
120610
120613
120614
128811
128813
128815
55087
128817
128819
128823
120631
55097
120635
120637
120638
128833
120641
120642
128835
120643
120646
120647
59212
120652
120656
120658
59220
59221
120662
120664
120668
55135
120671
55136
55137
120674
120675
120681
55146
55148
55149
55150
116590
55151
116591
120687
55152
55153
55154
116594
55155
120691
55156
116600
116604
120700
120702
120704
116609
120707
59269
116613
120709
59270
59271
120711
128904
128905
116617
59274
116618
120714
128908
128909
116621
59278
120718
128911
59282
59283
116627
128916
59284
116628
59285
128918
59286
59287
116631
59288
116632
59289
59290
116635
55198
116638
120737
116642
120738
128931
128932
120741
55206
120742
128935
55207
116647
128936
116649
128941
128942
128944
116657
128947
120759
128953
120763
120765
120766
128959
128960
120769
120770
120771
116676
128965
59333
120774
59334
120775
116680
59337
128970
59338
128971
120780
59341
128974
120784
128977
120786
128980
128981
120790
59351
116695
120792
128987
55259
116699
128988
120796
55265
128994
120802
63461
120809
120815
120819
120828
120830
129023
120832
120835
59395
120837
120839
116743
120842
129037
59405
120846
116750
116753
116754
129043
129044
129051
129054
120864
63520
120865
120868
120869
116773
116775
120872
63528
120873
63529
120876
116780
120877
116785
59443
116787
59444
59445
116790
116792
120894
59454
116798
59456
59457
120898
59458
59459
120900
59460
120901
59461
59462
59463
120904
59464
116808
120906
120909
120910
116814
116817
116818
120915
116819
116820
120919
116823
120921
63577
116825
63578
63579
120925
63582
120927
116832
63586
116834
120931
63590
63591
116839
63592
120937
63593
116841
63594
63595
63596
63597
116845
63598
116846
116847
116848
59506
116851
116852
116853
120950
116854
116855
120954
59514
116858
129147
59515
116860
116861
116862
116863
129154
129155
120963
129156
116868
120965
116869
120967
129162
120970
116874
129163
116875
120972
116876
120974
129169
120977
116881
129170
116882
116883
129176
116888
129177
63641
116889
63642
116890
116892
63645
63646
129183
116895
129184
116896
63649
116897
116898
129189
120999
121000
116904
133290
133291
121003
63659
129196
121004
133293
129197
116909
129199
121007
59567
121008
121011
121012
59573
116918
67769
67770
67771
67772
67773
133310
67774
67775
133312
133313
133315
133317
121029
133319
121033
121035
133324
133326
121039
133328
141521
133330
116946
133332
116948
133333
141527
121047
63703
141528
121048
116953
133338
133339
121051
116955
121052
133342
133343
121056
133345
63713
121058
133347
121059
116963
121060
121061
121062
116967
133352
121064
121065
133354
133355
121067
133357
121070
121071
133360
121072
133361
121073
67828
116981
133366
121079
129273
121081
116985
121083
133372
67836
133373
121085
67837
121086
133376
129280
121088
133378
121090
133379
121092
121093
133383
121095
63751
129288
63752
133385
129289
121097
63753
129290
129291
121099
129294
129295
129297
63762
63764
117012
133397
129301
63765
117013
63766
63767
121112
63768
117016
63769
117017
121114
63770
63771
129308
121116
63772
121118
121119
121121
133410
121123
121125
133414
121126
117030
133416
121128
117032
133417
133418
121130
117034
117035
121132
133421
67885
121134
67886
117038
133423
121135
67887
121136
117040
67890
67891
133428
67892
67893
121142
67894
117047
117048
117049
67898
117050
67899
133436
121148
67900
67901
117053
121150
67902
121151
67903
67904
121153
67905
67906
117058
121155
117059
121156
117060
121157
117061
63814
117063
117065
121164
63822
63823
121169
121170
121173
121174
121175
117080
121178
121179
117084
117085
121192
67944
121195
67951
67953
67954
117111
117113
117114
117115
117116
67967
117120
117121
63875
117127
117128
117130
117133
117134
117135
117137
117139
117140
117141
117142
117143
117144
117145
117146
117148
117150
117151
117155
68004
117156
117157
117158
121257
121259
68011
121260
117164
121261
117165
117170
117171
117172
68021
117173
117177
117178
117179
117180
137661
117183
117184
117185
117186
117190
117191
117192
117193
72143
72144
72145
72146
137683
72147
72148
72149
68059
68060
68061
68063
68070
68072
68073
68074
68075
68076
68077
68078
68079
68080
72199
72200
72201
72202
121355
121357
121358
117265
72210
72211
72212
117268
72213
72214
72215
72216
121369
72217
117273
68122
72218
121371
72219
117275
121372
72220
117276
68130
68131
117285
117286
117287
117288
117313
72258
137796
137800
117320
117322
137804
117326
117327
137809
117329
137811
137812
68183
68184
68185
72281
68186
117338
68187
117339
137820
68188
68189
137822
117342
117343
137824
137826
137833
117354
137835
117356
117358
137839
137840
117360
117373
72318
117374
117375
117376
72341
72379
72380
72381
72382
72390
72391
72392
72393
72394
72395
72396
72397
72398
72399
72400
137957
137959
117479
117483
137966
125679
117488
137970
117490
137972
137973
125685
125686
121591
125688
125689
125690
121594
125691
72443
72444
137981
72445
72446
137983
125695
121599
72447
72448
137985
125697
72449
121602
137987
125700
121608
137994
125706
125707
121611
137996
121613
138000
138001
125713
125714
121620
121622
121623
125720
125721
121628
121632
76579
121636
76580
76581
76582
76583
76584
76585
76586
76587
76588
76589
76590
76591
76592
76593
76594
125749
125751
125753
121657
121658
125756
121665
121667
121669
117581
121680
117584
121682
117588
117591
117592
117593
117594
121691
121694
117598
121695
76639
121696
76640
76641
76642
117602
76643
117603
76644
76645
117605
76646
76647
76648
76649
76650
76651
76652
76653
76654
121712
121714
121716
121719
121731
121732
121733
138118
138120
117643
117644
129933
129934
117646
138127
129935
129936
121745
117650
138131
129939
121747
129940
138133
121749
138134
129942
129946
125852
138142
138144
138146
125859
121763
138148
125860
121767
121768
129961
129962
138155
129963
129964
138157
138161
138162
121779
121780
121782
129975
129976
129977
129978
117691
117692
117693
117694
117698
117699
129988
117700
129989
117701
129991
117703
117706
121803
117708
121805
117709
142289
130001
121815
121820
117728
117729
130018
130020
117732
117734
121831
117736
130025
121833
39913
117737
39914
130027
121835
39915
117739
39916
117740
39917
39918
121839
39919
125936
121840
39920
39921
130034
39922
130035
39923
39924
39925
125942
39926
125943
39927
39928
117752
125946
117754
121851
121852
117756
121854
39934
117758
125951
125952
117760
117761
121858
117762
130051
121859
130053
125957
121861
117765
130054
125958
134151
134152
130056
130058
125963
130060
125964
130061
130063
130065
125970
130067
125971
134165
130069
134166
130073
125977
121881
125978
121882
121884
125981
125982
130079
130081
125985
130082
125986
130084
125988
117796
39973
117797
39974
138279
125991
39975
117799
125992
39976
117800
138281
39977
39978
39979
39980
117804
130093
125997
121901
39981
117805
121902
39982
130095
39983
138288
130096
39984
117808
134193
126001
121905
39985
117809
134194
130098
39986
126003
39987
138292
39988
138294
138295
126007
130106
39994
121915
121917
138303
134207
130111
121919
134208
138305
130113
117825
121922
138307
117827
117828
138309
130118
121926
117830
117832
117833
138316
130124
117836
117837
138318
130126
126030
130128
126032
121937
138322
126034
138323
121939
126036
130133
44117
44118
130135
126039
44119
126040
44120
117848
126041
44121
126042
44122
117850
44123
117853
126046
117854
126047
126048
117856
126049
117857
130147
117860
130149
126053
121957
117861
126054
117862
126055
126056
117864
130153
121961
117865
126058
117866
130157
117869
117871
126064
126066
117874
121972
117876
126070
121974
117879
130168
117880
130170
117883
130174
117886
121983
121984
130178
117890
121987
117893
121990
117894
121991
117897
121994
117900
130189
44173
117901
44174
130191
44175
44176
117905
134290
117906
122004
117909
134294
122006
117910
122008
44184
117912
44185
117913
44186
122011
44187
44188
117916
122013
44189
44190
122015
44191
117919
44192
117920
134305
44193
134306
44194
117923
117924
117926
122023
117927
130216
122024
117930
122027
117931
130220
117933
117934
134319
117937
117938
138419
134323
117939
138421
122037
117942
134327
130231
122039
117943
130233
122041
134330
138428
130238
138432
117952
138434
130242
138435
130243
130246
117958
130248
122056
44232
117960
130249
122058
138443
134348
126156
122060
117964
138445
130253
126158
138447
130255
126160
138449
126162
117970
122071
138456
126168
122072
138458
122074
117981
138462
138463
44255
117984
117987
117988
117989
126182
126183
126187
117995
134381
126189
134382
122095
117999
134384
130288
118000
122097
130290
118002
118006
118007
48377
118009
48378
118010
130299
48379
118011
130300
122108
48380
48381
118013
48382
130303
48383
130304
122112
118018
134403
130307
134404
44292
118021
134407
130311
118023
118024
134409
130313
134411
130315
122123
118027
134413
130317
122125
130319
122128
118033
130322
122130
118034
118035
130324
122132
118042
44315
118043
118044
118046
122143
122144
118048
118049
122146
118050
118051
122150
122151
122153
118060
130349
118061
118062
118063
126256
118064
130353
126257
118066
126260
48436
118072
118073
134458
118074
134459
130364
48444
134461
122173
48445
130366
122174
122176
44353
118081
130370
44354
118082
126275
44355
118083
126276
44356
118085
130374
118087
118088
118089
118090
44364
126285
44365
126286
44366
44367
134480
44368
134481
130385
126289
122193
44369
126290
122194
44370
130387
44371
118099
138580
134484
44372
118100
126293
122197
44373
118101
138582
134486
126294
44374
118102
130391
118103
134488
118105
134490
130395
138589
122207
118111
126304
118112
138593
122209
118113
138594
122211
126308
138597
130406
122214
130408
118120
118121
138602
122218
118122
130412
118124
48493
130414
48494
118126
138607
130415
48495
118127
138608
118128
130417
118129
138610
48498
130419
48499
48500
130421
122229
48501
130422
48502
138615
122231
48503
130424
48506
118138
130427
48507
118139
138620
48508
118140
48509
118141
138622
48510
118142
48511
48512
118144
138625
44417
48513
126338
44418
48514
44419
44420
44421
126342
44422
118150
134535
126343
44423
118151
134536
130440
118152
122249
134538
130442
126346
130443
130445
122253
130447
126351
118159
118160
130449
118161
130450
118163
130452
118165
118166
118167
126360
122264
118168
122266
126364
134557
130461
134558
130463
130464
134561
118177
130466
118178
134563
122275
118179
130468
122276
118180
134565
118181
130470
134567
130471
122279
118183
48552
130473
122282
122283
118189
122286
118190
118191
48560
130483
118198
130487
118199
130488
122296
118200
122298
118202
122300
118204
130493
118205
118206
130495
122303
48575
118207
122305
122307
118216
118217
118218
122315
118219
122316
118220
118222
130511
122319
130512
130515
52691
134612
118228
134613
130517
118229
130518
118230
134615
130521
122329
130522
122331
130524
130525
122333
118237
118238
118239
130528
130529
118241
118243
48612
118244
118245
118246
134634
134635
130540
122348
134638
122350
118255
134640
122352
48624
118256
130545
48625
118257
134642
130546
118258
118259
134644
130549
118261
130550
130552
130553
122363
48635
118267
130556
122364
130557
122366
118270
118271
130560
130561
130564
118276
126474
126476
118285
126478
52750
118288
122387
118291
130580
118292
130581
122389
52758
52759
130584
130585
118298
130587
130588
130591
130592
122400
134689
130593
48673
134690
130594
48674
48675
134692
122404
48677
118309
130598
118311
130601
118315
48684
130605
48686
122415
48687
48688
122417
48689
48690
48691
122420
48692
118324
48693
130614
122422
48694
134711
118327
134712
122424
118329
130618
134715
118331
134717
130621
118333
134719
118335
142913
134721
130625
142914
122435
122436
130629
122438
52807
52808
130633
52809
122442
122443
52812
122445
130639
130640
52816
126545
130642
126546
130643
130644
52820
142933
126549
52821
52822
142935
52823
52824
130649
52825
118361
52826
118362
130651
52827
52828
118365
118366
48736
122465
122466
122468
130663
48744
130665
48745
118380
134765
118382
118383
130672
134769
134770
126578
118386
118387
126581
122485
118389
130678
126582
122486
130679
126585
122489
118393
126586
118395
126589
118398
142975
118399
142977
130691
122499
134788
134789
130693
122501
118405
118406
122503
134792
126600
52872
118409
134794
130698
122506
52875
130700
126604
52876
118412
134797
118413
122510
134799
118416
130705
130707
118419
118420
130712
122521
52889
130714
118426
122523
48797
48798
130719
48799
48800
130721
48801
48802
48803
130727
56999
118440
126634
118442
122541
57005
126638
126639
126641
122545
126643
130740
126645
130742
118454
126647
118455
126649
118458
118459
130748
122556
130749
126653
122558
118462
118463
134849
118466
130755
118467
130756
52933
118469
122567
122568
118473
118474
130763
122571
118476
118477
122574
122575
52943
118480
118481
122578
118483
118484
118487
130776
118488
130777
118490
122588
118493
122590
130783
130784
122592
57058
122595
118499
134884
130789
122597
134886
130791
122599
57066
57067
122607
122608
134898
122611
130804
134901
130805
52981
52982
52983
118520
118521
118523
130812
122621
122623
118527
134912
52992
122625
134914
52994
118530
52995
52996
52997
52998
52999
53000
53001
53002
134926
122640
134929
122642
122644
126746
57115
118555
57116
130845
57117
118557
126751
122655
118559
122656
57120
122658
57124
118564
57128
126761
57129
57130
126763
57131
57132
130861
126765
57133
57134
57135
57136
53044
122679
130872
122681
130874
130875
53052
53053
118591
118593
130883
118595
122692
130885
118598
122696
118600
118601
118603
130896
122707
122709
118613
130903
118615
122712
130905
118617
122714
57179
122716
57180
57183
57184
118627
118629
118630
122727
122728
118632
122730
130923
130924
57197
122734
122735
126832
122737
53105
118642
126836
118644
143221
143222
118646
53111
61307
61313
118659
122757
118661
122758
118663
122760
143241
118665
143243
126865
126868
126869
143255
126872
143257
122777
57241
122778
135068
126876
122781
135073
57251
126887
122791
122793
126891
122795
122798
122802
118709
61366
118711
122813
61374
122815
61375
118723
118725
118727
57289
126922
57290
57291
126924
126926
126928
122833
126930
126932
57300
122837
126934
57302
57303
57304
57305
57306
57307
57308
57309
57310
126943
122848
122850
126947
118756
118759
122859
118763
122860
122863
61423
61424
61425
122866
122867
61428
122870
61432
61436
61437
61438
61439
118783
)


// ************************************************************************* //
