0 	0.99865
0.0028575 	0.99885
0.005715 	0.99905
0.0085725 	0.999048
0.01143 	0.999036
0.0142875 	0.999006
0.017145 	0.998953
0.0200025 	0.99888
0.02286 	0.998793
0.0257175 	0.998701
0.028575 	0.998613
0.0314325 	0.998532
0.03429 	0.998461
0.0371475 	0.998398
0.040005 	0.998342
0.0428625 	0.998291
0.04572 	0.998244
0.0485775 	0.9982
0.051435 	0.998158
0.0542925 	0.99812
0.05715 	0.998086
0.0600075 	0.998056
0.062865 	0.998028
0.0657225 	0.998002
0.06858 	0.997977
0.0714375 	0.997951
0.074295 	0.997925
0.0771525 	0.997897
0.08001 	0.997869
0.0828675 	0.997839
0.085725 	0.99781
0.0885825 	0.997781
0.09144 	0.997752
0.0942975 	0.997723
0.097155 	0.997694
0.100012 	0.997666
0.10287 	0.997638
0.105727 	0.997609
0.108585 	0.997582
0.111442 	0.997555
0.1143 	0.997528
0.117157 	0.997504
0.120015 	0.997481
0.122872 	0.997459
0.12573 	0.997438
0.128587 	0.997418
0.131445 	0.997397
0.134302 	0.997377
0.13716 	0.997355
0.140017 	0.997332
0.142875 	0.997309
0.145732 	0.997286
0.14859 	0.997263
0.151447 	0.99724
0.154305 	0.997217
0.157162 	0.997195
0.16002 	0.997173
0.162877 	0.99715
0.165735 	0.997125
0.168592 	0.997099
0.17145 	0.997072
0.174307 	0.997042
0.177165 	0.997011
0.180022 	0.996978
0.18288 	0.996944
0.185737 	0.99691
0.188595 	0.996876
0.191452 	0.996843
0.19431 	0.99681
0.197167 	0.996777
0.200025 	0.996744
0.202882 	0.99671
0.20574 	0.996674
0.208597 	0.996636
0.211455 	0.996597
0.214312 	0.996535
0.214312 	0.996577
0.21717 	0.996514
0.220027 	0.996471
0.222885 	0.996428
0.225743 	0.996384
0.2286 	0.99634
0.231458 	0.996294
0.234315 	0.996247
0.237173 	0.996197
0.24003 	0.996145
0.242888 	0.99609
0.245745 	0.996032
0.248603 	0.99597
0.25146 	0.995905
0.254317 	0.995838
0.257175 	0.995767
0.260032 	0.995695
0.26289 	0.995621
0.265748 	0.995546
0.268605 	0.995472
0.271462 	0.995398
0.27432 	0.995326
0.277178 	0.995255
0.280035 	0.995185
0.282892 	0.995117
0.28575 	0.995049
0.288608 	0.99498
0.291465 	0.994909
0.294322 	0.994833
0.29718 	0.994752
0.300038 	0.994663
0.302895 	0.994567
0.305752 	0.994463
0.30861 	0.994352
0.311468 	0.994234
0.314325 	0.99411
0.317182 	0.99398
0.32004 	0.993845
0.322898 	0.993707
0.325755 	0.993566
0.328612 	0.993424
0.33147 	0.993284
0.334327 	0.993147
0.337185 	0.993015
0.340043 	0.992887
0.3429 	0.992762
0.345757 	0.992638
0.348615 	0.992513
0.351473 	0.992384
0.35433 	0.992248
0.357187 	0.992105
0.360045 	0.991956
0.362903 	0.991801
0.36576 	0.991641
0.368617 	0.991484
0.371475 	0.991338
0.374333 	0.991206
0.37719 	0.991087
0.380047 	0.990971
0.382905 	0.990845
0.385763 	0.990704
0.38862 	0.990547
0.391477 	0.990372
0.394335 	0.990179
0.397193 	0.989968
0.40005 	0.989741
0.402907 	0.989499
0.405765 	0.989243
0.408622 	0.98897
0.41148 	0.988667
0.414338 	0.98833
0.417195 	0.987974
0.420052 	0.987611
0.42291 	0.987251
0.425768 	0.986899
0.428625 	0.986726
0.428625 	0.986399
0.431483 	0.986246
0.43434 	0.985949
0.437198 	0.985665
0.440055 	0.985383
0.442913 	0.985094
0.44577 	0.98479
0.448628 	0.984476
0.451485 	0.984162
0.454343 	0.983851
0.4572 	0.983546
0.460058 	0.983259
0.462915 	0.983006
0.465773 	0.982789
0.46863 	0.982589
0.471488 	0.982391
0.474345 	0.982183
0.477203 	0.981962
0.48006 	0.981729
0.482918 	0.981478
0.485775 	0.981196
0.488633 	0.980867
0.49149 	0.980486
0.494348 	0.980044
0.497205 	0.979405
0.500063 	0.978339
0.50292 	0.976771
0.505778 	0.974826
0.508635 	0.972651
0.511493 	0.970168
0.51435 	0.967032
0.517208 	0.962926
0.520065 	0.95802
0.522923 	0.953084
0.52578 	0.948904
0.528638 	0.945524
0.531495 	0.942195
0.534353 	0.937843
0.53721 	0.931759
0.540068 	0.924743
0.542925 	0.919393
0.545783 	0.917232
0.54864 	0.916875
0.551498 	0.916765
0.554355 	0.916675
0.557213 	0.916653
0.56007 	0.916655
0.562928 	0.916655
0.565785 	0.916649
0.568643 	0.916218
0.5715 	0.914613
0.574358 	0.911952
0.577215 	0.909114
0.580073 	0.906402
0.58293 	0.903441
0.585788 	0.899758
0.588645 	0.895049
0.591503 	0.889381
0.59436 	0.883052
0.597217 	0.87568
0.600075 	0.86485
0.602932 	0.846065
0.60579 	0.818543
0.608648 	0.794322
0.611505 	0.784896
0.614363 	0.784337
0.61722 	0.784456
0.620077 	0.784234
0.622935 	0.782783
0.625792 	0.743997
0.62865 	0.649122
0.631507 	0.598237
0.634365 	0.630435
0.637222 	0.661556
0.64008 	0.667366
0.642937 	0.668097
0.642938 	0.667808
0.645795 	0.668406
0.648652 	0.669034
0.65151 	0.669479
0.654367 	0.669685
0.657225 	0.669851
0.660083 	0.670039
0.66294 	0.670261
0.665797 	0.670505
0.668655 	0.670715
0.671512 	0.670881
0.67437 	0.671026
0.677227 	0.671147
0.680085 	0.67124
0.682942 	0.671305
0.6858 	0.671347
0.688657 	0.671373
0.691515 	0.671392
0.694372 	0.671406
0.69723 	0.67141
0.700087 	0.67141
0.702945 	0.671403
0.705802 	0.671314
0.70866 	0.670846
0.711517 	0.669167
0.714375 	0.490322
0.717232 	0.164573
0.72009 	0.00970593
0.722947 	0.00179947
0.725805 	0.000325574
0.728662 	4.97023e-05
0.73152 	6.5594e-06
0.734377 	7.55279e-07
0.737235 	7.59463e-08
0.740092 	6.67385e-09
0.74295 	5.13664e-10
0.745807 	3.52027e-11
0.748665 	2.63826e-12
0.751522 	2.59653e-13
0.75438 	1.54625e-14
0.757237 	6.30441e-16
0.760095 	2.29816e-17
0.762952 	7.57561e-19
0.76581 	2.24526e-20
0.768667 	5.99466e-22
0.771525 	1.44469e-23
0.774382 	3.14822e-25
0.77724 	6.21302e-27
0.780097 	1.11189e-28
0.782955 	1.80648e-30
0.785812 	2.66696e-32
0.78867 	3.5804e-34
0.791527 	4.37331e-36
0.794385 	4.86182e-38
0.797242 	4.91982e-40
0.8001 	4.53122e-42
0.802957 	3.79704e-44
0.805815 	2.89309e-46
0.808672 	2.00239e-48
0.81153 	1.25729e-50
0.814387 	7.14918e-53
0.817245 	3.67306e-55
0.820102 	1.70015e-57
0.82296 	7.06374e-60
0.825817 	2.62209e-62
0.828675 	8.6447e-65
0.831532 	2.5122e-67
0.83439 	6.37249e-70
0.837247 	1.39296e-72
0.840105 	2.57898e-75
0.842962 	3.9487e-78
0.84582 	4.82987e-81
0.848677 	4.47461e-84
0.851535 	2.86831e-87
0.854392 	1.55177e-90
0.85725 	1.01373e-90
