/*--------------------------------*- C++ -*----------------------------------*\
| =========                 |                                                 |
| \\      /  F ield         | OpenFOAM: The Open Source CFD Toolbox           |
|  \\    /   O peration     | Version:  2606                                  |
|   \\  /    A nd           | Website:  www.openfoam.com                      |
|    \\/     M anipulation  |                                                 |
\*---------------------------------------------------------------------------*/
FoamFile
{
    version     2.0;
    format      ascii;
    arch        "LSB;label=32;scalar=64";
    class       volScalarField;
    location    "0.7";
    object      p_rgh;
}
// * * * * * * * * * * * * * * * * * * * * * * * * * * * * * * * * * * * * * //

dimensions      [1 -1 -2 0 0 0 0];

internalField   nonuniform List<scalar> 
3000
(
13.7346
13.7248
13.6981
13.6539
13.6102
13.5703
13.5361
13.5095
13.4926
13.4885
13.4999
13.5248
13.559
13.598
13.6361
13.6676
13.69
13.7037
13.7121
13.7182
13.7235
13.7297
13.7371
13.7407
13.7373
13.7264
13.7068
13.6798
13.65
13.6219
13.5991
13.584
13.5774
13.5766
13.5787
13.5821
13.5841
13.5832
13.5798
13.574
13.5664
13.5587
13.5525
13.549
13.5472
13.547
13.5484
13.5505
13.5527
13.5543
13.555
13.5542
13.5519
13.5481
13.542
13.5328
13.5208
13.5058
13.488
13.4676
13.4454
13.4222
13.3991
13.3779
13.3596
13.3455
13.3388
13.3369
13.3397
13.3496
13.3671
13.3896
13.4131
13.4353
13.4499
1.6836
1.5964
1.49886
1.339
1.15789
0.971286
0.798438
0.658972
0.559285
0.504566
0.514211
0.594101
0.741836
0.925929
1.1076
1.26316
1.38179
1.46435
1.52472
1.57444
1.61744
1.6602
1.70827
1.73515
1.7324
1.70173
1.63518
1.54123
1.43695
1.3401
1.2635
1.2158
1.20214
1.20736
1.2235
1.24508
1.26046
1.26516
1.26157
1.2489
1.23062
1.21209
1.19871
1.19689
1.20012
1.20927
1.22407
1.2413
1.2585
1.27336
1.28509
1.28927
1.28862
1.2827
1.26699
1.24008
1.20228
1.15384
1.09525
1.02794
0.954751
0.878844
0.805085
0.740185
0.688813
0.650059
0.650194
0.661748
0.694038
0.753808
0.84104
0.946197
1.04975
1.14764
1.21035
-36.4216
-36.4205
-36.4205
-36.4201
-36.4195
-36.4187
-36.4177
-36.4166
-36.4154
-36.4139
-36.4124
-36.4114
-36.411
-36.4113
-36.412
-36.4128
-36.4133
-36.4137
-36.4139
-36.4141
-36.4141
-36.4142
-36.4142
-36.4142
-36.4142
-36.4141
-36.4141
-36.414
-36.4138
-36.4137
-36.4135
-36.4134
-36.4132
-36.4131
-36.413
-36.4129
-36.4127
-36.4126
-36.4125
-36.4123
-36.4122
-36.412
-36.4118
-36.4116
-36.4114
-36.4112
-36.4109
-36.4106
-36.4102
-36.4098
-36.4094
-36.4088
-36.4083
-36.4076
-36.4069
-36.4062
-36.4054
-36.4047
-36.404
-36.4035
-36.4031
-36.4029
-36.4029
-36.4033
-36.4041
-36.4054
-36.4071
-36.4092
-36.4117
-36.4142
-36.4164
-36.4179
-36.4184
-36.4179
-36.4168
-36.4195
-36.4193
-36.4192
-36.419
-36.4187
-36.4183
-36.4177
-36.4168
-36.4155
-36.4135
-36.4116
-36.4106
-36.4105
-36.4111
-36.4119
-36.4125
-36.413
-36.4132
-36.4133
-36.4134
-36.4135
-36.4135
-36.4135
-36.4135
-36.4135
-36.4135
-36.4134
-36.4133
-36.4132
-36.4131
-36.4129
-36.4128
-36.4127
-36.4125
-36.4124
-36.4123
-36.4122
-36.4121
-36.4119
-36.4118
-36.4116
-36.4115
-36.4113
-36.4111
-36.4109
-36.4106
-36.4103
-36.41
-36.4097
-36.4093
-36.4088
-36.4083
-36.4077
-36.407
-36.4063
-36.4056
-36.4049
-36.4042
-36.4037
-36.4032
-36.4029
-36.4028
-36.4031
-36.4036
-36.4045
-36.4057
-36.4075
-36.4098
-36.4126
-36.4154
-36.4178
-36.4193
-36.4194
-36.4184
-36.4167
-36.4188
-36.4186
-36.4184
-36.4181
-36.4178
-36.4173
-36.4168
-36.4162
-36.4155
-36.4138
-36.4101
-36.4093
-36.4089
-36.4109
-36.412
-36.4127
-36.4131
-36.4131
-36.4129
-36.4129
-36.4131
-36.4134
-36.4135
-36.4135
-36.4134
-36.4134
-36.4133
-36.4133
-36.4132
-36.413
-36.4129
-36.4128
-36.4127
-36.4126
-36.4124
-36.4123
-36.4122
-36.4121
-36.4119
-36.4118
-36.4116
-36.4115
-36.4113
-36.4111
-36.4109
-36.4106
-36.4104
-36.4101
-36.4098
-36.4094
-36.409
-36.4085
-36.408
-36.4075
-36.407
-36.4064
-36.4058
-36.4053
-36.4048
-36.4045
-36.4043
-36.4043
-36.4045
-36.405
-36.4059
-36.4071
-36.4088
-36.4109
-36.4136
-36.4163
-36.4186
-36.4198
-36.4196
-36.4182
-36.4164
-36.4183
-36.4182
-36.418
-36.4178
-36.4175
-36.4171
-36.4166
-36.416
-36.4156
-36.4128
-36.4101
-36.4096
-36.412
-36.4133
-36.4134
-36.4134
-36.4133
-36.4127
-36.4127
-36.4128
-36.4133
-36.4135
-36.4135
-36.4134
-36.4134
-36.4134
-36.4133
-36.4132
-36.4131
-36.413
-36.4129
-36.4128
-36.4127
-36.4126
-36.4124
-36.4123
-36.4122
-36.4121
-36.4119
-36.4118
-36.4117
-36.4115
-36.4113
-36.4111
-36.4109
-36.4107
-36.4104
-36.4101
-36.4098
-36.4095
-36.4091
-36.4087
-36.4083
-36.4079
-36.4074
-36.4069
-36.4065
-36.406
-36.4057
-36.4054
-36.4053
-36.4054
-36.4057
-36.4062
-36.407
-36.408
-36.4095
-36.4113
-36.4134
-36.4156
-36.4174
-36.4184
-36.4184
-36.4175
-36.4162
-36.4174
-36.4174
-36.4173
-36.4172
-36.4169
-36.4167
-36.4163
-36.4159
-36.4156
-36.4152
-36.4147
-36.4145
-36.414
-36.4137
-36.4136
-36.4135
-36.4135
-36.4133
-36.4131
-36.4134
-36.4135
-36.4135
-36.4134
-36.4134
-36.4134
-36.4133
-36.4132
-36.4132
-36.4131
-36.413
-36.4129
-36.4128
-36.4127
-36.4125
-36.4124
-36.4123
-36.4122
-36.4121
-36.4119
-36.4118
-36.4116
-36.4115
-36.4113
-36.4111
-36.4109
-36.4107
-36.4105
-36.4102
-36.4099
-36.4096
-36.4093
-36.409
-36.4086
-36.4082
-36.4078
-36.4075
-36.4071
-36.4068
-36.4066
-36.4064
-36.4064
-36.4065
-36.4068
-36.4073
-36.4079
-36.4089
-36.41
-36.4115
-36.413
-36.4146
-36.4159
-36.4166
-36.4167
-36.4163
-36.4156
-36.4172
-36.4171
-36.417
-36.4168
-36.4166
-36.4164
-36.4161
-36.4157
-36.4155
-36.4152
-36.415
-36.4145
-36.4142
-36.4139
-36.4137
-36.4136
-36.4136
-36.4136
-36.4135
-36.4135
-36.4135
-36.4134
-36.4134
-36.4134
-36.4133
-36.4133
-36.4132
-36.4131
-36.413
-36.413
-36.4129
-36.4128
-36.4126
-36.4125
-36.4124
-36.4123
-36.4122
-36.4121
-36.4119
-36.4118
-36.4116
-36.4115
-36.4113
-36.4111
-36.411
-36.4108
-36.4105
-36.4103
-36.4101
-36.4098
-36.4095
-36.4092
-36.4089
-36.4086
-36.4083
-36.408
-36.4077
-36.4075
-36.4073
-36.4073
-36.4073
-36.4074
-36.4077
-36.4082
-36.4088
-36.4095
-36.4105
-36.4116
-36.4128
-36.4139
-36.4148
-36.4154
-36.4157
-36.4156
-36.4153
-36.4167
-36.4167
-36.4166
-36.4165
-36.4163
-36.4161
-36.4158
-36.4156
-36.4152
-36.415
-36.4149
-36.4146
-36.4143
-36.414
-36.4138
-36.4137
-36.4137
-36.4136
-36.4136
-36.4135
-36.4135
-36.4134
-36.4134
-36.4133
-36.4133
-36.4132
-36.4132
-36.4131
-36.413
-36.4129
-36.4128
-36.4127
-36.4126
-36.4125
-36.4124
-36.4123
-36.4122
-36.4121
-36.4119
-36.4118
-36.4117
-36.4115
-36.4114
-36.4112
-36.411
-36.4108
-36.4106
-36.4104
-36.4102
-36.4099
-36.4097
-36.4094
-36.4092
-36.4089
-36.4087
-36.4084
-36.4082
-36.4081
-36.408
-36.408
-36.408
-36.4082
-36.4085
-36.4089
-36.4094
-36.4101
-36.4109
-36.4117
-36.4126
-36.4135
-36.4142
-36.4147
-36.415
-36.4151
-36.415
-36.4164
-36.4164
-36.4163
-36.4162
-36.416
-36.4159
-36.4157
-36.4153
-36.4151
-36.4149
-36.4148
-36.4146
-36.4143
-36.4141
-36.4139
-36.4138
-36.4137
-36.4136
-36.4136
-36.4135
-36.4135
-36.4134
-36.4134
-36.4133
-36.4133
-36.4132
-36.4131
-36.4131
-36.413
-36.4129
-36.4128
-36.4127
-36.4126
-36.4125
-36.4124
-36.4123
-36.4122
-36.4121
-36.4119
-36.4118
-36.4117
-36.4115
-36.4114
-36.4112
-36.4111
-36.4109
-36.4107
-36.4105
-36.4103
-36.4101
-36.4099
-36.4097
-36.4095
-36.4092
-36.409
-36.4089
-36.4087
-36.4086
-36.4086
-36.4086
-36.4087
-36.4088
-36.4091
-36.4095
-36.41
-36.4105
-36.4112
-36.4119
-36.4126
-36.4133
-36.4139
-36.4144
-36.4147
-36.4148
-36.4149
-36.4161
-36.4161
-36.416
-36.4159
-36.4158
-36.4157
-36.4155
-36.4153
-36.4151
-36.415
-36.4148
-36.4146
-36.4143
-36.4141
-36.414
-36.4138
-36.4137
-36.4137
-36.4136
-36.4135
-36.4135
-36.4134
-36.4134
-36.4133
-36.4133
-36.4132
-36.4131
-36.413
-36.413
-36.4129
-36.4128
-36.4127
-36.4126
-36.4125
-36.4124
-36.4123
-36.4122
-36.4121
-36.412
-36.4118
-36.4117
-36.4116
-36.4114
-36.4113
-36.4111
-36.411
-36.4108
-36.4106
-36.4105
-36.4103
-36.4101
-36.4099
-36.4097
-36.4096
-36.4094
-36.4093
-36.4092
-36.4091
-36.4091
-36.4091
-36.4092
-36.4094
-36.4097
-36.41
-36.4104
-36.4109
-36.4115
-36.4121
-36.4127
-36.4132
-36.4138
-36.4142
-36.4145
-36.4147
-36.4149
-36.4159
-36.4159
-36.4158
-36.4157
-36.4156
-36.4155
-36.4154
-36.4152
-36.4151
-36.415
-36.4148
-36.4145
-36.4143
-36.4142
-36.414
-36.4139
-36.4138
-36.4137
-36.4136
-36.4135
-36.4135
-36.4134
-36.4134
-36.4133
-36.4132
-36.4132
-36.4131
-36.413
-36.413
-36.4129
-36.4128
-36.4127
-36.4126
-36.4125
-36.4124
-36.4123
-36.4122
-36.4121
-36.412
-36.4119
-36.4118
-36.4116
-36.4115
-36.4114
-36.4112
-36.4111
-36.4109
-36.4108
-36.4106
-36.4104
-36.4103
-36.4101
-36.41
-36.4098
-36.4097
-36.4096
-36.4096
-36.4095
-36.4095
-36.4096
-36.4097
-36.4099
-36.4101
-36.4104
-36.4108
-36.4112
-36.4117
-36.4122
-36.4127
-36.4132
-36.4137
-36.4141
-36.4144
-36.4146
-36.4148
-36.4157
-36.4156
-36.4156
-36.4155
-36.4154
-36.4153
-36.4152
-36.4151
-36.415
-36.4149
-36.4147
-36.4144
-36.4143
-36.4141
-36.414
-36.4139
-36.4138
-36.4137
-36.4136
-36.4135
-36.4135
-36.4134
-36.4134
-36.4133
-36.4132
-36.4132
-36.4131
-36.413
-36.4129
-36.4129
-36.4128
-36.4127
-36.4126
-36.4125
-36.4124
-36.4123
-36.4122
-36.4121
-36.412
-36.4119
-36.4118
-36.4117
-36.4116
-36.4114
-36.4113
-36.4112
-36.411
-36.4109
-36.4108
-36.4106
-36.4105
-36.4104
-36.4102
-36.4101
-36.41
-36.41
-36.4099
-36.4099
-36.4099
-36.41
-36.4101
-36.4103
-36.4105
-36.4108
-36.4112
-36.4115
-36.412
-36.4124
-36.4128
-36.4133
-36.4137
-36.414
-36.4143
-36.4146
-36.4149
-36.4155
-36.4154
-36.4154
-36.4153
-36.4153
-36.4152
-36.4151
-36.415
-36.4149
-36.4147
-36.4146
-36.4144
-36.4143
-36.4141
-36.414
-36.4139
-36.4138
-36.4137
-36.4136
-36.4135
-36.4135
-36.4134
-36.4133
-36.4133
-36.4132
-36.4131
-36.4131
-36.413
-36.4129
-36.4129
-36.4128
-36.4127
-36.4126
-36.4125
-36.4124
-36.4123
-36.4123
-36.4122
-36.4121
-36.412
-36.4118
-36.4117
-36.4116
-36.4115
-36.4114
-36.4113
-36.4112
-36.411
-36.4109
-36.4108
-36.4107
-36.4106
-36.4105
-36.4104
-36.4103
-36.4103
-36.4102
-36.4103
-36.4103
-36.4104
-36.4105
-36.4107
-36.4109
-36.4112
-36.4115
-36.4118
-36.4122
-36.4126
-36.413
-36.4133
-36.4137
-36.414
-36.4144
-36.4146
-36.4149
-36.4153
-36.4153
-36.4152
-36.4152
-36.4151
-36.415
-36.4149
-36.4148
-36.4147
-36.4146
-36.4145
-36.4144
-36.4142
-36.4141
-36.414
-36.4139
-36.4138
-36.4137
-36.4136
-36.4135
-36.4135
-36.4134
-36.4133
-36.4133
-36.4132
-36.4131
-36.4131
-36.413
-36.4129
-36.4129
-36.4128
-36.4127
-36.4126
-36.4125
-36.4125
-36.4124
-36.4123
-36.4122
-36.4121
-36.412
-36.4119
-36.4118
-36.4117
-36.4116
-36.4115
-36.4114
-36.4113
-36.4112
-36.4111
-36.411
-36.4109
-36.4108
-36.4107
-36.4106
-36.4106
-36.4106
-36.4106
-36.4106
-36.4106
-36.4107
-36.4109
-36.411
-36.4112
-36.4115
-36.4117
-36.412
-36.4124
-36.4127
-36.4131
-36.4134
-36.4138
-36.4141
-36.4144
-36.4147
-36.4149
-36.4151
-36.4151
-36.4151
-36.415
-36.415
-36.4149
-36.4148
-36.4147
-36.4146
-36.4145
-36.4144
-36.4143
-36.4142
-36.4141
-36.4139
-36.4139
-36.4138
-36.4137
-36.4136
-36.4135
-36.4135
-36.4134
-36.4133
-36.4133
-36.4132
-36.4131
-36.4131
-36.413
-36.4129
-36.4129
-36.4128
-36.4127
-36.4126
-36.4126
-36.4125
-36.4124
-36.4123
-36.4122
-36.4121
-36.412
-36.4119
-36.4119
-36.4118
-36.4117
-36.4116
-36.4115
-36.4114
-36.4113
-36.4112
-36.4111
-36.411
-36.411
-36.4109
-36.4109
-36.4108
-36.4108
-36.4108
-36.4109
-36.4109
-36.411
-36.4112
-36.4113
-36.4115
-36.4117
-36.412
-36.4123
-36.4126
-36.4129
-36.4132
-36.4135
-36.4138
-36.4141
-36.4144
-36.4147
-36.415
-36.415
-36.415
-36.4149
-36.4149
-36.4148
-36.4148
-36.4147
-36.4146
-36.4145
-36.4144
-36.4143
-36.4142
-36.4141
-36.414
-36.4139
-36.4138
-36.4137
-36.4137
-36.4136
-36.4135
-36.4135
-36.4134
-36.4133
-36.4133
-36.4132
-36.4131
-36.4131
-36.413
-36.4129
-36.4129
-36.4128
-36.4127
-36.4126
-36.4126
-36.4125
-36.4124
-36.4123
-36.4123
-36.4122
-36.4121
-36.412
-36.4119
-36.4118
-36.4117
-36.4117
-36.4116
-36.4115
-36.4114
-36.4113
-36.4113
-36.4112
-36.4111
-36.4111
-36.4111
-36.4111
-36.4111
-36.4111
-36.4111
-36.4112
-36.4113
-36.4114
-36.4116
-36.4118
-36.412
-36.4122
-36.4125
-36.4127
-36.413
-36.4133
-36.4136
-36.4139
-36.4142
-36.4145
-36.4148
-36.4151
-36.4149
-36.4149
-36.4148
-36.4148
-36.4147
-36.4147
-36.4146
-36.4145
-36.4144
-36.4144
-36.4143
-36.4142
-36.4141
-36.414
-36.4139
-36.4138
-36.4137
-36.4137
-36.4136
-36.4135
-36.4134
-36.4134
-36.4133
-36.4133
-36.4132
-36.4131
-36.4131
-36.413
-36.4129
-36.4129
-36.4128
-36.4127
-36.4127
-36.4126
-36.4125
-36.4124
-36.4124
-36.4123
-36.4122
-36.4121
-36.4121
-36.412
-36.4119
-36.4118
-36.4117
-36.4117
-36.4116
-36.4115
-36.4115
-36.4114
-36.4114
-36.4113
-36.4113
-36.4113
-36.4113
-36.4113
-36.4113
-36.4114
-36.4115
-36.4116
-36.4117
-36.4118
-36.412
-36.4122
-36.4124
-36.4127
-36.4129
-36.4132
-36.4135
-36.4137
-36.414
-36.4143
-36.4146
-36.4149
-36.4151
-36.4147
-36.4147
-36.4147
-36.4147
-36.4146
-36.4146
-36.4145
-36.4144
-36.4144
-36.4143
-36.4142
-36.4141
-36.414
-36.4139
-36.4139
-36.4138
-36.4137
-36.4136
-36.4136
-36.4135
-36.4134
-36.4134
-36.4133
-36.4133
-36.4132
-36.4131
-36.4131
-36.413
-36.4129
-36.4129
-36.4128
-36.4127
-36.4127
-36.4126
-36.4125
-36.4125
-36.4124
-36.4123
-36.4123
-36.4122
-36.4121
-36.412
-36.412
-36.4119
-36.4118
-36.4118
-36.4117
-36.4117
-36.4116
-36.4116
-36.4115
-36.4115
-36.4115
-36.4115
-36.4115
-36.4115
-36.4115
-36.4116
-36.4117
-36.4118
-36.4119
-36.412
-36.4122
-36.4124
-36.4126
-36.4128
-36.4131
-36.4133
-36.4136
-36.4138
-36.4141
-36.4144
-36.4147
-36.4149
-36.4152
-36.4146
-36.4146
-36.4146
-36.4146
-36.4145
-36.4145
-36.4144
-36.4144
-36.4143
-36.4142
-36.4141
-36.4141
-36.414
-36.4139
-36.4138
-36.4138
-36.4137
-36.4136
-36.4136
-36.4135
-36.4134
-36.4134
-36.4133
-36.4132
-36.4132
-36.4131
-36.4131
-36.413
-36.4129
-36.4129
-36.4128
-36.4128
-36.4127
-36.4126
-36.4126
-36.4125
-36.4124
-36.4124
-36.4123
-36.4122
-36.4122
-36.4121
-36.412
-36.412
-36.4119
-36.4119
-36.4118
-36.4118
-36.4117
-36.4117
-36.4117
-36.4116
-36.4116
-36.4116
-36.4117
-36.4117
-36.4117
-36.4118
-36.4119
-36.412
-36.4121
-36.4122
-36.4124
-36.4126
-36.4128
-36.413
-36.4132
-36.4135
-36.4137
-36.414
-36.4142
-36.4145
-36.4147
-36.415
-36.4153
-36.4145
-36.4145
-36.4145
-36.4145
-36.4144
-36.4144
-36.4143
-36.4143
-36.4142
-36.4142
-36.4141
-36.414
-36.414
-36.4139
-36.4138
-36.4137
-36.4137
-36.4136
-36.4135
-36.4135
-36.4134
-36.4134
-36.4133
-36.4132
-36.4132
-36.4131
-36.4131
-36.413
-36.413
-36.4129
-36.4128
-36.4128
-36.4127
-36.4126
-36.4126
-36.4125
-36.4125
-36.4124
-36.4123
-36.4123
-36.4122
-36.4122
-36.4121
-36.4121
-36.412
-36.412
-36.4119
-36.4119
-36.4118
-36.4118
-36.4118
-36.4118
-36.4118
-36.4118
-36.4118
-36.4119
-36.4119
-36.412
-36.4121
-36.4122
-36.4123
-36.4124
-36.4126
-36.4128
-36.4129
-36.4131
-36.4134
-36.4136
-36.4138
-36.4141
-36.4143
-36.4145
-36.4148
-36.4151
-36.4153
-36.4145
-36.4144
-36.4144
-36.4144
-36.4144
-36.4143
-36.4143
-36.4142
-36.4142
-36.4141
-36.414
-36.414
-36.4139
-36.4138
-36.4138
-36.4137
-36.4137
-36.4136
-36.4135
-36.4135
-36.4134
-36.4134
-36.4133
-36.4132
-36.4132
-36.4131
-36.4131
-36.413
-36.413
-36.4129
-36.4128
-36.4128
-36.4127
-36.4127
-36.4126
-36.4126
-36.4125
-36.4124
-36.4124
-36.4123
-36.4123
-36.4122
-36.4122
-36.4121
-36.4121
-36.412
-36.412
-36.412
-36.4119
-36.4119
-36.4119
-36.4119
-36.4119
-36.4119
-36.412
-36.412
-36.4121
-36.4122
-36.4122
-36.4123
-36.4125
-36.4126
-36.4127
-36.4129
-36.4131
-36.4133
-36.4135
-36.4137
-36.4139
-36.4142
-36.4144
-36.4146
-36.4149
-36.4151
-36.4154
-36.4144
-36.4144
-36.4143
-36.4143
-36.4143
-36.4142
-36.4142
-36.4142
-36.4141
-36.4141
-36.414
-36.4139
-36.4139
-36.4138
-36.4138
-36.4137
-36.4136
-36.4136
-36.4135
-36.4135
-36.4134
-36.4134
-36.4133
-36.4132
-36.4132
-36.4131
-36.4131
-36.413
-36.413
-36.4129
-36.4129
-36.4128
-36.4127
-36.4127
-36.4126
-36.4126
-36.4125
-36.4125
-36.4124
-36.4124
-36.4123
-36.4123
-36.4122
-36.4122
-36.4122
-36.4121
-36.4121
-36.4121
-36.4121
-36.412
-36.412
-36.412
-36.4121
-36.4121
-36.4121
-36.4122
-36.4122
-36.4123
-36.4124
-36.4125
-36.4126
-36.4127
-36.4129
-36.4131
-36.4132
-36.4134
-36.4136
-36.4138
-36.414
-36.4142
-36.4145
-36.4147
-36.4149
-36.4152
-36.4154
-36.4143
-36.4143
-36.4143
-36.4142
-36.4142
-36.4142
-36.4141
-36.4141
-36.4141
-36.414
-36.414
-36.4139
-36.4138
-36.4138
-36.4137
-36.4137
-36.4136
-36.4136
-36.4135
-36.4135
-36.4134
-36.4133
-36.4133
-36.4132
-36.4132
-36.4131
-36.4131
-36.413
-36.413
-36.4129
-36.4129
-36.4128
-36.4128
-36.4127
-36.4127
-36.4126
-36.4126
-36.4125
-36.4125
-36.4124
-36.4124
-36.4123
-36.4123
-36.4123
-36.4122
-36.4122
-36.4122
-36.4122
-36.4122
-36.4121
-36.4121
-36.4122
-36.4122
-36.4122
-36.4123
-36.4123
-36.4124
-36.4124
-36.4125
-36.4126
-36.4128
-36.4129
-36.413
-36.4132
-36.4133
-36.4135
-36.4137
-36.4139
-36.4141
-36.4143
-36.4146
-36.4148
-36.415
-36.4152
-36.4155
-36.4142
-36.4142
-36.4142
-36.4142
-36.4142
-36.4141
-36.4141
-36.414
-36.414
-36.414
-36.4139
-36.4139
-36.4138
-36.4138
-36.4137
-36.4137
-36.4136
-36.4135
-36.4135
-36.4134
-36.4134
-36.4133
-36.4133
-36.4132
-36.4132
-36.4131
-36.4131
-36.413
-36.413
-36.4129
-36.4129
-36.4128
-36.4128
-36.4127
-36.4127
-36.4126
-36.4126
-36.4126
-36.4125
-36.4125
-36.4124
-36.4124
-36.4124
-36.4123
-36.4123
-36.4123
-36.4123
-36.4122
-36.4122
-36.4122
-36.4123
-36.4123
-36.4123
-36.4123
-36.4124
-36.4124
-36.4125
-36.4126
-36.4127
-36.4128
-36.4129
-36.413
-36.4132
-36.4133
-36.4135
-36.4136
-36.4138
-36.414
-36.4142
-36.4144
-36.4146
-36.4148
-36.4151
-36.4153
-36.4155
-36.4142
-36.4142
-36.4141
-36.4141
-36.4141
-36.4141
-36.414
-36.414
-36.414
-36.4139
-36.4139
-36.4138
-36.4138
-36.4137
-36.4137
-36.4136
-36.4136
-36.4135
-36.4135
-36.4134
-36.4134
-36.4133
-36.4133
-36.4132
-36.4132
-36.4131
-36.4131
-36.413
-36.413
-36.4129
-36.4129
-36.4129
-36.4128
-36.4128
-36.4127
-36.4127
-36.4126
-36.4126
-36.4125
-36.4125
-36.4125
-36.4124
-36.4124
-36.4124
-36.4124
-36.4123
-36.4123
-36.4123
-36.4123
-36.4123
-36.4123
-36.4124
-36.4124
-36.4124
-36.4125
-36.4125
-36.4126
-36.4127
-36.4128
-36.4129
-36.413
-36.4131
-36.4133
-36.4134
-36.4136
-36.4137
-36.4139
-36.4141
-36.4143
-36.4145
-36.4147
-36.4149
-36.4151
-36.4154
-36.4156
-36.4141
-36.4141
-36.4141
-36.4141
-36.414
-36.414
-36.414
-36.414
-36.4139
-36.4139
-36.4138
-36.4138
-36.4137
-36.4137
-36.4137
-36.4136
-36.4136
-36.4135
-36.4135
-36.4134
-36.4134
-36.4133
-36.4133
-36.4132
-36.4132
-36.4131
-36.4131
-36.413
-36.413
-36.413
-36.4129
-36.4129
-36.4128
-36.4128
-36.4127
-36.4127
-36.4127
-36.4126
-36.4126
-36.4126
-36.4125
-36.4125
-36.4125
-36.4124
-36.4124
-36.4124
-36.4124
-36.4124
-36.4124
-36.4124
-36.4124
-36.4125
-36.4125
-36.4125
-36.4126
-36.4126
-36.4127
-36.4128
-36.4129
-36.413
-36.4131
-36.4132
-36.4134
-36.4135
-36.4137
-36.4138
-36.414
-36.4142
-36.4144
-36.4146
-36.4148
-36.415
-36.4152
-36.4154
-36.4156
-36.414
-36.414
-36.414
-36.414
-36.414
-36.414
-36.4139
-36.4139
-36.4139
-36.4138
-36.4138
-36.4138
-36.4137
-36.4137
-36.4136
-36.4136
-36.4135
-36.4135
-36.4135
-36.4134
-36.4134
-36.4133
-36.4133
-36.4132
-36.4132
-36.4131
-36.4131
-36.4131
-36.413
-36.413
-36.4129
-36.4129
-36.4128
-36.4128
-36.4128
-36.4127
-36.4127
-36.4127
-36.4126
-36.4126
-36.4126
-36.4125
-36.4125
-36.4125
-36.4125
-36.4125
-36.4125
-36.4125
-36.4125
-36.4125
-36.4125
-36.4125
-36.4126
-36.4126
-36.4127
-36.4127
-36.4128
-36.4129
-36.413
-36.4131
-36.4132
-36.4133
-36.4135
-36.4136
-36.4138
-36.4139
-36.4141
-36.4143
-36.4144
-36.4146
-36.4148
-36.415
-36.4152
-36.4155
-36.4157
-36.414
-36.414
-36.414
-36.414
-36.4139
-36.4139
-36.4139
-36.4139
-36.4138
-36.4138
-36.4138
-36.4137
-36.4137
-36.4137
-36.4136
-36.4136
-36.4135
-36.4135
-36.4134
-36.4134
-36.4134
-36.4133
-36.4133
-36.4132
-36.4132
-36.4131
-36.4131
-36.4131
-36.413
-36.413
-36.4129
-36.4129
-36.4129
-36.4128
-36.4128
-36.4127
-36.4127
-36.4127
-36.4127
-36.4126
-36.4126
-36.4126
-36.4126
-36.4125
-36.4125
-36.4125
-36.4125
-36.4125
-36.4125
-36.4126
-36.4126
-36.4126
-36.4127
-36.4127
-36.4128
-36.4128
-36.4129
-36.413
-36.4131
-36.4132
-36.4133
-36.4134
-36.4135
-36.4137
-36.4138
-36.414
-36.4142
-36.4143
-36.4145
-36.4147
-36.4149
-36.4151
-36.4153
-36.4155
-36.4157
-36.414
-36.4139
-36.4139
-36.4139
-36.4139
-36.4139
-36.4139
-36.4138
-36.4138
-36.4138
-36.4137
-36.4137
-36.4137
-36.4136
-36.4136
-36.4136
-36.4135
-36.4135
-36.4134
-36.4134
-36.4134
-36.4133
-36.4133
-36.4132
-36.4132
-36.4132
-36.4131
-36.4131
-36.413
-36.413
-36.413
-36.4129
-36.4129
-36.4128
-36.4128
-36.4128
-36.4127
-36.4127
-36.4127
-36.4127
-36.4126
-36.4126
-36.4126
-36.4126
-36.4126
-36.4126
-36.4126
-36.4126
-36.4126
-36.4126
-36.4127
-36.4127
-36.4127
-36.4128
-36.4128
-36.4129
-36.413
-36.4131
-36.4132
-36.4133
-36.4134
-36.4135
-36.4136
-36.4138
-36.4139
-36.4141
-36.4142
-36.4144
-36.4146
-36.4148
-36.4149
-36.4151
-36.4153
-36.4155
-36.4157
-36.4139
-36.4139
-36.4139
-36.4139
-36.4139
-36.4138
-36.4138
-36.4138
-36.4138
-36.4137
-36.4137
-36.4137
-36.4136
-36.4136
-36.4136
-36.4135
-36.4135
-36.4135
-36.4134
-36.4134
-36.4134
-36.4133
-36.4133
-36.4132
-36.4132
-36.4132
-36.4131
-36.4131
-36.413
-36.413
-36.413
-36.4129
-36.4129
-36.4129
-36.4128
-36.4128
-36.4128
-36.4127
-36.4127
-36.4127
-36.4127
-36.4127
-36.4126
-36.4126
-36.4126
-36.4126
-36.4126
-36.4126
-36.4127
-36.4127
-36.4127
-36.4128
-36.4128
-36.4129
-36.4129
-36.413
-36.4131
-36.4131
-36.4132
-36.4133
-36.4134
-36.4136
-36.4137
-36.4138
-36.414
-36.4141
-36.4143
-36.4144
-36.4146
-36.4148
-36.415
-36.4152
-36.4154
-36.4156
-36.4158
-36.4139
-36.4139
-36.4139
-36.4138
-36.4138
-36.4138
-36.4138
-36.4138
-36.4137
-36.4137
-36.4137
-36.4137
-36.4136
-36.4136
-36.4136
-36.4135
-36.4135
-36.4135
-36.4134
-36.4134
-36.4134
-36.4133
-36.4133
-36.4132
-36.4132
-36.4132
-36.4131
-36.4131
-36.413
-36.413
-36.413
-36.4129
-36.4129
-36.4129
-36.4128
-36.4128
-36.4128
-36.4128
-36.4127
-36.4127
-36.4127
-36.4127
-36.4127
-36.4127
-36.4127
-36.4127
-36.4127
-36.4127
-36.4127
-36.4127
-36.4128
-36.4128
-36.4129
-36.4129
-36.413
-36.413
-36.4131
-36.4132
-36.4133
-36.4134
-36.4135
-36.4136
-36.4138
-36.4139
-36.414
-36.4142
-36.4143
-36.4145
-36.4147
-36.4148
-36.415
-36.4152
-36.4154
-36.4156
-36.4158
-36.4138
-36.4138
-36.4138
-36.4138
-36.4138
-36.4138
-36.4138
-36.4137
-36.4137
-36.4137
-36.4137
-36.4136
-36.4136
-36.4136
-36.4135
-36.4135
-36.4135
-36.4135
-36.4134
-36.4134
-36.4133
-36.4133
-36.4133
-36.4132
-36.4132
-36.4132
-36.4131
-36.4131
-36.4131
-36.413
-36.413
-36.413
-36.4129
-36.4129
-36.4129
-36.4128
-36.4128
-36.4128
-36.4128
-36.4127
-36.4127
-36.4127
-36.4127
-36.4127
-36.4127
-36.4127
-36.4127
-36.4127
-36.4128
-36.4128
-36.4128
-36.4129
-36.4129
-36.413
-36.413
-36.4131
-36.4132
-36.4133
-36.4134
-36.4135
-36.4136
-36.4137
-36.4138
-36.4139
-36.4141
-36.4142
-36.4144
-36.4145
-36.4147
-36.4149
-36.4151
-36.4153
-36.4154
-36.4156
-36.4158
-36.4138
-36.4138
-36.4138
-36.4138
-36.4138
-36.4138
-36.4137
-36.4137
-36.4137
-36.4137
-36.4136
-36.4136
-36.4136
-36.4136
-36.4135
-36.4135
-36.4135
-36.4134
-36.4134
-36.4134
-36.4133
-36.4133
-36.4133
-36.4132
-36.4132
-36.4132
-36.4131
-36.4131
-36.4131
-36.413
-36.413
-36.413
-36.4129
-36.4129
-36.4129
-36.4128
-36.4128
-36.4128
-36.4128
-36.4128
-36.4128
-36.4127
-36.4127
-36.4127
-36.4127
-36.4127
-36.4128
-36.4128
-36.4128
-36.4128
-36.4129
-36.4129
-36.413
-36.413
-36.4131
-36.4131
-36.4132
-36.4133
-36.4134
-36.4135
-36.4136
-36.4137
-36.4139
-36.414
-36.4141
-36.4143
-36.4144
-36.4146
-36.4148
-36.4149
-36.4151
-36.4153
-36.4155
-36.4157
-36.4159
-36.4138
-36.4138
-36.4138
-36.4138
-36.4137
-36.4137
-36.4137
-36.4137
-36.4137
-36.4136
-36.4136
-36.4136
-36.4136
-36.4136
-36.4135
-36.4135
-36.4135
-36.4134
-36.4134
-36.4134
-36.4134
-36.4133
-36.4133
-36.4132
-36.4132
-36.4132
-36.4131
-36.4131
-36.4131
-36.413
-36.413
-36.413
-36.4129
-36.4129
-36.4129
-36.4129
-36.4128
-36.4128
-36.4128
-36.4128
-36.4128
-36.4128
-36.4128
-36.4128
-36.4128
-36.4128
-36.4128
-36.4128
-36.4128
-36.4129
-36.4129
-36.4129
-36.413
-36.4131
-36.4131
-36.4132
-36.4133
-36.4134
-36.4134
-36.4135
-36.4137
-36.4138
-36.4139
-36.414
-36.4142
-36.4143
-36.4145
-36.4146
-36.4148
-36.415
-36.4151
-36.4153
-36.4155
-36.4157
-36.4159
-36.4138
-36.4137
-36.4137
-36.4137
-36.4137
-36.4137
-36.4137
-36.4137
-36.4136
-36.4136
-36.4136
-36.4136
-36.4136
-36.4135
-36.4135
-36.4135
-36.4135
-36.4134
-36.4134
-36.4134
-36.4134
-36.4133
-36.4133
-36.4133
-36.4132
-36.4132
-36.4131
-36.4131
-36.4131
-36.413
-36.413
-36.413
-36.413
-36.4129
-36.4129
-36.4129
-36.4129
-36.4128
-36.4128
-36.4128
-36.4128
-36.4128
-36.4128
-36.4128
-36.4128
-36.4128
-36.4128
-36.4128
-36.4129
-36.4129
-36.4129
-36.413
-36.413
-36.4131
-36.4132
-36.4132
-36.4133
-36.4134
-36.4135
-36.4136
-36.4137
-36.4138
-36.4139
-36.4141
-36.4142
-36.4143
-36.4145
-36.4147
-36.4148
-36.415
-36.4152
-36.4153
-36.4155
-36.4157
-36.4159
-36.4137
-36.4137
-36.4137
-36.4137
-36.4137
-36.4137
-36.4137
-36.4136
-36.4136
-36.4136
-36.4136
-36.4136
-36.4136
-36.4135
-36.4135
-36.4135
-36.4135
-36.4134
-36.4134
-36.4134
-36.4134
-36.4133
-36.4133
-36.4133
-36.4132
-36.4132
-36.4132
-36.4131
-36.4131
-36.4131
-36.413
-36.413
-36.413
-36.4129
-36.4129
-36.4129
-36.4129
-36.4128
-36.4128
-36.4128
-36.4128
-36.4128
-36.4128
-36.4128
-36.4128
-36.4128
-36.4128
-36.4129
-36.4129
-36.4129
-36.413
-36.413
-36.4131
-36.4131
-36.4132
-36.4133
-36.4133
-36.4134
-36.4135
-36.4136
-36.4137
-36.4138
-36.414
-36.4141
-36.4142
-36.4144
-36.4145
-36.4147
-36.4148
-36.415
-36.4152
-36.4154
-36.4155
-36.4157
-36.4159
-36.4137
-36.4137
-36.4137
-36.4137
-36.4137
-36.4137
-36.4136
-36.4136
-36.4136
-36.4136
-36.4136
-36.4136
-36.4135
-36.4135
-36.4135
-36.4135
-36.4135
-36.4134
-36.4134
-36.4134
-36.4134
-36.4133
-36.4133
-36.4133
-36.4132
-36.4132
-36.4132
-36.4131
-36.4131
-36.4131
-36.413
-36.413
-36.413
-36.4129
-36.4129
-36.4129
-36.4129
-36.4129
-36.4128
-36.4128
-36.4128
-36.4128
-36.4128
-36.4128
-36.4128
-36.4128
-36.4129
-36.4129
-36.4129
-36.4129
-36.413
-36.413
-36.4131
-36.4131
-36.4132
-36.4133
-36.4134
-36.4134
-36.4135
-36.4136
-36.4137
-36.4139
-36.414
-36.4141
-36.4142
-36.4144
-36.4145
-36.4147
-36.4149
-36.415
-36.4152
-36.4154
-36.4156
-36.4157
-36.4159
-36.4137
-36.4137
-36.4137
-36.4137
-36.4137
-36.4136
-36.4136
-36.4136
-36.4136
-36.4136
-36.4136
-36.4135
-36.4135
-36.4135
-36.4135
-36.4135
-36.4135
-36.4134
-36.4134
-36.4134
-36.4134
-36.4133
-36.4133
-36.4133
-36.4132
-36.4132
-36.4132
-36.4131
-36.4131
-36.4131
-36.413
-36.413
-36.413
-36.4129
-36.4129
-36.4129
-36.4129
-36.4129
-36.4128
-36.4128
-36.4128
-36.4128
-36.4128
-36.4128
-36.4128
-36.4128
-36.4129
-36.4129
-36.4129
-36.413
-36.413
-36.413
-36.4131
-36.4132
-36.4132
-36.4133
-36.4134
-36.4135
-36.4136
-36.4137
-36.4138
-36.4139
-36.414
-36.4141
-36.4143
-36.4144
-36.4146
-36.4147
-36.4149
-36.415
-36.4152
-36.4154
-36.4156
-36.4158
-36.4159
-36.4137
-36.4137
-36.4137
-36.4137
-36.4136
-36.4136
-36.4136
-36.4136
-36.4136
-36.4136
-36.4135
-36.4135
-36.4135
-36.4135
-36.4135
-36.4135
-36.4134
-36.4134
-36.4134
-36.4134
-36.4133
-36.4133
-36.4133
-36.4133
-36.4132
-36.4132
-36.4132
-36.4131
-36.4131
-36.4131
-36.413
-36.413
-36.413
-36.4129
-36.4129
-36.4129
-36.4129
-36.4129
-36.4129
-36.4128
-36.4128
-36.4128
-36.4128
-36.4128
-36.4128
-36.4129
-36.4129
-36.4129
-36.4129
-36.413
-36.413
-36.4131
-36.4131
-36.4132
-36.4132
-36.4133
-36.4134
-36.4135
-36.4136
-36.4137
-36.4138
-36.4139
-36.414
-36.4141
-36.4143
-36.4144
-36.4146
-36.4147
-36.4149
-36.415
-36.4152
-36.4154
-36.4156
-36.4158
-36.4159
)
;

boundaryField
{
    leftWall
    {
        type            fixedFluxPressure;
        gradient        uniform 0;
        value           nonuniform List<scalar> 
40
(
13.7346
1.6836
-36.4216
-36.4195
-36.4188
-36.4183
-36.4174
-36.4172
-36.4167
-36.4164
-36.4161
-36.4159
-36.4157
-36.4155
-36.4153
-36.4151
-36.415
-36.4149
-36.4147
-36.4146
-36.4145
-36.4145
-36.4144
-36.4143
-36.4142
-36.4142
-36.4141
-36.414
-36.414
-36.414
-36.4139
-36.4139
-36.4138
-36.4138
-36.4138
-36.4138
-36.4137
-36.4137
-36.4137
-36.4137
)
;
    }
    rightWall
    {
        type            fixedFluxPressure;
        gradient        nonuniform List<scalar> 0();
        value           nonuniform List<scalar> 0();
    }
    lowerWall
    {
        type            fixedFluxPressure;
        gradient        uniform 0;
        value           nonuniform List<scalar> 
75
(
13.7346
13.7248
13.6981
13.6539
13.6102
13.5703
13.5361
13.5095
13.4926
13.4885
13.4999
13.5248
13.559
13.598
13.6361
13.6676
13.69
13.7037
13.7121
13.7182
13.7235
13.7297
13.7371
13.7407
13.7373
13.7264
13.7068
13.6798
13.65
13.6219
13.5991
13.584
13.5774
13.5766
13.5787
13.5821
13.5841
13.5832
13.5798
13.574
13.5664
13.5587
13.5525
13.549
13.5472
13.547
13.5484
13.5505
13.5527
13.5543
13.555
13.5542
13.5519
13.5481
13.542
13.5328
13.5208
13.5058
13.488
13.4676
13.4454
13.4222
13.3991
13.3779
13.3596
13.3455
13.3388
13.3369
13.3397
13.3496
13.3671
13.3896
13.4131
13.4353
13.4499
)
;
    }
    atmosphere
    {
        type            fixedFluxPressure;
        gradient        uniform 0;
        value           nonuniform List<scalar> 
75
(
-36.4137
-36.4137
-36.4137
-36.4137
-36.4136
-36.4136
-36.4136
-36.4136
-36.4136
-36.4136
-36.4135
-36.4135
-36.4135
-36.4135
-36.4135
-36.4135
-36.4134
-36.4134
-36.4134
-36.4134
-36.4133
-36.4133
-36.4133
-36.4133
-36.4132
-36.4132
-36.4132
-36.4131
-36.4131
-36.4131
-36.413
-36.413
-36.413
-36.4129
-36.4129
-36.4129
-36.4129
-36.4129
-36.4129
-36.4128
-36.4128
-36.4128
-36.4128
-36.4128
-36.4128
-36.4129
-36.4129
-36.4129
-36.4129
-36.413
-36.413
-36.4131
-36.4131
-36.4132
-36.4132
-36.4133
-36.4134
-36.4135
-36.4136
-36.4137
-36.4138
-36.4139
-36.414
-36.4141
-36.4143
-36.4144
-36.4146
-36.4147
-36.4149
-36.415
-36.4152
-36.4154
-36.4156
-36.4158
-36.4159
)
;
    }
    defaultFaces
    {
        type            empty;
    }
    procBoundary0to1
    {
        type            processor;
        value           nonuniform List<scalar> 
40
(
13.4507
1.20789
-36.4154
-36.4149
-36.4147
-36.4148
-36.4148
-36.4149
-36.4149
-36.4149
-36.415
-36.415
-36.4151
-36.4152
-36.4152
-36.4153
-36.4153
-36.4154
-36.4155
-36.4155
-36.4156
-36.4156
-36.4157
-36.4157
-36.4158
-36.4158
-36.4159
-36.4159
-36.4159
-36.416
-36.416
-36.416
-36.416
-36.4161
-36.4161
-36.4161
-36.4161
-36.4161
-36.4161
-36.4161
)
;
    }
}


// ************************************************************************* //
