/*--------------------------------*- C++ -*----------------------------------*\
| =========                 |                                                 |
| \\      /  F ield         | OpenFOAM: The Open Source CFD Toolbox           |
|  \\    /   O peration     | Version:  2606                                  |
|   \\  /    A nd           | Website:  www.openfoam.com                      |
|    \\/     M anipulation  |                                                 |
\*---------------------------------------------------------------------------*/
FoamFile
{
    version     2.0;
    format      ascii;
    arch        "LSB;label=32;scalar=64";
    class       volScalarField;
    location    "200";
    object      T;
}
// * * * * * * * * * * * * * * * * * * * * * * * * * * * * * * * * * * * * * //

dimensions      [0 0 0 1 0 0 0];

internalField   nonuniform List<scalar> 
1200
(
307.9468518868173
311.0833315937436
312.5094527033017
313.0943827476306
313.3641104794864
313.522692336922
313.6341287010864
313.719751514531
313.7886375616998
313.8456953603493
313.8940120302192
313.9356670876253
313.9721081984438
314.0043712490125
314.0332191940362
314.0592279206979
314.0828430147884
314.1044151801183
314.1242264540608
314.142505592706
314.159442207264
314.1751931990264
314.1898920216245
314.2036503624121
314.216565671874
314.2287196753291
314.2401858286958
314.2510251246804
314.261294602206
314.271040327971
314.2803079505245
314.2891323494484
314.297551278875
314.3055908549518
314.3132834861079
314.3206480797357
314.3277136380768
314.3344928402241
314.3410127857514
314.3472805777472
314.3533224994484
314.3591407020254
314.3647611251489
314.3701820720747
314.3754284137818
314.38049719542
314.3854089333709
314.3901655885296
314.3947744805779
314.3992567160162
314.4035854876962
314.4078330857026
314.411891010035
314.4159547419317
314.4197257015627
314.4236890615837
314.4270974314251
314.4311440727143
314.4339286771503
314.4386674993262
305.3553607275372
306.970440432319
308.3947992459026
309.411075285554
310.0985306053745
310.5712906124942
310.9123280637354
311.1718328820155
311.3784285361924
311.5486050610878
311.6923882327786
311.816257711134
311.924615274764
312.0205715191577
312.1064019448785
312.1838174582508
312.2541386628848
312.3184034558818
312.3774457968796
312.4319419222834
312.4824523530947
312.5294411019885
312.5733029880185
312.6143686662149
312.6529267621116
312.6892195296433
312.7234647594976
312.7558434732788
312.7865249266677
312.8156460146793
312.8433422544197
312.8697174561085
312.894883682823
312.9189188577859
312.9419190579929
312.9639410041628
312.9850703983148
313.0053458394025
313.0248468541989
313.0435962088263
313.0616699728532
313.0790776370301
313.0958922202345
313.1121146183795
313.1278106631578
313.1429831535209
313.1576769888022
313.1719208862482
313.1857044270453
313.1991361847987
313.2120713804998
313.2248181549695
313.2369200326206
313.2491520648289
313.2603436210406
313.2723544614315
313.2823369700634
313.2947938735745
313.302558668825
313.3177474946413
304.967874023778
305.4542957587208
306.1912194494417
306.9309186674868
307.5729034421455
308.1004926833608
308.5291063191453
308.8802356528574
309.172555911499
309.4202204533288
309.6334989497337
309.8198013858128
309.9845245714188
310.1316589820848
310.264215061079
310.3845067714852
310.4943511107202
310.5951959019999
310.6882186397031
310.7743840015836
310.8544994932365
310.9292391592695
310.9991813880978
311.0648138451841
311.1265653461539
311.1847977587705
311.2398384925879
311.2919608746875
311.3414218345624
311.3884300139978
311.4331927148828
311.4758695583766
311.5166328834995
311.5556037242962
311.5929301237376
311.628701593079
311.6630497177782
311.6960375920756
311.7277857127215
311.7583353794848
311.7877982993041
311.8162003088239
311.8436413873414
311.8701439834941
311.8957830090801
311.9206034438523
311.9446201162081
311.9679571026642
311.9904883326799
312.0125397584546
312.0336657933465
312.0546604930659
312.0743670794354
312.0946323513988
312.1127139971272
312.1328412649997
312.1486342016467
312.1699655215309
312.1814571632745
312.2079368181792
304.9734040086748
305.0562301898126
305.3162015560056
305.681385928622
306.0787060700009
306.4642318449048
306.8192947399668
307.1390070314135
307.4246918245781
307.6799568618318
307.9088645934972
308.1151952794536
308.3022172879166
308.4726633180205
308.6287940477912
308.7724734622317
308.9052497675805
309.0284125838053
309.1430514327267
309.2500866253294
309.3503107518756
309.4444003443468
309.5329493813285
309.6164670871632
309.6954100469462
309.7701683386709
309.8411010120798
309.9085105084361
309.9726854800986
310.03386197999
310.0922774514443
310.148116202461
310.2015784106523
310.252806968374
310.3019749765106
310.3491916189732
310.3946099388095
310.4383121497089
310.4804346846645
310.5210408082922
310.5602483167735
310.5981147127706
310.6347270029145
310.6701627517855
310.7044458357154
310.737727336932
310.7698944136214
310.8012834415695
310.8314861256835
310.8612580560371
310.8895590723685
310.9180556758602
310.9443619673267
310.9721027670378
310.9960059333143
311.0239466248493
311.0443247645546
311.0745173231753
311.0884665989512
311.1258653798049
304.9944856425491
304.9942047585998
305.0567979252417
305.1899369154902
305.3745993152054
305.5871057394083
305.8097639420553
306.0315570038014
306.2463337341421
306.4510683495454
306.6445749742733
306.826683614257
306.9977558489056
307.1584028298047
307.3093352526768
307.4512777544717
307.5849334611125
307.710958958864
307.8299647456735
307.9425053439074
308.049091678755
308.1501819574132
308.2461999062299
308.3375215069045
308.4244985711077
308.5074388833313
308.5866363664543
308.6623426243457
308.7348056049329
308.8042305503956
308.870829199861
308.9347684083631
308.9962313762899
309.0553533476078
309.1122943717752
309.1671646926847
309.2201035563394
309.2712044282538
309.320583164469
309.3683295589697
309.4145244482494
309.4592782353834
309.5026076084158
309.5446913555061
309.5854183273088
309.6251313752722
309.6634590073413
309.7011004874743
309.7371536359526
309.7730615906916
309.8068429066287
309.8414685975147
309.8727612830385
309.9068201382743
309.9349764691144
309.9697683658438
309.9932472464726
310.0313506717309
310.0467189429082
310.0934380237277
304.9999915004359
304.9952174702673
305.003422759518
305.0392234147893
305.105960639718
305.1988465613414
305.310712508972
305.4349035855436
305.5661305257999
305.7005199609084
305.8353648204082
305.9688280202431
306.0996988254436
306.2272041791949
306.3508775232541
306.4704608331005
306.5858434325261
306.6970110256509
306.8040201071591
306.9069681175091
307.0059864325974
307.101218815372
307.1928255523566
307.2809637323144
307.3657995906339
307.4474869837348
307.5261869725156
307.6020422929472
307.6752038440391
307.7458001348526
307.813969870012
307.8798271643394
307.9434973783295
308.005082479766
308.0646924061502
308.1224222977707
308.1783613571932
308.2326084841919
308.2852198086129
308.3363185792863
308.3859015369487
308.4341562515218
308.4809665862898
308.5266619710189
308.570907420596
308.6143244363957
308.6561519307018
308.6975942374714
308.7370611457214
308.7769028425126
308.8139174803832
308.8526930328377
308.8868953553465
308.9254726389887
308.9559988390869
308.9959131250661
309.0209409784754
309.0650250126189
309.0809377216505
309.1344306890787
305.0003310127088
304.9988971470761
304.9982301292725
305.0046918197784
305.023368420421
305.0560772545644
305.1021902748263
305.1598814250328
305.2269411224728
305.3012220339548
305.380828749539
305.4641660166322
305.5499300039284
305.6370728809766
305.7247653790183
305.8123563880157
305.8993429195456
305.9853382919447
306.0700533038911
306.1532720269998
306.2348423737386
306.314656611672
306.392649239221
306.4687798326121
306.5430365945532
306.6154200577182
306.6859507706674
306.7546535954648
306.8215673209903
306.886731225595
306.9501923926185
307.0119997109115
307.0722002362149
307.1308524253971
307.1879939974117
307.243698792443
307.2979814070521
307.3509459021722
307.4025598855194
307.4529881108105
307.5021074036833
307.5502020756286
307.5969765226281
307.6429458831242
307.6874895424441
307.7315619616703
307.7739326724937
307.8163846067231
307.8565465034322
307.8977545172897
307.9355085863356
307.9760451633697
308.0109013046962
308.0517094506816
308.0826544793937
308.1253596868588
308.1504488333049
308.1978964981971
308.2135680526173
308.2706977312106
305.0001009025668
304.9999442807912
304.9992881640544
304.9996886665884
305.0035191566016
305.0127399250529
305.0284437900258
305.0509500569398
305.0800356245715
305.1151578560124
305.1556185400235
305.2006669915578
305.2495634605241
305.3016130947467
305.3561847176339
305.4127160836195
305.4707160467428
305.529759197518
305.5894829545008
305.6495787963859
305.7097888234039
305.7698965124966
305.8297241846321
305.8891246956784
305.9479795320146
306.0061928016797
306.0636881639151
306.1204076397732
306.1763034008936
306.2313466260996
306.2855063067996
306.3387786410077
306.3911378495652
306.4426064126341
306.4931496417821
306.5428251021041
306.5915683667345
306.6394928924166
306.6864700378374
306.732710481483
306.777961101108
306.8226073443306
306.8661639868054
306.9093334864065
306.9512050130953
306.9930562504015
307.0332024972034
307.0739626986601
307.1122524564776
307.1522693454411
307.188408268245
307.2282427408724
307.2616490242332
307.3022366985152
307.3318292125702
307.3747545779192
307.3986004086717
307.4465472507803
307.4612944565122
307.518758884241
305.0000112548308
305.0000467158142
304.9998817476491
304.9996860723976
305.0001378501347
305.002139403074
305.0065232303521
305.0139115658229
305.0246848314635
305.0390075817967
305.0568750484749
305.0781591196995
305.1026488309818
305.1300819553886
305.1601698992914
305.1926149325453
305.2271233185633
305.2634131152102
305.3012199644708
305.3402996836929
305.3804296380524
305.4214093030716
305.4630584616286
305.5052184438163
305.5477466705962
305.5905216964293
305.633431511311
305.6763871906589
305.7192991911054
305.762108034654
305.8047374639942
305.8471574601551
305.8892936552343
305.9311505009412
305.9726394780601
306.0138126847585
306.0545423806286
306.0949552274963
306.1348424849466
306.1744559277042
306.2134339370509
306.2522450287144
306.2902493982462
306.328295588749
306.3652463060203
306.4026183299538
306.4383933064248
306.4752615471479
306.5096548086566
306.5463175124631
306.5789708426977
306.6159380020651
306.6462282329526
306.6843631842657
306.7112174927472
306.7519702321719
306.7735677478328
306.8193507907281
306.8326491333901
306.887430102931
304.9999976281775
305.0000171769658
305.0000030643565
304.9999228568665
304.9998929924599
305.0001855173137
305.0011582039985
305.0031812452041
305.0065856936924
305.0116360781637
305.018521581334
305.0273581202887
305.0381966087272
305.0510337039638
305.0658231044084
305.0824862723057
305.1009215498429
305.1210124953964
305.1426334485795
305.1656558155375
305.1899498596835
305.2153904765556
305.2418547533126
305.2692296290284
305.297403636669
305.3262801043148
305.3557594100672
305.3857637362096
305.4162025989708
305.4470195502773
305.478127581981
305.5094960940064
305.5410320286904
305.5727394978824
305.604503721518
305.6363804489451
305.6682069930491
305.700121796783
305.7318698183429
305.7637276903351
305.795271873454
305.8270147423746
305.858233398831
305.8898456024575
305.9206043412809
305.9521254213405
305.9822528789567
306.0138019949739
306.0430519639222
306.0748709110431
306.1028618477815
306.1353878555149
306.1615055657485
306.195491502735
306.2187328604059
306.2554423541207
306.2741657192942
306.3156859160741
306.327215082322
306.3769533279818
304.9999986553498
305.0000025303459
305.0000071389318
304.9999929625424
304.9999636005786
304.9999735658387
305.0001303702122
305.0005804340607
305.0014895744607
305.0030248880706
305.0053409874241
305.0085711923786
305.012822764563
305.0181757310327
305.0246834377326
305.0323753396218
305.0412593070855
305.0513260503668
305.06255085865
305.0748989264895
305.088324958573
305.1027799861522
305.1182072465883
305.1345523404115
305.1517529299776
305.1697557495149
305.1884957471191
305.207926146522
305.2279791357154
305.2486198190446
305.2697743681819
305.2914268021752
305.3134897612489
305.3359771454806
305.3587740626077
305.3819427511589
305.4053161780155
305.4290366833307
305.4528426452469
305.4770112743314
305.5011136808972
305.5256559891606
305.5499181733593
305.5747958272402
305.59906761003
305.62429102427
305.6483885458241
305.6740389686207
305.6977127742895
305.723979596304
305.7468637637994
305.7741061500842
305.7956370327861
305.8244842370503
305.8437707176903
305.8752839039544
305.8909002028016
305.9268325485189
305.9364866275389
305.9797018850988
304.9999997251094
304.9999998244778
305.0000019013554
305.0000016785954
304.9999945279146
304.9999857215543
304.9999980057048
305.0000740843618
305.0002745180383
305.0006729669875
305.0013502633813
305.0023889684605
305.0038684718668
305.0058618163298
305.0084329032563
305.0116358576914
305.0155136047456
305.0200993175221
305.0254151357452
305.0314755257859
305.0382847647097
305.0458427494157
305.0541395192789
305.0631650799112
305.0728983626298
305.0833241828832
305.0944122892532
305.1061471111911
305.1184893763734
305.1314285972238
305.1449141646846
305.1589478892505
305.1734618403839
305.1884809050042
305.2039080836637
305.2198086836582
305.2360354811121
305.2527230949946
305.2696372665961
305.2870306635238
305.3045189555353
305.3225552669542
305.3404982106953
305.3591404175052
305.3774030282758
305.3966518612899
305.4150680427543
305.4349813656968
305.4533283791113
305.4740528507748
305.4920099658574
305.5138325336718
305.53091444199
305.5543456464601
305.5697955001897
305.5957038929241
305.6083211819638
305.6381508822147
305.64601229662
305.6821386573313
304.9999999884325
304.9999998186116
305.0000001858684
305.0000007793353
305.0000000619661
304.9999972330735
304.9999951277061
305.0000028938031
305.0000374835879
305.00012398355
305.0002946412357
305.0005874695308
305.0010441039544
305.001708213464
305.0026232552825
305.0038316485011
305.0053726772985
305.0072828918618
305.0095938012088
305.0123339007611
305.0155253437418
305.0191883053291
305.0233352933826
305.0279792467758
305.0331232914645
305.0387751806595
305.0449288067364
305.0515896533619
305.0587417564552
305.0663923512056
305.0745134414548
305.0831198160366
305.0921665970996
305.1016850125076
305.1116039920086
305.121985449795
305.1327153851557
305.1439098749207
305.1553828470478
305.1673437386646
305.1794845180743
305.1921737491235
305.2048968530229
305.2182919215212
305.2314953005945
305.2455996488744
305.2591531855716
305.2740125007369
305.2877382728473
305.3034667594987
305.3171060462217
305.3339291955349
305.3470880453884
305.365412371673
305.377472499548
305.3979991083615
305.4079724856965
305.4318824857488
305.4381724851941
305.467434195111
305.0000000103014
304.9999999568955
304.9999999628877
305.0000001324884
305.00000023333
304.999999826369
304.9999988400749
304.9999985556902
305.0000025604838
305.0000176402476
305.000054135873
305.0001261871654
305.0002512754339
305.0004500325846
305.0007451889041
305.0011614192941
305.0017238566381
305.0024584500987
305.0033899470529
305.0045432728242
305.0059405468145
305.0076041894799
305.0095520827726
305.0118035628061
305.0143711367348
305.017271368986
305.0205104144791
305.0241032994102
305.028048575527
305.0323620632526
305.037032594303
305.042080662313
305.0474815318058
305.0532666791442
305.0593908767426
305.0659069125109
305.0727368745048
305.0799719533738
305.0874804624542
305.0954205051542
305.1035705594772
305.1122034228314
305.1209465148987
305.1302675985442
305.1395395020588
305.1495599895074
305.159272528169
305.1700323139789
305.1800584860634
305.191647299501
305.201795229155
305.2143879400984
305.2243559261902
305.2382720733198
305.2475719052194
305.2633756958039
305.2712038245364
305.2898699820941
305.2948942196356
305.3180823627951
305.0000000034969
304.9999999964069
304.9999999821765
305.0000000023821
305.0000000535048
305.0000000554666
304.9999998776171
304.9999995674107
304.9999996397585
305.0000015487398
305.0000080058493
305.0000234317747
305.0000540120183
305.000108010334
305.000195430207
305.0003282856708
305.0005198193812
305.0007849717798
305.0011390570346
305.0015987906706
305.0021801601638
305.0029005416077
305.0037752116927
305.0048213909474
305.0060523691009
305.0074848684142
305.0091289712078
305.0110011755452
305.0131070013173
305.01546379901
305.0180706930551
305.0209480859212
305.0240858408766
305.0275113148208
305.0312003213661
305.0351938057701
305.0394453681652
305.0440206921616
305.0488372157698
305.0540040851563
305.0593787977949
305.06514548056
305.0710612280592
305.0774383880073
305.0838647847402
305.0908713236732
305.0977590248794
305.1054315479872
305.1127014144303
305.1211103430761
305.128633344636
305.1379113768527
305.1454714176122
305.1558650013213
305.1630902727183
305.1750530549357
305.1812916916705
305.1956489882161
305.1997564592336
305.2179740804113
305.0000000004992
305.0000000009369
304.999999996849
304.9999999960909
305.0000000037937
305.0000000188691
305.000000007086
304.9999999414752
304.9999998421341
304.9999999488594
305.0000008409661
305.0000037196727
305.0000104997638
305.0000241302077
305.0000485258522
305.0000889116063
305.0001514853013
305.0002438668226
305.0003743793318
305.0005527911151
305.0007890358368
305.0010945673823
305.0014801870808
305.0019585334983
305.0025404087032
305.0032392646049
305.0040649514427
305.00503164739
305.0061471639775
305.0074267701734
305.0088748617957
305.0105088437787
305.012327730187
305.0143531540671
305.0165756796081
305.0190249280008
305.02167798384
305.0245789503626
305.0276829983538
305.0310597743456
305.0346282506995
305.0385024096486
305.0425406915983
305.0469334419661
305.0514368683037
305.0563726514642
305.0613226906377
305.066835401634
305.0721922233877
305.0783364829836
305.0840243673329
305.0908970072828
305.096774939395
305.1045580135327
305.1103586060552
305.1194087422023
305.1246096200368
305.1356425409381
305.1392107080281
305.1536341757242
304.9999999999641
305.0000000004436
304.9999999997629
304.9999999992474
304.9999999989021
305.0000000028031
305.000000005037
304.9999999996742
304.9999999702029
304.9999999444966
305.0000000185892
305.0000004896262
305.0000019003069
305.0000052428295
305.0000119629213
305.0000242206445
305.0000447741064
305.0000773160118
305.0001261466429
305.0001966640505
305.0002947063742
305.0004273560793
305.0006017598843
305.0008265280877
305.0011097002216
305.0014612123624
305.0018894285193
305.0024054689651
305.0030173037239
305.0037372775794
305.00457204626
305.0055355549533
305.0066318906129
305.0078775321024
305.0092721545759
305.0108366131994
305.0125632907171
305.014480757496
305.0165694120832
305.0188713776721
305.021347233199
305.0240627301134
305.0269453275512
305.0301017852002
305.0334035563395
305.0370286199692
305.0407524379181
305.0448775104729
305.0490120282498
305.0536792312644
305.0581893675691
305.0634659362485
305.0682721085359
305.0742824798239
305.0792116054457
305.0862156840088
305.0908752606363
305.0994756124518
305.1029150796953
305.1145862512637
304.9999999999525
305.0000000001156
304.999999999984
305.0000000000422
304.9999999995197
305.0000000002028
305.0000000008643
305.0000000023032
304.9999999966719
304.9999999852371
304.9999999765265
305.0000000427171
305.0000003367275
305.0000012025903
305.0000031956851
305.0000072477602
305.0000146499058
305.0000272743782
305.0000474628442
305.0000783289411
305.0001234766835
305.0001874493099
305.0002751709422
305.0003926722354
305.0005460855854
305.0007428788408
305.0009901180999
305.0012966029132
305.0016699065312
305.0021200749388
305.002654605186
305.0032848227758
305.0040173674903
305.0048651276848
305.0058328045257
305.0069355751755
305.0081746176959
305.0095688698245
305.011113530039
305.01283401873
305.014715573342
305.0167949393842
305.0190407295428
305.0215095211657
305.0241418687284
305.0270291751974
305.0300638533947
305.0333989712458
305.0368425386142
305.0406586633779
305.0445030385932
305.0488455186939
305.0530555291007
305.0580019094648
305.0624828843181
305.0681987117874
305.0726970439127
305.079624934141
305.0833481501942
305.0930059002959
304.9999999999799
305.0000000000315
304.99999999998
305.0000000000733
304.9999999998586
304.999999999986
304.9999999999923
305.0000000010654
305.0000000002322
304.9999999966387
304.9999999874798
304.9999999932003
305.0000000678723
305.0000003611757
305.0000011459136
305.0000029239324
305.0000064537212
305.0000128980112
305.0000238168136
305.0000413571651
305.0000681643175
305.0001076321717
305.0001636719605
305.0002410755729
305.0003450566259
305.0004818308938
305.000657795933
305.0008805126924
305.0011572991575
305.0014969247509
305.0019072338775
305.0023980751699
305.002977297784
305.0036557907718
305.0044407325917
305.005344213139
305.0063718347063
305.0075374034203
305.0088436515542
305.0103072164532
305.0119259820243
305.0137215430385
305.0156837343858
305.0178429725431
305.0201756369302
305.0227279046491
305.025453237167
305.0284261538031
305.0315600368925
305.0349811870224
305.0385304057484
305.0424314716564
305.0463872797569
305.050814623197
305.0551351852881
305.0601813742642
305.0647325923243
305.0706592346114
305.0749272148143
305.08297294113
304.9999999999923
305.0000000000124
304.9999999999876
305.0000000000456
304.9999999999372
304.9999999999683
304.9999999999407
305.0000000006497
305.0000000004777
304.999999998278
304.999999991353
304.9999999913863
305.0000000365961
305.0000002373675
305.0000008103002
305.0000021609829
305.0000049309068
305.0000101124695
305.0000190835859
305.0000337463114
305.000056514443
305.0000904761676
305.0001392943829
305.0002074145195
305.000299828303
305.00042237956
305.0005813205756
305.0007838144626
305.0010371685228
305.0013497012325
305.001729454528
305.0021857051374
305.002726814243
305.0033628486215
305.0041019821867
305.004955005928
305.0059292831465
305.0070364599654
305.0082822757643
305.0096796965395
305.0112316845812
305.0129535458035
305.0148436912534
305.0169217274898
305.0191785991902
305.0216418219684
305.0242898352438
305.0271646818388
305.0302231918411
305.0335343421121
305.0370160942883
305.040788666121
305.0446963254354
305.0489616322538
305.0532782735347
305.0580911334042
305.0627477674452
305.0682545340422
305.0729687352807
305.0797953673047
)
;

boundaryField
{
    inlet
    {
        type            fixedValue;
        value           uniform 305;
    }
    outlet
    {
        type            zeroGradient;
    }
    hotWall
    {
        type            fixedValue;
        value           uniform 315;
    }
    topWall
    {
        type            zeroGradient;
    }
    frontAndBack
    {
        type            empty;
    }
}


// ************************************************************************* //
