/*--------------------------------*- C++ -*----------------------------------*\
| =========                 |                                                 |
| \\      /  F ield         | OpenFOAM: The Open Source CFD Toolbox           |
|  \\    /   O peration     | Version:  2606                                  |
|   \\  /    A nd           | Website:  www.openfoam.com                      |
|    \\/     M anipulation  |                                                 |
\*---------------------------------------------------------------------------*/
FoamFile
{
    version     2.0;
    format      ascii;
    arch        "LSB;label=32;scalar=64";
    class       volVectorField;
    location    "3800";
    object      wallShearStress;
}
// * * * * * * * * * * * * * * * * * * * * * * * * * * * * * * * * * * * * * //

dimensions      [0 2 -2 0 0 0 0];

internalField   uniform (0 0 0);

boundaryField
{
    inlet
    {
        type            calculated;
        value           uniform (0 0 0);
    }
    bottom
    {
        type            calculated;
        value           nonuniform List<vector> 
622
(
(-1.51672 0 0.0135723)
(-1.58914 0 -0.00226035)
(-1.36219 0 -0.00515486)
(-1.27698 0 -0.0059001)
(-1.22313 0 -0.00667929)
(-1.18095 0 -0.00720257)
(-1.15344 0 -0.0075722)
(-1.13369 0 -0.0078422)
(-1.11843 0 -0.00804279)
(-1.10659 0 -0.00819573)
(-1.09724 0 -0.00831483)
(-1.08968 0 -0.00841012)
(-1.08346 0 -0.00848594)
(-1.0782 0 -0.00854759)
(-1.07368 0 -0.00859935)
(-1.06973 0 -0.00864408)
(-1.06626 0 -0.00868239)
(-1.06315 0 -0.00871604)
(-1.06034 0 -0.00874559)
(-1.05778 0 -0.0087714)
(-1.05541 0 -0.00879472)
(-1.05321 0 -0.00881628)
(-1.05115 0 -0.00883626)
(-1.04923 0 -0.00885456)
(-1.04744 0 -0.00887127)
(-1.04577 0 -0.00888683)
(-1.04419 0 -0.00890131)
(-1.04271 0 -0.00891475)
(-1.0413 0 -0.00892726)
(-1.03996 0 -0.00893904)
(-1.03868 0 -0.00895024)
(-1.03747 0 -0.00896087)
(-1.03632 0 -0.00897096)
(-1.03522 0 -0.00898047)
(-1.03418 0 -0.00898954)
(-1.03311 0 -0.00900024)
(-1.03206 0 -0.0090111)
(-1.03106 0 -0.00902118)
(-1.03011 0 -0.00903048)
(-1.02922 0 -0.00903914)
(-1.02836 0 -0.00904734)
(-1.02754 0 -0.00905519)
(-1.02676 0 -0.00906268)
(-1.02602 0 -0.00906978)
(-1.0253 0 -0.00907656)
(-1.02463 0 -0.009083)
(-1.02397 0 -0.00908914)
(-1.02335 0 -0.009095)
(-1.02275 0 -0.0091006)
(-1.02218 0 -0.00910597)
(-1.02163 0 -0.00911113)
(-1.0211 0 -0.00911609)
(-1.02059 0 -0.00912081)
(-1.0201 0 -0.00912536)
(-1.01963 0 -0.00912979)
(-1.01916 0 -0.00913409)
(-1.01872 0 -0.00913824)
(-1.01828 0 -0.00914226)
(-1.01786 0 -0.00914614)
(-1.01746 0 -0.00914986)
(-1.01708 0 -0.00915338)
(-1.01671 0 -0.00915673)
(-1.01636 0 -0.00915991)
(-1.01602 0 -0.00916296)
(-1.01569 0 -0.00916588)
(-1.01538 0 -0.00916867)
(-1.01508 0 -0.00917135)
(-1.01479 0 -0.00917391)
(-1.01451 0 -0.00917639)
(-1.01424 0 -0.00917879)
(-1.01397 0 -0.00918113)
(-1.01371 0 -0.00918341)
(-1.01346 0 -0.00918563)
(-1.01321 0 -0.00918779)
(-1.01297 0 -0.0091899)
(-1.01273 0 -0.00919195)
(-1.0125 0 -0.00919395)
(-1.01228 0 -0.0091959)
(-1.01206 0 -0.00919779)
(-1.01185 0 -0.00919965)
(-1.01164 0 -0.00920146)
(-1.01143 0 -0.0092032)
(-1.01124 0 -0.0092048)
(-1.01104 0 -0.00920632)
(-1.01084 0 -0.0092078)
(-1.01064 0 -0.00920929)
(-1.01043 0 -0.00921085)
(-1.01022 0 -0.00921242)
(-1.01 0 -0.00921398)
(-1.00978 0 -0.00921555)
(-1.00956 0 -0.00921718)
(-1.00933 0 -0.00921888)
(-1.0091 0 -0.00922065)
(-1.00887 0 -0.00922248)
(-1.00863 0 -0.00922433)
(-1.0084 0 -0.00922618)
(-1.00816 0 -0.00922802)
(-1.00793 0 -0.00922987)
(-1.00769 0 -0.00923173)
(-1.00746 0 -0.0092336)
(-1.00723 0 -0.00923546)
(-1.007 0 -0.00923731)
(-1.00677 0 -0.0092391)
(-1.00654 0 -0.00924085)
(-1.0063 0 -0.00924264)
(-1.00606 0 -0.00924452)
(-1.00582 0 -0.00924646)
(-1.00557 0 -0.00924841)
(-1.00533 0 -0.00925038)
(-1.00508 0 -0.00925234)
(-1.00484 0 -0.00925432)
(-1.00459 0 -0.0092563)
(-1.00434 0 -0.00925831)
(-1.0041 0 -0.00926032)
(-1.00385 0 -0.00926232)
(-1.00361 0 -0.00926432)
(-1.00337 0 -0.00926631)
(-1.00312 0 -0.00926831)
(-1.00288 0 -0.00927032)
(-1.00263 0 -0.00927236)
(-1.00239 0 -0.00927442)
(-1.00214 0 -0.00927649)
(-1.00189 0 -0.00927855)
(-1.00165 0 -0.00928061)
(-1.0014 0 -0.00928267)
(-1.00116 0 -0.00928471)
(-1.00091 0 -0.00928675)
(-1.00066 0 -0.00928878)
(-1.00041 0 -0.00929082)
(-1.00016 0 -0.00929285)
(-0.999903 0 -0.00929485)
(-0.99965 0 -0.00929683)
(-0.999396 0 -0.00929881)
(-0.999142 0 -0.00930076)
(-0.998886 0 -0.00930266)
(-0.998625 0 -0.00930459)
(-0.998357 0 -0.00930661)
(-0.998084 0 -0.00930869)
(-0.997808 0 -0.00931083)
(-0.997528 0 -0.00931299)
(-0.997249 0 -0.00931515)
(-0.996969 0 -0.00931732)
(-0.996688 0 -0.00931951)
(-0.996406 0 -0.0093217)
(-0.996123 0 -0.00932391)
(-0.995837 0 -0.00932613)
(-0.995549 0 -0.00932837)
(-0.995258 0 -0.00933062)
(-0.994964 0 -0.00933289)
(-0.994668 0 -0.00933519)
(-0.994369 0 -0.00933751)
(-0.994069 0 -0.00933982)
(-0.993768 0 -0.00934216)
(-0.993465 0 -0.00934453)
(-0.993159 0 -0.00934693)
(-0.992852 0 -0.00934936)
(-0.992541 0 -0.00935183)
(-0.992227 0 -0.00935434)
(-0.991909 0 -0.0093569)
(-0.991588 0 -0.00935949)
(-0.991263 0 -0.00936213)
(-0.990934 0 -0.0093648)
(-0.9906 0 -0.00936752)
(-0.990263 0 -0.00937026)
(-0.989923 0 -0.00937303)
(-0.989579 0 -0.00937583)
(-0.98923 0 -0.00937866)
(-0.988877 0 -0.00938154)
(-0.988518 0 -0.00938446)
(-0.988154 0 -0.00938743)
(-0.987784 0 -0.00939045)
(-0.987408 0 -0.00939351)
(-0.987027 0 -0.00939663)
(-0.986638 0 -0.00939978)
(-0.986244 0 -0.00940298)
(-0.985843 0 -0.00940622)
(-0.985435 0 -0.00940951)
(-0.98502 0 -0.00941281)
(-0.9846 0 -0.00941615)
(-0.984172 0 -0.00941952)
(-0.983737 0 -0.00942293)
(-0.983295 0 -0.00942638)
(-0.982844 0 -0.00942989)
(-0.982385 0 -0.00943345)
(-0.981916 0 -0.00943701)
(-0.981434 0 -0.00944065)
(-0.980937 0 -0.00944446)
(-0.980428 0 -0.00944841)
(-0.979906 0 -0.00945247)
(-0.979373 0 -0.00945663)
(-0.97883 0 -0.00946089)
(-0.978275 0 -0.00946527)
(-0.977708 0 -0.00946975)
(-0.97713 0 -0.00947433)
(-0.976539 0 -0.00947903)
(-0.975936 0 -0.00948385)
(-0.97532 0 -0.00948877)
(-0.974689 0 -0.00949376)
(-0.974032 0 -0.00949908)
(-0.973353 0 -0.00950467)
(-0.972655 0 -0.00951039)
(-0.971941 0 -0.0095162)
(-0.97121 0 -0.00952213)
(-0.970462 0 -0.00952817)
(-0.969696 0 -0.00953434)
(-0.968913 0 -0.00954064)
(-0.96811 0 -0.00954707)
(-0.967289 0 -0.00955364)
(-0.966447 0 -0.00956034)
(-0.965585 0 -0.0095672)
(-0.964701 0 -0.0095742)
(-0.963796 0 -0.00958136)
(-0.962868 0 -0.00958869)
(-0.961916 0 -0.00959616)
(-0.960935 0 -0.00960386)
(-0.959924 0 -0.00961183)
(-0.958886 0 -0.00962003)
(-0.957821 0 -0.00962844)
(-0.956729 0 -0.00963704)
(-0.95561 0 -0.00964584)
(-0.954462 0 -0.00965485)
(-0.953284 0 -0.00966408)
(-0.952076 0 -0.00967353)
(-0.950836 0 -0.00968319)
(-0.949562 0 -0.00969307)
(-0.948255 0 -0.00970317)
(-0.946911 0 -0.00971349)
(-0.945531 0 -0.00972402)
(-0.944113 0 -0.00973479)
(-0.942657 0 -0.00974575)
(-0.941158 0 -0.00975703)
(-0.939626 0 -0.00976833)
(-0.938035 0 -0.00978033)
(-0.93644 0 -0.00979147)
(-0.934718 0 -0.00980523)
(-0.933143 0 -0.00981407)
(-0.931135 0 -0.00983238)
(-0.929814 0 -0.00983263)
(-0.928608 0 -0.00985197)
(-0.925477 -0 -0.00989701)
(-0.923014 9.76729e-23 -0.00991672)
(-0.921484 0 -0.00994063)
(-0.919482 0 -0.00996475)
(-0.917349 0 -0.00998971)
(-0.915186 -0 -0.0100146)
(-0.912951 9.91852e-23 -0.0100393)
(-0.910647 0 -0.010064)
(-0.908274 -9.98579e-23 -0.0100885)
(-0.905834 -0 -0.0101137)
(-0.903318 1.00572e-22 -0.0101401)
(-0.900734 1.00945e-22 -0.0101644)
(-0.898062 -0 -0.0101887)
(-0.895332 1.01726e-22 -0.0102125)
(-0.892532 0 -0.0102367)
(-0.889607 -0 -0.0102623)
(-0.886588 0 -0.0102889)
(-0.883494 0 -0.0103167)
(-0.880305 0 -0.0103454)
(-0.877025 -2.08757e-22 -0.010375)
(-0.873643 2.09743e-22 -0.0104053)
(-0.870157 0 -0.0104362)
(-0.866569 -4.23618e-22 -0.0104674)
(-0.862871 -0 -0.0104988)
(-0.85906 -0 -0.0105302)
(-0.855132 0 -0.0105613)
(-0.85108 -0 -0.0105921)
(-0.846906 4.35122e-22 -0.0106223)
(-0.842598 -4.37639e-22 -0.0106519)
(-0.838154 -4.40233e-22 -0.0106825)
(-0.833571 -0 -0.0107137)
(-0.828843 0 -0.0107435)
(-0.823963 -4.48496e-22 -0.0107718)
(-0.818927 -1.38252e-26 -0.0107987)
(-0.813726 -4.54414e-22 -0.0108239)
(-0.808354 -4.57529e-22 -0.0108474)
(-0.802808 4.60709e-22 -0.0108696)
(-0.797088 1.41183e-26 -0.0108909)
(-0.791158 0 -0.0109106)
(-0.785046 -0 -0.0109276)
(-0.778738 0 -0.0109425)
(-0.772193 0 -0.010954)
(-0.765443 0 -0.0109629)
(-0.758461 0 -0.0109697)
(-0.751241 -2.44986e-22 -0.0109738)
(-0.74376 -0 -0.0109759)
(-0.736048 2.49217e-22 -0.0109749)
(-0.728028 2.51426e-22 -0.0109724)
(-0.719761 2.53708e-22 -0.0109662)
(-0.711185 0 -0.0109587)
(-0.702314 -2.58474e-22 -0.0109475)
(-0.693155 -1.30482e-22 -0.0109342)
(-0.683616 -0 -0.0109185)
(-0.673734 0 -0.0109001)
(-0.663504 0 -0.0108789)
(-0.652901 -0 -0.0108547)
(-0.641908 0 -0.0108273)
(-0.630511 0 -0.0107963)
(-0.618689 0 -0.0107618)
(-0.606424 0 -0.0107233)
(-0.593694 -1.43595e-22 -0.0106893)
(-0.580478 0 -0.0106542)
(-0.566756 -1.47033e-22 -0.0106147)
(-0.552505 1.48832e-22 -0.0105701)
(-0.5377 -1.50687e-22 -0.01052)
(-0.522314 -0 -0.0104639)
(-0.506319 -9.49525e-27 -0.0104015)
(-0.489686 1.56609e-22 -0.0103322)
(-0.47239 1.58686e-22 -0.0102555)
(-0.454401 4.87792e-27 -0.0101708)
(-0.435688 0 -0.0100775)
(-0.416216 -1.0162e-26 -0.00997476)
(-0.395951 1.01682e-26 -0.0098619)
(-0.374861 -1.04565e-26 -0.00973809)
(-0.352914 -1.46641e-28 -0.00960248)
(-0.330077 5.23322e-27 -0.00945409)
(-0.306321 5.3873e-27 -0.00929192)
(-0.281623 -5.5471e-27 -0.00911493)
(-0.255964 5.55106e-27 -0.0089141)
(-0.229327 -5.71814e-27 -0.00869698)
(-0.201704 5.72242e-27 -0.0084781)
(-0.173111 1.91774e-22 -0.00823882)
(-0.143573 0 -0.00797739)
(-0.113158 -6.07851e-27 -0.00769138)
(-0.0819376 -2.00756e-22 -0.00737819)
(-0.0500925 -3.13176e-27 -0.0070869)
(-0.0177053 1.54543e-27 -0.00680153)
(0.0147956 -2.1426e-29 -0.00636221)
(0.0472181 -2.09462e-29 -0.00585716)
(0.0783962 -1.67082e-27 -0.00515097)
(0.101492 -2.17562e-22 -0.00455515)
(0.133194 3.33899e-27 -0.00913575)
(0.122301 0 -0.00400743)
(0.164233 0 0.00201693)
(0.112743 -1.73071e-27 -0.0034096)
(0.150331 1.72989e-27 -0.00304671)
(0.19957 -8.75242e-28 0.00522727)
(0.159705 8.75319e-28 -0.00246769)
(0.117495 -8.84137e-28 -0.000657966)
(0.0344037 -2.32603e-22 -0.00133706)
(0.0622681 -1.90291e-18 -0.000212558)
(0.181079 -1.52473e-17 0.0204509)
(0.226083 -7.64456e-18 0.0392889)
(0.245036 9.0278e-36 0.0563667)
(0.188434 7.75306e-18 0.0517713)
(0.219714 -1.56234e-17 0.0870214)
(0.121552 0 0.0442731)
(0.122514 -8.63659e-34 0.0590289)
(0.0604161 -1.58153e-17 0.0271251)
(-0.0717634 -9.0278e-36 -0.0397262)
(-0.239863 0 -0.133594)
(-0.425872 1.25251e-33 -0.244724)
(-0.629828 -3.33744e-21 -0.369732)
(-0.839931 -4.09661e-21 -0.498525)
(-1.05248 -1.29332e-17 -0.627018)
(-1.27433 7.52316e-37 -0.75582)
(-1.49626 -1.06109e-17 -0.874702)
(-1.69546 1.50463e-36 -0.970198)
(-1.89224 -7.74729e-18 -1.05725)
(-2.13006 7.91232e-21 -1.14706)
(-2.27523 7.60119e-21 -1.15531)
(-2.19835 5.87747e-39 -1.06203)
(-2.19482 0 -1.02739)
(-2.29726 -5.64237e-37 -1.03115)
(-2.33555 -7.19222e-19 -1.01234)
(-2.34547 -1.3803e-18 -0.984392)
(-2.38268 2.32543e-18 -0.968369)
(-2.382 -3.76158e-37 -0.93522)
(-2.321 4.08474e-18 -0.892154)
(-2.40202 7.52316e-37 -0.909626)
(-2.58255 -4.69445e-34 -0.952785)
(-2.70194 1.39546e-17 -0.966263)
(-2.71462 -1.62548e-17 -0.933854)
(-2.64905 -4.49303e-18 -0.877294)
(-2.60168 4.8144e-18 -0.832304)
(-2.61079 -1.50463e-36 -0.807031)
(-2.62856 0 -0.783922)
(-2.61843 -7.52316e-37 -0.753236)
(-2.59313 6.07147e-18 -0.720134)
(-2.57275 -9.40395e-38 -0.690159)
(-2.55961 6.52506e-18 -0.663365)
(-2.54444 -4.70198e-38 -0.637134)
(-2.52173 6.92195e-18 -0.610522)
(-2.49819 -1.41555e-17 -0.585574)
(-2.48253 -6.01853e-36 -0.563992)
(-2.47376 7.35547e-18 -0.545028)
(-2.46638 7.49376e-18 -0.527252)
(-2.45908 7.61414e-18 -0.510286)
(-2.45195 -1.54727e-17 -0.494003)
(-2.44452 0 -0.478317)
(-2.43736 5.36596e-21 -0.463331)
(-2.43162 -1.6115e-17 -0.449196)
(-2.42714 8.15288e-18 -0.435744)
(-2.4221 0 -0.422597)
(-2.41574 -8.34298e-18 -0.409722)
(-2.41029 -1.0081e-34 -0.397574)
(-2.40804 0 -0.386442)
(-2.40914 8.8021e-35 -0.376246)
(-2.41513 4.33807e-18 -0.367046)
(-2.42455 -4.38384e-18 -0.358095)
(-2.42869 3.76158e-37 -0.347883)
(-2.42274 5.47511e-34 -0.336244)
(-2.41593 3.76158e-37 -0.325043)
(-2.41804 -4.55238e-18 -0.31527)
(-2.42328 0 -0.305521)
(-2.42034 0 -0.294419)
(-2.40988 -3.76158e-37 -0.282683)
(-2.40335 -4.6982e-18 -0.271969)
(-2.40617 -4.73249e-18 -0.262343)
(-2.40779 -2.93874e-39 -0.252002)
(-2.39724 -4.79823e-18 -0.240175)
(-2.3819 9.64797e-18 -0.228443)
(-2.37569 4.84618e-18 -0.218119)
(-2.37726 -4.87064e-18 -0.208303)
(-2.37243 -1.14728e-35 -0.197344)
(-2.35538 -9.40395e-38 -0.185427)
(-2.33954 2.4643e-18 -0.174429)
(-2.33829 -1.59585e-34 -0.164857)
(-2.33987 4.96239e-18 -0.154622)
(-2.32316 -6.1878e-35 -0.142419)
(-2.29278 9.40395e-38 -0.130076)
(-2.27481 2.49262e-18 -0.119804)
(-2.27829 1.88079e-37 -0.110761)
(-2.27785 -4.99836e-18 -0.100093)
(-2.25203 6.54515e-35 -0.087503)
(-2.21556 -6.8065e-22 -0.0752582)
(-2.18785 2.18642e-35 -0.0642508)
(-2.16751 1.24187e-18 -0.0538395)
(-2.14704 3.35261e-22 -0.0434967)
(-2.12412 -6.1646e-19 -0.0331808)
(-2.09896 0 -0.0227334)
(-2.0711 0 -0.0124702)
(-2.0392 7.34684e-40 -0.00203115)
(-2.00041 6.02268e-19 0.00731876)
(-1.95752 1.17549e-38 0.016907)
(-1.91969 -1.18124e-18 0.025865)
(-1.88711 -1.16834e-18 0.0349074)
(-1.84368 1.15552e-18 0.0444585)
(-1.77909 -2.35099e-38 0.0534917)
(-1.70793 -0 0.0608984)
(-1.64825 -1.60326e-34 0.0674445)
(-1.58834 9.40395e-38 0.0742071)
(-1.504 2.10749e-18 0.0803235)
(-1.39256 -2.04911e-18 0.0841452)
(-1.2677 3.04312e-34 0.0851519)
(-1.13463 3.81019e-18 0.0835656)
(-0.985572 -3.64453e-18 0.0788291)
(-0.816815 -3.76158e-37 0.0701422)
(-0.627005 9.76131e-35 0.0567034)
(-0.418322 3.02961e-18 0.0377986)
(-0.190162 2.79633e-18 0.0134364)
(0.0588426 -3.05629e-34 -0.0195061)
(0.306199 -1.99279e-21 -0.0576053)
(0.456554 -4.20818e-18 -0.0871776)
(0.525744 0 -0.0780485)
(0.290194 -3.6951e-18 -0.0770244)
(0.32961 7.52316e-37 -0.112428)
(0.325869 8.81715e-34 -0.134583)
(0.118471 7.37547e-18 -0.0628702)
(-0.00361636 0 0.000906288)
(-0.0998326 -1.77041e-34 0.0747094)
(-0.145347 -0 0.105217)
(-0.057162 -0 0.044748)
(0.0770414 0 -0.0619295)
(0.0192352 8.36576e-34 -0.0127763)
(0.0392769 -7.21765e-18 -0.0348973)
(0.0435894 1.41059e-37 -0.0402085)
(-0.0568526 -7.25291e-18 0.036852)
(-0.143194 8.78706e-34 0.101101)
(-0.179666 4.44802e-22 0.125886)
(-0.214325 7.801e-18 0.151091)
(-0.124908 -1.41059e-37 0.0889559)
(0.0405749 7.82265e-18 -0.0237271)
(0.0928793 7.7044e-18 -0.0597092)
(0.0458823 4.5139e-36 -0.0306333)
(0.0320697 0 -0.0192819)
(-0.0063898 -3.00927e-36 0.00580512)
(-0.0670291 -7.67373e-18 0.0361031)
(-0.0300331 7.73512e-18 0.014103)
(-0.00839672 1.54405e-17 0.00450703)
(0.00822962 -6.01853e-36 -0.00356157)
(0.0170749 1.18315e-22 -0.00938836)
(0.00620155 2.7633e-23 -0.010583)
(-0.0557309 -7.91283e-18 0.0132991)
(-0.0584395 8.09312e-18 0.00597169)
(-0.104896 3.00927e-36 0.0186129)
(-0.0193502 9.93058e-35 -0.00790444)
(0.0787409 -8.80094e-18 -0.0376023)
(0.161538 1.50463e-36 -0.0597047)
(0.225732 -6.26617e-22 -0.0736258)
(0.282458 0 -0.0838054)
(0.346778 -4.78348e-18 -0.0935)
(0.395444 -4.84468e-18 -0.0986893)
(0.422722 4.90768e-18 -0.0996025)
(0.455165 -1.13885e-21 -0.101022)
(0.486662 -3.11028e-35 -0.101788)
(0.507688 -0 -0.100833)
(0.528595 -1.88079e-37 -0.0997879)
(0.5499 2.56114e-18 -0.0989033)
(0.572026 6.88066e-22 -0.0982878)
(0.592565 7.12419e-22 -0.0974893)
(0.610388 0 -0.0961566)
(0.617175 3.76158e-37 -0.0930957)
(0.626334 -5.20778e-18 -0.0900755)
(0.653828 2.60858e-18 -0.0886043)
(0.668765 3.76158e-37 -0.0854369)
(0.689743 -2.60244e-18 -0.0817959)
(0.683572 -1.88079e-37 -0.0743392)
(0.641339 -0 -0.0646571)
(0.650111 -4.70198e-38 -0.0573584)
(0.652339 -1.30155e-18 -0.0488997)
(0.623045 -4.70198e-38 -0.0395655)
(0.618845 0 -0.0318577)
(0.650541 3.3374e-19 -0.02527)
(0.708461 -1.68291e-19 -0.0209446)
(0.776252 0 -0.0205658)
(0.778649 -0 -0.0205205)
(0.766735 -0 -0.0211375)
(0.819147 -2.81707e-35 -0.023352)
(0.807459 -3.3388e-19 -0.0229796)
(0.766601 -8.41771e-20 -0.0166536)
(0.790082 -0 -0.0143674)
(0.78845 0 -0.0144517)
(0.826457 0 -0.0144537)
(0.862722 0 -0.0140802)
(0.816299 0 -0.0137257)
(0.757281 0 -0.0149027)
(0.809202 0 -0.0148006)
(0.851804 0 -0.014004)
(0.862714 0 -0.0141198)
(0.879583 0 -0.0139907)
(0.832936 0 -0.0138571)
(0.793178 0 -0.0149492)
(0.799332 0 -0.0149364)
(0.80608 0 -0.0149026)
(0.784556 0 -0.0145805)
(0.735584 0 -0.0149122)
(0.771865 0 -0.0159959)
(0.792655 0 -0.0142335)
(0.73307 0 -0.015339)
(0.748081 0 -0.0154953)
(0.719929 0 -0.0150776)
(0.703032 0 -0.0160136)
(0.73591 0 -0.0155237)
(0.710678 0 -0.0154613)
(0.68991 0 -0.0158287)
(0.681526 0 -0.015624)
(0.657348 0 -0.0159346)
(0.640134 0 -0.0164645)
(0.624143 0 -0.0163847)
(0.607857 0 -0.0163518)
(0.589676 0 -0.0165029)
(0.546688 0 -0.0166598)
(0.542247 0 -0.017381)
(0.567551 0 -0.0169126)
(0.510495 0 -0.0163716)
(0.470895 0 -0.0178109)
(0.480798 0 -0.017493)
(0.458424 0 -0.0179691)
(0.454777 0 -0.0180704)
(0.436683 0 -0.0175887)
(0.405129 0 -0.0180788)
(0.383387 0 -0.0182937)
(0.352713 0 -0.018524)
(0.360946 0 -0.0189607)
(0.384441 0 -0.0185944)
(0.34216 0 -0.0183464)
(0.315415 0 -0.0192018)
(0.323967 0 -0.0189898)
(0.302774 0 -0.0190607)
(0.28704 0 -0.0192894)
(0.273256 0 -0.0193773)
(0.254248 0 -0.019532)
(0.230112 0 -0.0196563)
(0.20154 0 -0.019915)
(0.162264 0 -0.0200963)
(0.163966 0 -0.0205979)
(0.164183 0 -0.0200515)
(0.136389 0 -0.0203502)
(0.115775 0 -0.0201661)
(0.130192 0 -0.0200706)
(0.113875 0 -0.0194066)
(0.0700198 0 -0.0199973)
(0.116746 0 -0.0192553)
(0.161642 0 -0.0192154)
(0.206753 0 -0.0199224)
(0.205307 0 -0.0185097)
(0.17007 0 -0.0182702)
(0.189648 0 -0.0191726)
(0.209119 0 -0.020264)
(0.141409 0 -0.0184872)
(0.0489584 0 -0.0185561)
(0.0513294 0 -0.0222101)
(0.143178 0 -0.0204578)
(0.086391 0 -0.0194755)
(0.0741879 0 -0.0206738)
(0.163542 0 -0.0197018)
(0.143445 0 -0.0183752)
(0.0767829 0 -0.0179992)
(0.0431916 0 -0.0227365)
(0.100318 0 -0.0199934)
(0.103332 0 -0.0193204)
(-0.0794714 0 -0.0324328)
(0.61807 0 0.104636)
(0.544631 0 -0.100741)
(0.706867 0 -0.0349648)
(0.718045 0 -0.120485)
(0.856335 0 -0.149583)
(0.318984 0 -0.0355643)
(0.57448 0 -0.0265311)
(0.790937 0 -0.115024)
(0.609128 0 0.0924744)
(0.899155 -0 -0.152024)
(0.523098 -0 -0.0133719)
(0.268648 2.06646e-23 -0.0316524)
(0.111515 0 -0.121155)
(0.336589 0 -0.0228256)
(0.506088 -6.9195e-23 -0.0991957)
(0.331413 -0 -0.0249942)
(0.482261 -6.64988e-23 -0.108687)
(0.328058 -7.90611e-23 -0.049907)
(0.340078 -0 -0.174778)
(-0.230034 0 -0.0193256)
)
;
    }
    sides
    {
        type            empty;
    }
    outlet
    {
        type            calculated;
        value           uniform (0 0 0);
    }
    top
    {
        type            symmetry;
    }
}


// ************************************************************************* //
