/*--------------------------------*- C++ -*----------------------------------*\
| =========                 |                                                 |
| \\      /  F ield         | OpenFOAM: The Open Source CFD Toolbox           |
|  \\    /   O peration     | Version:  2606                                  |
|   \\  /    A nd           | Website:  www.openfoam.com                      |
|    \\/     M anipulation  |                                                 |
\*---------------------------------------------------------------------------*/
FoamFile
{
    version     2.0;
    format      ascii;
    arch        "LSB;label=32;scalar=64";
    class       volScalarField;
    location    "0.45";
    object      p_rgh;
}
// * * * * * * * * * * * * * * * * * * * * * * * * * * * * * * * * * * * * * //

dimensions      [1 -1 -2 0 0 0 0];

internalField   nonuniform List<scalar> 
3000
(
-66.3417
-66.3486
-66.3549
-66.3606
-66.3657
-66.3703
-66.3745
-66.3783
-66.3817
-66.3848
-66.3877
-66.3903
-66.3927
-66.3949
-66.3968
-66.3987
-66.4003
-66.4019
-66.4033
-66.4046
-66.4058
-66.4068
-66.4078
-66.4088
-66.4096
-66.4104
-66.4111
-66.4118
-66.4124
-66.4129
-66.4134
-66.4139
-66.4144
-66.4148
-66.4151
-66.4155
-66.4158
-66.4161
-66.4164
-66.4166
-66.4168
-66.4171
-66.4173
-66.4174
-66.4176
-66.4178
-66.4179
-66.418
-66.4181
-66.4183
-66.4184
-66.4185
-66.4185
-66.4186
-66.4187
-66.4188
-66.4188
-66.4189
-66.4189
-66.419
-66.419
-66.4191
-66.4191
-66.4191
-66.4191
-66.4192
-66.4192
-66.4192
-66.4192
-66.4192
-66.4193
-66.4193
-66.4193
-66.4193
-66.4193
-66.3424
-66.3493
-66.3555
-66.3611
-66.3661
-66.3707
-66.3748
-66.3786
-66.382
-66.3851
-66.3879
-66.3905
-66.3929
-66.395
-66.397
-66.3988
-66.4005
-66.402
-66.4034
-66.4047
-66.4058
-66.4069
-66.4079
-66.4088
-66.4097
-66.4104
-66.4112
-66.4118
-66.4124
-66.413
-66.4135
-66.414
-66.4144
-66.4148
-66.4152
-66.4155
-66.4158
-66.4161
-66.4164
-66.4166
-66.4169
-66.4171
-66.4173
-66.4174
-66.4176
-66.4178
-66.4179
-66.418
-66.4182
-66.4183
-66.4184
-66.4185
-66.4185
-66.4186
-66.4187
-66.4188
-66.4188
-66.4189
-66.4189
-66.419
-66.419
-66.4191
-66.4191
-66.4191
-66.4192
-66.4192
-66.4192
-66.4192
-66.4192
-66.4192
-66.4193
-66.4193
-66.4193
-66.4193
-66.4193
-66.3441
-66.3508
-66.3568
-66.3622
-66.3671
-66.3716
-66.3756
-66.3793
-66.3826
-66.3857
-66.3884
-66.391
-66.3933
-66.3954
-66.3973
-66.3991
-66.4007
-66.4022
-66.4036
-66.4049
-66.406
-66.4071
-66.4081
-66.409
-66.4098
-66.4106
-66.4113
-66.4119
-66.4125
-66.4131
-66.4136
-66.414
-66.4145
-66.4149
-66.4152
-66.4156
-66.4159
-66.4162
-66.4164
-66.4167
-66.4169
-66.4171
-66.4173
-66.4175
-66.4176
-66.4178
-66.4179
-66.4181
-66.4182
-66.4183
-66.4184
-66.4185
-66.4186
-66.4186
-66.4187
-66.4188
-66.4188
-66.4189
-66.4189
-66.419
-66.419
-66.4191
-66.4191
-66.4191
-66.4192
-66.4192
-66.4192
-66.4192
-66.4192
-66.4193
-66.4193
-66.4193
-66.4193
-66.4193
-66.4193
-66.3466
-66.3529
-66.3587
-66.3639
-66.3686
-66.3729
-66.3768
-66.3803
-66.3835
-66.3865
-66.3892
-66.3916
-66.3939
-66.3959
-66.3978
-66.3996
-66.4011
-66.4026
-66.4039
-66.4052
-66.4063
-66.4073
-66.4083
-66.4092
-66.41
-66.4107
-66.4114
-66.4121
-66.4126
-66.4132
-66.4137
-66.4141
-66.4146
-66.4149
-66.4153
-66.4156
-66.4159
-66.4162
-66.4165
-66.4167
-66.4169
-66.4172
-66.4173
-66.4175
-66.4177
-66.4178
-66.418
-66.4181
-66.4182
-66.4183
-66.4184
-66.4185
-66.4186
-66.4187
-66.4187
-66.4188
-66.4188
-66.4189
-66.419
-66.419
-66.419
-66.4191
-66.4191
-66.4191
-66.4192
-66.4192
-66.4192
-66.4192
-66.4192
-66.4193
-66.4193
-66.4193
-66.4193
-66.4193
-66.4193
-66.3499
-66.3558
-66.3612
-66.3661
-66.3705
-66.3746
-66.3783
-66.3817
-66.3848
-66.3876
-66.3902
-66.3925
-66.3947
-66.3967
-66.3985
-66.4002
-66.4017
-66.4031
-66.4044
-66.4056
-66.4067
-66.4077
-66.4086
-66.4095
-66.4103
-66.411
-66.4116
-66.4123
-66.4128
-66.4134
-66.4138
-66.4143
-66.4147
-66.4151
-66.4154
-66.4157
-66.416
-66.4163
-66.4166
-66.4168
-66.417
-66.4172
-66.4174
-66.4176
-66.4177
-66.4179
-66.418
-66.4181
-66.4182
-66.4183
-66.4184
-66.4185
-66.4186
-66.4187
-66.4187
-66.4188
-66.4189
-66.4189
-66.419
-66.419
-66.4191
-66.4191
-66.4191
-66.4192
-66.4192
-66.4192
-66.4192
-66.4192
-66.4193
-66.4193
-66.4193
-66.4193
-66.4193
-66.4193
-66.4193
-66.3538
-66.3592
-66.3642
-66.3688
-66.3729
-66.3767
-66.3802
-66.3834
-66.3863
-66.3889
-66.3914
-66.3936
-66.3957
-66.3976
-66.3993
-66.4009
-66.4024
-66.4037
-66.405
-66.4061
-66.4071
-66.4081
-66.409
-66.4098
-66.4106
-66.4113
-66.4119
-66.4125
-66.4131
-66.4136
-66.414
-66.4145
-66.4149
-66.4152
-66.4156
-66.4159
-66.4162
-66.4164
-66.4167
-66.4169
-66.4171
-66.4173
-66.4175
-66.4176
-66.4178
-66.4179
-66.4181
-66.4182
-66.4183
-66.4184
-66.4185
-66.4186
-66.4186
-66.4187
-66.4188
-66.4188
-66.4189
-66.4189
-66.419
-66.419
-66.4191
-66.4191
-66.4191
-66.4192
-66.4192
-66.4192
-66.4192
-66.4193
-66.4193
-66.4193
-66.4193
-66.4193
-66.4193
-66.4193
-66.4193
-66.3583
-66.3632
-66.3677
-66.3719
-66.3757
-66.3792
-66.3824
-66.3853
-66.388
-66.3905
-66.3928
-66.3949
-66.3968
-66.3986
-66.4003
-66.4018
-66.4032
-66.4044
-66.4056
-66.4067
-66.4077
-66.4086
-66.4095
-66.4102
-66.411
-66.4116
-66.4122
-66.4128
-66.4133
-66.4138
-66.4143
-66.4147
-66.4151
-66.4154
-66.4157
-66.416
-66.4163
-66.4166
-66.4168
-66.417
-66.4172
-66.4174
-66.4176
-66.4177
-66.4179
-66.418
-66.4181
-66.4182
-66.4183
-66.4184
-66.4185
-66.4186
-66.4187
-66.4187
-66.4188
-66.4189
-66.4189
-66.419
-66.419
-66.4191
-66.4191
-66.4191
-66.4192
-66.4192
-66.4192
-66.4192
-66.4193
-66.4193
-66.4193
-66.4193
-66.4193
-66.4193
-66.4193
-66.4193
-66.4193
-66.3633
-66.3676
-66.3716
-66.3753
-66.3788
-66.3819
-66.3848
-66.3875
-66.39
-66.3923
-66.3944
-66.3964
-66.3982
-66.3998
-66.4014
-66.4028
-66.4041
-66.4053
-66.4064
-66.4074
-66.4083
-66.4092
-66.41
-66.4107
-66.4114
-66.412
-66.4126
-66.4132
-66.4136
-66.4141
-66.4145
-66.4149
-66.4153
-66.4156
-66.4159
-66.4162
-66.4165
-66.4167
-66.4169
-66.4171
-66.4173
-66.4175
-66.4177
-66.4178
-66.4179
-66.4181
-66.4182
-66.4183
-66.4184
-66.4185
-66.4186
-66.4187
-66.4187
-66.4188
-66.4189
-66.4189
-66.419
-66.419
-66.419
-66.4191
-66.4191
-66.4192
-66.4192
-66.4192
-66.4192
-66.4193
-66.4193
-66.4193
-66.4193
-66.4193
-66.4193
-66.4193
-66.4193
-66.4193
-66.4193
-66.3687
-66.3724
-66.3759
-66.3791
-66.3821
-66.3849
-66.3876
-66.39
-66.3922
-66.3943
-66.3962
-66.398
-66.3996
-66.4012
-66.4026
-66.4039
-66.4051
-66.4062
-66.4072
-66.4081
-66.409
-66.4098
-66.4106
-66.4113
-66.4119
-66.4125
-66.413
-66.4135
-66.414
-66.4144
-66.4148
-66.4152
-66.4155
-66.4158
-66.4161
-66.4164
-66.4166
-66.4169
-66.4171
-66.4173
-66.4175
-66.4176
-66.4178
-66.4179
-66.418
-66.4182
-66.4183
-66.4184
-66.4185
-66.4186
-66.4186
-66.4187
-66.4188
-66.4188
-66.4189
-66.4189
-66.419
-66.419
-66.4191
-66.4191
-66.4192
-66.4192
-66.4192
-66.4192
-66.4193
-66.4193
-66.4193
-66.4193
-66.4193
-66.4193
-66.4193
-66.4193
-66.4194
-66.4194
-66.4194
-66.3744
-66.3775
-66.3804
-66.3832
-66.3858
-66.3882
-66.3905
-66.3926
-66.3946
-66.3964
-66.3982
-66.3998
-66.4012
-66.4026
-66.4039
-66.4051
-66.4062
-66.4072
-66.4081
-66.409
-66.4098
-66.4105
-66.4112
-66.4119
-66.4124
-66.413
-66.4135
-66.414
-66.4144
-66.4148
-66.4152
-66.4155
-66.4158
-66.4161
-66.4164
-66.4166
-66.4168
-66.4171
-66.4173
-66.4174
-66.4176
-66.4178
-66.4179
-66.418
-66.4181
-66.4183
-66.4184
-66.4185
-66.4185
-66.4186
-66.4187
-66.4188
-66.4188
-66.4189
-66.4189
-66.419
-66.419
-66.4191
-66.4191
-66.4192
-66.4192
-66.4192
-66.4192
-66.4193
-66.4193
-66.4193
-66.4193
-66.4193
-66.4193
-66.4194
-66.4194
-66.4194
-66.4194
-66.4194
-66.4194
-66.3803
-66.3827
-66.3851
-66.3874
-66.3896
-66.3916
-66.3936
-66.3954
-66.3971
-66.3987
-66.4002
-66.4017
-66.403
-66.4042
-66.4053
-66.4064
-66.4074
-66.4083
-66.4091
-66.4099
-66.4106
-66.4113
-66.4119
-66.4125
-66.413
-66.4135
-66.414
-66.4144
-66.4148
-66.4152
-66.4155
-66.4158
-66.4161
-66.4164
-66.4166
-66.4169
-66.4171
-66.4173
-66.4174
-66.4176
-66.4178
-66.4179
-66.418
-66.4182
-66.4183
-66.4184
-66.4185
-66.4185
-66.4186
-66.4187
-66.4188
-66.4188
-66.4189
-66.4189
-66.419
-66.419
-66.4191
-66.4191
-66.4192
-66.4192
-66.4192
-66.4192
-66.4193
-66.4193
-66.4193
-66.4193
-66.4193
-66.4194
-66.4194
-66.4194
-66.4194
-66.4194
-66.4194
-66.4194
-66.4194
-66.3863
-66.3881
-66.39
-66.3918
-66.3935
-66.3952
-66.3968
-66.3983
-66.3998
-66.4011
-66.4024
-66.4036
-66.4048
-66.4058
-66.4068
-66.4078
-66.4086
-66.4094
-66.4102
-66.4109
-66.4115
-66.4121
-66.4127
-66.4132
-66.4137
-66.4141
-66.4145
-66.4149
-66.4153
-66.4156
-66.4159
-66.4162
-66.4164
-66.4167
-66.4169
-66.4171
-66.4173
-66.4175
-66.4176
-66.4178
-66.4179
-66.4181
-66.4182
-66.4183
-66.4184
-66.4185
-66.4186
-66.4186
-66.4187
-66.4188
-66.4189
-66.4189
-66.419
-66.419
-66.4191
-66.4191
-66.4191
-66.4192
-66.4192
-66.4192
-66.4193
-66.4193
-66.4193
-66.4193
-66.4193
-66.4194
-66.4194
-66.4194
-66.4194
-66.4194
-66.4194
-66.4194
-66.4194
-66.4194
-66.4194
-66.3923
-66.3936
-66.3949
-66.3962
-66.3975
-66.3988
-66.4001
-66.4013
-66.4025
-66.4036
-66.4047
-66.4057
-66.4067
-66.4076
-66.4084
-66.4092
-66.4099
-66.4106
-66.4113
-66.4119
-66.4125
-66.413
-66.4135
-66.4139
-66.4143
-66.4147
-66.4151
-66.4154
-66.4157
-66.416
-66.4163
-66.4165
-66.4168
-66.417
-66.4172
-66.4174
-66.4175
-66.4177
-66.4178
-66.418
-66.4181
-66.4182
-66.4183
-66.4184
-66.4185
-66.4186
-66.4187
-66.4188
-66.4188
-66.4189
-66.4189
-66.419
-66.419
-66.4191
-66.4191
-66.4192
-66.4192
-66.4192
-66.4192
-66.4193
-66.4193
-66.4193
-66.4193
-66.4194
-66.4194
-66.4194
-66.4194
-66.4194
-66.4194
-66.4194
-66.4194
-66.4194
-66.4194
-66.4194
-66.4194
-66.3983
-66.399
-66.3998
-66.4007
-66.4016
-66.4026
-66.4035
-66.4044
-66.4053
-66.4062
-66.407
-66.4079
-66.4086
-66.4094
-66.41
-66.4107
-66.4113
-66.4119
-66.4124
-66.413
-66.4134
-66.4139
-66.4143
-66.4147
-66.415
-66.4154
-66.4157
-66.416
-66.4162
-66.4165
-66.4167
-66.4169
-66.4171
-66.4173
-66.4175
-66.4177
-66.4178
-66.4179
-66.4181
-66.4182
-66.4183
-66.4184
-66.4185
-66.4186
-66.4187
-66.4187
-66.4188
-66.4189
-66.4189
-66.419
-66.419
-66.4191
-66.4191
-66.4191
-66.4192
-66.4192
-66.4192
-66.4193
-66.4193
-66.4193
-66.4193
-66.4194
-66.4194
-66.4194
-66.4194
-66.4194
-66.4194
-66.4194
-66.4194
-66.4195
-66.4195
-66.4195
-66.4195
-66.4195
-66.4195
-66.4041
-66.4043
-66.4047
-66.4052
-66.4057
-66.4063
-66.4069
-66.4075
-66.4082
-66.4088
-66.4094
-66.41
-66.4106
-66.4112
-66.4117
-66.4122
-66.4127
-66.4132
-66.4136
-66.414
-66.4144
-66.4148
-66.4151
-66.4155
-66.4158
-66.416
-66.4163
-66.4165
-66.4168
-66.417
-66.4172
-66.4173
-66.4175
-66.4177
-66.4178
-66.418
-66.4181
-66.4182
-66.4183
-66.4184
-66.4185
-66.4186
-66.4187
-66.4187
-66.4188
-66.4189
-66.4189
-66.419
-66.419
-66.4191
-66.4191
-66.4192
-66.4192
-66.4192
-66.4192
-66.4193
-66.4193
-66.4193
-66.4193
-66.4194
-66.4194
-66.4194
-66.4194
-66.4194
-66.4194
-66.4194
-66.4195
-66.4195
-66.4195
-66.4195
-66.4195
-66.4195
-66.4195
-66.4195
-66.4195
-66.4099
-66.4096
-66.4095
-66.4096
-66.4097
-66.41
-66.4103
-66.4106
-66.411
-66.4114
-66.4118
-66.4122
-66.4127
-66.4131
-66.4134
-66.4138
-66.4142
-66.4145
-66.4149
-66.4152
-66.4155
-66.4158
-66.416
-66.4163
-66.4165
-66.4167
-66.4169
-66.4171
-66.4173
-66.4175
-66.4176
-66.4178
-66.4179
-66.418
-66.4182
-66.4183
-66.4184
-66.4185
-66.4185
-66.4186
-66.4187
-66.4188
-66.4188
-66.4189
-66.419
-66.419
-66.419
-66.4191
-66.4191
-66.4192
-66.4192
-66.4192
-66.4193
-66.4193
-66.4193
-66.4193
-66.4194
-66.4194
-66.4194
-66.4194
-66.4194
-66.4194
-66.4195
-66.4195
-66.4195
-66.4195
-66.4195
-66.4195
-66.4195
-66.4195
-66.4195
-66.4195
-66.4195
-66.4195
-66.4195
-66.4154
-66.4147
-66.4142
-66.4139
-66.4137
-66.4137
-66.4137
-66.4138
-66.4139
-66.414
-66.4142
-66.4145
-66.4147
-66.4149
-66.4152
-66.4154
-66.4156
-66.4159
-66.4161
-66.4163
-66.4165
-66.4167
-66.4169
-66.4171
-66.4173
-66.4174
-66.4176
-66.4177
-66.4178
-66.418
-66.4181
-66.4182
-66.4183
-66.4184
-66.4185
-66.4186
-66.4187
-66.4187
-66.4188
-66.4189
-66.4189
-66.419
-66.419
-66.4191
-66.4191
-66.4191
-66.4192
-66.4192
-66.4192
-66.4193
-66.4193
-66.4193
-66.4194
-66.4194
-66.4194
-66.4194
-66.4194
-66.4194
-66.4195
-66.4195
-66.4195
-66.4195
-66.4195
-66.4195
-66.4195
-66.4195
-66.4195
-66.4195
-66.4195
-66.4195
-66.4195
-66.4195
-66.4195
-66.4195
-66.4195
-66.4207
-66.4196
-66.4188
-66.4181
-66.4176
-66.4173
-66.417
-66.4168
-66.4167
-66.4167
-66.4166
-66.4167
-66.4167
-66.4168
-66.4169
-66.417
-66.4171
-66.4172
-66.4173
-66.4175
-66.4176
-66.4177
-66.4178
-66.4179
-66.418
-66.4181
-66.4182
-66.4183
-66.4184
-66.4185
-66.4186
-66.4186
-66.4187
-66.4188
-66.4188
-66.4189
-66.4189
-66.419
-66.419
-66.4191
-66.4191
-66.4192
-66.4192
-66.4192
-66.4193
-66.4193
-66.4193
-66.4193
-66.4194
-66.4194
-66.4194
-66.4194
-66.4194
-66.4195
-66.4195
-66.4195
-66.4195
-66.4195
-66.4195
-66.4195
-66.4195
-66.4195
-66.4195
-66.4195
-66.4196
-66.4196
-66.4196
-66.4196
-66.4196
-66.4196
-66.4196
-66.4196
-66.4196
-66.4196
-66.4196
-66.4258
-66.4244
-66.4232
-66.4222
-66.4214
-66.4208
-66.4202
-66.4198
-66.4195
-66.4192
-66.419
-66.4189
-66.4187
-66.4187
-66.4186
-66.4186
-66.4186
-66.4186
-66.4186
-66.4186
-66.4186
-66.4187
-66.4187
-66.4188
-66.4188
-66.4188
-66.4189
-66.4189
-66.419
-66.419
-66.419
-66.4191
-66.4191
-66.4192
-66.4192
-66.4192
-66.4192
-66.4193
-66.4193
-66.4193
-66.4193
-66.4194
-66.4194
-66.4194
-66.4194
-66.4194
-66.4195
-66.4195
-66.4195
-66.4195
-66.4195
-66.4195
-66.4195
-66.4195
-66.4195
-66.4195
-66.4196
-66.4196
-66.4196
-66.4196
-66.4196
-66.4196
-66.4196
-66.4196
-66.4196
-66.4196
-66.4196
-66.4196
-66.4196
-66.4196
-66.4196
-66.4196
-66.4196
-66.4196
-66.4196
-66.4306
-66.4289
-66.4274
-66.4261
-66.4251
-66.4242
-66.4234
-66.4227
-66.4222
-66.4217
-66.4213
-66.421
-66.4207
-66.4205
-66.4203
-66.4202
-66.42
-66.4199
-66.4198
-66.4198
-66.4197
-66.4197
-66.4196
-66.4196
-66.4196
-66.4196
-66.4195
-66.4195
-66.4195
-66.4195
-66.4195
-66.4195
-66.4195
-66.4195
-66.4195
-66.4195
-66.4195
-66.4195
-66.4196
-66.4196
-66.4196
-66.4196
-66.4196
-66.4196
-66.4196
-66.4196
-66.4196
-66.4196
-66.4196
-66.4196
-66.4196
-66.4196
-66.4196
-66.4196
-66.4196
-66.4196
-66.4196
-66.4196
-66.4196
-66.4196
-66.4196
-66.4196
-66.4196
-66.4196
-66.4196
-66.4196
-66.4196
-66.4196
-66.4196
-66.4196
-66.4196
-66.4196
-66.4196
-66.4196
-66.4196
-66.4352
-66.4332
-66.4314
-66.4299
-66.4286
-66.4274
-66.4264
-66.4256
-66.4248
-66.4242
-66.4236
-66.4231
-66.4227
-66.4223
-66.422
-66.4217
-66.4215
-66.4213
-66.4211
-66.4209
-66.4208
-66.4206
-66.4205
-66.4204
-66.4203
-66.4203
-66.4202
-66.4201
-66.4201
-66.4201
-66.42
-66.42
-66.4199
-66.4199
-66.4199
-66.4199
-66.4198
-66.4198
-66.4198
-66.4198
-66.4198
-66.4198
-66.4198
-66.4198
-66.4197
-66.4197
-66.4197
-66.4197
-66.4197
-66.4197
-66.4197
-66.4197
-66.4197
-66.4197
-66.4197
-66.4197
-66.4197
-66.4197
-66.4197
-66.4197
-66.4197
-66.4197
-66.4197
-66.4197
-66.4197
-66.4197
-66.4197
-66.4197
-66.4197
-66.4197
-66.4197
-66.4197
-66.4197
-66.4197
-66.4197
-66.4395
-66.4372
-66.4352
-66.4335
-66.4319
-66.4306
-66.4294
-66.4283
-66.4274
-66.4265
-66.4258
-66.4252
-66.4246
-66.4241
-66.4236
-66.4232
-66.4229
-66.4226
-66.4223
-66.422
-66.4218
-66.4216
-66.4214
-66.4213
-66.4211
-66.421
-66.4209
-66.4207
-66.4207
-66.4206
-66.4205
-66.4204
-66.4203
-66.4203
-66.4202
-66.4202
-66.4201
-66.4201
-66.4201
-66.42
-66.42
-66.42
-66.4199
-66.4199
-66.4199
-66.4199
-66.4199
-66.4198
-66.4198
-66.4198
-66.4198
-66.4198
-66.4198
-66.4198
-66.4198
-66.4198
-66.4197
-66.4197
-66.4197
-66.4197
-66.4197
-66.4197
-66.4197
-66.4197
-66.4197
-66.4197
-66.4197
-66.4197
-66.4197
-66.4197
-66.4197
-66.4197
-66.4197
-66.4197
-66.4197
-66.4435
-66.441
-66.4388
-66.4369
-66.4351
-66.4336
-66.4322
-66.4309
-66.4298
-66.4288
-66.4279
-66.4271
-66.4264
-66.4258
-66.4252
-66.4247
-66.4242
-66.4238
-66.4235
-66.4231
-66.4228
-66.4225
-66.4223
-66.4221
-66.4219
-66.4217
-66.4215
-66.4213
-66.4212
-66.4211
-66.421
-66.4208
-66.4208
-66.4207
-66.4206
-66.4205
-66.4204
-66.4204
-66.4203
-66.4203
-66.4202
-66.4202
-66.4201
-66.4201
-66.4201
-66.42
-66.42
-66.42
-66.4199
-66.4199
-66.4199
-66.4199
-66.4199
-66.4199
-66.4198
-66.4198
-66.4198
-66.4198
-66.4198
-66.4198
-66.4198
-66.4198
-66.4198
-66.4198
-66.4197
-66.4197
-66.4197
-66.4197
-66.4197
-66.4197
-66.4197
-66.4197
-66.4197
-66.4197
-66.4197
-66.4473
-66.4446
-66.4422
-66.4401
-66.4381
-66.4364
-66.4348
-66.4334
-66.4322
-66.431
-66.43
-66.429
-66.4282
-66.4274
-66.4268
-66.4261
-66.4256
-66.4251
-66.4246
-66.4242
-66.4238
-66.4235
-66.4231
-66.4228
-66.4226
-66.4223
-66.4221
-66.4219
-66.4217
-66.4216
-66.4214
-66.4213
-66.4211
-66.421
-66.4209
-66.4208
-66.4207
-66.4206
-66.4206
-66.4205
-66.4204
-66.4204
-66.4203
-66.4203
-66.4202
-66.4202
-66.4201
-66.4201
-66.4201
-66.42
-66.42
-66.42
-66.42
-66.4199
-66.4199
-66.4199
-66.4199
-66.4199
-66.4198
-66.4198
-66.4198
-66.4198
-66.4198
-66.4198
-66.4198
-66.4198
-66.4198
-66.4198
-66.4198
-66.4198
-66.4198
-66.4198
-66.4198
-66.4197
-66.4197
-66.4507
-66.4479
-66.4454
-66.4431
-66.441
-66.4391
-66.4373
-66.4358
-66.4344
-66.4331
-66.4319
-66.4309
-66.4299
-66.429
-66.4282
-66.4275
-66.4269
-66.4263
-66.4257
-66.4252
-66.4248
-66.4243
-66.424
-66.4236
-66.4233
-66.423
-66.4227
-66.4225
-66.4223
-66.4221
-66.4219
-66.4217
-66.4215
-66.4214
-66.4212
-66.4211
-66.421
-66.4209
-66.4208
-66.4207
-66.4206
-66.4206
-66.4205
-66.4204
-66.4204
-66.4203
-66.4203
-66.4202
-66.4202
-66.4201
-66.4201
-66.4201
-66.42
-66.42
-66.42
-66.42
-66.4199
-66.4199
-66.4199
-66.4199
-66.4199
-66.4199
-66.4198
-66.4198
-66.4198
-66.4198
-66.4198
-66.4198
-66.4198
-66.4198
-66.4198
-66.4198
-66.4198
-66.4198
-66.4198
-66.454
-66.451
-66.4483
-66.4459
-66.4436
-66.4416
-66.4397
-66.438
-66.4365
-66.435
-66.4338
-66.4326
-66.4315
-66.4305
-66.4296
-66.4288
-66.4281
-66.4274
-66.4268
-66.4262
-66.4257
-66.4252
-66.4247
-66.4243
-66.424
-66.4236
-66.4233
-66.423
-66.4228
-66.4225
-66.4223
-66.4221
-66.4219
-66.4217
-66.4216
-66.4214
-66.4213
-66.4212
-66.421
-66.4209
-66.4208
-66.4207
-66.4207
-66.4206
-66.4205
-66.4204
-66.4204
-66.4203
-66.4203
-66.4202
-66.4202
-66.4202
-66.4201
-66.4201
-66.4201
-66.42
-66.42
-66.42
-66.42
-66.4199
-66.4199
-66.4199
-66.4199
-66.4199
-66.4199
-66.4198
-66.4198
-66.4198
-66.4198
-66.4198
-66.4198
-66.4198
-66.4198
-66.4198
-66.4198
-66.4569
-66.4538
-66.451
-66.4484
-66.4461
-66.4439
-66.4419
-66.4401
-66.4384
-66.4369
-66.4355
-66.4342
-66.433
-66.432
-66.431
-66.4301
-66.4292
-66.4285
-66.4278
-66.4271
-66.4265
-66.426
-66.4255
-66.425
-66.4246
-66.4242
-66.4239
-66.4235
-66.4232
-66.423
-66.4227
-66.4225
-66.4223
-66.4221
-66.4219
-66.4217
-66.4215
-66.4214
-66.4213
-66.4211
-66.421
-66.4209
-66.4208
-66.4207
-66.4207
-66.4206
-66.4205
-66.4204
-66.4204
-66.4203
-66.4203
-66.4202
-66.4202
-66.4202
-66.4201
-66.4201
-66.4201
-66.42
-66.42
-66.42
-66.42
-66.4199
-66.4199
-66.4199
-66.4199
-66.4199
-66.4199
-66.4199
-66.4199
-66.4198
-66.4198
-66.4198
-66.4198
-66.4198
-66.4198
-66.4596
-66.4565
-66.4535
-66.4508
-66.4484
-66.4461
-66.444
-66.442
-66.4403
-66.4386
-66.4371
-66.4357
-66.4345
-66.4333
-66.4322
-66.4312
-66.4303
-66.4295
-66.4287
-66.428
-66.4274
-66.4268
-66.4262
-66.4257
-66.4252
-66.4248
-66.4244
-66.424
-66.4237
-66.4234
-66.4231
-66.4228
-66.4226
-66.4224
-66.4222
-66.422
-66.4218
-66.4216
-66.4215
-66.4213
-66.4212
-66.4211
-66.421
-66.4209
-66.4208
-66.4207
-66.4206
-66.4206
-66.4205
-66.4204
-66.4204
-66.4203
-66.4203
-66.4202
-66.4202
-66.4201
-66.4201
-66.4201
-66.4201
-66.42
-66.42
-66.42
-66.42
-66.4199
-66.4199
-66.4199
-66.4199
-66.4199
-66.4199
-66.4199
-66.4199
-66.4199
-66.4199
-66.4199
-66.4199
-66.4621
-66.4588
-66.4558
-66.453
-66.4504
-66.4481
-66.4459
-66.4438
-66.442
-66.4402
-66.4386
-66.4372
-66.4358
-66.4345
-66.4334
-66.4323
-66.4313
-66.4304
-66.4296
-66.4288
-66.4281
-66.4275
-66.4269
-66.4263
-66.4258
-66.4253
-66.4249
-66.4245
-66.4241
-66.4238
-66.4235
-66.4232
-66.4229
-66.4227
-66.4224
-66.4222
-66.422
-66.4218
-66.4217
-66.4215
-66.4214
-66.4213
-66.4211
-66.421
-66.4209
-66.4208
-66.4207
-66.4207
-66.4206
-66.4205
-66.4204
-66.4204
-66.4203
-66.4203
-66.4202
-66.4202
-66.4202
-66.4201
-66.4201
-66.4201
-66.42
-66.42
-66.42
-66.42
-66.42
-66.4199
-66.4199
-66.4199
-66.4199
-66.4199
-66.4199
-66.4199
-66.4199
-66.4199
-66.4199
-66.4643
-66.461
-66.4579
-66.455
-66.4524
-66.4499
-66.4476
-66.4455
-66.4435
-66.4417
-66.44
-66.4385
-66.437
-66.4357
-66.4345
-66.4333
-66.4323
-66.4313
-66.4304
-66.4296
-66.4289
-66.4282
-66.4275
-66.4269
-66.4264
-66.4258
-66.4254
-66.4249
-66.4245
-66.4242
-66.4238
-66.4235
-66.4232
-66.4229
-66.4227
-66.4225
-66.4222
-66.4221
-66.4219
-66.4217
-66.4215
-66.4214
-66.4213
-66.4212
-66.421
-66.4209
-66.4208
-66.4208
-66.4207
-66.4206
-66.4205
-66.4205
-66.4204
-66.4203
-66.4203
-66.4203
-66.4202
-66.4202
-66.4201
-66.4201
-66.4201
-66.4201
-66.42
-66.42
-66.42
-66.42
-66.42
-66.4199
-66.4199
-66.4199
-66.4199
-66.4199
-66.4199
-66.4199
-66.4199
-66.4663
-66.4629
-66.4598
-66.4568
-66.4541
-66.4515
-66.4492
-66.447
-66.4449
-66.443
-66.4413
-66.4397
-66.4381
-66.4368
-66.4355
-66.4343
-66.4332
-66.4321
-66.4312
-66.4303
-66.4295
-66.4288
-66.4281
-66.4274
-66.4269
-66.4263
-66.4258
-66.4253
-66.4249
-66.4245
-66.4241
-66.4238
-66.4235
-66.4232
-66.4229
-66.4227
-66.4225
-66.4222
-66.422
-66.4219
-66.4217
-66.4215
-66.4214
-66.4213
-66.4212
-66.421
-66.4209
-66.4208
-66.4208
-66.4207
-66.4206
-66.4205
-66.4205
-66.4204
-66.4204
-66.4203
-66.4203
-66.4202
-66.4202
-66.4201
-66.4201
-66.4201
-66.4201
-66.42
-66.42
-66.42
-66.42
-66.42
-66.42
-66.4199
-66.4199
-66.4199
-66.4199
-66.4199
-66.4199
-66.4681
-66.4647
-66.4614
-66.4584
-66.4556
-66.453
-66.4506
-66.4483
-66.4462
-66.4442
-66.4424
-66.4407
-66.4392
-66.4377
-66.4364
-66.4351
-66.434
-66.4329
-66.4319
-66.431
-66.4301
-66.4293
-66.4286
-66.4279
-66.4273
-66.4267
-66.4262
-66.4257
-66.4252
-66.4248
-66.4244
-66.4241
-66.4237
-66.4234
-66.4231
-66.4229
-66.4226
-66.4224
-66.4222
-66.422
-66.4218
-66.4217
-66.4215
-66.4214
-66.4213
-66.4211
-66.421
-66.4209
-66.4208
-66.4207
-66.4207
-66.4206
-66.4205
-66.4205
-66.4204
-66.4203
-66.4203
-66.4203
-66.4202
-66.4202
-66.4201
-66.4201
-66.4201
-66.4201
-66.42
-66.42
-66.42
-66.42
-66.42
-66.42
-66.42
-66.4199
-66.4199
-66.4199
-66.4199
-66.4697
-66.4662
-66.4629
-66.4598
-66.457
-66.4543
-66.4518
-66.4495
-66.4473
-66.4453
-66.4434
-66.4417
-66.4401
-66.4386
-66.4372
-66.4359
-66.4347
-66.4336
-66.4325
-66.4316
-66.4307
-66.4298
-66.4291
-66.4284
-66.4277
-66.4271
-66.4266
-66.426
-66.4256
-66.4251
-66.4247
-66.4243
-66.424
-66.4236
-66.4233
-66.4231
-66.4228
-66.4226
-66.4224
-66.4221
-66.422
-66.4218
-66.4216
-66.4215
-66.4213
-66.4212
-66.4211
-66.421
-66.4209
-66.4208
-66.4207
-66.4206
-66.4206
-66.4205
-66.4204
-66.4204
-66.4203
-66.4203
-66.4202
-66.4202
-66.4202
-66.4201
-66.4201
-66.4201
-66.4201
-66.42
-66.42
-66.42
-66.42
-66.42
-66.42
-66.42
-66.42
-66.42
-66.42
-66.471
-66.4675
-66.4642
-66.4611
-66.4582
-66.4555
-66.4529
-66.4505
-66.4483
-66.4463
-66.4443
-66.4425
-66.4409
-66.4393
-66.4379
-66.4365
-66.4353
-66.4341
-66.4331
-66.4321
-66.4311
-66.4303
-66.4295
-66.4288
-66.4281
-66.4275
-66.4269
-66.4263
-66.4258
-66.4254
-66.4249
-66.4245
-66.4242
-66.4238
-66.4235
-66.4232
-66.423
-66.4227
-66.4225
-66.4223
-66.4221
-66.4219
-66.4217
-66.4216
-66.4214
-66.4213
-66.4212
-66.4211
-66.421
-66.4209
-66.4208
-66.4207
-66.4206
-66.4205
-66.4205
-66.4204
-66.4204
-66.4203
-66.4203
-66.4202
-66.4202
-66.4202
-66.4201
-66.4201
-66.4201
-66.4201
-66.42
-66.42
-66.42
-66.42
-66.42
-66.42
-66.42
-66.42
-66.42
-66.4722
-66.4686
-66.4653
-66.4621
-66.4592
-66.4564
-66.4538
-66.4514
-66.4492
-66.4471
-66.4451
-66.4433
-66.4415
-66.44
-66.4385
-66.4371
-66.4358
-66.4346
-66.4335
-66.4325
-66.4316
-66.4307
-66.4299
-66.4291
-66.4284
-66.4277
-66.4271
-66.4266
-66.4261
-66.4256
-66.4251
-66.4247
-66.4243
-66.424
-66.4237
-66.4234
-66.4231
-66.4228
-66.4226
-66.4224
-66.4222
-66.422
-66.4218
-66.4216
-66.4215
-66.4214
-66.4212
-66.4211
-66.421
-66.4209
-66.4208
-66.4207
-66.4207
-66.4206
-66.4205
-66.4205
-66.4204
-66.4204
-66.4203
-66.4203
-66.4202
-66.4202
-66.4202
-66.4201
-66.4201
-66.4201
-66.4201
-66.42
-66.42
-66.42
-66.42
-66.42
-66.42
-66.42
-66.42
-66.4731
-66.4695
-66.4662
-66.463
-66.46
-66.4572
-66.4546
-66.4522
-66.4499
-66.4477
-66.4457
-66.4439
-66.4421
-66.4405
-66.439
-66.4376
-66.4363
-66.4351
-66.4339
-66.4329
-66.4319
-66.431
-66.4302
-66.4294
-66.4287
-66.428
-66.4274
-66.4268
-66.4263
-66.4258
-66.4253
-66.4249
-66.4245
-66.4241
-66.4238
-66.4235
-66.4232
-66.4229
-66.4227
-66.4225
-66.4222
-66.4221
-66.4219
-66.4217
-66.4216
-66.4214
-66.4213
-66.4212
-66.4211
-66.4209
-66.4209
-66.4208
-66.4207
-66.4206
-66.4205
-66.4205
-66.4204
-66.4204
-66.4203
-66.4203
-66.4202
-66.4202
-66.4202
-66.4201
-66.4201
-66.4201
-66.4201
-66.4201
-66.42
-66.42
-66.42
-66.42
-66.42
-66.42
-66.42
-66.4738
-66.4703
-66.4669
-66.4637
-66.4607
-66.4579
-66.4552
-66.4527
-66.4504
-66.4483
-66.4462
-66.4443
-66.4426
-66.4409
-66.4394
-66.438
-66.4366
-66.4354
-66.4342
-66.4332
-66.4322
-66.4313
-66.4304
-66.4296
-66.4289
-66.4282
-66.4275
-66.427
-66.4264
-66.4259
-66.4254
-66.425
-66.4246
-66.4242
-66.4239
-66.4236
-66.4233
-66.423
-66.4228
-66.4225
-66.4223
-66.4221
-66.4219
-66.4218
-66.4216
-66.4215
-66.4213
-66.4212
-66.4211
-66.421
-66.4209
-66.4208
-66.4207
-66.4206
-66.4206
-66.4205
-66.4204
-66.4204
-66.4203
-66.4203
-66.4203
-66.4202
-66.4202
-66.4202
-66.4201
-66.4201
-66.4201
-66.4201
-66.4201
-66.42
-66.42
-66.42
-66.42
-66.42
-66.42
-66.4744
-66.4708
-66.4674
-66.4642
-66.4612
-66.4583
-66.4557
-66.4532
-66.4508
-66.4487
-66.4466
-66.4447
-66.4429
-66.4412
-66.4397
-66.4382
-66.4369
-66.4356
-66.4345
-66.4334
-66.4324
-66.4314
-66.4306
-66.4298
-66.429
-66.4283
-66.4277
-66.4271
-66.4265
-66.426
-66.4255
-66.4251
-66.4247
-66.4243
-66.424
-66.4236
-66.4233
-66.4231
-66.4228
-66.4226
-66.4224
-66.4222
-66.422
-66.4218
-66.4216
-66.4215
-66.4214
-66.4212
-66.4211
-66.421
-66.4209
-66.4208
-66.4207
-66.4207
-66.4206
-66.4205
-66.4205
-66.4204
-66.4204
-66.4203
-66.4203
-66.4202
-66.4202
-66.4202
-66.4201
-66.4201
-66.4201
-66.4201
-66.4201
-66.42
-66.42
-66.42
-66.42
-66.42
-66.42
-66.4747
-66.4711
-66.4677
-66.4645
-66.4615
-66.4586
-66.456
-66.4535
-66.4511
-66.4489
-66.4469
-66.4449
-66.4431
-66.4415
-66.4399
-66.4384
-66.4371
-66.4358
-66.4346
-66.4335
-66.4325
-66.4316
-66.4307
-66.4299
-66.4291
-66.4284
-66.4278
-66.4272
-66.4266
-66.4261
-66.4256
-66.4252
-66.4248
-66.4244
-66.424
-66.4237
-66.4234
-66.4231
-66.4229
-66.4226
-66.4224
-66.4222
-66.422
-66.4218
-66.4217
-66.4215
-66.4214
-66.4212
-66.4211
-66.421
-66.4209
-66.4208
-66.4207
-66.4207
-66.4206
-66.4205
-66.4205
-66.4204
-66.4204
-66.4203
-66.4203
-66.4202
-66.4202
-66.4202
-66.4201
-66.4201
-66.4201
-66.4201
-66.4201
-66.42
-66.42
-66.42
-66.42
-66.42
-66.42
-66.4749
-66.4713
-66.4679
-66.4647
-66.4616
-66.4588
-66.4561
-66.4536
-66.4512
-66.449
-66.447
-66.445
-66.4432
-66.4416
-66.44
-66.4385
-66.4372
-66.4359
-66.4347
-66.4336
-66.4326
-66.4316
-66.4308
-66.4299
-66.4292
-66.4285
-66.4278
-66.4272
-66.4266
-66.4261
-66.4256
-66.4252
-66.4248
-66.4244
-66.424
-66.4237
-66.4234
-66.4231
-66.4229
-66.4226
-66.4224
-66.4222
-66.422
-66.4218
-66.4217
-66.4215
-66.4214
-66.4213
-66.4211
-66.421
-66.4209
-66.4208
-66.4208
-66.4207
-66.4206
-66.4205
-66.4205
-66.4204
-66.4204
-66.4203
-66.4203
-66.4202
-66.4202
-66.4202
-66.4201
-66.4201
-66.4201
-66.4201
-66.4201
-66.4201
-66.42
-66.42
-66.42
-66.42
-66.42
)
;

boundaryField
{
    leftWall
    {
        type            fixedFluxPressure;
        gradient        nonuniform List<scalar> 0();
        value           nonuniform List<scalar> 0();
    }
    rightWall
    {
        type            fixedFluxPressure;
        gradient        uniform 0;
        value           nonuniform List<scalar> 
40
(
-66.4193
-66.4193
-66.4193
-66.4193
-66.4193
-66.4193
-66.4193
-66.4193
-66.4194
-66.4194
-66.4194
-66.4194
-66.4194
-66.4195
-66.4195
-66.4195
-66.4195
-66.4196
-66.4196
-66.4196
-66.4197
-66.4197
-66.4197
-66.4197
-66.4198
-66.4198
-66.4198
-66.4199
-66.4199
-66.4199
-66.4199
-66.4199
-66.42
-66.42
-66.42
-66.42
-66.42
-66.42
-66.42
-66.42
)
;
    }
    lowerWall
    {
        type            fixedFluxPressure;
        gradient        uniform 0;
        value           nonuniform List<scalar> 
75
(
-66.3417
-66.3486
-66.3549
-66.3606
-66.3657
-66.3703
-66.3745
-66.3783
-66.3817
-66.3848
-66.3877
-66.3903
-66.3927
-66.3949
-66.3968
-66.3987
-66.4003
-66.4019
-66.4033
-66.4046
-66.4058
-66.4068
-66.4078
-66.4088
-66.4096
-66.4104
-66.4111
-66.4118
-66.4124
-66.4129
-66.4134
-66.4139
-66.4144
-66.4148
-66.4151
-66.4155
-66.4158
-66.4161
-66.4164
-66.4166
-66.4168
-66.4171
-66.4173
-66.4174
-66.4176
-66.4178
-66.4179
-66.418
-66.4181
-66.4183
-66.4184
-66.4185
-66.4185
-66.4186
-66.4187
-66.4188
-66.4188
-66.4189
-66.4189
-66.419
-66.419
-66.4191
-66.4191
-66.4191
-66.4191
-66.4192
-66.4192
-66.4192
-66.4192
-66.4192
-66.4193
-66.4193
-66.4193
-66.4193
-66.4193
)
;
    }
    atmosphere
    {
        type            fixedFluxPressure;
        gradient        uniform 0;
        value           nonuniform List<scalar> 
75
(
-66.4749
-66.4713
-66.4679
-66.4647
-66.4616
-66.4588
-66.4561
-66.4536
-66.4512
-66.449
-66.447
-66.445
-66.4432
-66.4416
-66.44
-66.4385
-66.4372
-66.4359
-66.4347
-66.4336
-66.4326
-66.4316
-66.4308
-66.4299
-66.4292
-66.4285
-66.4278
-66.4272
-66.4266
-66.4261
-66.4256
-66.4252
-66.4248
-66.4244
-66.424
-66.4237
-66.4234
-66.4231
-66.4229
-66.4226
-66.4224
-66.4222
-66.422
-66.4218
-66.4217
-66.4215
-66.4214
-66.4213
-66.4211
-66.421
-66.4209
-66.4208
-66.4208
-66.4207
-66.4206
-66.4205
-66.4205
-66.4204
-66.4204
-66.4203
-66.4203
-66.4202
-66.4202
-66.4202
-66.4201
-66.4201
-66.4201
-66.4201
-66.4201
-66.4201
-66.42
-66.42
-66.42
-66.42
-66.42
)
;
    }
    defaultFaces
    {
        type            empty;
    }
    procBoundary3to2
    {
        type            processor;
        value           nonuniform List<scalar> 
40
(
-66.3339
-66.3348
-66.3367
-66.3396
-66.3433
-66.3478
-66.353
-66.3587
-66.3648
-66.3712
-66.3778
-66.3845
-66.3911
-66.3977
-66.4041
-66.4103
-66.4163
-66.4221
-66.4275
-66.4326
-66.4375
-66.442
-66.4463
-66.4502
-66.4538
-66.4572
-66.4603
-66.4631
-66.4656
-66.4679
-66.47
-66.4718
-66.4734
-66.4748
-66.4759
-66.4769
-66.4776
-66.4782
-66.4786
-66.4787
)
;
    }
}


// ************************************************************************* //
