/*--------------------------------*- C++ -*----------------------------------*\
| =========                 |                                                 |
| \\      /  F ield         | OpenFOAM: The Open Source CFD Toolbox           |
|  \\    /   O peration     | Version:  2606                                  |
|   \\  /    A nd           | Website:  www.openfoam.com                      |
|    \\/     M anipulation  |                                                 |
\*---------------------------------------------------------------------------*/
FoamFile
{
    version     2.0;
    format      ascii;
    arch        "LSB;label=32;scalar=64";
    class       volScalarField;
    location    "0.15";
    object      p_rgh;
}
// * * * * * * * * * * * * * * * * * * * * * * * * * * * * * * * * * * * * * //

dimensions      [1 -1 -2 0 0 0 0];

internalField   nonuniform List<scalar> 
3000
(
14.0176
14.2525
13.7529
12.6218
10.9827
8.9282
6.49284
3.67615
0.468363
-3.1425
-7.16774
-11.6149
-16.4878
-21.787
-27.5104
-33.6515
-40.1986
-47.1336
-54.4312
-62.0589
-69.977
-78.1391
-86.4929
-94.9819
-103.548
-112.127
-120.645
-129.031
-137.225
-145.168
-152.803
-160.123
-167.147
-173.809
-179.993
-185.754
-191.352
-196.993
-202.558
-207.572
-211.729
-215.386
-219.059
-222.821
-226.321
-229.313
-232.074
-235.056
-238.314
-241.37
-243.766
-245.625
-246.934
-247.701
-248.285
-249.02
-250.079
-251.696
-254.405
-258.654
-263.672
-267.838
-270.176
-270.84
-270.49
-274.366
-298.743
-319.558
-323.567
-324.515
-324.767
-324.878
-324.968
-325.046
-325.112
13.8047
14.0331
13.518
12.3768
10.7368
8.68283
6.24371
3.41797
0.195907
-3.4341
-7.48259
-11.9568
-16.8607
-22.1958
-27.9604
-34.1485
-40.7485
-47.7418
-55.1027
-62.7973
-70.7846
-79.0171
-87.44
-95.9948
-104.625
-113.266
-121.838
-130.278
-138.53
-146.483
-154.061
-161.345
-168.434
-175.172
-181.28
-186.876
-192.374
-198.015
-203.648
-208.627
-212.545
-216.087
-219.961
-224.043
-227.622
-230.42
-233.045
-236.137
-239.598
-242.576
-244.578
-246.169
-247.052
-247.413
-247.744
-248.304
-249.282
-251.074
-254.38
-259.712
-265.894
-271.549
-275.318
-278.336
-279.68
-283.207
-307.375
-324.747
-324.814
-324.821
-324.853
-324.895
-324.974
-325.054
-325.121
13.3924
13.5997
13.0508
11.8892
10.2456
8.19028
5.74186
2.89641
-0.355582
-4.02469
-8.12019
-12.649
-17.6159
-23.0239
-28.8725
-35.1565
-41.8641
-48.9765
-56.4664
-64.2974
-72.4263
-80.8041
-89.3701
-98.0625
-106.838
-115.609
-124.265
-132.791
-141.174
-149.184
-156.663
-163.857
-170.953
-177.592
-183.344
-188.678
-194.447
-200.983
-207.38
-212.027
-214.939
-217.689
-221.542
-226.511
-230.77
-233.368
-236.059
-240.829
-247.837
-254.023
-258.98
-265.107
-266.464
-265.094
-263.821
-264.124
-265.442
-267.609
-274.075
-291.165
-311.704
-322.579
-325.823
-325.967
-325.965
-326.354
-326.442
-323.673
-324.333
-325.459
-325.14
-325.041
-325.065
-325.113
-325.162
12.7913
12.9678
12.3708
11.1805
9.52983
7.46932
5.00419
2.12728
-1.17025
-4.89745
-9.06233
-13.6719
-18.7327
-24.2499
-30.2253
-36.6544
-43.5257
-50.8201
-58.5095
-66.5528
-74.9045
-83.519
-92.3031
-101.185
-110.186
-119.149
-127.877
-136.472
-144.932
-152.854
-160.3
-167.951
-175.849
-182.564
-187.3
-191.528
-197.325
-207.569
-221.888
-231.915
-239.425
-249.174
-262.146
-276.758
-286.724
-291.142
-295.946
-304.83
-317.486
-325.513
-325.729
-325.762
-325.786
-325.799
-325.823
-325.862
-325.909
-325.955
-325.992
-326.016
-326.032
-326.047
-326.041
-326.017
-326.027
-325.874
-324.192
-324.618
-325.74
-325.921
-325.451
-325.26
-325.207
-325.207
-325.226
12.0229
12.1581
11.5007
10.2745
8.6114
6.53822
4.04586
1.12397
-2.23541
-6.03967
-10.296
-15.0121
-20.1975
-25.8615
-32.0088
-38.6372
-45.7358
-53.2863
-61.2619
-69.5981
-78.2457
-87.1829
-96.2133
-105.251
-114.497
-123.638
-132.607
-141.881
-151.186
-158.542
-165.893
-176.832
-194.065
-211.277
-226.003
-240.943
-258.576
-285.32
-317.023
-325.569
-325.645
-325.648
-325.652
-325.657
-325.666
-325.675
-325.682
-325.694
-325.709
-325.704
-325.701
-325.715
-325.739
-325.771
-325.811
-325.858
-325.907
-325.956
-326.002
-326.038
-326.064
-326.083
-326.079
-326.081
-326.119
-326.272
-326.479
-326.627
-326.559
-326.098
-325.66
-325.439
-325.34
-325.303
-325.296
11.1129
11.1945
10.4661
9.19801
7.51506
5.41885
2.88673
-0.0944776
-3.53182
-7.43145
-11.8005
-16.6483
-21.9892
-27.84
-34.2097
-41.1
-48.4949
-56.375
-64.7167
-73.3706
-82.3111
-91.6169
-100.972
-110.43
-120.573
-129.828
-139.822
-157.383
-184.86
-210.228
-237.686
-269.934
-308.018
-325.575
-325.693
-325.678
-325.668
-325.667
-325.671
-325.644
-325.627
-325.63
-325.637
-325.65
-325.662
-325.673
-325.683
-325.696
-325.708
-325.698
-325.693
-325.705
-325.735
-325.773
-325.816
-325.86
-325.905
-325.948
-325.985
-326.013
-326.032
-326.043
-326.053
-326.069
-326.118
-326.255
-326.391
-326.422
-326.286
-325.999
-325.713
-325.536
-325.436
-325.384
-325.361
10.0845
10.1042
9.29707
7.97983
6.26667
4.13611
1.5519
-1.5025
-5.03313
-9.04587
-13.5484
-18.5508
-24.0765
-30.156
-36.7988
-44.0023
-51.7189
-59.9549
-68.6896
-77.744
-87.1765
-97.5323
-107.269
-122.339
-153.377
-188.455
-230.913
-281.994
-325.539
-325.749
-325.699
-325.684
-325.678
-325.669
-325.666
-325.663
-325.66
-325.665
-325.665
-325.646
-325.63
-325.631
-325.643
-325.655
-325.666
-325.676
-325.686
-325.696
-325.706
-325.709
-325.713
-325.724
-325.744
-325.774
-325.808
-325.845
-325.884
-325.921
-325.953
-325.979
-325.999
-326.013
-326.024
-326.037
-326.067
-326.128
-326.189
-326.173
-326.057
-325.879
-325.708
-325.583
-325.498
-325.445
-325.415
8.98152
8.91629
8.02984
6.66147
4.9083
2.73276
0.0852398
-3.05562
-6.69633
-10.8434
-15.5014
-20.6727
-26.3897
-32.7313
-39.6899
-47.2103
-55.2991
-64.0062
-73.6403
-83.9117
-103.778
-145.634
-194.702
-252.162
-315.44
-325.691
-325.744
-325.725
-325.699
-325.703
-325.697
-325.687
-325.679
-325.668
-325.662
-325.659
-325.658
-325.663
-325.664
-325.653
-325.645
-325.645
-325.65
-325.66
-325.67
-325.679
-325.688
-325.697
-325.705
-325.712
-325.72
-325.733
-325.751
-325.775
-325.802
-325.832
-325.862
-325.891
-325.918
-325.939
-325.955
-325.968
-325.98
-325.992
-326.009
-326.028
-326.036
-326.003
-325.922
-325.811
-325.7
-325.608
-325.539
-325.49
-325.458
7.86045
7.63427
6.67693
5.25917
3.46672
1.23988
-1.48287
-4.72367
-8.49186
-12.7985
-17.6543
-23.0021
-28.8846
-35.5423
-42.9191
-51.1191
-63.4945
-89.3282
-139.544
-200.815
-264.303
-325.081
-325.757
-325.74
-325.709
-325.722
-325.732
-325.729
-325.714
-325.709
-325.703
-325.691
-325.682
-325.674
-325.668
-325.663
-325.661
-325.662
-325.663
-325.659
-325.656
-325.657
-325.662
-325.668
-325.675
-325.683
-325.691
-325.7
-325.708
-325.716
-325.726
-325.738
-325.754
-325.773
-325.795
-325.819
-325.843
-325.866
-325.887
-325.904
-325.919
-325.929
-325.938
-325.946
-325.953
-325.955
-325.944
-325.909
-325.849
-325.772
-325.693
-325.623
-325.566
-325.522
-325.491
6.70348
6.247
5.22548
3.70114
1.85228
-0.406986
-3.19668
-6.54747
-10.4516
-14.9402
-20.0968
-25.6815
-34.9503
-54.573
-89.0229
-147.259
-215.503
-280.367
-325.527
-325.743
-325.757
-325.719
-325.736
-325.739
-325.735
-325.736
-325.739
-325.739
-325.732
-325.722
-325.71
-325.697
-325.687
-325.679
-325.673
-325.668
-325.666
-325.666
-325.665
-325.664
-325.663
-325.665
-325.668
-325.673
-325.679
-325.686
-325.693
-325.701
-325.709
-325.718
-325.728
-325.739
-325.754
-325.77
-325.788
-325.806
-325.825
-325.843
-325.86
-325.874
-325.885
-325.893
-325.899
-325.903
-325.904
-325.898
-325.881
-325.849
-325.801
-325.744
-325.685
-325.631
-325.584
-325.546
-325.517
6.25899
4.44866
3.48321
1.92955
-0.188238
-3.33572
-9.03024
-18.7717
-34.0305
-56.8378
-88.9736
-134.65
-195.287
-252.145
-301.328
-325.536
-325.656
-325.666
-325.667
-325.711
-325.736
-325.738
-325.736
-325.731
-325.731
-325.745
-325.746
-325.743
-325.737
-325.726
-325.713
-325.7
-325.69
-325.683
-325.677
-325.674
-325.671
-325.67
-325.669
-325.668
-325.669
-325.67
-325.673
-325.678
-325.683
-325.689
-325.696
-325.703
-325.71
-325.719
-325.728
-325.739
-325.751
-325.765
-325.78
-325.795
-325.81
-325.824
-325.837
-325.848
-325.856
-325.862
-325.866
-325.866
-325.862
-325.852
-325.834
-325.805
-325.768
-325.724
-325.678
-325.634
-325.596
-325.563
-325.536
-53.8199
-96.8203
-97.6988
-111.089
-129.922
-156.271
-186.772
-218.787
-251.149
-281.616
-307.73
-325.522
-325.61
-325.604
-325.6
-325.609
-325.639
-325.668
-325.691
-325.672
-325.617
-325.672
-325.701
-325.712
-325.735
-325.747
-325.745
-325.74
-325.732
-325.722
-325.711
-325.701
-325.692
-325.686
-325.681
-325.677
-325.675
-325.674
-325.673
-325.672
-325.673
-325.675
-325.677
-325.681
-325.686
-325.691
-325.697
-325.704
-325.711
-325.719
-325.727
-325.737
-325.748
-325.759
-325.771
-325.784
-325.796
-325.807
-325.817
-325.825
-325.831
-325.835
-325.836
-325.834
-325.827
-325.816
-325.798
-325.774
-325.743
-325.708
-325.671
-325.636
-325.603
-325.575
-325.551
-296.82
-313.669
-315.085
-321.915
-325.609
-325.627
-325.613
-325.6
-325.597
-325.596
-325.596
-325.583
-325.596
-325.601
-325.608
-325.62
-325.643
-325.596
-325.506
-325.417
-325.439
-325.479
-325.709
-325.745
-325.753
-325.745
-325.739
-325.733
-325.725
-325.716
-325.708
-325.7
-325.693
-325.687
-325.683
-325.68
-325.678
-325.676
-325.676
-325.676
-325.676
-325.678
-325.681
-325.684
-325.688
-325.693
-325.698
-325.704
-325.711
-325.718
-325.726
-325.734
-325.743
-325.753
-325.763
-325.773
-325.783
-325.791
-325.799
-325.805
-325.809
-325.811
-325.81
-325.806
-325.799
-325.787
-325.771
-325.749
-325.724
-325.695
-325.665
-325.636
-325.609
-325.584
-325.563
-325.596
-325.588
-325.59
-325.591
-325.602
-325.61
-325.607
-325.602
-325.6
-325.598
-325.597
-325.594
-325.598
-325.605
-325.617
-325.633
-325.554
-325.324
-325.388
-325.423
-325.445
-325.704
-325.781
-325.766
-325.75
-325.74
-325.733
-325.726
-325.719
-325.712
-325.705
-325.698
-325.693
-325.688
-325.685
-325.682
-325.68
-325.679
-325.678
-325.678
-325.679
-325.681
-325.683
-325.686
-325.69
-325.694
-325.699
-325.704
-325.71
-325.717
-325.723
-325.731
-325.739
-325.747
-325.755
-325.763
-325.771
-325.777
-325.783
-325.787
-325.79
-325.79
-325.788
-325.783
-325.775
-325.764
-325.749
-325.73
-325.709
-325.685
-325.66
-325.635
-325.612
-325.59
-325.571
-325.595
-325.592
-325.594
-325.596
-325.601
-325.605
-325.605
-325.603
-325.602
-325.601
-325.6
-325.6
-325.604
-325.611
-325.625
-325.634
-325.354
-325.313
-325.399
-325.602
-325.803
-325.792
-325.772
-325.756
-325.743
-325.734
-325.727
-325.72
-325.714
-325.708
-325.702
-325.697
-325.692
-325.689
-325.686
-325.683
-325.682
-325.681
-325.68
-325.68
-325.681
-325.683
-325.685
-325.688
-325.691
-325.695
-325.699
-325.704
-325.709
-325.715
-325.721
-325.727
-325.734
-325.74
-325.747
-325.754
-325.76
-325.765
-325.769
-325.772
-325.773
-325.772
-325.769
-325.764
-325.756
-325.745
-325.731
-325.715
-325.696
-325.676
-325.655
-325.634
-325.614
-325.595
-325.578
-325.596
-325.596
-325.597
-325.599
-325.601
-325.603
-325.604
-325.604
-325.604
-325.603
-325.604
-325.605
-325.608
-325.616
-325.629
-325.635
-325.547
-325.545
-325.75
-325.764
-325.766
-325.759
-325.749
-325.74
-325.732
-325.725
-325.72
-325.714
-325.709
-325.704
-325.7
-325.696
-325.692
-325.689
-325.686
-325.684
-325.683
-325.682
-325.682
-325.682
-325.683
-325.684
-325.686
-325.689
-325.692
-325.695
-325.699
-325.703
-325.708
-325.713
-325.718
-325.723
-325.729
-325.734
-325.74
-325.745
-325.749
-325.753
-325.756
-325.758
-325.758
-325.756
-325.753
-325.747
-325.739
-325.729
-325.717
-325.703
-325.686
-325.669
-325.651
-325.633
-325.615
-325.599
-325.583
-325.598
-325.598
-325.599
-325.6
-325.602
-325.604
-325.605
-325.605
-325.605
-325.606
-325.607
-325.608
-325.612
-325.619
-325.63
-325.647
-325.674
-325.701
-325.719
-325.73
-325.733
-325.732
-325.729
-325.725
-325.721
-325.717
-325.712
-325.708
-325.704
-325.701
-325.697
-325.694
-325.691
-325.688
-325.686
-325.685
-325.684
-325.683
-325.683
-325.683
-325.684
-325.685
-325.687
-325.689
-325.692
-325.695
-325.698
-325.702
-325.706
-325.71
-325.715
-325.719
-325.724
-325.729
-325.733
-325.737
-325.74
-325.743
-325.745
-325.745
-325.744
-325.742
-325.739
-325.733
-325.725
-325.716
-325.705
-325.692
-325.678
-325.663
-325.647
-325.631
-325.616
-325.601
-325.588
-325.6
-325.6
-325.601
-325.602
-325.603
-325.604
-325.605
-325.606
-325.607
-325.608
-325.609
-325.611
-325.615
-325.621
-325.631
-325.645
-325.663
-325.681
-325.695
-325.705
-325.711
-325.713
-325.714
-325.713
-325.711
-325.708
-325.706
-325.703
-325.7
-325.697
-325.694
-325.692
-325.69
-325.688
-325.686
-325.685
-325.684
-325.684
-325.684
-325.684
-325.685
-325.686
-325.688
-325.69
-325.692
-325.695
-325.698
-325.701
-325.704
-325.708
-325.712
-325.716
-325.719
-325.723
-325.726
-325.729
-325.732
-325.733
-325.734
-325.734
-325.733
-325.73
-325.726
-325.721
-325.714
-325.705
-325.695
-325.683
-325.671
-325.658
-325.644
-325.63
-325.616
-325.603
-325.591
-325.602
-325.602
-325.603
-325.603
-325.604
-325.605
-325.607
-325.608
-325.609
-325.61
-325.612
-325.614
-325.618
-325.624
-325.632
-325.642
-325.656
-325.669
-325.68
-325.69
-325.696
-325.7
-325.702
-325.702
-325.702
-325.701
-325.699
-325.698
-325.696
-325.694
-325.692
-325.69
-325.688
-325.687
-325.685
-325.685
-325.684
-325.684
-325.684
-325.684
-325.685
-325.686
-325.688
-325.69
-325.692
-325.694
-325.697
-325.699
-325.702
-325.705
-325.709
-325.712
-325.715
-325.718
-325.72
-325.722
-325.724
-325.725
-325.725
-325.724
-325.723
-325.72
-325.716
-325.71
-325.704
-325.696
-325.686
-325.676
-325.665
-325.653
-325.641
-325.628
-325.616
-325.604
-325.593
-325.603
-325.604
-325.604
-325.605
-325.606
-325.607
-325.608
-325.609
-325.61
-325.612
-325.614
-325.617
-325.621
-325.626
-325.633
-325.641
-325.651
-325.662
-325.671
-325.679
-325.685
-325.689
-325.692
-325.694
-325.694
-325.694
-325.694
-325.693
-325.692
-325.69
-325.689
-325.688
-325.687
-325.686
-325.685
-325.684
-325.684
-325.684
-325.684
-325.684
-325.685
-325.686
-325.688
-325.689
-325.691
-325.693
-325.695
-325.698
-325.7
-325.703
-325.705
-325.708
-325.71
-325.712
-325.714
-325.716
-325.717
-325.717
-325.717
-325.716
-325.714
-325.711
-325.707
-325.701
-325.695
-325.687
-325.679
-325.67
-325.66
-325.649
-325.638
-325.627
-325.616
-325.605
-325.595
-325.605
-325.605
-325.605
-325.606
-325.607
-325.608
-325.609
-325.61
-325.612
-325.614
-325.616
-325.619
-325.623
-325.628
-325.633
-325.641
-325.648
-325.657
-325.664
-325.671
-325.677
-325.681
-325.685
-325.687
-325.688
-325.689
-325.689
-325.689
-325.688
-325.687
-325.687
-325.686
-325.685
-325.684
-325.684
-325.684
-325.683
-325.683
-325.684
-325.684
-325.685
-325.686
-325.687
-325.689
-325.69
-325.692
-325.694
-325.696
-325.698
-325.7
-325.702
-325.704
-325.706
-325.708
-325.709
-325.71
-325.71
-325.71
-325.71
-325.708
-325.706
-325.703
-325.698
-325.693
-325.687
-325.68
-325.673
-325.664
-325.655
-325.646
-325.636
-325.626
-325.616
-325.606
-325.597
-325.606
-325.606
-325.607
-325.607
-325.608
-325.609
-325.61
-325.612
-325.614
-325.616
-325.618
-325.621
-325.624
-325.629
-325.634
-325.64
-325.646
-325.653
-325.66
-325.666
-325.671
-325.675
-325.678
-325.681
-325.683
-325.684
-325.684
-325.685
-325.685
-325.685
-325.684
-325.684
-325.683
-325.683
-325.683
-325.683
-325.683
-325.683
-325.683
-325.684
-325.685
-325.686
-325.687
-325.688
-325.689
-325.691
-325.692
-325.694
-325.696
-325.698
-325.699
-325.701
-325.702
-325.703
-325.704
-325.705
-325.705
-325.704
-325.703
-325.701
-325.699
-325.696
-325.691
-325.687
-325.681
-325.674
-325.667
-325.659
-325.651
-325.642
-325.633
-325.624
-325.615
-325.606
-325.598
-325.607
-325.608
-325.608
-325.609
-325.609
-325.61
-325.612
-325.613
-325.615
-325.617
-325.619
-325.622
-325.626
-325.63
-325.634
-325.639
-325.645
-325.651
-325.656
-325.661
-325.666
-325.67
-325.673
-325.676
-325.678
-325.68
-325.681
-325.681
-325.682
-325.682
-325.682
-325.682
-325.682
-325.682
-325.682
-325.682
-325.682
-325.682
-325.683
-325.683
-325.684
-325.685
-325.686
-325.687
-325.688
-325.689
-325.691
-325.692
-325.694
-325.695
-325.696
-325.697
-325.698
-325.699
-325.7
-325.7
-325.699
-325.699
-325.697
-325.695
-325.693
-325.689
-325.685
-325.681
-325.675
-325.669
-325.662
-325.655
-325.648
-325.64
-325.631
-325.623
-325.615
-325.607
-325.599
-325.609
-325.609
-325.609
-325.61
-325.611
-325.612
-325.613
-325.614
-325.616
-325.618
-325.621
-325.623
-325.627
-325.63
-325.634
-325.639
-325.644
-325.649
-325.654
-325.658
-325.662
-325.666
-325.669
-325.672
-325.674
-325.676
-325.677
-325.678
-325.679
-325.68
-325.68
-325.68
-325.68
-325.68
-325.681
-325.681
-325.681
-325.682
-325.682
-325.683
-325.683
-325.684
-325.685
-325.686
-325.687
-325.688
-325.689
-325.69
-325.691
-325.693
-325.694
-325.694
-325.695
-325.695
-325.695
-325.695
-325.695
-325.693
-325.692
-325.69
-325.687
-325.684
-325.68
-325.675
-325.67
-325.664
-325.658
-325.652
-325.645
-325.637
-325.63
-325.622
-325.614
-325.607
-325.599
-325.61
-325.61
-325.61
-325.611
-325.612
-325.613
-325.614
-325.616
-325.617
-325.619
-325.622
-325.624
-325.627
-325.631
-325.635
-325.639
-325.643
-325.647
-325.652
-325.656
-325.66
-325.663
-325.666
-325.669
-325.671
-325.673
-325.674
-325.676
-325.677
-325.677
-325.678
-325.678
-325.679
-325.679
-325.68
-325.68
-325.68
-325.681
-325.681
-325.682
-325.683
-325.683
-325.684
-325.685
-325.686
-325.687
-325.688
-325.689
-325.689
-325.69
-325.691
-325.691
-325.692
-325.692
-325.692
-325.691
-325.69
-325.689
-325.687
-325.685
-325.682
-325.679
-325.675
-325.671
-325.666
-325.66
-325.655
-325.648
-325.642
-325.635
-325.628
-325.621
-325.614
-325.607
-325.6
-325.611
-325.611
-325.611
-325.612
-325.613
-325.614
-325.615
-325.617
-325.618
-325.62
-325.623
-325.625
-325.628
-325.631
-325.635
-325.638
-325.642
-325.646
-325.65
-325.654
-325.657
-325.661
-325.664
-325.666
-325.668
-325.67
-325.672
-325.673
-325.674
-325.675
-325.676
-325.677
-325.677
-325.678
-325.678
-325.679
-325.679
-325.68
-325.68
-325.681
-325.682
-325.682
-325.683
-325.684
-325.685
-325.685
-325.686
-325.687
-325.687
-325.688
-325.688
-325.689
-325.689
-325.689
-325.688
-325.687
-325.686
-325.685
-325.683
-325.681
-325.678
-325.675
-325.671
-325.667
-325.662
-325.657
-325.651
-325.646
-325.639
-325.633
-325.627
-325.62
-325.613
-325.607
-325.6
-325.612
-325.612
-325.612
-325.613
-325.614
-325.615
-325.616
-325.618
-325.619
-325.621
-325.623
-325.626
-325.629
-325.631
-325.635
-325.638
-325.642
-325.645
-325.649
-325.652
-325.655
-325.658
-325.661
-325.664
-325.666
-325.668
-325.67
-325.671
-325.673
-325.674
-325.675
-325.675
-325.676
-325.677
-325.677
-325.678
-325.678
-325.679
-325.68
-325.68
-325.681
-325.681
-325.682
-325.683
-325.683
-325.684
-325.685
-325.685
-325.685
-325.686
-325.686
-325.686
-325.686
-325.686
-325.685
-325.684
-325.683
-325.681
-325.679
-325.677
-325.674
-325.671
-325.667
-325.663
-325.659
-325.654
-325.649
-325.643
-325.637
-325.631
-325.625
-325.619
-325.613
-325.607
-325.6
-325.613
-325.613
-325.613
-325.614
-325.615
-325.616
-325.617
-325.618
-325.62
-325.622
-325.624
-325.626
-325.629
-325.632
-325.635
-325.638
-325.641
-325.644
-325.648
-325.651
-325.654
-325.657
-325.659
-325.662
-325.664
-325.666
-325.668
-325.669
-325.671
-325.672
-325.673
-325.674
-325.675
-325.676
-325.676
-325.677
-325.677
-325.678
-325.679
-325.679
-325.68
-325.68
-325.681
-325.682
-325.682
-325.683
-325.683
-325.683
-325.684
-325.684
-325.684
-325.684
-325.683
-325.683
-325.682
-325.681
-325.68
-325.678
-325.676
-325.673
-325.671
-325.667
-325.664
-325.66
-325.656
-325.651
-325.646
-325.641
-325.635
-325.63
-325.624
-325.618
-325.612
-325.606
-325.601
-325.614
-325.614
-325.614
-325.615
-325.616
-325.617
-325.618
-325.619
-325.621
-325.623
-325.625
-325.627
-325.629
-325.632
-325.635
-325.638
-325.641
-325.644
-325.647
-325.65
-325.653
-325.655
-325.658
-325.66
-325.663
-325.665
-325.666
-325.668
-325.669
-325.671
-325.672
-325.673
-325.674
-325.674
-325.675
-325.676
-325.677
-325.677
-325.678
-325.678
-325.679
-325.679
-325.68
-325.68
-325.681
-325.681
-325.682
-325.682
-325.682
-325.682
-325.682
-325.682
-325.681
-325.68
-325.679
-325.678
-325.677
-325.675
-325.673
-325.67
-325.667
-325.664
-325.661
-325.657
-325.653
-325.648
-325.644
-325.639
-325.634
-325.628
-325.623
-325.617
-325.612
-325.606
-325.601
-325.614
-325.615
-325.615
-325.616
-325.616
-325.617
-325.618
-325.62
-325.621
-325.623
-325.625
-325.627
-325.63
-325.632
-325.635
-325.637
-325.64
-325.643
-325.646
-325.649
-325.652
-325.654
-325.657
-325.659
-325.661
-325.663
-325.665
-325.667
-325.668
-325.669
-325.67
-325.672
-325.673
-325.673
-325.674
-325.675
-325.676
-325.676
-325.677
-325.678
-325.678
-325.679
-325.679
-325.679
-325.68
-325.68
-325.68
-325.68
-325.68
-325.68
-325.68
-325.68
-325.679
-325.678
-325.677
-325.676
-325.674
-325.672
-325.67
-325.668
-325.665
-325.662
-325.658
-325.655
-325.651
-325.646
-325.642
-325.637
-325.632
-325.627
-325.622
-325.617
-325.611
-325.606
-325.601
-325.615
-325.615
-325.616
-325.616
-325.617
-325.618
-325.619
-325.62
-325.622
-325.624
-325.626
-325.628
-325.63
-325.632
-325.635
-325.637
-325.64
-325.643
-325.645
-325.648
-325.651
-325.653
-325.656
-325.658
-325.66
-325.662
-325.664
-325.665
-325.667
-325.668
-325.669
-325.671
-325.672
-325.673
-325.673
-325.674
-325.675
-325.676
-325.676
-325.677
-325.677
-325.678
-325.678
-325.678
-325.679
-325.679
-325.679
-325.679
-325.679
-325.679
-325.678
-325.678
-325.677
-325.676
-325.675
-325.674
-325.672
-325.67
-325.668
-325.665
-325.662
-325.659
-325.656
-325.652
-325.649
-325.644
-325.64
-325.636
-325.631
-325.626
-325.621
-325.616
-325.611
-325.606
-325.601
-325.616
-325.616
-325.616
-325.617
-325.618
-325.619
-325.62
-325.621
-325.622
-325.624
-325.626
-325.628
-325.63
-325.632
-325.635
-325.637
-325.64
-325.642
-325.645
-325.647
-325.65
-325.652
-325.655
-325.657
-325.659
-325.661
-325.663
-325.664
-325.666
-325.667
-325.668
-325.67
-325.671
-325.672
-325.673
-325.673
-325.674
-325.675
-325.675
-325.676
-325.676
-325.677
-325.677
-325.678
-325.678
-325.678
-325.678
-325.678
-325.678
-325.677
-325.677
-325.676
-325.675
-325.674
-325.673
-325.672
-325.67
-325.668
-325.666
-325.663
-325.66
-325.657
-325.654
-325.651
-325.647
-325.643
-325.639
-325.634
-325.63
-325.625
-325.62
-325.616
-325.611
-325.606
-325.601
-325.616
-325.617
-325.617
-325.617
-325.618
-325.619
-325.62
-325.622
-325.623
-325.625
-325.626
-325.628
-325.63
-325.633
-325.635
-325.637
-325.64
-325.642
-325.645
-325.647
-325.649
-325.652
-325.654
-325.656
-325.658
-325.66
-325.662
-325.663
-325.665
-325.666
-325.668
-325.669
-325.67
-325.671
-325.672
-325.673
-325.673
-325.674
-325.675
-325.675
-325.676
-325.676
-325.676
-325.677
-325.677
-325.677
-325.677
-325.677
-325.676
-325.676
-325.675
-325.675
-325.674
-325.673
-325.671
-325.67
-325.668
-325.666
-325.664
-325.661
-325.659
-325.656
-325.652
-325.649
-325.645
-325.641
-325.637
-325.633
-325.629
-325.624
-325.62
-325.615
-325.61
-325.606
-325.601
-325.617
-325.617
-325.617
-325.618
-325.619
-325.62
-325.621
-325.622
-325.623
-325.625
-325.627
-325.629
-325.631
-325.633
-325.635
-325.637
-325.64
-325.642
-325.644
-325.647
-325.649
-325.651
-325.653
-325.655
-325.657
-325.659
-325.661
-325.663
-325.664
-325.666
-325.667
-325.668
-325.669
-325.67
-325.671
-325.672
-325.673
-325.673
-325.674
-325.675
-325.675
-325.675
-325.676
-325.676
-325.676
-325.676
-325.676
-325.676
-325.675
-325.675
-325.674
-325.674
-325.673
-325.671
-325.67
-325.668
-325.667
-325.665
-325.662
-325.66
-325.657
-325.654
-325.651
-325.648
-325.644
-325.64
-325.636
-325.632
-325.628
-325.624
-325.619
-325.615
-325.61
-325.605
-325.601
-325.617
-325.618
-325.618
-325.618
-325.619
-325.62
-325.621
-325.622
-325.624
-325.625
-325.627
-325.629
-325.631
-325.633
-325.635
-325.637
-325.639
-325.642
-325.644
-325.646
-325.649
-325.651
-325.653
-325.655
-325.657
-325.659
-325.66
-325.662
-325.664
-325.665
-325.666
-325.668
-325.669
-325.67
-325.671
-325.671
-325.672
-325.673
-325.674
-325.674
-325.675
-325.675
-325.675
-325.675
-325.675
-325.675
-325.675
-325.675
-325.675
-325.674
-325.673
-325.672
-325.671
-325.67
-325.669
-325.667
-325.665
-325.663
-325.661
-325.659
-325.656
-325.653
-325.65
-325.646
-325.643
-325.639
-325.635
-325.631
-325.627
-325.623
-325.619
-325.614
-325.61
-325.605
-325.601
-325.618
-325.618
-325.618
-325.619
-325.62
-325.62
-325.622
-325.623
-325.624
-325.626
-325.627
-325.629
-325.631
-325.633
-325.635
-325.637
-325.639
-325.642
-325.644
-325.646
-325.648
-325.65
-325.652
-325.654
-325.656
-325.658
-325.66
-325.662
-325.663
-325.665
-325.666
-325.667
-325.668
-325.669
-325.67
-325.671
-325.672
-325.672
-325.673
-325.674
-325.674
-325.674
-325.675
-325.675
-325.675
-325.675
-325.675
-325.674
-325.674
-325.673
-325.673
-325.672
-325.671
-325.669
-325.668
-325.666
-325.664
-325.662
-325.66
-325.658
-325.655
-325.652
-325.649
-325.646
-325.642
-325.638
-325.635
-325.631
-325.627
-325.622
-325.618
-325.614
-325.61
-325.605
-325.601
-325.618
-325.618
-325.619
-325.619
-325.62
-325.621
-325.622
-325.623
-325.624
-325.626
-325.628
-325.629
-325.631
-325.633
-325.635
-325.637
-325.639
-325.642
-325.644
-325.646
-325.648
-325.65
-325.652
-325.654
-325.656
-325.658
-325.66
-325.661
-325.663
-325.664
-325.665
-325.667
-325.668
-325.669
-325.67
-325.671
-325.671
-325.672
-325.673
-325.673
-325.674
-325.674
-325.674
-325.674
-325.674
-325.674
-325.674
-325.674
-325.673
-325.673
-325.672
-325.671
-325.67
-325.669
-325.667
-325.665
-325.664
-325.661
-325.659
-325.657
-325.654
-325.651
-325.648
-325.645
-325.641
-325.638
-325.634
-325.63
-325.626
-325.622
-325.618
-325.614
-325.609
-325.605
-325.601
-325.618
-325.619
-325.619
-325.62
-325.62
-325.621
-325.622
-325.623
-325.625
-325.626
-325.628
-325.629
-325.631
-325.633
-325.635
-325.637
-325.639
-325.641
-325.644
-325.646
-325.648
-325.65
-325.652
-325.654
-325.656
-325.658
-325.659
-325.661
-325.662
-325.664
-325.665
-325.666
-325.668
-325.669
-325.67
-325.67
-325.671
-325.672
-325.672
-325.673
-325.673
-325.674
-325.674
-325.674
-325.674
-325.674
-325.674
-325.673
-325.673
-325.672
-325.671
-325.67
-325.669
-325.668
-325.666
-325.665
-325.663
-325.661
-325.659
-325.656
-325.653
-325.651
-325.647
-325.644
-325.641
-325.637
-325.634
-325.63
-325.626
-325.622
-325.618
-325.613
-325.609
-325.605
-325.601
-325.619
-325.619
-325.619
-325.62
-325.62
-325.621
-325.622
-325.624
-325.625
-325.626
-325.628
-325.63
-325.631
-325.633
-325.635
-325.637
-325.639
-325.641
-325.644
-325.646
-325.648
-325.65
-325.652
-325.654
-325.656
-325.657
-325.659
-325.661
-325.662
-325.664
-325.665
-325.666
-325.667
-325.668
-325.669
-325.67
-325.671
-325.672
-325.672
-325.673
-325.673
-325.673
-325.674
-325.674
-325.674
-325.674
-325.673
-325.673
-325.672
-325.672
-325.671
-325.67
-325.669
-325.668
-325.666
-325.664
-325.662
-325.66
-325.658
-325.656
-325.653
-325.65
-325.647
-325.644
-325.64
-325.637
-325.633
-325.629
-325.626
-325.622
-325.617
-325.613
-325.609
-325.605
-325.601
-325.619
-325.619
-325.619
-325.62
-325.621
-325.622
-325.623
-325.624
-325.625
-325.626
-325.628
-325.63
-325.632
-325.633
-325.635
-325.637
-325.639
-325.641
-325.644
-325.646
-325.648
-325.65
-325.652
-325.654
-325.655
-325.657
-325.659
-325.661
-325.662
-325.663
-325.665
-325.666
-325.667
-325.668
-325.669
-325.67
-325.671
-325.672
-325.672
-325.673
-325.673
-325.673
-325.674
-325.674
-325.674
-325.673
-325.673
-325.673
-325.672
-325.672
-325.671
-325.67
-325.669
-325.667
-325.666
-325.664
-325.662
-325.66
-325.658
-325.655
-325.653
-325.65
-325.647
-325.644
-325.64
-325.637
-325.633
-325.629
-325.625
-325.621
-325.617
-325.613
-325.609
-325.605
-325.601
)
;

boundaryField
{
    leftWall
    {
        type            fixedFluxPressure;
        gradient        uniform 0;
        value           nonuniform List<scalar> 
40
(
14.0176
13.8047
13.3924
12.7913
12.0229
11.1129
10.0845
8.98152
7.86045
6.70348
6.25899
-53.8199
-296.82
-325.596
-325.595
-325.596
-325.598
-325.6
-325.602
-325.603
-325.605
-325.606
-325.607
-325.609
-325.61
-325.611
-325.612
-325.613
-325.614
-325.614
-325.615
-325.616
-325.616
-325.617
-325.617
-325.618
-325.618
-325.618
-325.619
-325.619
)
;
    }
    rightWall
    {
        type            fixedFluxPressure;
        gradient        nonuniform List<scalar> 0();
        value           nonuniform List<scalar> 0();
    }
    lowerWall
    {
        type            fixedFluxPressure;
        gradient        uniform 0;
        value           nonuniform List<scalar> 
75
(
14.0176
14.2525
13.7529
12.6218
10.9827
8.9282
6.49284
3.67615
0.468363
-3.1425
-7.16774
-11.6149
-16.4878
-21.787
-27.5104
-33.6515
-40.1986
-47.1336
-54.4312
-62.0589
-69.977
-78.1391
-86.4929
-94.9819
-103.548
-112.127
-120.645
-129.031
-137.225
-145.168
-152.803
-160.123
-167.147
-173.809
-179.993
-185.754
-191.352
-196.993
-202.558
-207.572
-211.729
-215.386
-219.059
-222.821
-226.321
-229.313
-232.074
-235.056
-238.314
-241.37
-243.766
-245.625
-246.934
-247.701
-248.285
-249.02
-250.079
-251.696
-254.405
-258.654
-263.672
-267.838
-270.176
-270.84
-270.49
-274.366
-298.743
-319.558
-323.567
-324.515
-324.767
-324.878
-324.968
-325.046
-325.112
)
;
    }
    atmosphere
    {
        type            fixedFluxPressure;
        gradient        uniform 0;
        value           nonuniform List<scalar> 
75
(
-325.619
-325.619
-325.619
-325.62
-325.621
-325.622
-325.623
-325.624
-325.625
-325.626
-325.628
-325.63
-325.632
-325.633
-325.635
-325.637
-325.639
-325.641
-325.644
-325.646
-325.648
-325.65
-325.652
-325.654
-325.655
-325.657
-325.659
-325.661
-325.662
-325.663
-325.665
-325.666
-325.667
-325.668
-325.669
-325.67
-325.671
-325.672
-325.672
-325.673
-325.673
-325.673
-325.674
-325.674
-325.674
-325.673
-325.673
-325.673
-325.672
-325.672
-325.671
-325.67
-325.669
-325.667
-325.666
-325.664
-325.662
-325.66
-325.658
-325.655
-325.653
-325.65
-325.647
-325.644
-325.64
-325.637
-325.633
-325.629
-325.625
-325.621
-325.617
-325.613
-325.609
-325.605
-325.601
)
;
    }
    defaultFaces
    {
        type            empty;
    }
    procBoundary0to1
    {
        type            processor;
        value           nonuniform List<scalar> 
40
(
-325.167
-325.175
-325.205
-325.251
-325.303
-325.354
-325.399
-325.437
-325.469
-325.495
-325.515
-325.531
-325.544
-325.555
-325.563
-325.57
-325.575
-325.579
-325.583
-325.585
-325.588
-325.589
-325.591
-325.592
-325.593
-325.594
-325.594
-325.595
-325.595
-325.596
-325.596
-325.596
-325.596
-325.596
-325.596
-325.597
-325.597
-325.597
-325.597
-325.597
)
;
    }
}


// ************************************************************************* //
