/*--------------------------------*- C++ -*----------------------------------*\
| =========                 |                                                 |
| \\      /  F ield         | OpenFOAM: The Open Source CFD Toolbox           |
|  \\    /   O peration     | Version:  2606                                  |
|   \\  /    A nd           | Website:  www.openfoam.com                      |
|    \\/     M anipulation  |                                                 |
\*---------------------------------------------------------------------------*/
FoamFile
{
    version     2.0;
    format      ascii;
    arch        "LSB;label=32;scalar=64";
    class       surfaceScalarField;
    location    "0.55";
    object      phi;
}
// * * * * * * * * * * * * * * * * * * * * * * * * * * * * * * * * * * * * * //

dimensions      [0 3 -1 0 0 0 0];

oriented        oriented;

internalField   nonuniform List<scalar> 
5885
(
7.0208e-06
-3.74998e-08
7.05377e-06
-3.29745e-08
7.08335e-06
-2.95773e-08
7.11181e-06
-2.84637e-08
7.1408e-06
-2.89859e-08
7.17223e-06
-3.14271e-08
7.20954e-06
-3.73103e-08
7.25403e-06
-4.44907e-08
7.29817e-06
-4.41454e-08
7.32856e-06
-3.03836e-08
7.33858e-06
-1.00223e-08
7.32948e-06
9.10244e-09
7.30963e-06
1.98486e-08
7.2928e-06
1.68306e-08
7.29444e-06
-1.64755e-09
7.31926e-06
-2.4819e-08
7.35715e-06
-3.78891e-08
7.39986e-06
-4.27117e-08
7.44227e-06
-4.24067e-08
7.48007e-06
-3.77991e-08
7.51001e-06
-2.99413e-08
7.53216e-06
-2.21533e-08
7.5511e-06
-1.89397e-08
7.57385e-06
-2.27473e-08
7.6073e-06
-3.34439e-08
7.65551e-06
-4.82185e-08
7.71592e-06
-6.04033e-08
7.77612e-06
-6.02067e-08
7.82058e-06
-4.44579e-08
7.84842e-06
-2.78422e-08
7.87678e-06
-2.83516e-08
7.9194e-06
-4.26222e-08
7.97584e-06
-5.64439e-08
8.03891e-06
-6.30652e-08
8.10002e-06
-6.11178e-08
8.15207e-06
-5.20432e-08
8.1927e-06
-4.06359e-08
8.22566e-06
-3.29517e-08
8.25691e-06
-3.12565e-08
8.28965e-06
-3.27339e-08
8.3229e-06
-3.32553e-08
8.35183e-06
-2.8931e-08
8.37249e-06
-2.06542e-08
8.38547e-06
-1.29869e-08
8.39242e-06
-6.94577e-09
8.39534e-06
-2.91842e-09
8.39849e-06
-3.15316e-09
8.40577e-06
-7.27821e-09
8.41965e-06
-1.38834e-08
8.44148e-06
-2.18302e-08
8.47157e-06
-3.00832e-08
8.50915e-06
-3.75815e-08
8.55238e-06
-4.32341e-08
8.59874e-06
-4.63565e-08
8.64609e-06
-4.73497e-08
8.69386e-06
-4.77721e-08
8.74297e-06
-4.91094e-08
8.79214e-06
-4.91735e-08
8.8342e-06
-4.2054e-08
8.86441e-06
-3.0213e-08
8.89131e-06
-2.6904e-08
8.92489e-06
-3.35799e-08
8.9661e-06
-4.12087e-08
9.01295e-06
-4.68472e-08
9.06212e-06
-4.91743e-08
9.11207e-06
-4.99468e-08
9.16619e-06
-5.41248e-08
9.23041e-06
-6.42125e-08
9.28692e-06
-5.65079e-08
9.30438e-06
-1.74696e-08
9.29835e-06
6.03546e-09
9.31446e-06
-1.61072e-08
9.35163e-06
-3.71766e-08
9.39851e-06
-4.68742e-08
-5.27465e-08
7.20024e-06
-8.41563e-08
7.23985e-06
-7.2585e-08
7.27399e-06
-6.37197e-08
7.30642e-06
-6.08931e-08
7.33784e-06
-6.0401e-08
7.36998e-06
-6.35703e-08
7.4127e-06
-8.00324e-08
7.47577e-06
-1.07558e-07
7.54833e-06
-1.16709e-07
7.60912e-06
-9.11736e-08
7.66749e-06
-6.83935e-08
7.72447e-06
-4.78751e-08
7.73488e-06
9.43665e-09
7.68187e-06
6.98455e-08
7.62277e-06
5.74517e-08
7.6027e-06
-4.75224e-09
7.61392e-06
-4.91033e-08
7.64741e-06
-7.62043e-08
7.69395e-06
-8.89502e-08
7.74328e-06
-8.71242e-08
7.78267e-06
-6.9331e-08
7.80402e-06
-4.35043e-08
7.81067e-06
-2.55919e-08
7.81552e-06
-2.75937e-08
7.83734e-06
-5.52635e-08
7.89392e-06
-1.04804e-07
7.98877e-06
-1.55248e-07
8.09476e-06
-1.66198e-07
8.1592e-06
-1.08903e-07
8.15963e-06
-2.82689e-08
8.14202e-06
-1.07458e-08
8.1578e-06
-5.8398e-08
8.22323e-06
-1.2188e-07
8.3282e-06
-1.68028e-07
8.44597e-06
-1.78891e-07
8.5412e-06
-1.47277e-07
8.58562e-06
-8.50547e-08
8.57948e-06
-2.68046e-08
8.55715e-06
-8.93239e-09
8.55456e-06
-3.01397e-08
8.59122e-06
-6.99152e-08
8.66294e-06
-1.00652e-07
8.745e-06
-1.02719e-07
8.81383e-06
-8.1816e-08
8.85357e-06
-4.66798e-08
8.85853e-06
-7.88165e-09
8.83375e-06
2.16272e-08
8.78657e-06
3.99016e-08
8.73335e-06
3.93349e-08
8.69145e-06
2.00739e-08
8.67334e-06
-1.1978e-08
8.68671e-06
-5.09497e-08
8.73434e-06
-9.08649e-08
8.81258e-06
-1.24592e-07
8.91209e-06
-1.46864e-07
9.02323e-06
-1.58911e-07
9.1437e-06
-1.69573e-07
9.28e-06
-1.8548e-07
9.43882e-06
-2.00875e-07
9.62284e-06
-2.14233e-07
9.84062e-06
-2.44685e-07
1.01146e-05
-3.07525e-07
1.04806e-05
-4.07206e-07
1.09701e-05
-5.36417e-07
1.15895e-05
-6.68505e-07
1.226e-05
-7.20483e-07
1.2823e-05
-6.1716e-07
1.31752e-05
-4.16387e-07
1.33123e-05
-1.93601e-07
1.33288e-05
-3.39935e-08
1.33655e-05
-3.0602e-08
1.34039e-05
-5.45524e-08
1.32736e-05
9.31776e-08
1.30029e-05
2.23769e-07
1.66943e-07
6.20684e-06
-1.42778e-07
6.2686e-06
-1.34344e-07
6.33436e-06
-1.29479e-07
6.40401e-06
-1.30541e-07
6.47884e-06
-1.35231e-07
6.55842e-06
-1.43154e-07
6.63626e-06
-1.57871e-07
6.70312e-06
-1.74415e-07
6.75851e-06
-1.72101e-07
6.80655e-06
-1.3921e-07
6.83312e-06
-9.49716e-08
6.82652e-06
-4.12713e-08
6.77274e-06
6.32205e-08
6.68415e-06
1.5843e-07
6.59596e-06
1.45648e-07
6.59035e-06
8.5767e-10
6.68815e-06
-1.46909e-07
6.78301e-06
-1.7106e-07
6.84008e-06
-1.46028e-07
6.87456e-06
-1.21601e-07
6.90002e-06
-9.47895e-08
6.92343e-06
-6.69176e-08
6.94916e-06
-5.13232e-08
6.97948e-06
-5.79138e-08
7.00958e-06
-8.53615e-08
7.02617e-06
-1.21389e-07
7.01738e-06
-1.46457e-07
6.98393e-06
-1.32751e-07
6.94174e-06
-6.67121e-08
6.90336e-06
1.01106e-08
6.86175e-06
3.08595e-08
6.79725e-06
6.10957e-09
6.70353e-06
-2.81671e-08
6.58152e-06
-4.60121e-08
6.44111e-06
-3.84828e-08
6.298e-06
-4.16308e-09
6.15516e-06
5.77792e-08
6.04384e-06
8.45159e-08
5.95884e-06
7.60679e-08
5.88323e-06
4.54726e-08
5.80648e-06
6.83662e-09
5.7225e-06
-1.66777e-08
5.63733e-06
-1.75508e-08
5.55066e-06
4.85518e-09
5.45401e-06
4.99729e-08
5.35198e-06
9.41486e-08
5.23984e-06
1.33772e-07
5.14554e-06
1.34199e-07
5.10585e-06
7.902e-08
5.12377e-06
2.15604e-09
5.17892e-06
-6.71234e-08
5.2585e-06
-1.30531e-07
5.36811e-06
-2.00482e-07
5.51919e-06
-2.75669e-07
5.72277e-06
-3.50447e-07
5.98878e-06
-4.24916e-07
6.32386e-06
-5.04652e-07
6.73191e-06
-5.93535e-07
7.22069e-06
-6.89647e-07
7.79846e-06
-7.92005e-07
8.45975e-06
-9.05974e-07
9.1854e-06
-1.03318e-06
9.94529e-06
-1.1671e-06
1.07039e-05
-1.29501e-06
1.14202e-05
-1.38485e-06
1.20797e-05
-1.37999e-06
1.27114e-05
-1.24884e-06
1.33184e-05
-1.02336e-06
1.38692e-05
-7.44354e-07
1.4328e-05
-4.92813e-07
1.46575e-05
-3.60112e-07
1.48845e-05
-2.81547e-07
1.50934e-05
-1.15708e-07
1.52737e-05
4.33955e-08
9.66897e-08
1.26044e-06
-2.24852e-07
1.34713e-06
-2.21037e-07
1.43734e-06
-2.1969e-07
1.52821e-06
-2.21401e-07
1.61766e-06
-2.24684e-07
1.70253e-06
-2.28025e-07
1.7754e-06
-2.30745e-07
1.82662e-06
-2.25628e-07
1.85755e-06
-2.03036e-07
1.87669e-06
-1.5835e-07
1.87808e-06
-9.63589e-08
1.85013e-06
-1.33186e-08
1.84779e-06
6.55535e-08
1.87528e-06
1.30944e-07
1.90652e-06
1.1441e-07
1.89514e-06
1.22302e-08
1.8098e-06
-6.15614e-08
1.72638e-06
-8.76422e-08
1.67185e-06
-9.14936e-08
1.6389e-06
-8.86553e-08
1.6239e-06
-7.97892e-08
1.62618e-06
-6.91978e-08
1.63976e-06
-6.48993e-08
1.65273e-06
-7.08905e-08
1.65327e-06
-8.58981e-08
1.63591e-06
-1.04031e-07
1.60265e-06
-1.13199e-07
1.56683e-06
-9.69275e-08
1.55554e-06
-5.54257e-08
1.576e-06
-1.03453e-08
1.59108e-06
1.57793e-08
1.581e-06
1.61894e-08
1.54605e-06
6.78473e-09
1.49577e-06
4.26208e-09
1.44644e-06
1.08448e-08
1.41741e-06
2.48759e-08
1.42945e-06
4.57335e-08
1.44956e-06
6.44112e-08
1.46292e-06
6.27048e-08
1.46484e-06
4.35515e-08
1.45146e-06
2.02119e-08
1.42835e-06
6.43728e-09
1.4079e-06
2.8969e-09
1.4011e-06
1.16594e-08
1.42515e-06
2.59177e-08
1.47692e-06
4.23839e-08
1.56347e-06
4.72179e-08
1.67498e-06
2.2693e-08
1.78661e-06
-3.26069e-08
1.89328e-06
-1.04522e-07
2.00913e-06
-1.82967e-07
2.14538e-06
-2.66787e-07
2.30408e-06
-3.59177e-07
2.4885e-06
-4.60095e-07
2.70636e-06
-5.68304e-07
2.96645e-06
-6.85003e-07
3.27544e-06
-8.13647e-07
3.63765e-06
-9.55746e-07
4.05943e-06
-1.11142e-06
4.54699e-06
-1.27957e-06
5.09944e-06
-1.45842e-06
5.70747e-06
-1.64121e-06
6.35338e-06
-1.81301e-06
7.00901e-06
-1.95064e-06
7.64514e-06
-2.02099e-06
8.25264e-06
-1.98748e-06
8.83831e-06
-1.83451e-06
9.39889e-06
-1.58394e-06
9.93493e-06
-1.28039e-06
1.04254e-05
-9.83234e-07
1.08044e-05
-7.39205e-07
1.10607e-05
-5.37836e-07
1.12972e-05
-3.52129e-07
1.15544e-05
-2.13825e-07
-1.31274e-07
-4.69545e-07
-2.41028e-07
-4.51439e-07
-2.39143e-07
-4.3281e-07
-2.38319e-07
-4.15837e-07
-2.38374e-07
-4.02841e-07
-2.3768e-07
-3.9606e-07
-2.34806e-07
-3.98229e-07
-2.28575e-07
-4.10677e-07
-2.1318e-07
-4.29193e-07
-1.84521e-07
-4.46282e-07
-1.41261e-07
-4.56931e-07
-8.57091e-08
-4.47276e-07
-2.29744e-08
-4.17831e-07
3.6109e-08
-3.58671e-07
7.17845e-08
-3.0873e-07
6.44689e-08
-3.17976e-07
2.14757e-08
-3.46827e-07
-3.27104e-08
-3.74288e-07
-6.01804e-08
-3.96125e-07
-6.96565e-08
-4.12705e-07
-7.2076e-08
-4.21973e-07
-7.05209e-08
-4.2307e-07
-6.81015e-08
-4.1914e-07
-6.88292e-08
-4.15215e-07
-7.48156e-08
-4.17239e-07
-8.38735e-08
-4.29745e-07
-9.15249e-08
-4.51399e-07
-9.1545e-08
-4.70382e-07
-7.79449e-08
-4.73717e-07
-5.20911e-08
-4.59414e-07
-2.46479e-08
-4.36473e-07
-7.16167e-09
-4.17575e-07
-2.70919e-09
-4.0661e-07
-4.17974e-09
-3.98763e-07
-3.58509e-09
-3.91854e-07
3.93588e-09
-3.88822e-07
2.18436e-08
-3.77825e-07
3.47364e-08
-3.50896e-07
3.74824e-08
-3.19633e-07
3.14413e-08
-2.92703e-07
1.66221e-08
-2.70636e-07
-1.85585e-09
-2.5146e-07
-1.27382e-08
-2.29321e-07
-1.92415e-08
-1.9769e-07
-1.99719e-08
-1.53372e-07
-1.84001e-08
-9.07818e-08
-2.02063e-08
-1.07295e-08
-3.28343e-08
7.79579e-08
-6.59943e-08
1.68285e-07
-1.22934e-07
2.58303e-07
-1.94539e-07
3.52198e-07
-2.76862e-07
4.54455e-07
-3.69044e-07
5.67407e-07
-4.7213e-07
6.94146e-07
-5.86834e-07
8.3974e-07
-7.13898e-07
1.00983e-06
-8.55089e-07
1.21039e-06
-1.01421e-06
1.44445e-06
-1.1898e-06
1.71698e-06
-1.38395e-06
2.03242e-06
-1.595e-06
2.39214e-06
-1.81815e-06
2.79383e-06
-2.0429e-06
3.23223e-06
-2.2514e-06
3.69973e-06
-2.41814e-06
4.19011e-06
-2.51136e-06
4.70309e-06
-2.50046e-06
5.23895e-06
-2.37038e-06
5.78656e-06
-2.13155e-06
6.32298e-06
-1.81682e-06
6.81369e-06
-1.47394e-06
7.2215e-06
-1.14701e-06
7.53838e-06
-8.54715e-07
7.78893e-06
-6.02674e-07
7.98203e-06
-4.06932e-07
-2.65498e-07
-9.80674e-07
-2.26621e-07
-9.9458e-07
-2.25237e-07
-1.00889e-06
-2.24014e-07
-1.02484e-06
-2.22417e-07
-1.04314e-06
-2.19379e-07
-1.06421e-06
-2.13743e-07
-1.08911e-06
-2.03672e-07
-1.11589e-06
-1.86397e-07
-1.14033e-06
-1.60084e-07
-1.15694e-06
-1.24652e-07
-1.16022e-06
-8.24278e-08
-1.14454e-06
-3.86522e-08
-1.10652e-06
-1.91274e-09
-1.05695e-06
2.22157e-08
-1.01176e-06
1.92833e-08
-9.87191e-07
-3.0975e-09
-9.94579e-07
-2.53218e-08
-1.00995e-06
-4.48139e-08
-1.02297e-06
-5.66327e-08
-1.03251e-06
-6.25367e-08
-1.03817e-06
-6.48627e-08
-1.04025e-06
-6.60169e-08
-1.04099e-06
-6.80953e-08
-1.04375e-06
-7.20537e-08
-1.05088e-06
-7.67394e-08
-1.06295e-06
-7.94562e-08
-1.07762e-06
-7.68705e-08
-1.08879e-06
-6.67796e-08
-1.09032e-06
-5.05565e-08
-1.08167e-06
-3.32992e-08
-1.06857e-06
-2.02659e-08
-1.05797e-06
-1.3309e-08
-1.05204e-06
-1.01073e-08
-1.04845e-06
-7.18008e-09
-1.0413e-06
-3.21594e-09
-1.02145e-06
1.99622e-09
-9.93086e-07
6.37412e-09
-9.63716e-07
8.11322e-09
-9.371e-07
4.82502e-09
-9.14769e-07
-5.70895e-09
-8.96226e-07
-2.03985e-08
-8.75772e-07
-3.31926e-08
-8.50875e-07
-4.41383e-08
-8.17296e-07
-5.35509e-08
-7.73099e-07
-6.25972e-08
-7.17465e-07
-7.58405e-08
-6.5086e-07
-9.94385e-08
-5.79132e-07
-1.37723e-07
-5.09867e-07
-1.922e-07
-4.43944e-07
-2.60462e-07
-3.80019e-07
-3.40787e-07
-3.16461e-07
-4.32602e-07
-2.52115e-07
-5.36476e-07
-1.85624e-07
-6.53325e-07
-1.15154e-07
-7.84367e-07
-3.86803e-08
-9.31563e-07
4.29123e-08
-1.09581e-06
1.34975e-07
-1.28187e-06
2.39077e-07
-1.48805e-06
3.57193e-07
-1.71312e-06
4.91293e-07
-1.95225e-06
6.43773e-07
-2.19538e-06
8.1848e-07
-2.42611e-06
1.02169e-06
-2.62135e-06
1.26365e-06
-2.75332e-06
1.55864e-06
-2.79545e-06
1.91944e-06
-2.73117e-06
2.34852e-06
-2.56064e-06
2.83337e-06
-2.30166e-06
3.34554e-06
-1.98612e-06
3.84713e-06
-1.6486e-06
4.30837e-06
-1.31595e-06
4.7136e-06
-1.00791e-06
5.04707e-06
-7.40404e-07
-5.15099e-07
-8.99167e-07
-2.03884e-07
-9.21937e-07
-2.02468e-07
-9.45291e-07
-2.0066e-07
-9.69737e-07
-1.97971e-07
-9.95458e-07
-1.93659e-07
-1.02238e-06
-1.86822e-07
-1.04987e-06
-1.76185e-07
-1.07586e-06
-1.60399e-07
-1.09721e-06
-1.38733e-07
-1.11028e-06
-1.1159e-07
-1.11176e-06
-8.09436e-08
-1.09993e-06
-5.04875e-08
-1.07649e-06
-2.53444e-08
-1.04467e-06
-9.6095e-09
-1.01688e-06
-8.50725e-09
-9.99904e-07
-2.00708e-08
-9.92292e-07
-3.29339e-08
-9.93107e-07
-4.39985e-08
-9.97201e-07
-5.25384e-08
-1.00167e-06
-5.80692e-08
-1.00512e-06
-6.14068e-08
-1.00742e-06
-6.37208e-08
-1.00951e-06
-6.60109e-08
-1.01297e-06
-6.85841e-08
-1.01895e-06
-7.07666e-08
-1.02724e-06
-7.11593e-08
-1.0359e-06
-6.82167e-08
-1.04149e-06
-6.11917e-08
-1.04096e-06
-5.10859e-08
-1.03377e-06
-4.04846e-08
-1.02214e-06
-3.18993e-08
-1.00918e-06
-2.6264e-08
-9.96552e-07
-2.27383e-08
-9.83898e-07
-1.98347e-08
-9.7053e-07
-1.65836e-08
-9.54876e-07
-1.36583e-08
-9.35652e-07
-1.28492e-08
-9.12412e-07
-1.51271e-08
-8.86785e-07
-2.08017e-08
-8.62979e-07
-2.95155e-08
-8.42486e-07
-4.08912e-08
-8.22227e-07
-5.34513e-08
-7.99381e-07
-6.69842e-08
-7.7141e-07
-8.15225e-08
-7.36038e-07
-9.79685e-08
-6.92763e-07
-1.19115e-07
-6.43668e-07
-1.48534e-07
-5.92468e-07
-1.88923e-07
-5.43267e-07
-2.414e-07
-4.9812e-07
-3.05609e-07
-4.5785e-07
-3.81058e-07
-4.2281e-07
-4.67641e-07
-3.93486e-07
-5.658e-07
-3.70466e-07
-6.76345e-07
-3.54389e-07
-8.00444e-07
-3.46318e-07
-9.39634e-07
-3.46679e-07
-1.09545e-06
-3.58636e-07
-1.26991e-06
-3.83618e-07
-1.46307e-06
-4.23005e-07
-1.67373e-06
-4.77226e-07
-1.89802e-06
-5.44445e-07
-2.12816e-06
-6.19053e-07
-2.3515e-06
-6.90133e-07
-2.55027e-06
-7.40464e-07
-2.70299e-06
-7.47652e-07
-2.78826e-06
-6.88439e-07
-2.79039e-06
-5.45199e-07
-2.70388e-06
-3.11697e-07
-2.53517e-06
2.85063e-09
-2.30067e-06
3.76799e-07
-2.02255e-06
7.83422e-07
-1.72258e-06
1.19531e-06
-1.4198e-06
1.5837e-06
-1.1288e-06
-8.55496e-07
-7.17216e-07
-1.84315e-07
-7.3684e-07
-1.82844e-07
-7.56854e-07
-1.80646e-07
-7.77473e-07
-1.77352e-07
-7.98682e-07
-1.7245e-07
-8.20188e-07
-1.65315e-07
-8.41164e-07
-1.55209e-07
-8.60052e-07
-1.41511e-07
-8.7472e-07
-1.24066e-07
-8.82841e-07
-1.03469e-07
-8.82522e-07
-8.12632e-08
-8.73124e-07
-5.98849e-08
-8.5614e-07
-4.23284e-08
-8.34504e-07
-3.12459e-08
-8.14633e-07
-2.8378e-08
-8.02305e-07
-3.23989e-08
-7.95999e-07
-3.92399e-08
-7.93785e-07
-4.6212e-08
-7.9418e-07
-5.21432e-08
-7.95656e-07
-5.65935e-08
-7.97315e-07
-5.97483e-08
-7.98943e-07
-6.20924e-08
-8.00894e-07
-6.40599e-08
-8.03749e-07
-6.57289e-08
-8.07814e-07
-6.67023e-08
-8.12708e-07
-6.62647e-08
-8.17207e-07
-6.37179e-08
-8.19546e-07
-5.88531e-08
-8.18315e-07
-5.23163e-08
-8.13341e-07
-4.54586e-08
-8.05617e-07
-3.96234e-08
-7.96406e-07
-3.54749e-08
-7.86285e-07
-3.28592e-08
-7.74869e-07
-3.12504e-08
-7.61164e-07
-3.02882e-08
-7.44678e-07
-3.01446e-08
-7.25813e-07
-3.17144e-08
-7.051e-07
-3.58404e-08
-6.8307e-07
-4.28314e-08
-6.60314e-07
-5.22713e-08
-6.3756e-07
-6.36453e-08
-6.14182e-07
-7.68296e-08
-5.89193e-07
-9.1973e-08
-5.61325e-07
-1.0939e-07
-5.29309e-07
-1.29985e-07
-4.92939e-07
-1.55485e-07
-4.53517e-07
-1.87956e-07
-4.13347e-07
-2.29093e-07
-3.74924e-07
-2.79823e-07
-3.40149e-07
-3.40384e-07
-3.10416e-07
-4.10791e-07
-2.86914e-07
-4.91144e-07
-2.70938e-07
-5.81776e-07
-2.64029e-07
-6.83253e-07
-2.68113e-07
-7.96361e-07
-2.85695e-07
-9.22051e-07
-3.19864e-07
-1.06128e-06
-3.74937e-07
-1.21484e-06
-4.55419e-07
-1.38259e-06
-5.65935e-07
-1.56322e-06
-7.1043e-07
-1.75353e-06
-8.90846e-07
-1.94775e-06
-1.10547e-06
-2.13688e-06
-1.34713e-06
-2.30861e-06
-1.60206e-06
-2.44806e-06
-1.85026e-06
-2.54006e-06
-2.06848e-06
-2.57216e-06
-2.2348e-06
-2.53755e-06
-2.33338e-06
-2.43659e-06
-2.35759e-06
-2.27646e-06
-2.31106e-06
-2.06907e-06
-2.20543e-06
-1.82821e-06
-2.05774e-06
-1.56749e-06
-1.88828e-06
-1.29826e-06
-1.02764e-06
-6.272e-07
-1.68379e-07
-6.43048e-07
-1.66996e-07
-6.58999e-07
-1.64695e-07
-6.75128e-07
-1.61223e-07
-6.91331e-07
-1.56248e-07
-7.07263e-07
-1.49383e-07
-7.22229e-07
-1.40243e-07
-7.35149e-07
-1.2859e-07
-7.44694e-07
-1.14522e-07
-7.49535e-07
-9.86283e-08
-7.48729e-07
-8.20689e-08
-7.4214e-07
-6.64744e-08
-7.3081e-07
-5.36581e-08
-7.16926e-07
-4.51301e-08
-7.03713e-07
-4.15912e-08
-6.938e-07
-4.23114e-08
-6.8757e-07
-4.54699e-08
-6.84293e-07
-4.9489e-08
-6.83041e-07
-5.33959e-08
-6.82914e-07
-5.67203e-08
-6.83284e-07
-5.93787e-08
-6.83886e-07
-6.14903e-08
-6.84767e-07
-6.31788e-08
-6.86081e-07
-6.44143e-08
-6.87819e-07
-6.49643e-08
-6.89604e-07
-6.448e-08
-6.90646e-07
-6.26762e-08
-6.89946e-07
-5.95523e-08
-6.86733e-07
-5.55295e-08
-6.80844e-07
-5.13469e-08
-6.72734e-07
-4.77336e-08
-6.6309e-07
-4.51191e-08
-6.52372e-07
-4.35767e-08
-6.40602e-07
-4.30203e-08
-6.27425e-07
-4.34657e-08
-6.12399e-07
-4.51707e-08
-5.95484e-07
-4.8629e-08
-5.77041e-07
-5.42835e-08
-5.5758e-07
-6.22922e-08
-5.37327e-07
-7.25249e-08
-5.16107e-07
-8.48647e-08
-4.93572e-07
-9.93647e-08
-4.69296e-07
-1.16249e-07
-4.42727e-07
-1.35959e-07
-4.13429e-07
-1.59283e-07
-3.81529e-07
-1.87385e-07
-3.47914e-07
-2.21572e-07
-3.14031e-07
-2.62976e-07
-2.81511e-07
-3.12342e-07
-2.51847e-07
-3.70048e-07
-2.26355e-07
-4.36282e-07
-2.06297e-07
-5.11201e-07
-1.93046e-07
-5.95027e-07
-1.88233e-07
-6.88066e-07
-1.93903e-07
-7.90691e-07
-2.12676e-07
-9.03279e-07
-2.47877e-07
-1.02608e-06
-3.03716e-07
-1.159e-06
-3.85035e-07
-1.30127e-06
-4.97081e-07
-1.45117e-06
-6.44958e-07
-1.60565e-06
-8.32701e-07
-1.76e-06
-1.062e-06
-1.90759e-06
-1.3307e-06
-2.03991e-06
-1.63162e-06
-2.14714e-06
-1.95233e-06
-2.21936e-06
-2.27627e-06
-2.24822e-06
-2.58536e-06
-2.22847e-06
-2.86303e-06
-2.15891e-06
-3.09701e-06
-2.04249e-06
-3.2807e-06
-1.88539e-06
-3.4132e-06
-1.69571e-06
-3.4985e-06
-1.48218e-06
-3.54396e-06
-1.2528e-06
-1.01378e-06
-6.04436e-07
-1.54257e-07
-6.18302e-07
-1.5313e-07
-6.31999e-07
-1.50998e-07
-6.4552e-07
-1.47701e-07
-6.5873e-07
-1.43038e-07
-6.7132e-07
-1.36793e-07
-6.82767e-07
-1.28796e-07
-6.92346e-07
-1.19012e-07
-6.99228e-07
-1.0764e-07
-7.02661e-07
-9.51951e-08
-7.02208e-07
-8.25224e-08
-6.97974e-07
-7.07081e-08
-6.90748e-07
-6.08847e-08
-6.81932e-07
-5.39461e-08
-6.73272e-07
-5.02505e-08
-6.66167e-07
-4.94167e-08
-6.61104e-07
-5.0533e-08
-6.57924e-07
-5.26694e-08
-6.5619e-07
-5.51304e-08
-6.55415e-07
-5.74949e-08
-6.55218e-07
-5.95753e-08
-6.55383e-07
-6.13259e-08
-6.55828e-07
-6.27336e-08
-6.56508e-07
-6.3734e-08
-6.57284e-07
-6.4188e-08
-6.57836e-07
-6.39286e-08
-6.57658e-07
-6.28545e-08
-6.56174e-07
-6.10359e-08
-6.52938e-07
-5.8765e-08
-6.47795e-07
-5.649e-08
-6.40871e-07
-5.46569e-08
-6.32417e-07
-5.35729e-08
-6.22611e-07
-5.33832e-08
-6.11466e-07
-5.41656e-08
-5.98876e-07
-5.60555e-08
-5.84749e-07
-5.92979e-08
-5.69169e-07
-6.42083e-08
-5.52392e-07
-7.10607e-08
-5.34666e-07
-8.0018e-08
-5.16056e-07
-9.11352e-08
-4.96453e-07
-1.04467e-07
-4.75661e-07
-1.20157e-07
-4.53438e-07
-1.38472e-07
-4.29547e-07
-1.5985e-07
-4.03898e-07
-1.84932e-07
-3.7674e-07
-2.14543e-07
-3.48738e-07
-2.49573e-07
-3.20897e-07
-2.90817e-07
-2.9438e-07
-3.3886e-07
-2.70353e-07
-3.94075e-07
-2.4995e-07
-4.56686e-07
-2.34309e-07
-5.26842e-07
-2.24666e-07
-6.04671e-07
-2.22449e-07
-6.90283e-07
-2.29392e-07
-7.83747e-07
-2.47646e-07
-8.85025e-07
-2.79864e-07
-9.93859e-07
-3.29251e-07
-1.10961e-06
-3.9947e-07
-1.23105e-06
-4.9446e-07
-1.35618e-06
-6.18102e-07
-1.48201e-06
-7.73684e-07
-1.60442e-06
-9.63149e-07
-1.71812e-06
-1.18621e-06
-1.81685e-06
-1.43954e-06
-1.8938e-06
-1.71648e-06
-1.94242e-06
-2.00738e-06
-1.95733e-06
-2.30066e-06
-1.93519e-06
-2.58441e-06
-1.87516e-06
-2.84797e-06
-1.77893e-06
-3.08308e-06
-1.65027e-06
-3.2844e-06
-1.49439e-06
-3.4495e-06
-1.31708e-06
-3.57829e-06
-1.12401e-06
-9.20267e-07
-6.00459e-07
-1.41072e-07
-6.13319e-07
-1.4027e-07
-6.25874e-07
-1.38443e-07
-6.38068e-07
-1.35507e-07
-6.4975e-07
-1.31355e-07
-6.60652e-07
-1.25892e-07
-6.70378e-07
-1.1907e-07
-6.78436e-07
-1.10954e-07
-6.84303e-07
-1.01773e-07
-6.87546e-07
-9.19518e-08
-6.87961e-07
-8.21077e-08
-6.85696e-07
-7.29729e-08
-6.81313e-07
-6.5268e-08
-6.75723e-07
-5.95359e-08
-6.69985e-07
-5.59892e-08
-6.64958e-07
-5.44431e-08
-6.6107e-07
-5.44209e-08
-6.58368e-07
-5.53719e-08
-6.56675e-07
-5.68234e-08
-6.55731e-07
-5.84386e-08
-6.55293e-07
-6.00138e-08
-6.5518e-07
-6.14389e-08
-6.55271e-07
-6.26429e-08
-6.55452e-07
-6.35528e-08
-6.55558e-07
-6.40815e-08
-6.55334e-07
-6.41526e-08
-6.54441e-07
-6.37474e-08
-6.52524e-07
-6.29534e-08
-6.49309e-07
-6.19798e-08
-6.44679e-07
-6.11198e-08
-6.38661e-07
-6.06746e-08
-6.31345e-07
-6.0889e-08
-6.2279e-07
-6.19386e-08
-6.12988e-07
-6.39669e-08
-6.01907e-07
-6.71372e-08
-5.89547e-07
-7.16574e-08
-5.75994e-07
-7.77609e-08
-5.61392e-07
-8.56629e-08
-5.45878e-07
-9.55323e-08
-5.29513e-07
-1.075e-07
-5.12275e-07
-1.21705e-07
-4.94093e-07
-1.38338e-07
-4.74884e-07
-1.57682e-07
-4.54606e-07
-1.80128e-07
-4.3335e-07
-2.06188e-07
-4.11424e-07
-2.3647e-07
-3.89391e-07
-2.71606e-07
-3.68034e-07
-3.12173e-07
-3.48272e-07
-3.58622e-07
-3.31078e-07
-4.11268e-07
-3.17455e-07
-4.70309e-07
-3.08446e-07
-5.35851e-07
-3.05181e-07
-6.07936e-07
-3.0893e-07
-6.86534e-07
-3.21165e-07
-7.71512e-07
-3.43617e-07
-8.62573e-07
-3.78302e-07
-9.59174e-07
-4.27508e-07
-1.0604e-06
-4.93713e-07
-1.16485e-06
-5.79431e-07
-1.27046e-06
-6.86972e-07
-1.37447e-06
-8.18091e-07
-1.4733e-06
-9.73562e-07
-1.56265e-06
-1.15273e-06
-1.63768e-06
-1.35314e-06
-1.69339e-06
-1.5704e-06
-1.72515e-06
-1.79842e-06
-1.72931e-06
-2.0299e-06
-1.7037e-06
-2.25718e-06
-1.64787e-06
-2.47304e-06
-1.56307e-06
-2.67126e-06
-1.45205e-06
-2.84712e-06
-1.31854e-06
-2.99739e-06
-1.16681e-06
-3.12014e-06
-1.00127e-06
-8.26065e-07
-5.97293e-07
-1.28823e-07
-6.09188e-07
-1.28375e-07
-6.20704e-07
-1.26928e-07
-6.31761e-07
-1.24449e-07
-6.42215e-07
-1.20901e-07
-6.51845e-07
-1.16262e-07
-6.60357e-07
-1.10558e-07
-6.67416e-07
-1.03896e-07
-6.72693e-07
-9.64961e-08
-6.75943e-07
-8.87015e-08
-6.77089e-07
-8.09617e-08
-6.76284e-07
-7.37786e-08
-6.73925e-07
-6.76266e-08
-6.70604e-07
-6.28566e-08
-6.66979e-07
-5.96148e-08
-6.63604e-07
-5.78182e-08
-6.60816e-07
-5.72087e-08
-6.58732e-07
-5.74561e-08
-6.5731e-07
-5.82448e-08
-6.56428e-07
-5.93205e-08
-6.5594e-07
-6.05024e-08
-6.55709e-07
-6.16697e-08
-6.55613e-07
-6.27388e-08
-6.55524e-07
-6.36421e-08
-6.55281e-07
-6.43244e-08
-6.54679e-07
-6.47542e-08
-6.53479e-07
-6.49476e-08
-6.51443e-07
-6.49892e-08
-6.48388e-07
-6.50355e-08
-6.44214e-07
-6.52936e-08
-6.38904e-07
-6.59837e-08
-6.32485e-07
-6.73079e-08
-6.24983e-07
-6.94409e-08
-6.16407e-07
-7.25433e-08
-6.06761e-07
-7.67824e-08
-5.96076e-07
-8.23423e-08
-5.8442e-07
-8.94169e-08
-5.7189e-07
-9.81929e-08
-5.58582e-07
-1.08841e-07
-5.44562e-07
-1.2152e-07
-5.29862e-07
-1.36404e-07
-5.145e-07
-1.53701e-07
-4.98502e-07
-1.7368e-07
-4.81951e-07
-1.96679e-07
-4.65034e-07
-2.23105e-07
-4.48088e-07
-2.53415e-07
-4.31624e-07
-2.88071e-07
-4.16303e-07
-3.27493e-07
-4.02904e-07
-3.72021e-07
-3.9228e-07
-4.21893e-07
-3.85338e-07
-4.77251e-07
-3.83045e-07
-5.38144e-07
-3.86448e-07
-6.04534e-07
-3.96699e-07
-6.76283e-07
-4.15088e-07
-7.53123e-07
-4.43054e-07
-8.34607e-07
-4.82185e-07
-9.20043e-07
-5.34176e-07
-1.00841e-06
-6.00742e-07
-1.09828e-06
-6.83478e-07
-1.18773e-06
-7.83673e-07
-1.27428e-06
-9.0206e-07
-1.35492e-06
-1.03855e-06
-1.42616e-06
-1.19199e-06
-1.48424e-06
-1.35999e-06
-1.52539e-06
-1.53892e-06
-1.54622e-06
-1.72415e-06
-1.54409e-06
-1.9104e-06
-1.51745e-06
-2.09225e-06
-1.46602e-06
-2.26459e-06
-1.39074e-06
-2.423e-06
-1.29363e-06
-2.56401e-06
-1.17753e-06
-2.68505e-06
-1.04577e-06
-2.78452e-06
-9.01803e-07
-7.49232e-07
-5.93846e-07
-1.17575e-07
-6.04741e-07
-1.17479e-07
-6.15233e-07
-1.16436e-07
-6.25234e-07
-1.14449e-07
-6.34612e-07
-1.11524e-07
-6.43189e-07
-1.07685e-07
-6.50751e-07
-1.02996e-07
-6.57068e-07
-9.75787e-08
-6.61934e-07
-9.16305e-08
-6.65212e-07
-8.54234e-08
-6.66885e-07
-7.92886e-08
-6.67084e-07
-7.35797e-08
-6.6609e-07
-6.86207e-08
-6.64297e-07
-6.46505e-08
-6.62132e-07
-6.17795e-08
-6.59971e-07
-5.99787e-08
-6.58072e-07
-5.91078e-08
-6.56561e-07
-5.89673e-08
-6.55457e-07
-5.93485e-08
-6.54711e-07
-6.00668e-08
-6.54236e-07
-6.09768e-08
-6.53935e-07
-6.19713e-08
-6.53701e-07
-6.29725e-08
-6.53419e-07
-6.39246e-08
-6.52951e-07
-6.47922e-08
-6.52138e-07
-6.55673e-08
-6.50806e-07
-6.62797e-08
-6.48789e-07
-6.70061e-08
-6.45955e-07
-6.78693e-08
-6.42222e-07
-6.90263e-08
-6.37557e-07
-7.06489e-08
-6.31958e-07
-7.29067e-08
-6.25438e-07
-7.59612e-08
-6.18012e-07
-7.99694e-08
-6.09703e-07
-8.50914e-08
-6.00551e-07
-9.14941e-08
-5.90619e-07
-9.93488e-08
-5.79987e-07
-1.08825e-07
-5.68738e-07
-1.2009e-07
-5.56949e-07
-1.33309e-07
-5.44692e-07
-1.48661e-07
-5.32039e-07
-1.66354e-07
-5.19092e-07
-1.86628e-07
-5.06001e-07
-2.09769e-07
-4.93005e-07
-2.36102e-07
-4.8045e-07
-2.6597e-07
-4.68806e-07
-2.99715e-07
-4.58658e-07
-3.37641e-07
-4.50687e-07
-3.79992e-07
-4.45651e-07
-4.26929e-07
-4.44369e-07
-4.78532e-07
-4.47724e-07
-5.34789e-07
-4.56667e-07
-5.9559e-07
-4.72231e-07
-6.60719e-07
-4.95537e-07
-7.29817e-07
-5.27792e-07
-8.02352e-07
-5.70269e-07
-8.77567e-07
-6.24257e-07
-9.54425e-07
-6.90983e-07
-1.03156e-06
-7.71492e-07
-1.10722e-06
-8.66504e-07
-1.17926e-06
-9.76234e-07
-1.24519e-06
-1.10021e-06
-1.30219e-06
-1.23712e-06
-1.34733e-06
-1.38478e-06
-1.37774e-06
-1.54012e-06
-1.39088e-06
-1.69941e-06
-1.3848e-06
-1.85849e-06
-1.35837e-06
-2.01317e-06
-1.31134e-06
-2.15947e-06
-1.24443e-06
-2.29395e-06
-1.15915e-06
-2.41382e-06
-1.05766e-06
-2.51703e-06
-9.42558e-07
-2.60219e-06
-8.16649e-07
-6.82881e-07
-5.91222e-07
-1.07326e-07
-6.01143e-07
-1.07558e-07
-6.1067e-07
-1.06909e-07
-6.19713e-07
-1.05405e-07
-6.28159e-07
-1.03079e-07
-6.35864e-07
-9.99796e-08
-6.42672e-07
-9.61875e-08
-6.48426e-07
-9.1825e-08
-6.52994e-07
-8.70623e-08
-6.56302e-07
-8.21155e-08
-6.58358e-07
-7.72326e-08
-6.59269e-07
-7.26694e-08
-6.59233e-07
-6.86564e-08
-6.58519e-07
-6.53651e-08
-6.57414e-07
-6.28836e-08
-6.56181e-07
-6.12116e-08
-6.55014e-07
-6.02747e-08
-6.54029e-07
-5.99531e-08
-6.53267e-07
-6.01103e-08
-6.52717e-07
-6.0617e-08
-6.5233e-07
-6.13634e-08
-6.52038e-07
-6.22634e-08
-6.51757e-07
-6.32533e-08
-6.51392e-07
-6.42904e-08
-6.5083e-07
-6.53538e-08
-6.4995e-07
-6.64478e-08
-6.48623e-07
-6.76069e-08
-6.4673e-07
-6.88991e-08
-6.44174e-07
-7.04253e-08
-6.40888e-07
-7.23114e-08
-6.3684e-07
-7.46971e-08
-6.3202e-07
-7.77271e-08
-6.26434e-07
-8.15465e-08
-6.20103e-07
-8.6301e-08
-6.13055e-07
-9.2139e-08
-6.05336e-07
-9.92128e-08
-5.97007e-07
-1.07678e-07
-5.88144e-07
-1.17689e-07
-5.78829e-07
-1.29405e-07
-5.69151e-07
-1.42986e-07
-5.59207e-07
-1.58605e-07
-5.49109e-07
-1.76452e-07
-5.38996e-07
-1.9674e-07
-5.29061e-07
-2.19704e-07
-5.19561e-07
-2.45601e-07
-5.1084e-07
-2.74691e-07
-5.03332e-07
-3.07223e-07
-4.97562e-07
-3.43411e-07
-4.94133e-07
-3.8342e-07
-4.93717e-07
-4.27345e-07
-4.97045e-07
-4.75204e-07
-5.04903e-07
-5.2693e-07
-5.18136e-07
-5.82358e-07
-5.37643e-07
-6.41211e-07
-5.64381e-07
-7.03079e-07
-5.99344e-07
-7.67389e-07
-6.43541e-07
-8.3337e-07
-6.97949e-07
-9.00017e-07
-7.63442e-07
-9.66064e-07
-8.40698e-07
-1.02996e-06
-9.30087e-07
-1.08987e-06
-1.03154e-06
-1.14373e-06
-1.14446e-06
-1.18927e-06
-1.2676e-06
-1.22419e-06
-1.39905e-06
-1.24629e-06
-1.53627e-06
-1.25365e-06
-1.67625e-06
-1.24482e-06
-1.81568e-06
-1.21894e-06
-1.95118e-06
-1.17584e-06
-2.07958e-06
-1.11604e-06
-2.19805e-06
-1.04068e-06
-2.30426e-06
-9.51442e-07
-2.39646e-06
-8.50357e-07
-2.4734e-06
-7.39713e-07
-6.21917e-07
-5.89581e-07
-9.80183e-08
-5.98598e-07
-9.85417e-08
-6.07251e-07
-9.82559e-08
-6.15454e-07
-9.72015e-08
-6.23108e-07
-9.54251e-08
-6.301e-07
-9.2988e-08
-6.36312e-07
-8.99753e-08
-6.41636e-07
-8.65011e-08
-6.45987e-07
-8.2711e-08
-6.49325e-07
-7.87776e-08
-6.51667e-07
-7.48906e-08
-6.53097e-07
-7.12404e-08
-6.53756e-07
-6.7997e-08
-6.53832e-07
-6.52895e-08
-6.53524e-07
-6.3191e-08
-6.5302e-07
-6.1716e-08
-6.52466e-07
-6.0829e-08
-6.51959e-07
-6.046e-08
-6.51547e-07
-6.0522e-08
-6.51237e-07
-6.09271e-08
-6.51004e-07
-6.15963e-08
-6.50802e-07
-6.24655e-08
-6.50568e-07
-6.34872e-08
-6.50227e-07
-6.46315e-08
-6.49692e-07
-6.58884e-08
-6.48871e-07
-6.72692e-08
-6.47669e-07
-6.88094e-08
-6.45998e-07
-7.057e-08
-6.43786e-07
-7.26365e-08
-6.40984e-07
-7.51133e-08
-6.37563e-07
-7.81182e-08
-6.33515e-07
-8.17758e-08
-6.28846e-07
-8.62153e-08
-6.23578e-07
-9.15688e-08
-6.17745e-07
-9.79714e-08
-6.11396e-07
-1.05562e-07
-6.04593e-07
-1.14481e-07
-5.97411e-07
-1.24871e-07
-5.89937e-07
-1.36879e-07
-5.8227e-07
-1.50653e-07
-5.74523e-07
-1.66353e-07
-5.66829e-07
-1.84146e-07
-5.59354e-07
-2.04215e-07
-5.52305e-07
-2.26752e-07
-5.45949e-07
-2.51958e-07
-5.40615e-07
-2.80025e-07
-5.36704e-07
-3.11133e-07
-5.34688e-07
-3.45427e-07
-5.35104e-07
-3.83005e-07
-5.38543e-07
-4.23906e-07
-5.45652e-07
-4.68096e-07
-5.5712e-07
-5.15462e-07
-5.73678e-07
-5.65799e-07
-5.96097e-07
-6.18792e-07
-6.2517e-07
-6.74005e-07
-6.61704e-07
-7.30856e-07
-7.06481e-07
-7.88592e-07
-7.60225e-07
-8.46273e-07
-8.2354e-07
-9.02749e-07
-8.96839e-07
-9.56661e-07
-9.80262e-07
-1.00645e-06
-1.07359e-06
-1.0504e-06
-1.17617e-06
-1.08669e-06
-1.28685e-06
-1.1135e-06
-1.40402e-06
-1.12913e-06
-1.52557e-06
-1.1321e-06
-1.64907e-06
-1.12132e-06
-1.77186e-06
-1.09615e-06
-1.89125e-06
-1.05645e-06
-2.00466e-06
-1.00263e-06
-2.10975e-06
-9.35592e-07
-2.20456e-06
-8.56628e-07
-2.28756e-06
-7.6736e-07
-2.35764e-06
-6.69636e-07
-5.65426e-07
-5.88712e-07
-8.95836e-08
-5.969e-07
-9.03533e-08
-6.04768e-07
-9.03881e-08
-6.12235e-07
-8.97349e-08
-6.19213e-07
-8.84468e-08
-6.25612e-07
-8.65893e-08
-6.31342e-07
-8.42449e-08
-6.36327e-07
-8.15167e-08
-6.40509e-07
-7.85281e-08
-6.43868e-07
-7.54187e-08
-6.46422e-07
-7.23368e-08
-6.48235e-07
-6.94282e-08
-6.49409e-07
-6.68228e-08
-6.50077e-07
-6.46211e-08
-6.50383e-07
-6.28855e-08
-6.5046e-07
-6.16388e-08
-6.50421e-07
-6.08687e-08
-6.50343e-07
-6.05372e-08
-6.50274e-07
-6.05913e-08
-6.50228e-07
-6.09733e-08
-6.50194e-07
-6.16297e-08
-6.50144e-07
-6.25158e-08
-6.50032e-07
-6.35991e-08
-6.49802e-07
-6.48618e-08
-6.49389e-07
-6.63019e-08
-6.48722e-07
-6.79354e-08
-6.47734e-07
-6.97977e-08
-6.4636e-07
-7.19441e-08
-6.44548e-07
-7.44484e-08
-6.42261e-07
-7.74e-08
-6.3948e-07
-8.08998e-08
-6.36199e-07
-8.50565e-08
-6.3243e-07
-8.99843e-08
-6.28197e-07
-9.58021e-08
-6.23536e-07
-1.02632e-07
-6.18499e-07
-1.10599e-07
-6.1315e-07
-1.1983e-07
-6.07567e-07
-1.30455e-07
-6.0184e-07
-1.42605e-07
-5.96076e-07
-1.56417e-07
-5.90397e-07
-1.72031e-07
-5.84951e-07
-1.89593e-07
-5.79912e-07
-2.09253e-07
-5.75496e-07
-2.31169e-07
-5.71963e-07
-2.55491e-07
-5.69625e-07
-2.82363e-07
-5.68852e-07
-3.11906e-07
-5.70068e-07
-3.44211e-07
-5.73749e-07
-3.79325e-07
-5.80417e-07
-4.17238e-07
-5.90635e-07
-4.57878e-07
-6.05e-07
-5.01097e-07
-6.24139e-07
-5.4666e-07
-6.48696e-07
-5.94235e-07
-6.79322e-07
-6.43379e-07
-7.16657e-07
-6.93521e-07
-7.61301e-07
-7.43949e-07
-8.13776e-07
-7.93798e-07
-8.74482e-07
-8.42042e-07
-9.43643e-07
-8.87501e-07
-1.02124e-06
-9.28853e-07
-1.10696e-06
-9.64676e-07
-1.20016e-06
-9.93498e-07
-1.29979e-06
-1.01387e-06
-1.40447e-06
-1.02445e-06
-1.51245e-06
-1.02412e-06
-1.62176e-06
-1.01202e-06
-1.73023e-06
-9.87672e-07
-1.83569e-06
-9.50991e-07
-1.93602e-06
-9.02296e-07
-2.02932e-06
-8.42292e-07
-2.11394e-06
-7.72012e-07
-2.18855e-06
-6.92751e-07
-2.25218e-06
-6.06006e-07
-5.13385e-07
-5.88417e-07
-8.19457e-08
-5.95856e-07
-8.29151e-08
-6.03021e-07
-8.32227e-08
-6.09839e-07
-8.29167e-08
-6.16234e-07
-8.20517e-08
-6.22131e-07
-8.06923e-08
-6.27461e-07
-7.89153e-08
-6.32166e-07
-7.68117e-08
-6.36208e-07
-7.44861e-08
-6.39574e-07
-7.20527e-08
-6.42281e-07
-6.96297e-08
-6.44377e-07
-6.7332e-08
-6.45938e-07
-6.52618e-08
-6.4706e-07
-6.34999e-08
-6.47844e-07
-6.21011e-08
-6.48391e-07
-6.1092e-08
-6.48785e-07
-6.04748e-08
-6.4909e-07
-6.02323e-08
-6.49346e-07
-6.03346e-08
-6.49573e-07
-6.07468e-08
-6.49768e-07
-6.14347e-08
-6.49914e-07
-6.237e-08
-6.49979e-07
-6.35335e-08
-6.49924e-07
-6.4917e-08
-6.49701e-07
-6.65252e-08
-6.49259e-07
-6.83773e-08
-6.48548e-07
-7.05082e-08
-6.47524e-07
-7.29683e-08
-6.4615e-07
-7.58227e-08
-6.44401e-07
-7.91492e-08
-6.42265e-07
-8.30356e-08
-6.39744e-07
-8.75774e-08
-6.36852e-07
-9.28757e-08
-6.33618e-07
-9.90363e-08
-6.30081e-07
-1.06169e-07
-6.26294e-07
-1.14385e-07
-6.22324e-07
-1.238e-07
-6.18251e-07
-1.34528e-07
-6.14168e-07
-1.46688e-07
-6.10186e-07
-1.60399e-07
-6.06435e-07
-1.75783e-07
-6.03064e-07
-1.92964e-07
-6.00253e-07
-2.12064e-07
-5.98214e-07
-2.33207e-07
-5.97197e-07
-2.56507e-07
-5.97497e-07
-2.82063e-07
-5.99448e-07
-3.09955e-07
-6.03431e-07
-3.40228e-07
-6.09869e-07
-3.72887e-07
-6.19217e-07
-4.0789e-07
-6.31964e-07
-4.45131e-07
-6.48622e-07
-4.84439e-07
-6.6972e-07
-5.25562e-07
-6.95792e-07
-5.68164e-07
-7.27364e-07
-6.11807e-07
-7.64937e-07
-6.55948e-07
-8.0896e-07
-6.99926e-07
-8.59801e-07
-7.42957e-07
-9.17708e-07
-7.84136e-07
-9.8277e-07
-8.22439e-07
-1.05487e-06
-8.56752e-07
-1.13365e-06
-8.85895e-07
-1.21848e-06
-9.0867e-07
-1.30843e-06
-9.23915e-07
-1.40231e-06
-9.30576e-07
-1.49866e-06
-9.27768e-07
-1.59584e-06
-9.1484e-07
-1.69209e-06
-8.91421e-07
-1.78563e-06
-8.57456e-07
-1.87472e-06
-8.13205e-07
-1.95778e-06
-7.59232e-07
-2.03342e-06
-6.96366e-07
-2.10052e-06
-6.25652e-07
-2.15822e-06
-5.48305e-07
-4.65641e-07
-5.88558e-07
-7.50277e-08
-5.95322e-07
-7.61509e-08
-6.01862e-07
-7.66827e-08
-6.08109e-07
-7.66695e-08
-6.13996e-07
-7.61639e-08
-6.19462e-07
-7.52263e-08
-6.24451e-07
-7.39265e-08
-6.28918e-07
-7.23443e-08
-6.32836e-07
-7.05682e-08
-6.36196e-07
-6.86927e-08
-6.39012e-07
-6.68139e-08
-6.4132e-07
-6.50244e-08
-6.43175e-07
-6.34066e-08
-6.44647e-07
-6.20277e-08
-6.45812e-07
-6.09362e-08
-6.46744e-07
-6.01607e-08
-6.47506e-07
-5.97122e-08
-6.48152e-07
-5.95869e-08
-6.48715e-07
-5.97715e-08
-6.49215e-07
-6.02471e-08
-6.49655e-07
-6.09947e-08
-6.50026e-07
-6.19988e-08
-6.50309e-07
-6.32509e-08
-6.50475e-07
-6.47507e-08
-6.50491e-07
-6.65083e-08
-6.50323e-07
-6.85453e-08
-6.49936e-07
-7.08957e-08
-6.49298e-07
-7.36057e-08
-6.48388e-07
-7.67335e-08
-6.47189e-07
-8.03477e-08
-6.45698e-07
-8.45261e-08
-6.43923e-07
-8.93525e-08
-6.41882e-07
-9.49163e-08
-6.39608e-07
-1.01311e-07
-6.37142e-07
-1.08635e-07
-6.3454e-07
-1.16987e-07
-6.31869e-07
-1.2647e-07
-6.29213e-07
-1.37185e-07
-6.26665e-07
-1.49235e-07
-6.24339e-07
-1.62725e-07
-6.22365e-07
-1.77757e-07
-6.20894e-07
-1.94435e-07
-6.20101e-07
-2.12857e-07
-6.20193e-07
-2.33116e-07
-6.21405e-07
-2.55295e-07
-6.24008e-07
-2.7946e-07
-6.28309e-07
-3.05654e-07
-6.34646e-07
-3.3389e-07
-6.4339e-07
-3.64143e-07
-6.5494e-07
-3.9634e-07
-6.69714e-07
-4.30356e-07
-6.88149e-07
-4.66004e-07
-7.10686e-07
-5.03026e-07
-7.37761e-07
-5.41088e-07
-7.69795e-07
-5.79773e-07
-8.07176e-07
-6.18567e-07
-8.50231e-07
-6.5687e-07
-8.9921e-07
-6.93978e-07
-9.5425e-07
-7.29096e-07
-1.01534e-06
-7.61344e-07
-1.08232e-06
-7.89777e-07
-1.1548e-06
-8.13419e-07
-1.23218e-06
-8.31288e-07
-1.31365e-06
-8.42447e-07
-1.39816e-06
-8.46059e-07
-1.48451e-06
-8.41425e-07
-1.57131e-06
-8.28039e-07
-1.65711e-06
-8.05618e-07
-1.74044e-06
-7.74125e-07
-1.81987e-06
-7.33776e-07
-1.89408e-06
-6.85028e-07
-1.96189e-06
-6.28554e-07
-2.02234e-06
-5.652e-07
-2.07469e-06
-4.95956e-07
-4.21903e-07
-5.89027e-07
-6.87538e-08
-5.95189e-07
-6.99886e-08
-6.01174e-07
-7.06982e-08
-6.06918e-07
-7.09255e-08
-6.12363e-07
-7.0719e-08
-6.17455e-07
-7.01339e-08
-6.22149e-07
-6.92323e-08
-6.2641e-07
-6.80835e-08
-6.30215e-07
-6.67629e-08
-6.33558e-07
-6.53495e-08
-6.3645e-07
-6.39227e-08
-6.38916e-07
-6.25582e-08
-6.40998e-07
-6.13245e-08
-6.42747e-07
-6.02786e-08
-6.44219e-07
-5.94639e-08
-6.45471e-07
-5.89096e-08
-6.46551e-07
-5.86322e-08
-6.47501e-07
-5.86368e-08
-6.48351e-07
-5.89213e-08
-6.49119e-07
-5.94785e-08
-6.49813e-07
-6.03008e-08
-6.50429e-07
-6.13827e-08
-6.50956e-07
-6.2724e-08
-6.51376e-07
-6.43306e-08
-6.51668e-07
-6.62165e-08
-6.51808e-07
-6.84051e-08
-6.51774e-07
-7.09293e-08
-6.51548e-07
-7.38318e-08
-6.51116e-07
-7.71654e-08
-6.50472e-07
-8.09914e-08
-6.4962e-07
-8.53781e-08
-6.48573e-07
-9.03999e-08
-6.47353e-07
-9.61356e-08
-6.45996e-07
-1.02669e-07
-6.44546e-07
-1.10085e-07
-6.43061e-07
-1.18473e-07
-6.4161e-07
-1.27921e-07
-6.40275e-07
-1.3852e-07
-6.39153e-07
-1.50358e-07
-6.38354e-07
-1.63524e-07
-6.38007e-07
-1.78104e-07
-6.38261e-07
-1.94181e-07
-6.39285e-07
-2.11833e-07
-6.41274e-07
-2.31127e-07
-6.44447e-07
-2.52121e-07
-6.49054e-07
-2.74853e-07
-6.55369e-07
-2.99339e-07
-6.63693e-07
-3.25566e-07
-6.74352e-07
-3.53484e-07
-6.87689e-07
-3.83003e-07
-7.04063e-07
-4.13982e-07
-7.23841e-07
-4.46227e-07
-7.47387e-07
-4.7948e-07
-7.75057e-07
-5.13419e-07
-8.0718e-07
-5.4765e-07
-8.44047e-07
-5.817e-07
-8.85894e-07
-6.15023e-07
-9.32881e-07
-6.46991e-07
-9.85064e-07
-6.76913e-07
-1.04238e-06
-7.04031e-07
-1.1046e-06
-7.27551e-07
-1.17137e-06
-7.46656e-07
-1.24211e-06
-7.60541e-07
-1.31611e-06
-7.68446e-07
-1.39248e-06
-7.69697e-07
-1.47016e-06
-7.63741e-07
-1.54802e-06
-7.50181e-07
-1.62484e-06
-7.288e-07
-1.69938e-06
-6.99576e-07
-1.77047e-06
-6.62689e-07
-1.83699e-06
-6.18515e-07
-1.89794e-06
-5.67601e-07
-1.9525e-06
-5.10639e-07
-2.00002e-06
-4.48437e-07
-3.81888e-07
-5.89741e-07
-6.30514e-08
-5.9537e-07
-6.43599e-08
-6.00863e-07
-6.52048e-08
-6.06164e-07
-6.56244e-08
-6.11221e-07
-6.56622e-08
-6.15987e-07
-6.53674e-08
-6.20424e-07
-6.47951e-08
-6.24503e-07
-6.40051e-08
-6.28204e-07
-6.30616e-08
-6.31522e-07
-6.20312e-08
-6.34465e-07
-6.09803e-08
-6.37051e-07
-5.99723e-08
-6.3931e-07
-5.90648e-08
-6.41282e-07
-5.83072e-08
-6.43007e-07
-5.77388e-08
-6.44528e-07
-5.73885e-08
-6.45884e-07
-5.72759e-08
-6.47109e-07
-5.74121e-08
-6.48228e-07
-5.78024e-08
-6.49258e-07
-5.84483e-08
-6.50208e-07
-5.93503e-08
-6.5108e-07
-6.05108e-08
-6.51869e-07
-6.19355e-08
-6.52564e-07
-6.36351e-08
-6.53154e-07
-6.56266e-08
-6.53625e-07
-6.79343e-08
-6.53964e-07
-7.05899e-08
-6.54162e-07
-7.36333e-08
-6.54215e-07
-7.71124e-08
-6.54124e-07
-8.10822e-08
-6.53899e-07
-8.56035e-08
-6.53557e-07
-9.07419e-08
-6.53125e-07
-9.65672e-08
-6.52641e-07
-1.03153e-07
-6.52151e-07
-1.10574e-07
-6.51715e-07
-1.18908e-07
-6.51402e-07
-1.28234e-07
-6.51294e-07
-1.38628e-07
-6.51485e-07
-1.50166e-07
-6.52086e-07
-1.62923e-07
-6.53221e-07
-1.76969e-07
-6.55033e-07
-1.9237e-07
-6.57681e-07
-2.09184e-07
-6.6135e-07
-2.27459e-07
-6.66241e-07
-2.4723e-07
-6.72579e-07
-2.68515e-07
-6.8061e-07
-2.91307e-07
-6.90602e-07
-3.15574e-07
-7.02836e-07
-3.4125e-07
-7.17608e-07
-3.68231e-07
-7.35222e-07
-3.96368e-07
-7.55983e-07
-4.25466e-07
-7.80191e-07
-4.55272e-07
-8.0813e-07
-4.85481e-07
-8.40056e-07
-5.15723e-07
-8.76185e-07
-5.45571e-07
-9.16678e-07
-5.7453e-07
-9.61623e-07
-6.02047e-07
-1.01102e-06
-6.27519e-07
-1.06475e-06
-6.50296e-07
-1.1226e-06
-6.69705e-07
-1.18419e-06
-6.85066e-07
-1.24902e-06
-6.95711e-07
-1.31644e-06
-7.01024e-07
-1.38567e-06
-7.00461e-07
-1.45584e-06
-6.9358e-07
-1.52595e-06
-6.80067e-07
-1.595e-06
-6.59753e-07
-1.66194e-06
-6.32628e-07
-1.72579e-06
-5.98844e-07
-1.78559e-06
-5.5871e-07
-1.84052e-06
-5.12676e-07
-1.88985e-06
-4.61313e-07
-1.933e-06
-4.05284e-07
-3.45326e-07
-5.90631e-07
-5.78523e-08
-5.95789e-07
-5.92017e-08
-6.0085e-07
-6.0144e-08
-6.05762e-07
-6.07126e-08
-6.10478e-07
-6.09458e-08
-6.14958e-07
-6.0887e-08
-6.1917e-07
-6.0584e-08
-6.23086e-07
-6.00889e-08
-6.26691e-07
-5.94564e-08
-6.29979e-07
-5.87429e-08
-6.32955e-07
-5.80045e-08
-6.35632e-07
-5.72951e-08
-6.38033e-07
-5.66639e-08
-6.40186e-07
-5.61544e-08
-6.42122e-07
-5.58023e-08
-6.43875e-07
-5.56359e-08
-6.45475e-07
-5.56761e-08
-6.46949e-07
-5.5938e-08
-6.48319e-07
-5.6432e-08
-6.49602e-07
-5.71654e-08
-6.50808e-07
-5.81449e-08
-6.5194e-07
-5.93785e-08
-6.52999e-07
-6.08762e-08
-6.53982e-07
-6.26519e-08
-6.54884e-07
-6.4725e-08
-6.55698e-07
-6.712e-08
-6.5642e-07
-6.98675e-08
-6.57048e-07
-7.30048e-08
-6.57585e-07
-7.65756e-08
-6.58038e-07
-8.0629e-08
-6.58422e-07
-8.52193e-08
-6.58759e-07
-9.04047e-08
-6.59079e-07
-9.62469e-08
-6.59422e-07
-1.0281e-07
-6.59836e-07
-1.1016e-07
-6.6038e-07
-1.18365e-07
-6.61124e-07
-1.2749e-07
-6.62148e-07
-1.37604e-07
-6.63546e-07
-1.48768e-07
-6.65422e-07
-1.61046e-07
-6.67898e-07
-1.74493e-07
-6.71107e-07
-1.8916e-07
-6.75202e-07
-2.05089e-07
-6.80349e-07
-2.22312e-07
-6.86734e-07
-2.40845e-07
-6.94561e-07
-2.60688e-07
-7.04048e-07
-2.8182e-07
-7.15427e-07
-3.04195e-07
-7.28944e-07
-3.27734e-07
-7.44852e-07
-3.52324e-07
-7.63406e-07
-3.77814e-07
-7.84859e-07
-4.04013e-07
-8.09452e-07
-4.30679e-07
-8.3741e-07
-4.57524e-07
-8.68926e-07
-4.84207e-07
-9.04158e-07
-5.10339e-07
-9.4321e-07
-5.35478e-07
-9.86115e-07
-5.59142e-07
-1.03283e-06
-5.80801e-07
-1.08323e-06
-5.99902e-07
-1.13706e-06
-6.15871e-07
-1.19398e-06
-6.28143e-07
-1.25354e-06
-6.3616e-07
-1.31514e-06
-6.39422e-07
-1.37811e-06
-6.37487e-07
-1.4417e-06
-6.29995e-07
-1.50507e-06
-6.16694e-07
-1.56736e-06
-5.9746e-07
-1.6277e-06
-5.7229e-07
-1.68523e-06
-5.41312e-07
-1.73916e-06
-5.04783e-07
-1.78877e-06
-4.63073e-07
-1.83342e-06
-4.16653e-07
-1.87263e-06
-3.66074e-07
-3.11947e-07
-5.91641e-07
-5.3094e-08
-5.96386e-07
-5.44564e-08
-6.01067e-07
-5.5463e-08
-6.05638e-07
-5.61424e-08
-6.10056e-07
-5.6528e-08
-6.14285e-07
-5.66574e-08
-6.18297e-07
-5.65723e-08
-6.22068e-07
-5.63174e-08
-6.25585e-07
-5.59396e-08
-6.28841e-07
-5.54871e-08
-6.31838e-07
-5.50076e-08
-6.34586e-07
-5.45472e-08
-6.37101e-07
-5.4149e-08
-6.39404e-07
-5.38511e-08
-6.4152e-07
-5.36864e-08
-6.43474e-07
-5.36818e-08
-6.45291e-07
-5.38594e-08
-6.46993e-07
-5.42361e-08
-6.48599e-07
-5.48259e-08
-6.50124e-07
-5.56402e-08
-6.51579e-07
-5.66896e-08
-6.52972e-07
-5.79859e-08
-6.54306e-07
-5.95423e-08
-6.55582e-07
-6.13755e-08
-6.56801e-07
-6.35056e-08
-6.57964e-07
-6.59572e-08
-6.59071e-07
-6.87599e-08
-6.60128e-07
-7.19483e-08
-6.61141e-07
-7.55622e-08
-6.62124e-07
-7.96457e-08
-6.63096e-07
-8.42473e-08
-6.64082e-07
-8.94185e-08
-6.65116e-07
-9.52133e-08
-6.66237e-07
-1.01688e-07
-6.67496e-07
-1.08901e-07
-6.68952e-07
-1.16909e-07
-6.70674e-07
-1.25769e-07
-6.72739e-07
-1.35539e-07
-6.75237e-07
-1.4627e-07
-6.78271e-07
-1.58012e-07
-6.81954e-07
-1.70811e-07
-6.86411e-07
-1.84703e-07
-6.91785e-07
-1.99716e-07
-6.98228e-07
-2.15868e-07
-7.05909e-07
-2.33164e-07
-7.15008e-07
-2.51589e-07
-7.25718e-07
-2.7111e-07
-7.38245e-07
-2.91669e-07
-7.52797e-07
-3.13182e-07
-7.69588e-07
-3.35532e-07
-7.88832e-07
-3.5857e-07
-8.10737e-07
-3.82108e-07
-8.35497e-07
-4.05919e-07
-8.63285e-07
-4.29735e-07
-8.94245e-07
-4.53247e-07
-9.28483e-07
-4.76101e-07
-9.66057e-07
-4.97905e-07
-1.00696e-06
-5.18234e-07
-1.05114e-06
-5.36626e-07
-1.09843e-06
-5.52612e-07
-1.14859e-06
-5.65707e-07
-1.20131e-06
-5.75431e-07
-1.25614e-06
-5.81327e-07
-1.31259e-06
-5.82973e-07
-1.37006e-06
-5.80016e-07
-1.4279e-06
-5.72159e-07
-1.48539e-06
-5.59204e-07
-1.54179e-06
-5.41057e-07
-1.59636e-06
-5.17721e-07
-1.64837e-06
-4.89302e-07
-1.69714e-06
-4.5601e-07
-1.74206e-06
-4.1816e-07
-1.78257e-06
-3.76143e-07
-1.81822e-06
-3.30417e-07
-2.8149e-07
-5.92726e-07
-4.87191e-08
-5.97111e-07
-5.00711e-08
-6.01461e-07
-5.11138e-08
-6.05732e-07
-5.18711e-08
-6.09888e-07
-5.23718e-08
-6.13897e-07
-5.26483e-08
-6.17733e-07
-5.27365e-08
-6.21376e-07
-5.26748e-08
-6.24812e-07
-5.25037e-08
-6.28035e-07
-5.22643e-08
-6.31044e-07
-5.19977e-08
-6.33848e-07
-5.17437e-08
-6.36457e-07
-5.154e-08
-6.38887e-07
-5.14207e-08
-6.41158e-07
-5.14157e-08
-6.43289e-07
-5.15507e-08
-6.45301e-07
-5.18478e-08
-6.47212e-07
-5.23253e-08
-6.49038e-07
-5.2999e-08
-6.50796e-07
-5.3883e-08
-6.52495e-07
-5.49906e-08
-6.54144e-07
-5.63362e-08
-6.55751e-07
-5.79352e-08
-6.57321e-07
-5.98058e-08
-6.58858e-07
-6.19686e-08
-6.60367e-07
-6.44476e-08
-6.61856e-07
-6.72711e-08
-6.63332e-07
-7.04716e-08
-6.6481e-07
-7.40848e-08
-6.66304e-07
-7.81508e-08
-6.67839e-07
-8.27125e-08
-6.69442e-07
-8.78153e-08
-6.71148e-07
-9.35071e-08
-6.73e-07
-9.9837e-08
-6.75047e-07
-1.06854e-07
-6.77347e-07
-1.14609e-07
-6.79967e-07
-1.23149e-07
-6.82984e-07
-1.32521e-07
-6.86484e-07
-1.4277e-07
-6.90563e-07
-1.53934e-07
-6.95327e-07
-1.66046e-07
-7.00895e-07
-1.79135e-07
-7.07395e-07
-1.93215e-07
-7.14968e-07
-2.08296e-07
-7.23764e-07
-2.24368e-07
-7.33945e-07
-2.41408e-07
-7.4568e-07
-2.59375e-07
-7.59145e-07
-2.78204e-07
-7.74519e-07
-2.97807e-07
-7.91986e-07
-3.18066e-07
-8.11718e-07
-3.38837e-07
-8.33885e-07
-3.59941e-07
-8.58639e-07
-3.81166e-07
-8.86112e-07
-4.02262e-07
-9.16411e-07
-4.22948e-07
-9.49603e-07
-4.42909e-07
-9.85707e-07
-4.618e-07
-1.0247e-06
-4.79245e-07
-1.06647e-06
-4.94847e-07
-1.11089e-06
-5.082e-07
-1.1577e-06
-5.18891e-07
-1.20662e-06
-5.26516e-07
-1.25725e-06
-5.30697e-07
-1.30914e-06
-5.31086e-07
-1.36176e-06
-5.27391e-07
-1.41454e-06
-5.19376e-07
-1.46687e-06
-5.06877e-07
-1.51811e-06
-4.89815e-07
-1.56763e-06
-4.68206e-07
-1.6148e-06
-4.42134e-07
-1.65904e-06
-4.11769e-07
-1.6998e-06
-3.77395e-07
-1.73661e-06
-3.39336e-07
-1.76906e-06
-2.97964e-07
-2.53702e-07
-5.9385e-07
-4.46762e-08
-5.97922e-07
-4.5999e-08
-6.01982e-07
-4.70537e-08
-6.05993e-07
-4.78607e-08
-6.0992e-07
-4.84443e-08
-6.13736e-07
-4.88322e-08
-6.17418e-07
-4.90553e-08
-6.20946e-07
-4.91466e-08
-6.24309e-07
-4.91409e-08
-6.27499e-07
-4.90737e-08
-6.30517e-07
-4.89804e-08
-6.33365e-07
-4.88956e-08
-6.36052e-07
-4.88524e-08
-6.38592e-07
-4.88813e-08
-6.40998e-07
-4.90096e-08
-6.43287e-07
-4.92619e-08
-6.45475e-07
-4.96596e-08
-6.47579e-07
-5.02215e-08
-6.49613e-07
-5.09648e-08
-6.51591e-07
-5.19048e-08
-6.53525e-07
-5.30568e-08
-6.55424e-07
-5.44364e-08
-6.57299e-07
-5.60605e-08
-6.59157e-07
-5.79477e-08
-6.61007e-07
-6.01188e-08
-6.62857e-07
-6.25973e-08
-6.64718e-07
-6.54101e-08
-6.66603e-07
-6.85865e-08
-6.68528e-07
-7.21599e-08
-6.70513e-07
-7.61659e-08
-6.72583e-07
-8.06424e-08
-6.74768e-07
-8.56299e-08
-6.77105e-07
-9.117e-08
-6.79637e-07
-9.73049e-08
-6.82414e-07
-1.04078e-07
-6.85491e-07
-1.11531e-07
-6.88936e-07
-1.19704e-07
-6.9282e-07
-1.28637e-07
-6.97225e-07
-1.38364e-07
-7.02243e-07
-1.48915e-07
-7.07973e-07
-1.60317e-07
-7.14523e-07
-1.72584e-07
-7.22011e-07
-1.85727e-07
-7.30565e-07
-1.99743e-07
-7.40318e-07
-2.14614e-07
-7.51413e-07
-2.30313e-07
-7.63998e-07
-2.46789e-07
-7.78225e-07
-2.63977e-07
-7.94246e-07
-2.81786e-07
-8.12211e-07
-3.00101e-07
-8.32266e-07
-3.18783e-07
-8.54545e-07
-3.37662e-07
-8.79167e-07
-3.56544e-07
-9.06228e-07
-3.752e-07
-9.35798e-07
-3.93378e-07
-9.67915e-07
-4.10792e-07
-1.00258e-06
-4.27138e-07
-1.03974e-06
-4.42087e-07
-1.07928e-06
-4.553e-07
-1.12106e-06
-4.66426e-07
-1.16484e-06
-4.75113e-07
-1.21033e-06
-4.8102e-07
-1.25719e-06
-4.83835e-07
-1.30502e-06
-4.83259e-07
-1.35335e-06
-4.79061e-07
-1.40169e-06
-4.7104e-07
-1.44949e-06
-4.59068e-07
-1.49622e-06
-4.43086e-07
-1.54132e-06
-4.23108e-07
-1.58425e-06
-3.9921e-07
-1.62447e-06
-3.71541e-07
-1.66155e-06
-3.40322e-07
-1.69504e-06
-3.05846e-07
-1.7246e-06
-2.68398e-07
-2.28337e-07
-5.94984e-07
-4.09195e-08
-5.98786e-07
-4.21974e-08
-6.02595e-07
-4.32444e-08
-6.06379e-07
-4.40772e-08
-6.10107e-07
-4.47162e-08
-6.13754e-07
-4.5185e-08
-6.17299e-07
-4.55101e-08
-6.20726e-07
-4.57198e-08
-6.24023e-07
-4.5844e-08
-6.27183e-07
-4.59134e-08
-6.30205e-07
-4.59588e-08
-6.3309e-07
-4.60104e-08
-6.35845e-07
-4.60972e-08
-6.3848e-07
-4.62467e-08
-6.41006e-07
-4.64837e-08
-6.43436e-07
-4.68314e-08
-6.45786e-07
-4.73105e-08
-6.48067e-07
-4.79398e-08
-6.50295e-07
-4.87367e-08
-6.52483e-07
-4.97175e-08
-6.54641e-07
-5.08983e-08
-6.56782e-07
-5.22952e-08
-6.58917e-07
-5.39258e-08
-6.61055e-07
-5.5809e-08
-6.63209e-07
-5.79651e-08
-6.65389e-07
-6.04169e-08
-6.6761e-07
-6.3189e-08
-6.69888e-07
-6.63091e-08
-6.7224e-07
-6.98073e-08
-6.74691e-07
-7.37151e-08
-6.77266e-07
-7.80668e-08
-6.79999e-07
-8.28977e-08
-6.82925e-07
-8.82437e-08
-6.86088e-07
-9.41418e-08
-6.89537e-07
-1.00628e-07
-6.93329e-07
-1.07739e-07
-6.97525e-07
-1.15508e-07
-7.02195e-07
-1.23966e-07
-7.07417e-07
-1.33142e-07
-7.13276e-07
-1.43057e-07
-7.19862e-07
-1.5373e-07
-7.27278e-07
-1.65169e-07
-7.3563e-07
-1.77376e-07
-7.4503e-07
-1.90342e-07
-7.556e-07
-2.04044e-07
-7.67464e-07
-2.18449e-07
-7.8075e-07
-2.33504e-07
-7.95587e-07
-2.4914e-07
-8.12105e-07
-2.65268e-07
-8.30429e-07
-2.81777e-07
-8.50675e-07
-2.98538e-07
-8.72947e-07
-3.1539e-07
-8.97338e-07
-3.32153e-07
-9.23917e-07
-3.48621e-07
-9.52727e-07
-3.64567e-07
-9.83781e-07
-3.79739e-07
-1.01705e-06
-3.93866e-07
-1.05248e-06
-4.06661e-07
-1.08995e-06
-4.17832e-07
-1.1293e-06
-4.27071e-07
-1.17032e-06
-4.34089e-07
-1.21275e-06
-4.38595e-07
-1.25626e-06
-4.40324e-07
-1.30049e-06
-4.3903e-07
-1.34503e-06
-4.34521e-07
-1.38945e-06
-4.26625e-07
-1.43327e-06
-4.15248e-07
-1.47601e-06
-4.00346e-07
-1.51719e-06
-3.81919e-07
-1.55636e-06
-3.60041e-07
-1.59306e-06
-3.34842e-07
-1.62688e-06
-3.06506e-07
-1.65745e-06
-2.75271e-07
-1.68445e-06
-2.414e-07
-2.05193e-07
-5.96105e-07
-3.74081e-08
-5.99674e-07
-3.86291e-08
-6.03266e-07
-3.96519e-08
-6.06853e-07
-4.04903e-08
-6.10408e-07
-4.11613e-08
-6.13908e-07
-4.16849e-08
-6.17335e-07
-4.20837e-08
-6.20673e-07
-4.2382e-08
-6.23911e-07
-4.26055e-08
-6.27044e-07
-4.27808e-08
-6.30068e-07
-4.29346e-08
-6.32985e-07
-4.30935e-08
-6.35799e-07
-4.32831e-08
-6.38518e-07
-4.35279e-08
-6.41151e-07
-4.38506e-08
-6.43709e-07
-4.42729e-08
-6.46205e-07
-4.48143e-08
-6.48652e-07
-4.54936e-08
-6.51061e-07
-4.63276e-08
-6.53445e-07
-4.7333e-08
-6.55818e-07
-4.85258e-08
-6.5819e-07
-4.99229e-08
-6.60574e-07
-5.15419e-08
-6.62982e-07
-5.34007e-08
-6.65428e-07
-5.55194e-08
-6.67925e-07
-5.79193e-08
-6.7049e-07
-6.06237e-08
-6.73141e-07
-6.36581e-08
-6.759e-07
-6.7049e-08
-6.78789e-07
-7.08255e-08
-6.81839e-07
-7.50173e-08
-6.85081e-07
-7.96551e-08
-6.88554e-07
-8.47707e-08
-6.923e-07
-9.03956e-08
-6.96368e-07
-9.65609e-08
-7.0081e-07
-1.03296e-07
-7.05689e-07
-1.1063e-07
-7.11069e-07
-1.18586e-07
-7.17023e-07
-1.27187e-07
-7.23631e-07
-1.36449e-07
-7.30978e-07
-1.46383e-07
-7.39154e-07
-1.56994e-07
-7.48255e-07
-1.68275e-07
-7.58384e-07
-1.80212e-07
-7.69647e-07
-1.92782e-07
-7.82152e-07
-2.05943e-07
-7.96011e-07
-2.19645e-07
-8.11334e-07
-2.33817e-07
-8.28227e-07
-2.48375e-07
-8.46791e-07
-2.63213e-07
-8.67123e-07
-2.78206e-07
-8.89303e-07
-2.9321e-07
-9.13397e-07
-3.08059e-07
-9.39449e-07
-3.22569e-07
-9.67484e-07
-3.36532e-07
-9.97496e-07
-3.49727e-07
-1.02945e-06
-3.61914e-07
-1.06326e-06
-3.72851e-07
-1.09881e-06
-3.82277e-07
-1.13595e-06
-3.89932e-07
-1.17448e-06
-3.95567e-07
-1.21414e-06
-3.98931e-07
-1.25466e-06
-3.99807e-07
-1.29569e-06
-3.97994e-07
-1.33689e-06
-3.93327e-07
-1.37784e-06
-3.8567e-07
-1.41815e-06
-3.74937e-07
-1.4574e-06
-3.61103e-07
-1.49516e-06
-3.44153e-07
-1.53103e-06
-3.24177e-07
-1.56459e-06
-3.01272e-07
-1.59551e-06
-2.75595e-07
-1.62343e-06
-2.47343e-07
-1.64809e-06
-2.16745e-07
-1.84058e-07
-5.97195e-07
-3.41062e-08
-6.00564e-07
-3.52607e-08
-6.0397e-07
-3.62459e-08
-6.07387e-07
-3.7073e-08
-6.10792e-07
-3.77563e-08
-6.14165e-07
-3.83124e-08
-6.17488e-07
-3.87607e-08
-6.20748e-07
-3.91218e-08
-6.23936e-07
-3.94181e-08
-6.27044e-07
-3.96726e-08
-6.3007e-07
-3.99084e-08
-6.33015e-07
-4.01489e-08
-6.35881e-07
-4.04168e-08
-6.38675e-07
-4.0734e-08
-6.41404e-07
-4.11213e-08
-6.44078e-07
-4.15984e-08
-6.46709e-07
-4.21838e-08
-6.49307e-07
-4.28953e-08
-6.51885e-07
-4.37496e-08
-6.54455e-07
-4.47631e-08
-6.57029e-07
-4.59517e-08
-6.5962e-07
-4.73319e-08
-6.62242e-07
-4.89205e-08
-6.64907e-07
-5.07355e-08
-6.67631e-07
-5.27954e-08
-6.7043e-07
-5.51205e-08
-6.73321e-07
-5.77324e-08
-6.76325e-07
-6.06539e-08
-6.79465e-07
-6.39095e-08
-6.82766e-07
-6.75247e-08
-6.86257e-07
-7.15257e-08
-6.89972e-07
-7.59396e-08
-6.9395e-07
-8.07933e-08
-6.98231e-07
-8.61143e-08
-7.02863e-07
-9.19288e-08
-7.07898e-07
-9.82608e-08
-7.13394e-07
-1.05134e-07
-7.19412e-07
-1.12568e-07
-7.26021e-07
-1.20578e-07
-7.33294e-07
-1.29177e-07
-7.41308e-07
-1.38369e-07
-7.50148e-07
-1.48154e-07
-7.59899e-07
-1.58523e-07
-7.70652e-07
-1.69459e-07
-7.82501e-07
-1.80933e-07
-7.9554e-07
-1.92904e-07
-8.09863e-07
-2.05322e-07
-8.25563e-07
-2.18117e-07
-8.4273e-07
-2.31208e-07
-8.61445e-07
-2.44498e-07
-8.81782e-07
-2.57868e-07
-9.03803e-07
-2.71189e-07
-9.27554e-07
-2.84308e-07
-9.53063e-07
-2.9706e-07
-9.80333e-07
-3.09262e-07
-1.00934e-06
-3.20717e-07
-1.04004e-06
-3.31216e-07
-1.07235e-06
-3.40543e-07
-1.10615e-06
-3.48476e-07
-1.14128e-06
-3.54798e-07
-1.17756e-06
-3.59289e-07
-1.21475e-06
-3.61741e-07
-1.25259e-06
-3.61971e-07
-1.29078e-06
-3.59801e-07
-1.329e-06
-3.55101e-07
-1.36691e-06
-3.47761e-07
-1.40414e-06
-3.37714e-07
-1.44031e-06
-3.24931e-07
-1.47505e-06
-3.09414e-07
-1.50799e-06
-2.91236e-07
-1.5388e-06
-2.70459e-07
-1.56715e-06
-2.47244e-07
-1.59274e-06
-2.21752e-07
-1.61532e-06
-1.94173e-07
-1.6473e-07
-5.9824e-07
-3.09822e-08
-6.01438e-07
-3.20628e-08
-6.04684e-07
-3.29995e-08
-6.07956e-07
-3.38013e-08
-6.11232e-07
-3.448e-08
-6.14495e-07
-3.50498e-08
-6.17729e-07
-3.55269e-08
-6.20922e-07
-3.59291e-08
-6.24064e-07
-3.62754e-08
-6.27151e-07
-3.65858e-08
-6.30179e-07
-3.68805e-08
-6.33148e-07
-3.71799e-08
-6.36061e-07
-3.75041e-08
-6.38922e-07
-3.78726e-08
-6.41739e-07
-3.83044e-08
-6.4452e-07
-3.88175e-08
-6.47274e-07
-3.94295e-08
-6.50013e-07
-4.01567e-08
-6.52747e-07
-4.10153e-08
-6.5549e-07
-4.20207e-08
-6.58253e-07
-4.31887e-08
-6.6105e-07
-4.45348e-08
-6.63895e-07
-4.60756e-08
-6.66803e-07
-4.78277e-08
-6.69789e-07
-4.9809e-08
-6.72872e-07
-5.20381e-08
-6.7607e-07
-5.45344e-08
-6.79405e-07
-5.73191e-08
-6.829e-07
-6.04139e-08
-6.86583e-07
-6.38415e-08
-6.90484e-07
-6.76252e-08
-6.94635e-07
-7.1788e-08
-6.99075e-07
-7.63535e-08
-7.03845e-07
-8.13446e-08
-7.0899e-07
-8.67834e-08
-7.1456e-07
-9.26905e-08
-7.2061e-07
-9.90835e-08
-7.272e-07
-1.05978e-07
-7.34391e-07
-1.13387e-07
-7.42251e-07
-1.21316e-07
-7.50853e-07
-1.29767e-07
-7.6027e-07
-1.38737e-07
-7.70582e-07
-1.48212e-07
-7.81867e-07
-1.58174e-07
-7.94208e-07
-1.68592e-07
-8.07686e-07
-1.79426e-07
-8.22382e-07
-1.90625e-07
-8.38373e-07
-2.02126e-07
-8.55732e-07
-2.13849e-07
-8.74525e-07
-2.25704e-07
-8.94808e-07
-2.37585e-07
-9.16626e-07
-2.49371e-07
-9.40007e-07
-2.60927e-07
-9.64965e-07
-2.72102e-07
-9.91489e-07
-2.82738e-07
-1.01955e-06
-2.92657e-07
-1.04908e-06
-3.01681e-07
-1.08001e-06
-3.0962e-07
-1.1122e-06
-3.16287e-07
-1.14551e-06
-3.21484e-07
-1.17977e-06
-3.25033e-07
-1.21475e-06
-3.2676e-07
-1.25022e-06
-3.26504e-07
-1.28589e-06
-3.24124e-07
-1.32149e-06
-3.19502e-07
-1.3567e-06
-3.12553e-07
-1.39119e-06
-3.03218e-07
-1.42465e-06
-2.91471e-07
-1.45674e-06
-2.77329e-07
-1.48713e-06
-2.60844e-07
-1.51551e-06
-2.42082e-07
-1.54157e-06
-2.21181e-07
-1.56509e-06
-1.9824e-07
-1.5858e-06
-1.73461e-07
-1.47026e-07
-5.99228e-07
-2.80086e-08
-6.02281e-07
-2.90098e-08
-6.05391e-07
-2.98893e-08
-6.08538e-07
-3.06543e-08
-6.11704e-07
-3.13145e-08
-6.14872e-07
-3.18818e-08
-6.18029e-07
-3.23698e-08
-6.21164e-07
-3.27939e-08
-6.24269e-07
-3.31704e-08
-6.27338e-07
-3.35165e-08
-6.30369e-07
-3.38498e-08
-6.33361e-07
-3.4188e-08
-6.36316e-07
-3.4549e-08
-6.39238e-07
-3.49502e-08
-6.42134e-07
-3.54086e-08
-6.45011e-07
-3.59407e-08
-6.47878e-07
-3.65624e-08
-6.50746e-07
-3.72892e-08
-6.53625e-07
-3.81361e-08
-6.56528e-07
-3.9118e-08
-6.59467e-07
-4.02494e-08
-6.62456e-07
-4.15456e-08
-6.6551e-07
-4.30216e-08
-6.68645e-07
-4.46934e-08
-6.71877e-07
-4.65773e-08
-6.75224e-07
-4.86904e-08
-6.78708e-07
-5.10509e-08
-6.8235e-07
-5.36772e-08
-6.86175e-07
-5.6589e-08
-6.9021e-07
-5.98062e-08
-6.94486e-07
-6.33489e-08
-6.99036e-07
-6.72376e-08
-7.03898e-07
-7.14918e-08
-7.09111e-07
-7.61313e-08
-7.1472e-07
-8.11745e-08
-7.20773e-07
-8.6638e-08
-7.2732e-07
-9.25364e-08
-7.34417e-07
-9.8881e-08
-7.42124e-07
-1.0568e-07
-7.50501e-07
-1.12938e-07
-7.59615e-07
-1.20653e-07
-7.69534e-07
-1.28818e-07
-7.80326e-07
-1.3742e-07
-7.92063e-07
-1.46437e-07
-8.04815e-07
-1.55839e-07
-8.18653e-07
-1.65589e-07
-8.33644e-07
-1.75634e-07
-8.49854e-07
-1.85916e-07
-8.6734e-07
-1.96363e-07
-8.86155e-07
-2.06889e-07
-9.06341e-07
-2.174e-07
-9.27927e-07
-2.27785e-07
-9.50929e-07
-2.37925e-07
-9.75346e-07
-2.47685e-07
-1.00116e-06
-2.56924e-07
-1.02832e-06
-2.65492e-07
-1.05678e-06
-2.73225e-07
-1.08644e-06
-2.79965e-07
-1.11717e-06
-2.85548e-07
-1.14885e-06
-2.89812e-07
-1.18129e-06
-2.92594e-07
-1.2143e-06
-2.9375e-07
-1.24765e-06
-2.93147e-07
-1.28111e-06
-2.90668e-07
-1.3144e-06
-2.86212e-07
-1.34723e-06
-2.79716e-07
-1.37934e-06
-2.71116e-07
-1.4104e-06
-2.60404e-07
-1.44014e-06
-2.47591e-07
-1.46827e-06
-2.32716e-07
-1.4945e-06
-2.1585e-07
-1.51859e-06
-1.97096e-07
-1.54026e-06
-1.76565e-07
-1.5593e-06
-1.54423e-07
-1.30777e-07
-6.00151e-07
-2.51617e-08
-6.03082e-07
-2.60792e-08
-6.06077e-07
-2.68944e-08
-6.09118e-07
-2.76129e-08
-6.1219e-07
-2.82428e-08
-6.15277e-07
-2.87941e-08
-6.18369e-07
-2.92783e-08
-6.21455e-07
-2.97083e-08
-6.24527e-07
-3.0098e-08
-6.27581e-07
-3.04622e-08
-6.30615e-07
-3.08161e-08
-6.33628e-07
-3.11755e-08
-6.36621e-07
-3.15559e-08
-6.39598e-07
-3.19727e-08
-6.42566e-07
-3.24412e-08
-6.4553e-07
-3.29761e-08
-6.48501e-07
-3.35922e-08
-6.51487e-07
-3.43035e-08
-6.54499e-07
-3.5124e-08
-6.57549e-07
-3.60675e-08
-6.60651e-07
-3.71477e-08
-6.63818e-07
-3.83783e-08
-6.67066e-07
-3.97739e-08
-6.70411e-07
-4.13489e-08
-6.7387e-07
-4.31186e-08
-6.77462e-07
-4.50982e-08
-6.81209e-07
-4.73039e-08
-6.85133e-07
-4.97526e-08
-6.89261e-07
-5.24614e-08
-6.93619e-07
-5.5448e-08
-6.98238e-07
-5.87299e-08
-7.03152e-07
-6.23243e-08
-7.08395e-07
-6.62486e-08
-7.14007e-07
-7.05184e-08
-7.20032e-07
-7.51496e-08
-7.26515e-07
-8.01553e-08
-7.33504e-07
-8.55471e-08
-7.41052e-07
-9.13337e-08
-7.49212e-07
-9.75198e-08
-7.58043e-07
-1.04108e-07
-7.67603e-07
-1.11093e-07
-7.77953e-07
-1.18468e-07
-7.89156e-07
-1.26217e-07
-8.01273e-07
-1.3432e-07
-8.14367e-07
-1.42745e-07
-8.28498e-07
-1.51458e-07
-8.43722e-07
-1.6041e-07
-8.60093e-07
-1.69545e-07
-8.77657e-07
-1.78799e-07
-8.96453e-07
-1.88094e-07
-9.16511e-07
-1.97342e-07
-9.3785e-07
-2.06447e-07
-9.60472e-07
-2.15302e-07
-9.84369e-07
-2.23788e-07
-1.00951e-06
-2.31782e-07
-1.03585e-06
-2.39152e-07
-1.06332e-06
-2.45761e-07
-1.09182e-06
-2.51463e-07
-1.12124e-06
-2.56124e-07
-1.15145e-06
-2.59603e-07
-1.18227e-06
-2.6177e-07
-1.21353e-06
-2.62491e-07
-1.24502e-06
-2.61659e-07
-1.27651e-06
-2.59176e-07
-1.30777e-06
-2.5496e-07
-1.33853e-06
-2.48952e-07
-1.36853e-06
-2.41119e-07
-1.39751e-06
-2.31426e-07
-1.4252e-06
-2.19901e-07
-1.45134e-06
-2.06578e-07
-1.47567e-06
-1.91514e-07
-1.49798e-06
-1.7479e-07
-1.51803e-06
-1.56513e-07
-1.53564e-06
-1.36811e-07
-1.15834e-07
-6.01003e-07
-2.24207e-08
-6.03831e-07
-2.32515e-08
-6.06729e-07
-2.39968e-08
-6.0968e-07
-2.46611e-08
-6.12672e-07
-2.52511e-08
-6.15691e-07
-2.57748e-08
-6.18727e-07
-2.62421e-08
-6.21772e-07
-2.6664e-08
-6.24817e-07
-2.70521e-08
-6.2786e-07
-2.74193e-08
-6.30898e-07
-2.77786e-08
-6.3393e-07
-2.81436e-08
-6.36958e-07
-2.85281e-08
-6.39985e-07
-2.89454e-08
-6.43017e-07
-2.94091e-08
-6.46061e-07
-2.99324e-08
-6.49125e-07
-3.05286e-08
-6.52218e-07
-3.12105e-08
-6.55351e-07
-3.19907e-08
-6.58537e-07
-3.2882e-08
-6.61787e-07
-3.38968e-08
-6.65118e-07
-3.50481e-08
-6.68543e-07
-3.63487e-08
-6.7208e-07
-3.78121e-08
-6.75747e-07
-3.94518e-08
-6.79564e-07
-4.12817e-08
-6.83551e-07
-4.33164e-08
-6.87733e-07
-4.55703e-08
-6.92136e-07
-4.80589e-08
-6.96787e-07
-5.07972e-08
-7.01716e-07
-5.38009e-08
-7.06955e-07
-5.70844e-08
-7.12542e-07
-6.06622e-08
-7.18512e-07
-6.45477e-08
-7.24909e-07
-6.87533e-08
-7.31774e-07
-7.32904e-08
-7.39154e-07
-7.8167e-08
-7.47098e-07
-8.33899e-08
-7.55655e-07
-8.89622e-08
-7.6488e-07
-9.48831e-08
-7.74825e-07
-1.01148e-07
-7.85545e-07
-1.07747e-07
-7.97097e-07
-1.14666e-07
-8.09535e-07
-1.21882e-07
-8.22911e-07
-1.29369e-07
-8.37278e-07
-1.37091e-07
-8.52683e-07
-1.45005e-07
-8.69168e-07
-1.5306e-07
-8.86771e-07
-1.61196e-07
-9.0552e-07
-1.69345e-07
-9.25433e-07
-1.77429e-07
-9.46519e-07
-1.8536e-07
-9.68775e-07
-1.93046e-07
-9.92179e-07
-2.00385e-07
-1.0167e-06
-2.07263e-07
-1.04228e-06
-2.13571e-07
-1.06885e-06
-2.19191e-07
-1.09631e-06
-2.23999e-07
-1.12456e-06
-2.27876e-07
-1.15346e-06
-2.30704e-07
-1.18286e-06
-2.32373e-07
-1.21257e-06
-2.32778e-07
-1.24242e-06
-2.31813e-07
-1.27218e-06
-2.29408e-07
-1.30165e-06
-2.25491e-07
-1.33059e-06
-2.20013e-07
-1.35876e-06
-2.12946e-07
-1.38591e-06
-2.04281e-07
-1.41181e-06
-1.94002e-07
-1.43622e-06
-1.8217e-07
-1.4589e-06
-1.68826e-07
-1.47965e-06
-1.5404e-07
-1.49827e-06
-1.37899e-07
-1.51457e-06
-1.20508e-07
-1.01998e-07
-6.01779e-07
-1.97676e-08
-6.04521e-07
-2.05094e-08
-6.07337e-07
-2.11805e-08
-6.10214e-07
-2.17843e-08
-6.13139e-07
-2.23262e-08
-6.16101e-07
-2.2813e-08
-6.1909e-07
-2.32527e-08
-6.22099e-07
-2.36546e-08
-6.25123e-07
-2.40286e-08
-6.28156e-07
-2.43857e-08
-6.31198e-07
-2.47369e-08
-6.34248e-07
-2.50941e-08
-6.37307e-07
-2.54688e-08
-6.4038e-07
-2.5873e-08
-6.4347e-07
-2.63186e-08
-6.46585e-07
-2.68172e-08
-6.49733e-07
-2.73808e-08
-6.52923e-07
-2.80205e-08
-6.56166e-07
-2.8748e-08
-6.59474e-07
-2.95744e-08
-6.62859e-07
-3.05113e-08
-6.66337e-07
-3.15701e-08
-6.69923e-07
-3.27627e-08
-6.73635e-07
-3.41007e-08
-6.7749e-07
-3.55965e-08
-6.8151e-07
-3.7262e-08
-6.85715e-07
-3.91108e-08
-6.9013e-07
-4.11553e-08
-6.9478e-07
-4.34089e-08
-6.99693e-07
-4.58845e-08
-7.04899e-07
-4.85948e-08
-7.10431e-07
-5.15528e-08
-7.16323e-07
-5.47704e-08
-7.22611e-07
-5.82595e-08
-7.29335e-07
-6.20291e-08
-7.36537e-07
-6.60885e-08
-7.44259e-07
-7.04444e-08
-7.52549e-07
-7.51008e-08
-7.61451e-07
-8.00596e-08
-7.71016e-07
-8.53182e-08
-7.81293e-07
-9.08718e-08
-7.9233e-07
-9.67107e-08
-8.04176e-07
-1.02819e-07
-8.16881e-07
-1.09178e-07
-8.3049e-07
-1.15761e-07
-8.45046e-07
-1.22534e-07
-8.60589e-07
-1.29462e-07
-8.77152e-07
-1.36497e-07
-8.94765e-07
-1.43584e-07
-9.13447e-07
-1.50663e-07
-9.33207e-07
-1.57668e-07
-9.54048e-07
-1.64519e-07
-9.75957e-07
-1.71138e-07
-9.98905e-07
-1.77436e-07
-1.02285e-06
-1.83314e-07
-1.04775e-06
-1.88679e-07
-1.07351e-06
-1.93428e-07
-1.10005e-06
-1.97461e-07
-1.12725e-06
-2.0067e-07
-1.155e-06
-2.0296e-07
-1.18313e-06
-2.04236e-07
-1.2115e-06
-2.04416e-07
-1.23991e-06
-2.03403e-07
-1.26817e-06
-2.01142e-07
-1.29609e-06
-1.97576e-07
-1.32344e-06
-1.92661e-07
-1.35002e-06
-1.86373e-07
-1.37558e-06
-1.78714e-07
-1.39992e-06
-1.69661e-07
-1.42282e-06
-1.5927e-07
-1.44407e-06
-1.47576e-07
-1.46348e-06
-1.34638e-07
-1.48084e-06
-1.20531e-07
-1.49601e-06
-1.05343e-07
-8.9187e-08
-6.02474e-07
-1.71872e-08
-6.05145e-07
-1.78385e-08
-6.07893e-07
-1.84318e-08
-6.10708e-07
-1.897e-08
-6.13577e-07
-1.94571e-08
-6.16491e-07
-1.98989e-08
-6.19442e-07
-2.03021e-08
-6.22422e-07
-2.0674e-08
-6.25428e-07
-2.10232e-08
-6.28454e-07
-2.13588e-08
-6.31501e-07
-2.16904e-08
-6.34567e-07
-2.20279e-08
-6.37655e-07
-2.23812e-08
-6.40767e-07
-2.27607e-08
-6.43909e-07
-2.31765e-08
-6.47088e-07
-2.3639e-08
-6.5031e-07
-2.41582e-08
-6.53587e-07
-2.47443e-08
-6.56927e-07
-2.54075e-08
-6.60344e-07
-2.61575e-08
-6.6385e-07
-2.7005e-08
-6.67461e-07
-2.79596e-08
-6.71191e-07
-2.90322e-08
-6.75059e-07
-3.02329e-08
-6.79083e-07
-3.15726e-08
-6.83283e-07
-3.30618e-08
-6.87682e-07
-3.47119e-08
-6.92304e-07
-3.65337e-08
-6.97174e-07
-3.85386e-08
-7.02321e-07
-4.0738e-08
-7.07773e-07
-4.31429e-08
-7.13561e-07
-4.5764e-08
-7.19721e-07
-4.86107e-08
-7.26288e-07
-5.16928e-08
-7.33299e-07
-5.50179e-08
-7.40795e-07
-5.85932e-08
-7.48815e-07
-6.24239e-08
-7.57404e-07
-6.65122e-08
-7.66604e-07
-7.08591e-08
-7.76461e-07
-7.54614e-08
-7.87019e-07
-8.03138e-08
-7.98323e-07
-8.54067e-08
-8.10417e-07
-9.07249e-08
-8.23343e-07
-9.62514e-08
-8.37141e-07
-1.01963e-07
-8.51848e-07
-1.07828e-07
-8.67496e-07
-1.13814e-07
-8.84111e-07
-1.19882e-07
-9.01715e-07
-1.2598e-07
-9.20319e-07
-1.32059e-07
-9.39928e-07
-1.3806e-07
-9.60534e-07
-1.43913e-07
-9.8212e-07
-1.49552e-07
-1.00465e-06
-1.54902e-07
-1.02809e-06
-1.59877e-07
-1.05237e-06
-1.64399e-07
-1.07742e-06
-1.68381e-07
-1.10314e-06
-1.71737e-07
-1.12943e-06
-1.74379e-07
-1.15617e-06
-1.76226e-07
-1.18321e-06
-1.772e-07
-1.21039e-06
-1.77228e-07
-1.23756e-06
-1.76235e-07
-1.26453e-06
-1.74175e-07
-1.2911e-06
-1.70999e-07
-1.31709e-06
-1.66674e-07
-1.34228e-06
-1.6118e-07
-1.36649e-06
-1.54507e-07
-1.38949e-06
-1.4666e-07
-1.41109e-06
-1.37668e-07
-1.4311e-06
-1.27566e-07
-1.44934e-06
-1.16404e-07
-1.46562e-06
-1.04245e-07
-1.4798e-06
-9.11644e-08
-7.72549e-08
-6.03086e-07
-1.46661e-08
-6.05699e-07
-1.52258e-08
-6.08392e-07
-1.57388e-08
-6.11155e-07
-1.62072e-08
-6.13977e-07
-1.66343e-08
-6.16852e-07
-1.70245e-08
-6.19771e-07
-1.73833e-08
-6.22728e-07
-1.77169e-08
-6.25718e-07
-1.80325e-08
-6.2874e-07
-1.83373e-08
-6.31791e-07
-1.86394e-08
-6.34872e-07
-1.8947e-08
-6.37984e-07
-1.92687e-08
-6.41132e-07
-1.96131e-08
-6.4432e-07
-1.99889e-08
-6.47554e-07
-2.04049e-08
-6.50842e-07
-2.08698e-08
-6.54194e-07
-2.13923e-08
-6.5762e-07
-2.19812e-08
-6.61133e-07
-2.26451e-08
-6.64745e-07
-2.3393e-08
-6.68471e-07
-2.42333e-08
-6.72328e-07
-2.51754e-08
-6.76333e-07
-2.62279e-08
-6.80505e-07
-2.74003e-08
-6.84865e-07
-2.87019e-08
-6.89435e-07
-3.01421e-08
-6.94239e-07
-3.17303e-08
-6.99301e-07
-3.34761e-08
-7.0465e-07
-3.53888e-08
-7.10316e-07
-3.74775e-08
-7.16329e-07
-3.9751e-08
-7.22722e-07
-4.22175e-08
-7.2953e-07
-4.48848e-08
-7.36789e-07
-4.7759e-08
-7.44537e-07
-5.08456e-08
-7.52813e-07
-5.4148e-08
-7.61657e-07
-5.76679e-08
-7.71111e-07
-6.14054e-08
-7.81215e-07
-6.53572e-08
-7.92011e-07
-6.95179e-08
-8.0354e-07
-7.38784e-08
-8.1584e-07
-7.84254e-08
-8.28948e-07
-8.31432e-08
-8.429e-07
-8.80109e-08
-8.57725e-07
-9.30027e-08
-8.73451e-07
-9.80888e-08
-8.90098e-07
-1.03234e-07
-9.07681e-07
-1.08398e-07
-9.26205e-07
-1.13535e-07
-9.4567e-07
-1.18595e-07
-9.66061e-07
-1.23522e-07
-9.87356e-07
-1.28257e-07
-1.00952e-06
-1.32738e-07
-1.0325e-06
-1.36893e-07
-1.05625e-06
-1.40656e-07
-1.08067e-06
-1.43957e-07
-1.10569e-06
-1.46721e-07
-1.13119e-06
-1.48879e-07
-1.15705e-06
-1.50361e-07
-1.18315e-06
-1.51105e-07
-1.20933e-06
-1.51045e-07
-1.23543e-06
-1.50132e-07
-1.26129e-06
-1.4832e-07
-1.28672e-06
-1.45567e-07
-1.31154e-06
-1.41853e-07
-1.33557e-06
-1.37154e-07
-1.35861e-06
-1.31466e-07
-1.38047e-06
-1.248e-07
-1.40096e-06
-1.17175e-07
-1.41991e-06
-1.08616e-07
-1.43715e-06
-9.91674e-08
-1.4525e-06
-8.889e-08
-1.46585e-06
-7.78141e-08
-6.60461e-08
-6.03642e-07
-1.21929e-08
-6.06208e-07
-1.26604e-08
-6.08855e-07
-1.30911e-08
-6.11576e-07
-1.34865e-08
-6.14361e-07
-1.38491e-08
-6.17203e-07
-1.41824e-08
-6.20096e-07
-1.44909e-08
-6.23033e-07
-1.47794e-08
-6.26012e-07
-1.50536e-08
-6.2903e-07
-1.53197e-08
-6.32085e-07
-1.55841e-08
-6.35178e-07
-1.58536e-08
-6.38312e-07
-1.61352e-08
-6.41489e-07
-1.64359e-08
-6.44715e-07
-1.6763e-08
-6.47996e-07
-1.71238e-08
-6.51341e-07
-1.75257e-08
-6.54757e-07
-1.79758e-08
-6.58256e-07
-1.84817e-08
-6.61851e-07
-1.90506e-08
-6.65554e-07
-1.96899e-08
-6.6938e-07
-2.04071e-08
-6.73346e-07
-2.12097e-08
-6.77468e-07
-2.21052e-08
-6.81767e-07
-2.31015e-08
-6.86263e-07
-2.42061e-08
-6.90979e-07
-2.54269e-08
-6.95937e-07
-2.67719e-08
-7.01164e-07
-2.8249e-08
-7.06687e-07
-2.98656e-08
-7.12535e-07
-3.16297e-08
-7.18738e-07
-3.35479e-08
-7.25328e-07
-3.56271e-08
-7.3234e-07
-3.7873e-08
-7.39809e-07
-4.02907e-08
-7.4777e-07
-4.28847e-08
-7.56261e-07
-4.5657e-08
-7.6532e-07
-4.86092e-08
-7.74985e-07
-5.17402e-08
-7.85295e-07
-5.50472e-08
-7.96288e-07
-5.85252e-08
-8.08e-07
-6.21656e-08
-8.20468e-07
-6.59579e-08
-8.33724e-07
-6.98878e-08
-8.47798e-07
-7.39372e-08
-8.62715e-07
-7.8085e-08
-8.78499e-07
-8.23055e-08
-8.95163e-07
-8.65692e-08
-9.12718e-07
-9.08428e-08
-9.31165e-07
-9.5088e-08
-9.50497e-07
-9.92629e-08
-9.70696e-07
-1.03323e-07
-9.91735e-07
-1.07218e-07
-1.01358e-06
-1.10894e-07
-1.03617e-06
-1.14299e-07
-1.05945e-06
-1.17376e-07
-1.08335e-06
-1.20065e-07
-1.10776e-06
-1.22308e-07
-1.13259e-06
-1.24048e-07
-1.15772e-06
-1.25231e-07
-1.18302e-06
-1.25804e-07
-1.20835e-06
-1.25716e-07
-1.23356e-06
-1.24925e-07
-1.25848e-06
-1.23396e-07
-1.28295e-06
-1.21094e-07
-1.3068e-06
-1.18004e-07
-1.32985e-06
-1.1411e-07
-1.35191e-06
-1.09406e-07
-1.37281e-06
-1.03899e-07
-1.39237e-06
-9.76122e-08
-1.41044e-06
-9.05479e-08
-1.42684e-06
-8.27635e-08
-1.44144e-06
-7.42926e-08
-1.45407e-06
-6.51784e-08
-5.54816e-08
-6.04294e-07
-9.75201e-09
-6.06827e-07
-1.01273e-08
-6.09444e-07
-1.04745e-08
-6.12136e-07
-1.07945e-08
-6.14895e-07
-1.10895e-08
-6.17716e-07
-1.13619e-08
-6.20591e-07
-1.16153e-08
-6.23517e-07
-1.18534e-08
-6.2649e-07
-1.20806e-08
-6.29508e-07
-1.23017e-08
-6.32571e-07
-1.25217e-08
-6.35678e-07
-1.27461e-08
-6.38833e-07
-1.29805e-08
-6.42038e-07
-1.32305e-08
-6.45299e-07
-1.35019e-08
-6.48623e-07
-1.38006e-08
-6.52016e-07
-1.41323e-08
-6.55489e-07
-1.45032e-08
-6.59051e-07
-1.4919e-08
-6.62716e-07
-1.53858e-08
-6.66496e-07
-1.59095e-08
-6.70407e-07
-1.64962e-08
-6.74465e-07
-1.71519e-08
-6.78688e-07
-1.78829e-08
-6.83094e-07
-1.86954e-08
-6.87704e-07
-1.95956e-08
-6.92541e-07
-2.05898e-08
-6.97629e-07
-2.16844e-08
-7.02992e-07
-2.28856e-08
-7.08659e-07
-2.41994e-08
-7.14657e-07
-2.56317e-08
-7.21016e-07
-2.71885e-08
-7.27768e-07
-2.88747e-08
-7.34946e-07
-3.0695e-08
-7.42584e-07
-3.26532e-08
-7.50716e-07
-3.47522e-08
-7.59379e-07
-3.69942e-08
-7.68609e-07
-3.93795e-08
-7.78442e-07
-4.19076e-08
-7.88914e-07
-4.45756e-08
-8.0006e-07
-4.7379e-08
-8.11914e-07
-5.03113e-08
-8.24509e-07
-5.33631e-08
-8.37874e-07
-5.65229e-08
-8.52035e-07
-5.97761e-08
-8.67015e-07
-6.31053e-08
-8.82831e-07
-6.64898e-08
-8.99494e-07
-6.99058e-08
-9.1701e-07
-7.33264e-08
-9.35377e-07
-7.67213e-08
-9.54583e-07
-8.0057e-08
-9.74608e-07
-8.32972e-08
-9.95423e-07
-8.64029e-08
-1.01699e-06
-8.93322e-08
-1.03924e-06
-9.2042e-08
-1.06213e-06
-9.44876e-08
-1.08557e-06
-9.66231e-08
-1.10948e-06
-9.84014e-08
-1.13375e-06
-9.97806e-08
-1.15826e-06
-1.00715e-07
-1.1829e-06
-1.01165e-07
-1.20753e-06
-1.01087e-07
-1.232e-06
-1.00456e-07
-1.25616e-06
-9.92405e-08
-1.27984e-06
-9.74138e-08
-1.30288e-06
-9.49619e-08
-1.32512e-06
-9.18712e-08
-1.34638e-06
-8.81432e-08
-1.3665e-06
-8.3783e-08
-1.38531e-06
-7.88019e-08
-1.40264e-06
-7.32138e-08
-1.41835e-06
-6.70532e-08
-1.43231e-06
-6.03387e-08
-1.44436e-06
-5.31224e-08
-4.54433e-08
-6.04623e-07
-7.29108e-09
-6.07176e-07
-7.57435e-09
-6.09813e-07
-7.83734e-09
-6.12527e-07
-8.08072e-09
-6.1531e-07
-8.30583e-09
-6.18158e-07
-8.5146e-09
-6.21063e-07
-8.70943e-09
-6.24024e-07
-8.89314e-09
-6.27035e-07
-9.06893e-09
-6.30097e-07
-9.24035e-09
-6.33207e-07
-9.41123e-09
-6.36368e-07
-9.58563e-09
-6.39581e-07
-9.76765e-09
-6.42849e-07
-9.96161e-09
-6.46179e-07
-1.01719e-08
-6.49577e-07
-1.04029e-08
-6.5305e-07
-1.06593e-08
-6.56608e-07
-1.09455e-08
-6.60261e-07
-1.1266e-08
-6.64021e-07
-1.16254e-08
-6.67902e-07
-1.20283e-08
-6.71919e-07
-1.24793e-08
-6.76088e-07
-1.29832e-08
-6.80427e-07
-1.35445e-08
-6.84954e-07
-1.41682e-08
-6.8969e-07
-1.48588e-08
-6.94659e-07
-1.56215e-08
-6.99882e-07
-1.64609e-08
-7.05386e-07
-1.73818e-08
-7.11196e-07
-1.83889e-08
-7.17342e-07
-1.94865e-08
-7.23851e-07
-2.06789e-08
-7.30756e-07
-2.19698e-08
-7.38088e-07
-2.33631e-08
-7.4588e-07
-2.48613e-08
-7.54166e-07
-2.64669e-08
-7.62979e-07
-2.81809e-08
-7.72355e-07
-3.00036e-08
-7.82328e-07
-3.19348e-08
-7.92931e-07
-3.3972e-08
-8.04199e-07
-3.61118e-08
-8.16161e-07
-3.83489e-08
-8.28848e-07
-4.0676e-08
-8.42287e-07
-4.30846e-08
-8.565e-07
-4.5563e-08
-8.71507e-07
-4.80983e-08
-8.87322e-07
-5.06749e-08
-9.03954e-07
-5.32739e-08
-9.21405e-07
-5.58759e-08
-9.39669e-07
-5.84576e-08
-9.58733e-07
-6.09932e-08
-9.78574e-07
-6.34561e-08
-9.9916e-07
-6.58171e-08
-1.02045e-06
-6.80433e-08
-1.04239e-06
-7.01036e-08
-1.06491e-06
-7.19658e-08
-1.08794e-06
-7.35932e-08
-1.11139e-06
-7.49525e-08
-1.13516e-06
-7.60105e-08
-1.15914e-06
-7.67374e-08
-1.1832e-06
-7.70989e-08
-1.20722e-06
-7.70685e-08
-1.23106e-06
-7.66202e-08
-1.25456e-06
-7.57361e-08
-1.27758e-06
-7.43947e-08
-1.29995e-06
-7.25886e-08
-1.32152e-06
-7.03068e-08
-1.34211e-06
-6.75471e-08
-1.36158e-06
-6.4317e-08
-1.37976e-06
-6.06186e-08
-1.39651e-06
-5.64704e-08
-1.41167e-06
-5.18937e-08
-1.4251e-06
-4.69066e-08
-1.43668e-06
-4.15407e-08
-3.58273e-08
-5.94462e-07
-4.6395e-09
-5.97208e-07
-4.82839e-09
-6.00041e-07
-5.0043e-09
-6.02954e-07
-5.16763e-09
-6.0594e-07
-5.31919e-09
-6.08995e-07
-5.46016e-09
-6.12112e-07
-5.59204e-09
-6.15289e-07
-5.71667e-09
-6.18521e-07
-5.83618e-09
-6.21809e-07
-5.95292e-09
-6.2515e-07
-6.06946e-09
-6.28548e-07
-6.18845e-09
-6.32003e-07
-6.31273e-09
-6.35519e-07
-6.44519e-09
-6.39102e-07
-6.58889e-09
-6.42758e-07
-6.74692e-09
-6.46495e-07
-6.92236e-09
-6.50322e-07
-7.11833e-09
-6.5425e-07
-7.33792e-09
-6.58291e-07
-7.58437e-09
-6.62459e-07
-7.86084e-09
-6.66768e-07
-8.17059e-09
-6.71234e-07
-8.5168e-09
-6.75876e-07
-8.90286e-09
-6.80712e-07
-9.33207e-09
-6.85763e-07
-9.80788e-09
-6.91051e-07
-1.03335e-08
-6.96599e-07
-1.09124e-08
-7.02433e-07
-1.15479e-08
-7.08579e-07
-1.22433e-08
-7.15063e-07
-1.30018e-08
-7.21916e-07
-1.38264e-08
-7.29166e-07
-1.47196e-08
-7.36845e-07
-1.56838e-08
-7.44986e-07
-1.67212e-08
-7.53619e-07
-1.78333e-08
-7.62779e-07
-1.90214e-08
-7.72497e-07
-2.02858e-08
-7.82806e-07
-2.16258e-08
-7.93737e-07
-2.30402e-08
-8.05323e-07
-2.45264e-08
-8.1759e-07
-2.60814e-08
-8.30566e-07
-2.77003e-08
-8.44274e-07
-2.93767e-08
-8.58734e-07
-3.11032e-08
-8.73962e-07
-3.28707e-08
-8.89968e-07
-3.46686e-08
-9.06758e-07
-3.64846e-08
-9.24329e-07
-3.83043e-08
-9.42674e-07
-4.01125e-08
-9.61775e-07
-4.18921e-08
-9.81607e-07
-4.36238e-08
-1.00214e-06
-4.52878e-08
-1.02332e-06
-4.68631e-08
-1.04509e-06
-4.83271e-08
-1.0674e-06
-4.9657e-08
-1.09017e-06
-5.08294e-08
-1.1133e-06
-5.18211e-08
-1.1367e-06
-5.26102e-08
-1.16026e-06
-5.31739e-08
-1.18387e-06
-5.34911e-08
-1.2074e-06
-5.35422e-08
-1.2307e-06
-5.33128e-08
-1.25365e-06
-5.27873e-08
-1.27609e-06
-5.19529e-08
-1.29788e-06
-5.08021e-08
-1.31886e-06
-4.93275e-08
-1.33887e-06
-4.75328e-08
-1.35777e-06
-4.54193e-08
-1.3754e-06
-4.29902e-08
-1.39161e-06
-4.02582e-08
-1.40628e-06
-3.72289e-08
-1.41926e-06
-3.39249e-08
-1.43043e-06
-3.03652e-08
-2.65711e-08
-5.11098e-07
-1.68375e-09
-5.14158e-07
-1.768e-09
-5.17316e-07
-1.84636e-09
-5.20564e-07
-1.91904e-09
-5.23897e-07
-1.98633e-09
-5.27308e-07
-2.04871e-09
-5.30794e-07
-2.10685e-09
-5.34349e-07
-2.16162e-09
-5.37971e-07
-2.21405e-09
-5.41658e-07
-2.26526e-09
-5.45411e-07
-2.31645e-09
-5.49231e-07
-2.36892e-09
-5.5312e-07
-2.42409e-09
-5.57081e-07
-2.48347e-09
-5.61122e-07
-2.54865e-09
-5.65247e-07
-2.62117e-09
-5.69467e-07
-2.70259e-09
-5.73791e-07
-2.79452e-09
-5.7823e-07
-2.89865e-09
-5.82798e-07
-3.01665e-09
-5.87509e-07
-3.15019e-09
-5.92378e-07
-3.30094e-09
-5.97424e-07
-3.47065e-09
-6.02666e-07
-3.66112e-09
-6.08124e-07
-3.87422e-09
-6.1382e-07
-4.11178e-09
-6.19778e-07
-4.37565e-09
-6.26023e-07
-4.66772e-09
-6.32581e-07
-4.98986e-09
-6.3948e-07
-5.34387e-09
-6.4675e-07
-5.73153e-09
-6.54422e-07
-6.15466e-09
-6.62527e-07
-6.61489e-09
-6.71097e-07
-7.11365e-09
-6.80166e-07
-7.65216e-09
-6.89768e-07
-8.23148e-09
-6.99937e-07
-8.8526e-09
-7.10707e-07
-9.51617e-09
-7.2211e-07
-1.02223e-08
-7.3418e-07
-1.09706e-08
-7.46946e-07
-1.17604e-08
-7.60437e-07
-1.25903e-08
-7.74679e-07
-1.34582e-08
-7.89694e-07
-1.43615e-08
-8.05501e-07
-1.52968e-08
-8.22111e-07
-1.626e-08
-8.39534e-07
-1.7246e-08
-8.5777e-07
-1.82488e-08
-8.76812e-07
-1.92618e-08
-8.96648e-07
-2.02772e-08
-9.17254e-07
-2.12865e-08
-9.38597e-07
-2.22801e-08
-9.60637e-07
-2.3248e-08
-9.83321e-07
-2.41791e-08
-1.00659e-06
-2.50621e-08
-1.03036e-06
-2.58848e-08
-1.05455e-06
-2.66347e-08
-1.07908e-06
-2.72991e-08
-1.10382e-06
-2.78663e-08
-1.12867e-06
-2.83242e-08
-1.1535e-06
-2.866e-08
-1.17818e-06
-2.88627e-08
-1.20257e-06
-2.89225e-08
-1.22653e-06
-2.88309e-08
-1.2499e-06
-2.85799e-08
-1.27254e-06
-2.81638e-08
-1.29429e-06
-2.7578e-08
-1.315e-06
-2.68212e-08
-1.33453e-06
-2.58917e-08
-1.35273e-06
-2.47911e-08
-1.36946e-06
-2.35253e-08
-1.38459e-06
-2.20973e-08
-1.398e-06
-2.0515e-08
-1.40958e-06
-1.87877e-08
-1.69263e-08
-1.91992e-07
-1.9376e-07
-1.95607e-07
-1.97526e-07
-1.99512e-07
-2.01561e-07
-2.03667e-07
-2.05829e-07
-2.08043e-07
-2.10308e-07
-2.12625e-07
-2.14994e-07
-2.17418e-07
-2.19901e-07
-2.2245e-07
-2.25071e-07
-2.27774e-07
-2.30568e-07
-2.33467e-07
-2.36484e-07
-2.39634e-07
-2.42935e-07
-2.46405e-07
-2.50067e-07
-2.53941e-07
-2.58053e-07
-2.62428e-07
-2.67096e-07
-2.72086e-07
-2.77429e-07
-2.83161e-07
-2.89316e-07
-2.95931e-07
-3.03045e-07
-3.10697e-07
-3.18928e-07
-3.27781e-07
-3.37297e-07
-3.47519e-07
-3.5849e-07
-3.7025e-07
-3.82841e-07
-3.96299e-07
-4.10661e-07
-4.25958e-07
-4.42218e-07
-4.59464e-07
-4.77713e-07
-4.96975e-07
-5.17252e-07
-5.38538e-07
-5.60819e-07
-5.84067e-07
-6.08246e-07
-6.33308e-07
-6.59193e-07
-6.85828e-07
-7.13127e-07
-7.40994e-07
-7.69318e-07
-7.97978e-07
-8.2684e-07
-8.55763e-07
-8.84594e-07
-9.13174e-07
-9.41337e-07
-9.68915e-07
-9.95736e-07
-1.02163e-06
-1.04642e-06
-1.06994e-06
-1.09204e-06
-1.11256e-06
-1.13134e-06
)
;

boundaryField
{
    leftWall
    {
        type            calculated;
        value           nonuniform List<scalar> 0();
    }
    rightWall
    {
        type            calculated;
        value           nonuniform List<scalar> 0();
    }
    lowerWall
    {
        type            calculated;
        value           uniform 0;
    }
    atmosphere
    {
        type            calculated;
        value           uniform 0;
    }
    defaultFaces
    {
        type            empty;
    }
    procBoundary2to1
    {
        type            processor;
        value           nonuniform List<scalar> 
40
(
-6.9833e-06
-7.15358e-06
-6.14822e-06
-1.17837e-06
4.85722e-07
9.66267e-07
8.7643e-07
6.97647e-07
6.11264e-07
5.90313e-07
5.87274e-07
5.85043e-07
5.82598e-07
5.80972e-07
5.80274e-07
5.80277e-07
5.80779e-07
5.81639e-07
5.82753e-07
5.84038e-07
5.85432e-07
5.86883e-07
5.88351e-07
5.89807e-07
5.91227e-07
5.92594e-07
5.93893e-07
5.95116e-07
5.96254e-07
5.97304e-07
5.98262e-07
5.99126e-07
5.99894e-07
6.00565e-07
6.01169e-07
6.01853e-07
6.02162e-07
5.9181e-07
5.08142e-07
1.90309e-07
)
;
    }
    procBoundary2to3
    {
        type            processor;
        value           nonuniform List<scalar> 
40
(
9.45125e-06
1.27832e-05
1.5344e-05
1.17823e-05
8.11626e-06
5.29667e-06
1.9241e-06
-1.71614e-06
-3.55781e-06
-3.6718e-06
-3.21434e-06
-2.86135e-06
-2.66854e-06
-2.53436e-06
-2.41413e-06
-2.30422e-06
-2.20597e-06
-2.11843e-06
-2.04003e-06
-1.96956e-06
-1.90601e-06
-1.84868e-06
-1.79685e-06
-1.74997e-06
-1.7076e-06
-1.66922e-06
-1.63464e-06
-1.6035e-06
-1.57555e-06
-1.55058e-06
-1.5284e-06
-1.50882e-06
-1.49174e-06
-1.47706e-06
-1.46464e-06
-1.4544e-06
-1.4463e-06
-1.43969e-06
-1.41922e-06
-1.14827e-06
)
;
    }
}


// ************************************************************************* //
