time ASI [ms]	maximum vapor penetration [mm]	standard deviation [mm]	error &plusmn;2sigma/sqrt(N) [mm]
-0.25	0	0	0
-0.245	0	0	0
-0.24	0	0	0
-0.235	0	0	0
-0.23	0	0	0
-0.225	0	0	0
-0.22	0	0	0
-0.215	0	0	0
-0.21	0	0	0
-0.205	0	0	0
-0.2	0	0	0
-0.195	0	0	0
-0.19	0	0	0
-0.185	0	0	0
-0.18	0	0	0
-0.175	0	0	0
-0.17	0	0	0
-0.165	0	0	0
-0.16	0	0	0
-0.155	0	0	0
-0.15	0	0	0
-0.145	0	0	0
-0.14	0	0	0
-0.135	0	0	0
-0.13	0	0	0
-0.125	0	0	0
-0.12	0	0	0
-0.115	0	0	0
-0.11	0	0	0
-0.105	0	0	0
-0.1	0	0	0
-0.095	0	0	0
-0.09	0	0	0
-0.085	0	0	0
-0.08	0	0	0
-0.075	0	0	0
-0.07	0	0	0
-0.065	0	0	0
-0.06	0	0	0
-0.055	0	0	0
-0.05	0	0	0
-0.045	0	0	0
-0.04	0	0	0
-0.035	0	0	0
-0.03	0	0	0
-0.025	2.088e-006	5.1146e-006	4.5746e-006
-0.02	0.034279	0.083967	0.075102
-0.015	0.068556	0.16793	0.1502
-0.01	0.12857	0.24712	0.22103
-0.005	0.41713	0.46018	0.4116
0	0.84279	0.72507	0.64853
0.005	1.4806	0.99211	0.88737
0.01	2.1486	1.3667	1.2224
0.015	2.8166	1.8008	1.6107
0.02	3.673	1.9356	1.7312
0.025	4.6331	1.9294	1.7257
0.03	5.4935	1.7533	1.5682
0.035	6.3461	1.5741	1.4079
0.04	7.1393	1.3761	1.2308
0.045	7.9253	1.1953	1.0691
0.05	8.6722	1.0415	0.93154
0.055	9.3115	0.74028	0.66213
0.06	9.9507	0.51975	0.46488
0.065	10.47	0.36018	0.32216
0.07	10.881	0.20986	0.1877
0.075	11.292	0.097592	0.087289
0.08	11.73	0.092909	0.0831
0.085	12.118	0.11066	0.098975
0.09	12.501	0.17029	0.15231
0.095	12.858	0.19738	0.17655
0.1	13.198	0.21132	0.18901
0.105	13.532	0.23799	0.21286
0.11	13.831	0.21864	0.19556
0.115	14.121	0.22324	0.19967
0.12	14.409	0.24242	0.21683
0.125	14.7	0.2656	0.23756
0.13	15.003	0.27602	0.24688
0.135	15.302	0.29421	0.26315
0.14	15.607	0.32001	0.28623
0.145	15.918	0.35249	0.31527
0.15	16.229	0.39228	0.35087
0.155	16.551	0.42624	0.38124
0.16	16.872	0.44805	0.40075
0.165	17.193	0.47234	0.42247
0.17	17.515	0.50005	0.44726
0.175	17.793	0.47779	0.42735
0.18	18.068	0.4539	0.40598
0.185	18.334	0.42946	0.38413
0.19	18.597	0.40626	0.36337
0.195	18.859	0.38578	0.34506
0.2	19.118	0.37008	0.33101
0.205	19.375	0.35762	0.31987
0.21	19.637	0.34759	0.31089
0.215	19.901	0.33972	0.30386
0.22	20.174	0.33987	0.30399
0.225	20.452	0.3426	0.30643
0.23	20.724	0.33903	0.30323
0.235	20.99	0.32536	0.29101
0.24	21.258	0.3119	0.27897
0.245	21.518	0.30005	0.26837
0.25	21.773	0.29838	0.26688
0.255	22.026	0.30023	0.26854
0.26	22.28	0.30342	0.27139
0.265	22.539	0.30753	0.27506
0.27	22.8	0.31818	0.28458
0.275	23.057	0.33104	0.29609
0.28	23.31	0.34703	0.31039
0.285	23.562	0.3693	0.33031
0.29	23.805	0.38619	0.34542
0.295	24.039	0.41582	0.37192
0.3	24.268	0.45535	0.40728
0.305	24.497	0.49645	0.44404
0.31	24.725	0.515	0.46063
0.315	24.939	0.51907	0.46427
0.32	25.148	0.52841	0.47262
0.325	25.354	0.54528	0.48772
0.33	25.561	0.56749	0.50758
0.335	25.763	0.59392	0.53122
0.34	25.961	0.62787	0.56159
0.345	26.164	0.66728	0.59683
0.35	26.367	0.70885	0.63402
0.355	26.549	0.71994	0.64393
0.36	26.727	0.72573	0.64912
0.365	26.907	0.72981	0.65276
0.37	27.093	0.73036	0.65326
0.375	27.279	0.73269	0.65534
0.38	27.464	0.73677	0.65899
0.385	27.662	0.71833	0.64249
0.39	27.869	0.68555	0.61317
0.395	28.076	0.65485	0.58572
0.4	28.285	0.62651	0.56037
0.405	28.493	0.59752	0.53443
0.41	28.702	0.56898	0.50891
0.415	28.915	0.53663	0.47997
0.42	29.139	0.51797	0.46329
0.425	29.367	0.51358	0.45936
0.43	29.583	0.5289	0.47306
0.435	29.794	0.5594	0.50034
0.44	30.004	0.59685	0.53384
0.445	30.212	0.61701	0.55187
0.45	30.381	0.55877	0.49978
0.455	30.547	0.50703	0.4535
0.46	30.695	0.47773	0.4273
0.465	30.843	0.45538	0.4073
0.47	30.998	0.4389	0.39256
0.475	31.17	0.45018	0.40265
0.48	31.337	0.46978	0.42019
0.485	31.504	0.49292	0.44088
0.49	31.674	0.5177	0.46304
0.495	31.84	0.5419	0.48469
0.5	32.013	0.57292	0.51243
0.505	32.191	0.60126	0.53779
0.51	32.369	0.63252	0.56574
0.515	32.542	0.66291	0.59292
0.52	32.711	0.68756	0.61497
0.525	32.885	0.71004	0.63508
0.53	33.058	0.73476	0.65719
0.535	33.212	0.73079	0.65364
0.54	33.356	0.71119	0.63611
0.545	33.5	0.69509	0.62171
0.55	33.649	0.67874	0.60708
0.555	33.805	0.67364	0.60252
0.56	33.959	0.6747	0.60347
0.565	34.107	0.68164	0.60968
0.57	34.25	0.69527	0.62186
0.575	34.393	0.71469	0.63923
0.58	34.533	0.714	0.63862
0.585	34.679	0.70883	0.63399
0.59	34.825	0.70381	0.62951
0.595	34.984	0.66986	0.59914
0.6	35.144	0.63625	0.56908
0.605	35.302	0.59705	0.53402
0.61	35.464	0.55997	0.50085
0.615	35.619	0.52603	0.4705
0.62	35.775	0.49612	0.44375
0.625	35.924	0.47203	0.4222
0.63	36.076	0.46057	0.41194
0.635	36.235	0.46521	0.4161
0.64	36.386	0.49007	0.43833
0.645	36.537	0.51954	0.46469
0.65	36.696	0.56444	0.50485
0.655	36.862	0.62179	0.55614
0.66	37.007	0.65011	0.58148
0.665	37.151	0.69445	0.62114
0.67	37.305	0.74415	0.66558
0.675	37.475	0.7995	0.71509
0.68	37.645	0.86385	0.77265
0.685	37.844	0.92551	0.8278
0.69	38.043	0.98738	0.88314
0.695	38.234	1.0296	0.92093
0.7	38.391	0.99283	0.88802
0.705	38.549	0.95634	0.85538
0.71	38.695	0.92306	0.82561
0.715	38.83	0.89544	0.80091
0.72	38.947	0.87418	0.78189
0.725	39.064	0.8543	0.76411
0.73	39.164	0.84027	0.75156
0.735	39.277	0.82139	0.73467
0.74	39.397	0.7993	0.71492
0.745	39.514	0.77194	0.69044
0.75	39.635	0.74653	0.66772
0.755	39.755	0.72572	0.64911
0.76	39.877	0.7074	0.63272
0.765	40	0.68778	0.61517
0.77	40.124	0.67167	0.60076
0.775	40.261	0.64427	0.57625
0.78	40.403	0.61583	0.55082
0.785	40.547	0.59653	0.53355
0.79	40.681	0.58692	0.52496
0.795	40.808	0.58	0.51877
0.8	40.935	0.5766	0.51573
0.805	41.065	0.57146	0.51113
0.81	41.214	0.56002	0.5009
0.815	41.386	0.55012	0.49204
0.82	41.557	0.54539	0.48781
0.825	41.726	0.54447	0.48699
0.83	41.895	0.54455	0.48706
0.835	42.06	0.54006	0.48304
0.84	42.228	0.53249	0.47627
0.845	42.393	0.52515	0.46971
0.85	42.548	0.53453	0.4781
0.855	42.675	0.56265	0.50325
0.86	42.801	0.59455	0.53178
0.865	42.927	0.62363	0.55779
0.87	43.037	0.64483	0.57676
0.875	43.147	0.67103	0.60019
0.88	43.257	0.70232	0.62818
0.885	43.35	0.72993	0.65287
0.89	43.443	0.76009	0.67984
0.895	43.556	0.78231	0.69972
0.9	43.697	0.76618	0.68529
0.905	43.839	0.75163	0.67228
0.91	43.977	0.73959	0.66151
0.915	44.113	0.72953	0.65251
0.92	44.256	0.72195	0.64573
0.925	44.405	0.72291	0.64659
0.93	44.557	0.72422	0.64776
0.935	44.71	0.72694	0.65019
0.94	44.866	0.72643	0.64974
0.945	45.012	0.69621	0.62271
0.95	45.15	0.66541	0.59516
0.955	45.291	0.63761	0.5703
0.96	45.434	0.61384	0.54903
0.965	45.577	0.59578	0.53288
0.97	45.73	0.60027	0.5369
0.975	45.889	0.61038	0.54594
0.98	46.048	0.62644	0.56031
0.985	46.204	0.64857	0.5801
0.99	46.368	0.68447	0.6122
0.995	46.535	0.72369	0.64729
1	46.698	0.76672	0.68578
1.005	46.857	0.81277	0.72697
1.01	47.016	0.85986	0.76909
1.015	47.161	0.88366	0.79037
1.02	47.324	0.88307	0.78984
1.025	47.498	0.87591	0.78344
1.03	47.671	0.87107	0.77911
1.035	47.83	0.86072	0.76986
1.04	47.987	0.85082	0.76099
1.045	48.149	0.83711	0.74873
1.05	48.306	0.82547	0.73832
1.055	48.457	0.81962	0.73309
1.06	48.604	0.81238	0.72662
1.065	48.737	0.81708	0.73082
1.07	48.866	0.82573	0.73856
1.075	48.996	0.83559	0.74738
1.08	49.102	0.83894	0.75037
1.085	49.206	0.84161	0.75276
1.09	49.308	0.84919	0.75953
1.095	49.408	0.8603	0.76948
1.1	49.507	0.87307	0.7809
1.105	49.625	0.87832	0.78559
1.11	49.733	0.89273	0.79848
1.115	49.839	0.91163	0.81539
1.12	49.945	0.93356	0.835
1.125	50.092	0.94275	0.84322
1.13	50.227	0.97699	0.87384
1.135	50.355	1.02	0.91233
1.14	50.478	1.0703	0.9573
1.145	50.601	1.124	1.0054
1.15	50.725	1.1807	1.0561
1.155	50.877	1.2131	1.0851
1.16	51.042	1.2368	1.1062
1.165	51.207	1.2623	1.1291
1.17	51.345	1.2551	1.1226
1.175	51.472	1.2247	1.0954
1.18	51.604	1.188	1.0626
1.185	51.738	1.1457	1.0248
1.19	51.872	1.1048	0.98813
1.195	52.006	1.0649	0.95247
1.2	52.13	1.0345	0.92532
1.205	52.247	1.0119	0.90507
1.21	52.372	0.98395	0.88007
1.215	52.499	0.97279	0.87009
1.22	52.632	0.97287	0.87016
1.225	52.756	0.97905	0.87569
1.23	52.868	0.99266	0.88786
1.235	52.973	1.0126	0.90572
1.24	53.08	1.0373	0.92778
1.245	53.199	1.0519	0.94085
1.25	53.324	1.0595	0.94761
1.255	53.45	1.0684	0.95557
1.26	53.616	1.1325	1.013
1.265	53.81	1.2399	1.109
1.27	54.007	1.3515	1.2088
1.275	54.209	1.4641	1.3095
1.28	54.411	1.5807	1.4138
1.285	54.61	1.6965	1.5174
1.29	54.804	1.8145	1.6229
1.295	54.993	1.9399	1.7351
1.3	55.182	2.0685	1.8501
1.305	55.346	2.1316	1.9065
1.31	55.468	2.0961	1.8748
1.315	55.567	2.0734	1.8545
1.32	55.659	2.0561	1.8391
1.325	55.751	2.0391	1.8238
1.33	55.845	2.0229	1.8093
1.335	55.941	2.0077	1.7957
1.34	56.031	1.9961	1.7854
1.345	56.12	1.986	1.7764
1.35	56.206	1.9727	1.7644
1.355	56.291	1.9542	1.7479
1.36	56.376	1.9357	1.7313
1.365	56.468	1.9118	1.71
1.37	56.564	1.8865	1.6873
1.375	56.659	1.8614	1.6649
1.38	56.752	1.8379	1.6439
1.385	56.843	1.8167	1.6249
1.39	56.935	1.7949	1.6054
1.395	57.032	1.7651	1.5787
1.4	57.126	1.7306	1.5479
1.405	57.222	1.6952	1.5162
1.41	57.325	1.6536	1.479
1.415	57.428	1.6129	1.4427
1.42	57.529	1.572	1.4061
1.425	57.629	1.5283	1.367
1.43	57.733	1.4825	1.3259
1.435	57.836	1.4372	1.2854
1.44	57.943	1.4154	1.266
1.445	58.069	1.4249	1.2744
1.45	58.194	1.438	1.2862
1.455	58.304	1.4647	1.31
1.46	58.414	1.4931	1.3354
1.465	58.523	1.5217	1.3611
1.47	58.624	1.5518	1.388
1.475	58.721	1.5841	1.4169
1.48	58.819	1.6172	1.4465
1.485	58.919	1.6375	1.4646
1.49	59.005	1.6143	1.4439
1.495	59.089	1.5921	1.4241
1.5	59.198	1.5386	1.3761
1.505	59.307	1.4863	1.3294
1.51	59.421	1.4387	1.2868
1.515	59.548	1.3923	1.2453
1.52	59.682	1.3386	1.1973
1.525	59.817	1.2867	1.1509
1.53	59.948	1.244	1.1127
1.535	60.087	1.2258	1.0964
1.54	60.225	1.2103	1.0826
1.545	60.321	1.2208	1.0919
1.55	60.422	1.2315	1.1015
1.555	60.52	1.24	1.1091
1.56	60.608	1.2456	1.1141
1.565	60.69	1.2596	1.1266
1.57	60.772	1.276	1.1413
1.575	60.853	1.2935	1.157
1.58	60.929	1.3069	1.1689
1.585	61.006	1.3224	1.1828
1.59	61.099	1.3154	1.1765
1.595	61.193	1.3089	1.1707
1.6	61.284	1.3034	1.1658
1.605	61.363	1.301	1.1637
1.61	61.439	1.3005	1.1632
1.615	61.515	1.3003	1.163
1.62	61.597	1.3	1.1628
1.625	61.694	1.3079	1.1698
1.63	61.821	1.3071	1.1691
1.635	61.943	1.3157	1.1768
1.64	62.065	1.3271	1.187
1.645	62.187	1.3412	1.1996
1.65	62.312	1.3568	1.2135
1.655	62.429	1.368	1.2236
1.66	62.542	1.3804	1.2347
1.665	62.651	1.3956	1.2482
1.67	62.747	1.3989	1.2512
1.675	62.843	1.4036	1.2554
1.68	62.942	1.4028	1.2547
1.685	63.042	1.4014	1.2534
1.69	63.142	1.4012	1.2532
1.695	63.24	1.4017	1.2537
1.7	63.326	1.4011	1.2532
1.705	63.413	1.4006	1.2527
1.71	63.502	1.3998	1.252
1.715	63.594	1.3985	1.2509
1.72	63.685	1.3976	1.2501
1.725	63.78	1.3899	1.2432
1.73	63.876	1.3807	1.2349
1.735	63.974	1.3722	1.2273
1.74	64.078	1.366	1.2218
1.745	64.178	1.3593	1.2158
1.75	64.278	1.353	1.2102
1.755	64.378	1.347	1.2048
1.76	64.511	1.3752	1.23
1.765	64.646	1.4042	1.256
1.77	64.782	1.4342	1.2828
1.775	64.918	1.4652	1.3105
1.78	65.054	1.497	1.339
1.785	65.185	1.5284	1.367
1.79	65.312	1.5613	1.3965
1.795	65.439	1.5955	1.4271
1.8	65.565	1.6309	1.4587
1.805	65.657	1.6131	1.4428
1.81	65.746	1.5954	1.4269
1.815	65.82	1.5668	1.4014
1.82	65.896	1.5372	1.3749
1.825	65.971	1.5081	1.3489
1.83	66.055	1.4828	1.3263
1.835	66.156	1.451	1.2978
1.84	66.258	1.4205	1.2705
1.845	66.359	1.3916	1.2447
1.85	66.467	1.3754	1.2302
1.855	66.576	1.3633	1.2194
1.86	66.684	1.3572	1.2139
1.865	66.79	1.3555	1.2124
1.87	66.896	1.3553	1.2122
1.875	66.98	1.3393	1.1979
1.88	67.052	1.3258	1.1858
1.885	67.123	1.3128	1.1742
1.89	67.201	1.2997	1.1625
1.895	67.296	1.2942	1.1575
1.9	67.391	1.292	1.1556
1.905	67.482	1.3022	1.1647
1.91	67.568	1.3212	1.1817
1.915	67.655	1.342	1.2003
1.92	67.755	1.3682	1.2237
1.925	67.862	1.3939	1.2467
1.93	67.971	1.4201	1.2702
1.935	68.074	1.4433	1.291
1.94	68.161	1.4572	1.3034
1.945	68.248	1.4734	1.3179
1.95	68.343	1.4745	1.3188
1.955	68.443	1.4659	1.3112
1.96	68.543	1.4584	1.3045
1.965	68.65	1.4544	1.3009
1.97	68.752	1.4522	1.2989
1.975	68.853	1.4513	1.2981
1.98	68.953	1.452	1.2987
1.985	69.07	1.4612	1.3069
1.99	69.187	1.4723	1.3169
1.995	69.294	1.4962	1.3382
2	69.395	1.5288	1.3674
2.005	69.495	1.562	1.3971
2.01	69.579	1.5851	1.4177
2.015	69.658	1.6065	1.4369
2.02	69.74	1.6271	1.4553
2.025	69.834	1.6418	1.4685
2.03	69.925	1.6449	1.4712
2.035	70.011	1.6398	1.4666
2.04	70.101	1.6291	1.4571
2.045	70.196	1.6096	1.4397
2.05	70.284	1.594	1.4258
2.055	70.372	1.5792	1.4125
2.06	70.459	1.5653	1.4
2.065	70.547	1.5522	1.3883
2.07	70.634	1.5399	1.3774
2.075	70.695	1.5323	1.3705
2.08	70.752	1.5288	1.3674
2.085	70.805	1.5331	1.3712
2.09	70.853	1.5473	1.384
2.095	70.901	1.563	1.398
2.1	70.973	1.5655	1.4003
2.105	71.06	1.5586	1.3941
2.11	71.15	1.5517	1.3878
2.115	71.24	1.545	1.3819
2.12	71.319	1.5369	1.3747
2.125	71.401	1.5334	1.3715
2.13	71.489	1.5199	1.3594
2.135	71.588	1.4917	1.3342
2.14	71.688	1.4655	1.3107
2.145	71.792	1.4402	1.2882
2.15	71.9	1.4164	1.2668
2.155	71.986	1.4074	1.2588
2.16	72.071	1.4021	1.254
2.165	72.173	1.3801	1.2344
2.17	72.276	1.3494	1.2069
2.175	72.372	1.3305	1.19
2.18	72.457	1.3272	1.1871
2.185	72.542	1.3273	1.1872
2.19	72.623	1.3303	1.1899
2.195	72.699	1.3361	1.1951
2.2	72.776	1.3449	1.2029
2.205	72.861	1.3445	1.2026
2.21	72.947	1.3409	1.1994
2.215	73.038	1.3502	1.2077
2.22	73.129	1.3606	1.217
2.225	73.216	1.375	1.2298
2.23	73.306	1.3854	1.2392
2.235	73.406	1.3802	1.2345
2.24	73.502	1.3762	1.231
2.245	73.595	1.3737	1.2286
2.25	73.689	1.3727	1.2278
2.255	73.782	1.3734	1.2284
2.26	73.861	1.3896	1.2429
2.265	73.942	1.4035	1.2554
2.27	74.029	1.4075	1.2589
2.275	74.117	1.4118	1.2628
2.28	74.199	1.4181	1.2684
2.285	74.274	1.4319	1.2807
2.29	74.35	1.4483	1.2954
2.295	74.426	1.4659	1.3111
2.3	74.501	1.4805	1.3242
2.305	74.572	1.4874	1.3304
2.31	74.642	1.4981	1.3399
2.315	74.704	1.5183	1.358
2.32	74.766	1.5397	1.3771
2.325	74.836	1.5567	1.3924
2.33	74.915	1.5666	1.4012
2.335	74.995	1.5772	1.4107
2.34	75.075	1.5883	1.4206
2.345	75.161	1.6135	1.4432
2.35	75.262	1.6646	1.4889
2.355	75.367	1.7116	1.5309
2.36	75.489	1.7398	1.5561
2.365	75.625	1.7527	1.5677
2.37	75.76	1.7684	1.5817
2.375	75.892	1.7876	1.5989
2.38	76.024	1.8085	1.6176
2.385	76.156	1.8312	1.6378
2.39	76.278	1.8385	1.6444
2.395	76.368	1.7849	1.5965
2.4	76.459	1.7318	1.549
2.405	76.528	1.6975	1.5183
2.41	76.597	1.6638	1.4882
2.415	76.661	1.6371	1.4643
2.42	76.722	1.6125	1.4423
2.425	76.78	1.588	1.4204
2.43	76.839	1.5643	1.3991
2.435	76.901	1.5464	1.3831
2.44	76.981	1.533	1.3711
2.445	77.097	1.4803	1.324
2.45	77.209	1.4381	1.2862
2.455	77.32	1.4022	1.2542
2.46	77.429	1.3758	1.2306
2.465	77.531	1.3607	1.217
2.47	77.597	1.3655	1.2213
2.475	77.663	1.3706	1.2259
2.48	77.732	1.3778	1.2323
2.485	77.801	1.3864	1.24
2.49	77.871	1.3954	1.2481
2.495	77.931	1.4143	1.265
2.5	77.989	1.4342	1.2828
2.505	78.046	1.4557	1.302
2.51	78.096	1.482	1.3256
2.515	78.151	1.5099	1.3505
2.52	78.205	1.5384	1.376
2.525	78.26	1.5726	1.4065
2.53	78.331	1.6345	1.462
2.535	78.402	1.6973	1.5181
2.54	78.481	1.7461	1.5618
2.545	78.56	1.796	1.6064
2.55	78.635	1.8499	1.6546
2.555	78.694	1.9187	1.7162
2.56	78.756	1.9917	1.7814
2.565	78.818	2.0671	1.8489
2.57	78.882	2.1456	1.9191
2.575	78.946	2.1745	1.9449
2.58	79.009	2.2071	1.9741
2.585	79.077	2.2382	2.0019
2.59	79.145	2.2716	2.0318
2.595	79.219	2.3002	2.0574
2.6	79.304	2.2972	2.0546
2.605	79.378	2.2899	2.0481
2.61	79.453	2.2826	2.0416
2.615	79.526	2.2745	2.0344
2.62	79.592	2.2581	2.0197
2.625	79.661	2.2419	2.0052
2.63	79.727	2.2357	1.9997
2.635	79.791	2.2326	1.9969
2.64	79.855	2.2303	1.9948
2.645	79.919	2.2289	1.9936
2.65	79.974	2.2247	1.9898
2.655	80.013	2.2179	1.9838
2.66	80.062	2.2176	1.9835
2.665	80.134	2.2351	1.9992
2.67	80.206	2.2553	2.0172
2.675	80.281	2.2728	2.0328
2.68	80.365	2.2912	2.0493
2.685	80.448	2.3117	2.0677
2.69	80.536	2.3283	2.0825
2.695	80.59	2.3291	2.0832
2.7	80.643	2.3364	2.0897
2.705	80.692	2.3363	2.0896
2.71	80.706	2.299	2.0563
2.715	80.721	2.2668	2.0275
2.72	80.752	2.2138	1.9801
2.725	80.787	2.1606	1.9325
2.73	80.814	2.1134	1.8902
2.735	80.83	2.077	1.8578
2.74	80.876	2.0366	1.8216
2.745	80.922	2	1.7888
2.75	80.977	1.9734	1.765
2.755	81.066	1.9749	1.7664
2.76	81.155	1.979	1.7701
2.765	81.224	2.0077	1.7957
2.77	81.28	2.0527	1.836
2.775	81.336	2.0989	1.8773
2.78	81.396	2.1422	1.916
2.785	81.471	2.1809	1.9506
2.79	81.547	2.2206	1.9862
2.795	81.624	2.2622	2.0234
2.8	81.714	2.3273	2.0816
2.805	81.807	2.3978	2.1446
2.81	81.922	2.4513	2.1925
2.815	82.046	2.495	2.2316
2.82	82.171	2.5387	2.2707
2.825	82.296	2.5829	2.3102
2.83	82.424	2.6254	2.3482
2.835	82.544	2.6698	2.3879
2.84	82.662	2.7206	2.4334
2.845	82.775	2.7545	2.4637
2.85	82.884	2.7825	2.4887
2.855	82.99	2.8171	2.5197
2.86	83.097	2.856	2.5545
2.865	83.216	2.893	2.5876
2.87	83.332	2.9352	2.6253
2.875	83.451	2.9789	2.6644
2.88	83.571	3.0248	2.7055
2.885	83.691	3.0732	2.7487
2.89	83.746	3.0871	2.7612
2.895	83.803	3.106	2.7781
2.9	83.858	3.1302	2.7997
2.905	83.912	3.1585	2.825
2.91	83.965	3.1884	2.8518
2.915	84.038	3.2076	2.869
2.92	84.103	3.228	2.8872
2.925	84.165	3.2495	2.9065
2.93	84.226	3.2713	2.9259
2.935	84.274	3.2728	2.9273
2.94	84.306	3.2772	2.9312
2.945	84.336	3.2771	2.9311
2.95	84.376	3.2634	2.9189
2.955	84.416	3.2506	2.9075
2.96	84.462	3.2342	2.8927
2.965	84.512	3.2158	2.8763
2.97	84.578	3.1859	2.8496
2.975	84.644	3.1565	2.8233
2.98	84.708	3.124	2.7942
2.985	84.77	3.0895	2.7633
2.99	84.827	3.0618	2.7385
2.995	84.869	3.049	2.7271
3	84.91	3.0366	2.716
3.005	84.942	3.0302	2.7103
3.01	84.986	3.0167	2.6982
3.015	85.04	2.998	2.6815
3.02	85.101	2.9759	2.6617
3.025	85.162	2.9533	2.6415
3.03	85.224	2.9314	2.6219
3.035	85.284	2.9125	2.605
3.04	85.342	2.8978	2.5919
3.045	85.399	2.8843	2.5798
3.05	85.458	2.87	2.567
3.055	85.502	2.8595	2.5576
3.06	85.533	2.8524	2.5512
3.065	85.564	2.8457	2.5453
3.07	85.591	2.8349	2.5356
3.075	85.611	2.8262	2.5279
3.08	85.631	2.8179	2.5204
3.085	85.651	2.8099	2.5133
3.09	85.671	2.8022	2.5064
3.095	85.717	2.7795	2.4861
3.1	85.839	2.7244	2.4367
3.105	85.995	2.6657	2.3843
3.11	86.151	2.6208	2.3441
3.115	86.305	2.5882	2.3149
3.12	86.457	2.5676	2.2966
3.125	86.611	2.5596	2.2894
3.13	86.771	2.5541	2.2844
3.135	86.932	2.5636	2.2929
3.14	87.077	2.5877	2.3145
3.145	87.163	2.5785	2.3063
3.15	87.207	2.5497	2.2805
3.155	87.246	2.5273	2.2604
3.16	87.283	2.5048	2.2404
3.165	87.317	2.4818	2.2198
3.17	87.351	2.4604	2.2007
3.175	87.387	2.4393	2.1818
3.18	87.429	2.414	2.1592
3.185	87.463	2.3863	2.1344
3.19	87.493	2.3581	2.1092
3.195	87.526	2.3324	2.0862
3.2	87.559	2.3071	2.0636
3.205	87.597	2.273	2.033
3.21	87.638	2.2402	2.0037
3.215	87.676	2.2115	1.978
3.22	87.708	2.1971	1.9651
3.225	87.74	2.1834	1.9529
3.23	87.767	2.1669	1.9381
3.235	87.784	2.1439	1.9176
3.24	87.799	2.1192	1.8955
3.245	87.814	2.095	1.8738
3.25	87.831	2.0731	1.8542
3.255	87.846	2.0562	1.8391
3.26	87.858	2.04	1.8246
3.265	87.874	2.0169	1.8039
3.27	87.889	1.9937	1.7832
3.275	87.903	1.9694	1.7615
3.28	87.914	1.9433	1.7381
3.285	87.926	1.9171	1.7147
3.29	87.937	1.891	1.6914
3.295	87.941	1.8595	1.6632
3.3	87.94	1.8247	1.6321
3.305	87.938	1.7906	1.6015
3.31	87.934	1.7519	1.567
3.315	87.93	1.7138	1.5329
3.32	87.927	1.6775	1.5004
3.325	87.926	1.6418	1.4685
3.33	87.921	1.6043	1.435
3.335	87.923	1.5634	1.3983
3.34	87.938	1.5263	1.3652
3.345	87.962	1.4943	1.3366
3.35	87.987	1.4625	1.3081
3.355	88.003	1.4493	1.2963
3.36	88.023	1.4337	1.2824
3.365	88.048	1.4183	1.2685
3.37	88.075	1.4052	1.2569
3.375	88.102	1.3929	1.2459
3.38	88.129	1.3814	1.2356
3.385	88.147	1.3671	1.2228
3.39	88.146	1.346	1.2039
3.395	88.145	1.3256	1.1857
3.4	88.152	1.2863	1.1505
3.405	88.159	1.2477	1.116
3.41	88.164	1.2076	1.0801
3.415	88.152	1.161	1.0385
3.42	88.144	1.1172	0.99923
3.425	88.135	1.0736	0.96028
3.43	88.132	1.0324	0.92344
3.435	88.141	0.99708	0.89181
3.44	88.149	0.96225	0.86066
3.445	88.153	0.9383	0.83924
3.45	88.157	0.91498	0.81838
3.455	88.163	0.89336	0.79905
3.46	88.176	0.87627	0.78376
3.465	88.197	0.85642	0.76601
3.47	88.224	0.83538	0.74719
3.475	88.248	0.81345	0.72758
3.48	88.27	0.79238	0.70872
3.485	88.293	0.77283	0.69124
3.49	88.34	0.68861	0.61591
3.495	88.383	0.5885	0.52637
3.5	88.427	0.49136	0.43948
