/*--------------------------------*- C++ -*----------------------------------*\
| =========                 |                                                 |
| \\      /  F ield         | OpenFOAM: The Open Source CFD Toolbox           |
|  \\    /   O peration     | Version:  2606                                  |
|   \\  /    A nd           | Website:  www.openfoam.com                      |
|    \\/     M anipulation  |                                                 |
\*---------------------------------------------------------------------------*/
FoamFile
{
    version     2.0;
    format      ascii;
    arch        "LSB;label=32;scalar=64";
    class       volVectorField;
    location    "0.65";
    object      U;
}
// * * * * * * * * * * * * * * * * * * * * * * * * * * * * * * * * * * * * * //

dimensions      [0 1 -1 0 0 0 0];

internalField   nonuniform List<vector> 
3000
(
(0.396521 -0.00208525 0)
(0.401593 -0.00211965 0)
(0.406663 -0.00215485 0)
(0.411733 -0.00219011 0)
(0.416809 -0.00222063 0)
(0.42189 -0.00224039 0)
(0.426971 -0.0022469 0)
(0.432051 -0.00224159 0)
(0.437132 -0.00222802 0)
(0.442215 -0.00221017 0)
(0.447302 -0.00219059 0)
(0.452396 -0.00217114 0)
(0.457497 -0.00215398 0)
(0.462609 -0.00214144 0)
(0.467741 -0.0021355 0)
(0.472899 -0.00213734 0)
(0.478093 -0.00214718 0)
(0.483327 -0.0021642 0)
(0.48861 -0.00218687 0)
(0.493943 -0.00221314 0)
(0.499327 -0.0022408 0)
(0.504761 -0.00226753 0)
(0.510241 -0.00229034 0)
(0.515757 -0.00230613 0)
(0.521293 -0.00230627 0)
(0.52683 -0.00229407 0)
(0.532348 -0.00226772 0)
(0.537835 -0.00222884 0)
(0.543275 -0.00217701 0)
(0.548646 -0.00211226 0)
(0.553928 -0.00203985 0)
(0.559119 -0.00196887 0)
(0.564215 -0.00189648 0)
(0.569209 -0.00182055 0)
(0.574102 -0.00175845 0)
(0.578925 -0.00172442 0)
(0.583716 -0.00171684 0)
(0.588503 -0.00173057 0)
(0.593306 -0.00176225 0)
(0.598144 -0.0018096 0)
(0.603037 -0.00186972 0)
(0.607999 -0.0019383 0)
(0.613037 -0.00200977 0)
(0.618151 -0.00207694 0)
(0.623332 -0.00213197 0)
(0.628561 -0.00216972 0)
(0.633819 -0.0021895 0)
(0.639085 -0.00219273 0)
(0.644343 -0.00217958 0)
(0.649573 -0.0021494 0)
(0.654756 -0.00210414 0)
(0.659875 -0.00204995 0)
(0.664927 -0.00199415 0)
(0.669914 -0.00194055 0)
(0.674842 -0.00188839 0)
(0.679712 -0.00183529 0)
(0.684524 -0.00177986 0)
(0.689274 -0.00172195 0)
(0.693957 -0.00166235 0)
(0.698575 -0.00160671 0)
(0.70314 -0.00156198 0)
(0.707671 -0.00153114 0)
(0.712189 -0.00151518 0)
(0.716718 -0.00151719 0)
(0.721283 -0.00154141 0)
(0.725915 -0.00158152 0)
(0.730615 -0.00161989 0)
(0.735367 -0.00166317 0)
(0.740203 -0.00173841 0)
(0.745146 -0.00178181 0)
(0.750001 -0.00166458 0)
(0.754476 -0.0014412 0)
(0.758566 -0.00128125 0)
(0.762509 -0.00123225 0)
(0.766494 -0.0012694 0)
(0.401244 -0.0082018 0)
(0.406169 -0.00815974 0)
(0.411095 -0.0081197 0)
(0.416036 -0.00809021 0)
(0.421006 -0.00807249 0)
(0.426003 -0.0080641 0)
(0.431011 -0.00806436 0)
(0.436011 -0.00807368 0)
(0.440992 -0.00809069 0)
(0.445943 -0.00811351 0)
(0.45086 -0.00814085 0)
(0.455736 -0.00817234 0)
(0.460568 -0.00820857 0)
(0.465358 -0.00825082 0)
(0.470111 -0.00830039 0)
(0.474835 -0.00835785 0)
(0.479537 -0.00842287 0)
(0.484224 -0.0084943 0)
(0.488901 -0.00857008 0)
(0.493566 -0.00864766 0)
(0.498214 -0.00872459 0)
(0.502836 -0.00879866 0)
(0.507419 -0.00886669 0)
(0.511951 -0.0089234 0)
(0.516373 -0.00895561 0)
(0.520892 -0.00895645 0)
(0.525394 -0.00893756 0)
(0.529864 -0.00889581 0)
(0.534276 -0.00882885 0)
(0.538608 -0.00873493 0)
(0.542834 -0.00862112 0)
(0.54696 -0.0085013 0)
(0.551024 -0.00837204 0)
(0.555021 -0.00823221 0)
(0.558945 -0.00811058 0)
(0.562864 -0.00802973 0)
(0.566844 -0.00798722 0)
(0.570914 -0.0079757 0)
(0.575086 -0.00799147 0)
(0.579377 -0.00803257 0)
(0.583798 -0.00809544 0)
(0.588354 -0.00817382 0)
(0.593037 -0.0082594 0)
(0.597837 -0.00834179 0)
(0.60275 -0.00841015 0)
(0.607765 -0.00845744 0)
(0.612873 -0.0084827 0)
(0.618074 -0.00848738 0)
(0.623375 -0.00847058 0)
(0.628781 -0.00842972 0)
(0.634278 -0.00836637 0)
(0.639834 -0.00828915 0)
(0.645401 -0.0082091 0)
(0.650918 -0.00813212 0)
(0.656302 -0.00805698 0)
(0.661463 -0.00798031 0)
(0.666326 -0.00790112 0)
(0.670856 -0.00782112 0)
(0.67507 -0.00774393 0)
(0.679031 -0.00767591 0)
(0.682843 -0.00762655 0)
(0.686619 -0.00760122 0)
(0.690443 -0.00760237 0)
(0.694367 -0.00763681 0)
(0.698446 -0.00771126 0)
(0.702738 -0.00780911 0)
(0.707217 -0.00789354 0)
(0.711793 -0.00797824 0)
(0.71657 -0.00810651 0)
(0.721722 -0.0081355 0)
(0.726768 -0.00781822 0)
(0.730913 -0.00729627 0)
(0.734194 -0.0069281 0)
(0.737193 -0.00680195 0)
(0.740312 -0.00685169 0)
(0.376481 -0.0121736 0)
(0.381171 -0.0122488 0)
(0.386447 -0.0123332 0)
(0.392107 -0.0124289 0)
(0.397802 -0.0124993 0)
(0.403045 -0.012502 0)
(0.407275 -0.0124239 0)
(0.410069 -0.0122788 0)
(0.411325 -0.0121201 0)
(0.411316 -0.0119262 0)
(0.410507 -0.0117098 0)
(0.409249 -0.011522 0)
(0.407695 -0.0113796 0)
(0.40589 -0.0112735 0)
(0.403847 -0.0111905 0)
(0.40154 -0.0111188 0)
(0.39889 -0.0110454 0)
(0.395743 -0.0109532 0)
(0.391864 -0.0108174 0)
(0.386938 -0.0105916 0)
(0.380564 -0.0101916 0)
(0.372359 -0.00952154 0)
(0.361779 -0.00869426 0)
(0.348784 -0.00782876 0)
(0.325871 -0.0088104 0)
(0.327584 -0.0137121 0)
(0.332589 -0.0165167 0)
(0.33864 -0.0162477 0)
(0.344732 -0.015142 0)
(0.350523 -0.013976 0)
(0.355553 -0.0129222 0)
(0.359619 -0.0120532 0)
(0.36391 -0.0113319 0)
(0.36842 -0.0107827 0)
(0.37319 -0.010607 0)
(0.379056 -0.0108346 0)
(0.386387 -0.0112401 0)
(0.395175 -0.0116409 0)
(0.405413 -0.0119816 0)
(0.416849 -0.0122388 0)
(0.428973 -0.0123845 0)
(0.441292 -0.012424 0)
(0.453627 -0.0124002 0)
(0.466182 -0.0123646 0)
(0.47938 -0.0123434 0)
(0.493724 -0.0123385 0)
(0.509833 -0.0123529 0)
(0.528451 -0.0123851 0)
(0.550226 -0.0123877 0)
(0.575187 -0.0122372 0)
(0.602112 -0.0118106 0)
(0.628233 -0.0110453 0)
(0.649849 -0.0100268 0)
(0.663439 -0.0089849 0)
(0.666804 -0.0081924 0)
(0.659922 -0.00785805 0)
(0.644547 -0.0083391 0)
(0.625044 -0.00918978 0)
(0.607538 -0.0103392 0)
(0.595785 -0.0112566 0)
(0.590997 -0.0118388 0)
(0.592791 -0.0125977 0)
(0.597988 -0.0131901 0)
(0.603573 -0.0133357 0)
(0.608612 -0.0131172 0)
(0.613497 -0.0127183 0)
(0.618554 -0.0120882 0)
(0.623576 -0.0116388 0)
(0.628228 -0.0118112 0)
(0.632423 -0.0119297 0)
(0.636519 -0.0106375 0)
(0.640729 -0.00869541 0)
(0.644872 -0.00757691 0)
(0.648717 -0.0072388 0)
(0.65223 -0.00751488 0)
(0.313532 -0.0165544 0)
(0.32376 -0.0173058 0)
(0.334712 -0.0179454 0)
(0.345095 -0.0180504 0)
(0.353542 -0.0172758 0)
(0.35863 -0.0154622 0)
(0.35912 -0.0130118 0)
(0.354888 -0.0108235 0)
(0.347483 -0.00976464 0)
(0.33931 -0.00934616 0)
(0.331797 -0.00893296 0)
(0.325471 -0.00839413 0)
(0.320186 -0.00774972 0)
(0.315645 -0.00701282 0)
(0.311772 -0.00622857 0)
(0.3085 -0.00544118 0)
(0.305645 -0.00462125 0)
(0.303014 -0.00359014 0)
(0.300507 -0.00224389 0)
(0.298252 -0.000402091 0)
(0.296414 0.00229065 0)
(0.295043 0.00627133 0)
(0.294456 0.010563 0)
(0.295443 0.0133861 0)
(0.296422 0.00902006 0)
(0.294347 0.00135535 0)
(0.288879 -0.00526776 0)
(0.282591 -0.0092281 0)
(0.277116 -0.0109638 0)
(0.273098 -0.0112283 0)
(0.270502 -0.0110999 0)
(0.268975 -0.0117102 0)
(0.268566 -0.0128883 0)
(0.268923 -0.0139665 0)
(0.269327 -0.0150275 0)
(0.269097 -0.0164836 0)
(0.267757 -0.0182834 0)
(0.265024 -0.0202552 0)
(0.260559 -0.022425 0)
(0.254261 -0.0245148 0)
(0.246617 -0.0260001 0)
(0.238331 -0.0269564 0)
(0.230234 -0.028007 0)
(0.223535 -0.0296746 0)
(0.219999 -0.0321846 0)
(0.221735 -0.035741 0)
(0.230753 -0.0406806 0)
(0.24846 -0.0471265 0)
(0.275131 -0.0544056 0)
(0.309479 -0.0606921 0)
(0.348583 -0.0633934 0)
(0.388203 -0.0600626 0)
(0.42347 -0.0496203 0)
(0.449806 -0.0327255 0)
(0.463116 -0.0116683 0)
(0.460736 0.00846009 0)
(0.442718 0.0219554 0)
(0.41269 0.0269596 0)
(0.375065 0.0228852 0)
(0.331642 0.0119447 0)
(0.281852 0.00139852 0)
(0.228895 -0.0040761 0)
(0.180544 -0.0053515 0)
(0.141471 -0.00582705 0)
(0.112754 -0.00739415 0)
(0.0943266 -0.00972586 0)
(0.0830485 -0.0123481 0)
(0.0753079 -0.0143518 0)
(0.070724 -0.0153806 0)
(0.0683301 -0.0155931 0)
(0.0674583 -0.0152502 0)
(0.0677854 -0.0147441 0)
(0.0689731 -0.0142965 0)
(0.0706399 -0.0139766 0)
(0.0725136 -0.0138058 0)
(0.151104 -0.0299166 0)
(0.160196 -0.0336129 0)
(0.169316 -0.0350637 0)
(0.17713 -0.0338577 0)
(0.182452 -0.0296168 0)
(0.184578 -0.0220424 0)
(0.181295 -0.0123825 0)
(0.168957 -0.00289042 0)
(0.147547 0.00400102 0)
(0.120224 0.00692295 0)
(0.092277 0.00677234 0)
(0.0679157 0.00549301 0)
(0.0482205 0.00388673 0)
(0.0332074 0.00205489 0)
(0.0224663 0.000263456 0)
(0.0151419 -0.0011141 0)
(0.0103621 -0.00191678 0)
(0.00720649 -0.00226929 0)
(0.00532285 -0.00233189 0)
(0.0046216 -0.00237659 0)
(0.0051176 -0.00261339 0)
(0.00715098 -0.0030402 0)
(0.0110519 -0.00344126 0)
(0.0164906 -0.00443433 0)
(0.0222792 -0.00723836 0)
(0.0266055 -0.0111217 0)
(0.0290002 -0.0141613 0)
(0.0302356 -0.0157286 0)
(0.0312183 -0.0161832 0)
(0.0325186 -0.0160246 0)
(0.0342491 -0.0156226 0)
(0.0361372 -0.0153034 0)
(0.0380612 -0.0152988 0)
(0.0401195 -0.0154434 0)
(0.0423506 -0.0155656 0)
(0.0445842 -0.0154375 0)
(0.0466373 -0.0147811 0)
(0.0483833 -0.0134309 0)
(0.0494772 -0.0113261 0)
(0.0493919 -0.00884929 0)
(0.0485201 -0.00667912 0)
(0.0471801 -0.0056348 0)
(0.0463238 -0.00645219 0)
(0.0473279 -0.0100757 0)
(0.0514419 -0.0176082 0)
(0.0597318 -0.0295567 0)
(0.0728822 -0.0452874 0)
(0.0911239 -0.0630632 0)
(0.114061 -0.0800371 0)
(0.140343 -0.0923782 0)
(0.167589 -0.0964315 0)
(0.192766 -0.0898204 0)
(0.213053 -0.0724578 0)
(0.225915 -0.0461843 0)
(0.229085 -0.0148838 0)
(0.220565 0.0148021 0)
(0.200926 0.0386891 0)
(0.17144 0.0546653 0)
(0.132878 0.0657819 0)
(0.0900302 0.0742466 0)
(0.0513433 0.0762963 0)
(0.0226336 0.0691181 0)
(0.0044541 0.0547891 0)
(-0.00637744 0.0379355 0)
(-0.0135753 0.022352 0)
(-0.0202695 0.0100137 0)
(-0.0266094 0.00108098 0)
(-0.0314344 -0.00454479 0)
(-0.0354701 -0.00806845 0)
(-0.0389862 -0.0101898 0)
(-0.0418388 -0.0112671 0)
(-0.0439271 -0.0117001 0)
(-0.0453187 -0.0118868 0)
(-0.0461927 -0.0120477 0)
(-0.0467273 -0.012256 0)
(0.0302789 -0.0361125 0)
(0.0303994 -0.0377139 0)
(0.0287402 -0.0362915 0)
(0.024678 -0.0314845 0)
(0.0173809 -0.022426 0)
(0.00660557 -0.00864218 0)
(-0.00523085 0.00822754 0)
(-0.0159147 0.0237344 0)
(-0.0266133 0.0340686 0)
(-0.0358037 0.0374125 0)
(-0.042212 0.034553 0)
(-0.0459627 0.0279971 0)
(-0.0481009 0.0203703 0)
(-0.0495761 0.0133923 0)
(-0.05101 0.0078493 0)
(-0.0525399 0.0038235 0)
(-0.0540004 0.00103027 0)
(-0.0549499 -0.000906826 0)
(-0.0552795 -0.0022095 0)
(-0.0550611 -0.00300889 0)
(-0.0542843 -0.0033231 0)
(-0.0529887 -0.00326603 0)
(-0.0512615 -0.00321028 0)
(-0.0492367 -0.0035416 0)
(-0.0473351 -0.00465729 0)
(-0.0461286 -0.00646734 0)
(-0.0457952 -0.0084067 0)
(-0.0460316 -0.010122 0)
(-0.0464059 -0.0115912 0)
(-0.0466212 -0.0129404 0)
(-0.0465674 -0.0142904 0)
(-0.0463431 -0.0156108 0)
(-0.0461363 -0.016665 0)
(-0.0460105 -0.0173389 0)
(-0.0459006 -0.0175909 0)
(-0.0457556 -0.0173752 0)
(-0.0456606 -0.0166394 0)
(-0.0457527 -0.0155627 0)
(-0.0458973 -0.014531 0)
(-0.0457114 -0.0138783 0)
(-0.0448038 -0.0139973 0)
(-0.0429602 -0.015613 0)
(-0.0398679 -0.0195626 0)
(-0.0353105 -0.0264726 0)
(-0.0294397 -0.0367514 0)
(-0.0226155 -0.0505233 0)
(-0.0152445 -0.0672453 0)
(-0.00774887 -0.0852322 0)
(-0.000700189 -0.101368 0)
(0.00533449 -0.111535 0)
(0.00978576 -0.112056 0)
(0.012066 -0.100718 0)
(0.0125646 -0.076928 0)
(0.00926776 -0.042265 0)
(0.000198545 -0.0016145 0)
(-0.00985138 0.0375318 0)
(-0.0219104 0.0693911 0)
(-0.0357907 0.0908684 0)
(-0.0478764 0.100285 0)
(-0.0540173 0.0965646 0)
(-0.0531784 0.0814356 0)
(-0.0486235 0.0611446 0)
(-0.0444849 0.0420009 0)
(-0.0429381 0.0269734 0)
(-0.0440137 0.015986 0)
(-0.0468206 0.00792975 0)
(-0.0503375 0.00219233 0)
(-0.0540585 -0.00208153 0)
(-0.05774 -0.00540908 0)
(-0.0611181 -0.00777956 0)
(-0.0640581 -0.00933756 0)
(-0.0665419 -0.0103061 0)
(-0.0685885 -0.0109274 0)
(-0.0702678 -0.0113811 0)
(-0.0716686 -0.0117684 0)
(-0.0572104 -0.0290358 0)
(-0.0642203 -0.0287518 0)
(-0.071907 -0.0253089 0)
(-0.0797989 -0.018787 0)
(-0.0869128 -0.00961715 0)
(-0.0918773 0.00153532 0)
(-0.0936269 0.0137907 0)
(-0.0917807 0.0239256 0)
(-0.0865223 0.0292109 0)
(-0.0789454 0.0289469 0)
(-0.0710584 0.0248552 0)
(-0.064647 0.0193579 0)
(-0.0604224 0.0141526 0)
(-0.058177 0.00981543 0)
(-0.0573385 0.00634429 0)
(-0.0573437 0.00359896 0)
(-0.0577975 0.00146398 0)
(-0.0584707 -0.00012973 0)
(-0.0591878 -0.00133352 0)
(-0.0598852 -0.00223098 0)
(-0.0605163 -0.00292748 0)
(-0.0610136 -0.0035751 0)
(-0.0613117 -0.00433066 0)
(-0.0614129 -0.00535811 0)
(-0.0614658 -0.00679133 0)
(-0.0616949 -0.00850361 0)
(-0.0622253 -0.0101786 0)
(-0.0630201 -0.0115538 0)
(-0.0639687 -0.0125564 0)
(-0.0649754 -0.0132617 0)
(-0.0659733 -0.0138271 0)
(-0.0669188 -0.0144024 0)
(-0.0678279 -0.0150173 0)
(-0.068738 -0.0155967 0)
(-0.0696323 -0.016061 0)
(-0.0704413 -0.0163788 0)
(-0.0710349 -0.0165148 0)
(-0.0712099 -0.0163801 0)
(-0.0707094 -0.0159933 0)
(-0.0693163 -0.0156536 0)
(-0.0669745 -0.0159053 0)
(-0.0638504 -0.0174847 0)
(-0.0603024 -0.0211494 0)
(-0.0568496 -0.0275132 0)
(-0.0541599 -0.0369777 0)
(-0.0530287 -0.0496356 0)
(-0.0543783 -0.0649038 0)
(-0.0592099 -0.0809505 0)
(-0.068125 -0.094573 0)
(-0.0808258 -0.101936 0)
(-0.0963028 -0.0995833 0)
(-0.112921 -0.0855103 0)
(-0.128289 -0.0598287 0)
(-0.14004 -0.0254246 0)
(-0.146466 0.0122704 0)
(-0.147023 0.0478563 0)
(-0.141938 0.0741441 0)
(-0.130486 0.0877378 0)
(-0.113365 0.0883753 0)
(-0.0933427 0.0790785 0)
(-0.0749548 0.06528 0)
(-0.0616216 0.0515533 0)
(-0.0537841 0.0395089 0)
(-0.0500808 0.0291112 0)
(-0.0490143 0.0201594 0)
(-0.0495686 0.0126446 0)
(-0.0510899 0.00658455 0)
(-0.0532143 0.00175163 0)
(-0.0555619 -0.00191486 0)
(-0.0578795 -0.00458068 0)
(-0.0601175 -0.00649371 0)
(-0.0621657 -0.00785579 0)
(-0.0639838 -0.00884422 0)
(-0.0655816 -0.0095961 0)
(-0.066994 -0.0102039 0)
(-0.0755995 -0.0238954 0)
(-0.0820291 -0.0240909 0)
(-0.0883308 -0.0217798 0)
(-0.093639 -0.0169182 0)
(-0.0970603 -0.0097666 0)
(-0.0975292 -0.00119437 0)
(-0.094719 0.00728762 0)
(-0.0887234 0.013867 0)
(-0.0803195 0.0174952 0)
(-0.0714893 0.0181981 0)
(-0.0639349 0.0168214 0)
(-0.0583532 0.014321 0)
(-0.0546369 0.0114011 0)
(-0.0523783 0.00849713 0)
(-0.051171 0.00587135 0)
(-0.0507005 0.00365014 0)
(-0.050736 0.0018526 0)
(-0.0511036 0.000431618 0)
(-0.0516855 -0.000694784 0)
(-0.0523703 -0.00162934 0)
(-0.0530487 -0.00245802 0)
(-0.0536314 -0.00326227 0)
(-0.0540624 -0.00412078 0)
(-0.0543486 -0.00512116 0)
(-0.0545794 -0.00632009 0)
(-0.0548875 -0.00767485 0)
(-0.0553636 -0.00905505 0)
(-0.0560111 -0.0103284 0)
(-0.0567736 -0.011427 0)
(-0.0575888 -0.0123468 0)
(-0.0584137 -0.0131219 0)
(-0.0592208 -0.0137986 0)
(-0.0600013 -0.0144146 0)
(-0.0607525 -0.0149515 0)
(-0.0614435 -0.0153663 0)
(-0.062006 -0.0156207 0)
(-0.0623393 -0.0157009 0)
(-0.0623137 -0.0156601 0)
(-0.061781 -0.0156635 0)
(-0.0606282 -0.0160118 0)
(-0.058863 -0.0171082 0)
(-0.0566796 -0.0193857 0)
(-0.054488 -0.0232105 0)
(-0.0529115 -0.0288503 0)
(-0.0527628 -0.0365009 0)
(-0.0550326 -0.0462217 0)
(-0.0608681 -0.0576459 0)
(-0.0713305 -0.0695265 0)
(-0.0867828 -0.0794683 0)
(-0.106421 -0.0844303 0)
(-0.128315 -0.0817405 0)
(-0.149625 -0.0699114 0)
(-0.166805 -0.0492452 0)
(-0.176698 -0.0222768 0)
(-0.177702 0.00674507 0)
(-0.169948 0.0326301 0)
(-0.154416 0.0511276 0)
(-0.133157 0.0604927 0)
(-0.11017 0.0618946 0)
(-0.089498 0.0579645 0)
(-0.0735067 0.051116 0)
(-0.0623757 0.042857 0)
(-0.0551577 0.034197 0)
(-0.0508461 0.0259398 0)
(-0.0486751 0.0185976 0)
(-0.048049 0.0123694 0)
(-0.0484754 0.00724867 0)
(-0.0495779 0.00311112 0)
(-0.0510648 -0.000118233 0)
(-0.0527134 -0.00265878 0)
(-0.0543831 -0.00461229 0)
(-0.0559792 -0.00610344 0)
(-0.0574554 -0.00725294 0)
(-0.058797 -0.0081627 0)
(-0.0600114 -0.00890932 0)
(-0.0638366 -0.017642 0)
(-0.0685387 -0.0175501 0)
(-0.0730255 -0.0157111 0)
(-0.0766091 -0.0122088 0)
(-0.0786135 -0.00738496 0)
(-0.0785734 -0.00183497 0)
(-0.0762562 0.00338039 0)
(-0.0719292 0.00780537 0)
(-0.066636 0.0107601 0)
(-0.061354 0.0120234 0)
(-0.0567329 0.0118177 0)
(-0.0530356 0.0105973 0)
(-0.0502897 0.00883312 0)
(-0.0483968 0.0068986 0)
(-0.0471983 0.00503558 0)
(-0.0465216 0.00337706 0)
(-0.0462115 0.00197548 0)
(-0.0461464 0.000821683 0)
(-0.0462312 -0.000144554 0)
(-0.0463875 -0.000996071 0)
(-0.0465596 -0.00181946 0)
(-0.0467105 -0.00268404 0)
(-0.0468216 -0.00363646 0)
(-0.0469055 -0.00470404 0)
(-0.0470103 -0.00588725 0)
(-0.0472 -0.00714205 0)
(-0.047518 -0.00838798 0)
(-0.0479647 -0.00954778 0)
(-0.0485058 -0.0105827 0)
(-0.049097 -0.0114946 0)
(-0.0497028 -0.0123059 0)
(-0.0503008 -0.0130393 0)
(-0.0508789 -0.0137114 0)
(-0.0514246 -0.0143206 0)
(-0.0519108 -0.0148579 0)
(-0.0522876 -0.0153253 0)
(-0.0524855 -0.0157489 0)
(-0.0524251 -0.0161888 0)
(-0.0520323 -0.0167553 0)
(-0.0512714 -0.0176262 0)
(-0.0501982 -0.0190385 0)
(-0.0490029 -0.0212508 0)
(-0.048018 -0.0244922 0)
(-0.0477032 -0.028912 0)
(-0.0486426 -0.0345442 0)
(-0.0515664 -0.0412769 0)
(-0.057347 -0.0487614 0)
(-0.0668068 -0.0561934 0)
(-0.0802414 -0.0621031 0)
(-0.0969384 -0.0645416 0)
(-0.115081 -0.0616952 0)
(-0.132035 -0.0525934 0)
(-0.144898 -0.0376274 0)
(-0.151345 -0.0188631 0)
(-0.15017 0.000642061 0)
(-0.141746 0.01775 0)
(-0.128191 0.0308841 0)
(-0.112143 0.0391328 0)
(-0.0963207 0.0426987 0)
(-0.0824806 0.042343 0)
(-0.0712822 0.0390872 0)
(-0.0627356 0.0340606 0)
(-0.0566283 0.0282764 0)
(-0.0526234 0.0224385 0)
(-0.0503082 0.0169513 0)
(-0.04927 0.0120259 0)
(-0.0491483 0.00775187 0)
(-0.0496516 0.00413647 0)
(-0.0505521 0.00114809 0)
(-0.0516706 -0.00128676 0)
(-0.0528819 -0.00323932 0)
(-0.0541048 -0.00479862 0)
(-0.0552848 -0.00604931 0)
(-0.0563952 -0.00706643 0)
(-0.0574289 -0.00791136 0)
(-0.0555404 -0.0144007 0)
(-0.0589675 -0.0142534 0)
(-0.0622167 -0.0128282 0)
(-0.0648382 -0.0102008 0)
(-0.0664279 -0.00663331 0)
(-0.0667243 -0.0025891 0)
(-0.0656374 0.00138508 0)
(-0.0633484 0.00468768 0)
(-0.0603331 0.00697433 0)
(-0.0571026 0.00814069 0)
(-0.0540486 0.00830987 0)
(-0.0514141 0.00772831 0)
(-0.0493107 0.00666985 0)
(-0.0477405 0.005375 0)
(-0.0466366 0.00402488 0)
(-0.0458999 0.00273852 0)
(-0.0454244 0.00157752 0)
(-0.0451135 0.000555228 0)
(-0.0448914 -0.000350364 0)
(-0.0447102 -0.00118739 0)
(-0.0445464 -0.0020158 0)
(-0.0443966 -0.00288368 0)
(-0.0442745 -0.00382108 0)
(-0.0442047 -0.00483768 0)
(-0.0442177 -0.00592159 0)
(-0.044342 -0.00703841 0)
(-0.0445904 -0.00813957 0)
(-0.0449526 -0.00918085 0)
(-0.0454003 -0.0101382 0)
(-0.0459004 -0.01101 0)
(-0.0464245 -0.0118073 0)
(-0.0469527 -0.0125435 0)
(-0.0474703 -0.0132285 0)
(-0.0479617 -0.0138666 0)
(-0.0484035 -0.0144629 0)
(-0.0487623 -0.0150321 0)
(-0.0489972 -0.0156079 0)
(-0.0490693 -0.0162508 0)
(-0.0489537 -0.0170539 0)
(-0.0486616 -0.0181487 0)
(-0.048266 -0.0196954 0)
(-0.0479224 -0.0218529 0)
(-0.0478727 -0.0247378 0)
(-0.0484361 -0.0283901 0)
(-0.0499944 -0.0327444 0)
(-0.0529827 -0.0375965 0)
(-0.0578734 -0.0425536 0)
(-0.0650831 -0.0469745 0)
(-0.0747344 -0.049943 0)
(-0.086355 -0.0503629 0)
(-0.0987282 -0.0472308 0)
(-0.11007 -0.0400384 0)
(-0.118522 -0.0291375 0)
(-0.122696 -0.0158184 0)
(-0.122217 -0.00194545 0)
(-0.117282 0.0103774 0)
(-0.10898 0.0202988 0)
(-0.0991129 0.0272017 0)
(-0.0889991 0.0309221 0)
(-0.0795431 0.0317548 0)
(-0.0713195 0.0303387 0)
(-0.0646375 0.0273981 0)
(-0.0595613 0.0235835 0)
(-0.0559672 0.0194063 0)
(-0.0536343 0.0152336 0)
(-0.0523161 0.0113035 0)
(-0.0517789 0.00775164 0)
(-0.0518171 0.00463715 0)
(-0.0522562 0.00197006 0)
(-0.0529484 -0.000274171 0)
(-0.0537873 -0.00214232 0)
(-0.0546987 -0.0036878 0)
(-0.0556274 -0.00496713 0)
(-0.0565405 -0.00603399 0)
(-0.0574212 -0.00693503 0)
(-0.0535316 -0.0113576 0)
(-0.0560501 -0.0111214 0)
(-0.0584263 -0.00999478 0)
(-0.0603489 -0.00805477 0)
(-0.0615523 -0.00549514 0)
(-0.0618719 -0.00261436 0)
(-0.0612442 0.000240143 0)
(-0.0598004 0.00268934 0)
(-0.057814 0.00448242 0)
(-0.0555763 0.00552218 0)
(-0.0533573 0.00586021 0)
(-0.0513477 0.005629 0)
(-0.0496526 0.00499483 0)
(-0.0483037 0.00411835 0)
(-0.0472802 0.0031312 0)
(-0.0465297 0.00212739 0)
(-0.0459871 0.00116306 0)
(-0.0455871 0.000259668 0)
(-0.0452714 -0.000587549 0)
(-0.0450015 -0.00140299 0)
(-0.0447626 -0.00221631 0)
(-0.0445572 -0.00305666 0)
(-0.0444011 -0.00394252 0)
(-0.0443155 -0.00487872 0)
(-0.0443212 -0.00585598 0)
(-0.0444323 -0.00685224 0)
(-0.0446513 -0.00783837 0)
(-0.0449669 -0.00878742 0)
(-0.0453586 -0.00968264 0)
(-0.0458028 -0.0105193 0)
(-0.0462787 -0.0113012 0)
(-0.0467695 -0.0120359 0)
(-0.0472607 -0.0127316 0)
(-0.0477371 -0.0133966 0)
(-0.0481804 -0.0140427 0)
(-0.0485691 -0.01469 0)
(-0.0488818 -0.0153723 0)
(-0.0491039 -0.0161411 0)
(-0.0492366 -0.0170677 0)
(-0.0493108 -0.018242 0)
(-0.0494014 -0.0197624 0)
(-0.0496374 -0.0217169 0)
(-0.0502033 -0.0241575 0)
(-0.0513299 -0.0270759 0)
(-0.053279 -0.0303789 0)
(-0.0563212 -0.0338649 0)
(-0.0607019 -0.0371959 0)
(-0.0665696 -0.0398736 0)
(-0.0738576 -0.0412585 0)
(-0.0821652 -0.0406714 0)
(-0.0907078 -0.03757 0)
(-0.0984102 -0.0317626 0)
(-0.104175 -0.023569 0)
(-0.107201 -0.0138143 0)
(-0.107245 -0.00364992 0)
(-0.10442 0.00587514 0)
(-0.0992779 0.0137309 0)
(-0.0927222 0.0194194 0)
(-0.0855937 0.0228251 0)
(-0.0785972 0.0241345 0)
(-0.0722434 0.0237156 0)
(-0.0668385 0.0220134 0)
(-0.0625043 0.0194709 0)
(-0.0592273 0.0164728 0)
(-0.0569104 0.0133176 0)
(-0.0554142 0.0102164 0)
(-0.054587 0.00730625 0)
(-0.0542813 0.00466626 0)
(-0.0543642 0.00233189 0)
(-0.054719 0.000305658 0)
(-0.0552545 -0.00143541 0)
(-0.0559028 -0.00291753 0)
(-0.0566116 -0.00417679 0)
(-0.0573459 -0.00524992 0)
(-0.0580841 -0.00617101 0)
(-0.0533377 -0.00937106 0)
(-0.0551211 -0.00909921 0)
(-0.0567934 -0.00818613 0)
(-0.0581376 -0.0066999 0)
(-0.0589748 -0.00478732 0)
(-0.0591908 -0.00265711 0)
(-0.0587622 -0.000544925 0)
(-0.0577542 0.00128791 0)
(-0.0563277 0.00269551 0)
(-0.0546875 0.00359037 0)
(-0.0530091 0.00398335 0)
(-0.0514311 0.00394498 0)
(-0.0500411 0.00357582 0)
(-0.0488789 0.00298114 0)
(-0.0479465 0.00225404 0)
(-0.0472202 0.00146605 0)
(-0.0466629 0.000664276 0)
(-0.0462328 -0.000127136 0)
(-0.045893 -0.00090004 0)
(-0.0456179 -0.00166498 0)
(-0.0453932 -0.00243714 0)
(-0.0452176 -0.00323141 0)
(-0.0450987 -0.00405733 0)
(-0.0450481 -0.00491631 0)
(-0.0450774 -0.00580127 0)
(-0.045194 -0.00669796 0)
(-0.045398 -0.00758841 0)
(-0.0456817 -0.00845578 0)
(-0.0460319 -0.00928852 0)
(-0.0464326 -0.0100819 0)
(-0.0468687 -0.010837 0)
(-0.0473265 -0.0115586 0)
(-0.0477935 -0.0122535 0)
(-0.0482574 -0.0129312 0)
(-0.0487056 -0.013605 0)
(-0.049126 -0.0142951 0)
(-0.0495099 -0.0150311 0)
(-0.0498569 -0.0158536 0)
(-0.0501819 -0.0168144 0)
(-0.0505227 -0.0179727 0)
(-0.0509489 -0.0193869 0)
(-0.0515653 -0.0211012 0)
(-0.0525111 -0.0231277 0)
(-0.0539516 -0.0254301 0)
(-0.0560635 -0.0279063 0)
(-0.0590149 -0.0303742 0)
(-0.0629348 -0.0325596 0)
(-0.0678608 -0.0340933 0)
(-0.0736656 -0.0345399 0)
(-0.0800018 -0.0334742 0)
(-0.0863054 -0.0305966 0)
(-0.0918783 -0.0258557 0)
(-0.0960456 -0.0195221 0)
(-0.0983158 -0.01216 0)
(-0.0984995 -0.00450596 0)
(-0.0966432 0.00274647 0)
(-0.0930897 0.00893332 0)
(-0.0883953 0.0136298 0)
(-0.0831198 0.0166971 0)
(-0.0777754 0.0182108 0)
(-0.0727574 0.0183836 0)
(-0.0683276 0.0175016 0)
(-0.0646247 0.0158677 0)
(-0.0616879 0.0137606 0)
(-0.059485 0.011412 0)
(-0.0579397 0.00899999 0)
(-0.0569545 0.00665144 0)
(-0.0564276 0.00444966 0)
(-0.0562621 0.00244159 0)
(-0.0563688 0.000647231 0)
(-0.0566687 -0.000935851 0)
(-0.0571016 -0.00231825 0)
(-0.0576238 -0.00352014 0)
(-0.0582008 -0.00456482 0)
(-0.0588088 -0.0054758 0)
(-0.0532126 -0.00793765 0)
(-0.0544571 -0.00764755 0)
(-0.0556193 -0.00690225 0)
(-0.0565458 -0.0057551 0)
(-0.0571123 -0.00431215 0)
(-0.0572423 -0.00271794 0)
(-0.0569233 -0.00113889 0)
(-0.0561872 0.000269656 0)
(-0.0551364 0.00137789 0)
(-0.05391 0.00213275 0)
(-0.0526225 0.00252592 0)
(-0.051375 0.00259223 0)
(-0.0502376 0.00239117 0)
(-0.0492491 0.00199059 0)
(-0.0484219 0.00145476 0)
(-0.0477492 0.000836644 0)
(-0.0472131 0.00017292 0)
(-0.0467875 -0.000508548 0)
(-0.0464493 -0.00120125 0)
(-0.0461828 -0.00190399 0)
(-0.0459771 -0.00262183 0)
(-0.0458289 -0.00336084 0)
(-0.0457408 -0.00412472 0)
(-0.0457181 -0.0049128 0)
(-0.0457664 -0.00571947 0)
(-0.0458889 -0.00653503 0)
(-0.0460846 -0.00734774 0)
(-0.0463483 -0.00814647 0)
(-0.0466709 -0.00892319 0)
(-0.0470415 -0.00967396 0)
(-0.047449 -0.0103989 0)
(-0.0478829 -0.0111012 0)
(-0.0483337 -0.0117869 0)
(-0.0487926 -0.0124648 0)
(-0.0492521 -0.0131476 0)
(-0.0497066 -0.0138528 0)
(-0.0501553 -0.0146044 0)
(-0.0506059 -0.0154325 0)
(-0.0510789 -0.0163725 0)
(-0.0516123 -0.017461 0)
(-0.052266 -0.0187293 0)
(-0.0531224 -0.0201936 0)
(-0.0542845 -0.0218437 0)
(-0.0558683 -0.0236311 0)
(-0.0579897 -0.0254586 0)
(-0.0607479 -0.0271728 0)
(-0.0642011 -0.0285614 0)
(-0.0683309 -0.0293568 0)
(-0.0730007 -0.0292631 0)
(-0.0779316 -0.0280135 0)
(-0.0827174 -0.025445 0)
(-0.0868874 -0.0215672 0)
(-0.0900001 -0.0165955 0)
(-0.0917374 -0.0109185 0)
(-0.0919669 -0.00502962 0)
(-0.0906974 0.000588315 0)
(-0.0881587 0.00547044 0)
(-0.0847314 0.00933174 0)
(-0.0807823 0.0120321 0)
(-0.0766755 0.0135797 0)
(-0.0727103 0.0140901 0)
(-0.0691028 0.0137429 0)
(-0.0659848 0.0127428 0)
(-0.0634163 0.0112904 0)
(-0.0614009 0.00956348 0)
(-0.0599034 0.00770743 0)
(-0.0588659 0.00583262 0)
(-0.0582202 0.00401725 0)
(-0.0578964 0.00231265 0)
(-0.0578272 0.000748418 0)
(-0.0579516 -0.000663762 0)
(-0.0582195 -0.00192661 0)
(-0.0585913 -0.00304815 0)
(-0.0590358 -0.00404117 0)
(-0.0595294 -0.00492055 0)
(-0.0529817 -0.00694017 0)
(-0.053846 -0.00663642 0)
(-0.0546513 -0.00601178 0)
(-0.055288 -0.00510606 0)
(-0.0556688 -0.00399491 0)
(-0.0557403 -0.00277965 0)
(-0.0554896 -0.00157383 0)
(-0.0549446 -0.000480932 0)
(-0.054164 0.000399574 0)
(-0.0532319 0.00102964 0)
(-0.0522364 0.0013951 0)
(-0.0512483 0.00151059 0)
(-0.0503218 0.00141065 0)
(-0.0494913 0.00113883 0)
(-0.0487735 0.000738807 0)
(-0.0481719 0.000248283 0)
(-0.047675 -0.000298906 0)
(-0.0472716 -0.00088354 0)
(-0.0469521 -0.00149623 0)
(-0.0467026 -0.0021315 0)
(-0.046516 -0.0027886 0)
(-0.0463891 -0.0034683 0)
(-0.0463224 -0.00417053 0)
(-0.0463181 -0.00489294 0)
(-0.0463784 -0.00563058 0)
(-0.0465046 -0.00637629 0)
(-0.046695 -0.00712191 0)
(-0.0469458 -0.0078598 0)
(-0.0472504 -0.00858418 0)
(-0.0476012 -0.00929197 0)
(-0.0479902 -0.00998297 0)
(-0.0484098 -0.0106597 0)
(-0.0488531 -0.0113272 0)
(-0.0493144 -0.0119931 0)
(-0.0497898 -0.012668 0)
(-0.0502784 -0.013366 0)
(-0.0507842 -0.014105 0)
(-0.0513185 -0.0149061 0)
(-0.0519027 -0.0157918 0)
(-0.0525711 -0.0167827 0)
(-0.0533726 -0.0178922 0)
(-0.0543705 -0.0191197 0)
(-0.0556389 -0.0204432 0)
(-0.0572562 -0.0218114 0)
(-0.0592948 -0.0231376 0)
(-0.0618089 -0.024297 0)
(-0.0648152 -0.0251274 0)
(-0.0682697 -0.0254384 0)
(-0.0720461 -0.0250335 0)
(-0.0759271 -0.0237488 0)
(-0.0796198 -0.0215 0)
(-0.0828007 -0.0183205 0)
(-0.0851748 -0.0143728 0)
(-0.0865316 -0.00993015 0)
(-0.0867757 -0.0053292 0)
(-0.0859265 -0.000907653 0)
(-0.0841208 0.00298555 0)
(-0.0815974 0.00616451 0)
(-0.0786273 0.00850559 0)
(-0.0754672 0.0099874 0)
(-0.0723407 0.010668 0)
(-0.0694209 0.010658 0)
(-0.0668246 0.0100945 0)
(-0.0646175 0.00912046 0)
(-0.0628221 0.00786931 0)
(-0.0614288 0.0064563 0)
(-0.0604067 0.00497426 0)
(-0.0597128 0.00349328 0)
(-0.0592986 0.00206327 0)
(-0.0591148 0.000717114 0)
(-0.0591147 -0.000527715 0)
(-0.0592582 -0.00166426 0)
(-0.0595118 -0.00269313 0)
(-0.0598478 -0.00361982 0)
(-0.0602444 -0.00445271 0)
(-0.0527015 -0.00625083 0)
(-0.0533008 -0.00593627 0)
(-0.0538581 -0.00539808 0)
(-0.054295 -0.00466485 0)
(-0.0545488 -0.00379004 0)
(-0.0545811 -0.00284478 0)
(-0.0543815 -0.0019075 0)
(-0.053968 -0.00105321 0)
(-0.0533776 -0.000342786 0)
(-0.0526641 0.000182011 0)
(-0.0518892 0.000508626 0)
(-0.051105 0.000642788 0)
(-0.0503528 0.000603238 0)
(-0.0496621 0.000417566 0)
(-0.0490508 0.000115838 0)
(-0.0485222 -0.00027323 0)
(-0.048077 -0.000726103 0)
(-0.0477134 -0.00122965 0)
(-0.0474222 -0.00176966 0)
(-0.0471965 -0.00233954 0)
(-0.0470318 -0.00293572 0)
(-0.0469258 -0.00355603 0)
(-0.0468781 -0.00419821 0)
(-0.0468892 -0.00485901 0)
(-0.04696 -0.00553386 0)
(-0.0470904 -0.00621714 0)
(-0.047279 -0.00690281 0)
(-0.0475224 -0.00758531 0)
(-0.0478162 -0.0082604 0)
(-0.0481548 -0.00892565 0)
(-0.0485325 -0.00958074 0)
(-0.0489441 -0.0102274 0)
(-0.0493849 -0.0108696 0)
(-0.0498519 -0.0115134 0)
(-0.0503439 -0.0121671 0)
(-0.0508626 -0.0128412 0)
(-0.0514144 -0.0135483 0)
(-0.0520114 -0.0143019 0)
(-0.0526739 -0.015115 0)
(-0.0534308 -0.0159971 0)
(-0.0543206 -0.0169504 0)
(-0.05539 -0.0179649 0)
(-0.0566912 -0.0190134 0)
(-0.0582757 -0.0200469 0)
(-0.0601863 -0.020992 0)
(-0.0624471 -0.02175 0)
(-0.0650511 -0.0221996 0)
(-0.067946 -0.0222059 0)
(-0.0710225 -0.0216387 0)
(-0.0741132 -0.0203989 0)
(-0.0770081 -0.0184464 0)
(-0.0794825 -0.0158218 0)
(-0.081335 -0.0126497 0)
(-0.082422 -0.00912623 0)
(-0.0826765 -0.00548737 0)
(-0.08212 -0.00197789 0)
(-0.0808315 0.00117294 0)
(-0.078965 0.0038073 0)
(-0.0767219 0.00582423 0)
(-0.0742841 0.0071942 0)
(-0.0718189 0.00794313 0)
(-0.069463 0.00813792 0)
(-0.0673162 0.00786983 0)
(-0.0654418 0.0072398 0)
(-0.0638711 0.00634703 0)
(-0.0626094 0.00528121 0)
(-0.0616439 0.00411829 0)
(-0.0609492 0.00291912 0)
(-0.0604929 0.0017297 0)
(-0.0602405 0.000582399 0)
(-0.0601569 -0.000502275 0)
(-0.0602104 -0.00151258 0)
(-0.0603738 -0.00244387 0)
(-0.0606234 -0.00329636 0)
(-0.0609398 -0.00407352 0)
(-0.0523964 -0.00577238 0)
(-0.0528135 -0.0054495 0)
(-0.0532002 -0.00497361 0)
(-0.0535001 -0.00436452 0)
(-0.0536682 -0.00365958 0)
(-0.0536763 -0.00290862 0)
(-0.0535156 -0.00216681 0)
(-0.0531963 -0.00148667 0)
(-0.052744 -0.000911187 0)
(-0.0521945 -0.000473098 0)
(-0.0515885 -0.000186426 0)
(-0.050965 -5.05638e-05 0)
(-0.0503566 -5.46299e-05 0)
(-0.0497864 -0.000181907 0)
(-0.0492697 -0.000412364 0)
(-0.0488169 -0.00072508 0)
(-0.048432 -0.00110621 0)
(-0.048113 -0.00153934 0)
(-0.0478567 -0.00201381 0)
(-0.0476601 -0.0025224 0)
(-0.0475206 -0.00306016 0)
(-0.0474367 -0.00362336 0)
(-0.0474079 -0.00420853 0)
(-0.0474343 -0.00481192 0)
(-0.0475159 -0.00542922 0)
(-0.0476521 -0.00605573 0)
(-0.0478417 -0.00668669 0)
(-0.048082 -0.00731781 0)
(-0.0483699 -0.00794576 0)
(-0.0487015 -0.00856853 0)
(-0.049073 -0.00918569 0)
(-0.0494807 -0.00979844 0)
(-0.0499218 -0.0104096 0)
(-0.0503952 -0.0110236 0)
(-0.0509013 -0.0116463 0)
(-0.0514437 -0.012285 0)
(-0.0520292 -0.0129478 0)
(-0.0526697 -0.0136424 0)
(-0.0533826 -0.0143749 0)
(-0.0541913 -0.0151474 0)
(-0.0551252 -0.0159553 0)
(-0.0562179 -0.0167841 0)
(-0.0575047 -0.0176057 0)
(-0.0590174 -0.0183766 0)
(-0.0607794 -0.0190358 0)
(-0.0627969 -0.019506 0)
(-0.0650507 -0.0196979 0)
(-0.0674881 -0.0195175 0)
(-0.0700184 -0.0188795 0)
(-0.0725146 -0.0177248 0)
(-0.0748232 -0.0160383 0)
(-0.0767855 -0.0138592 0)
(-0.0782624 -0.0112844 0)
(-0.0791553 -0.00845563 0)
(-0.0794178 -0.00554201 0)
(-0.0790618 -0.00272004 0)
(-0.0781382 -0.000144234 0)
(-0.0767569 0.00204463 0)
(-0.0750594 0.00377639 0)
(-0.0731748 0.00501712 0)
(-0.0712304 0.00577436 0)
(-0.0693337 0.00608735 0)
(-0.0675677 0.00601625 0)
(-0.0659901 0.00563189 0)
(-0.0646346 0.00500737 0)
(-0.063515 0.00421191 0)
(-0.0626291 0.00330644 0)
(-0.061964 0.00234195 0)
(-0.0615 0.00135918 0)
(-0.0612131 0.00038875 0)
(-0.0610776 -0.000548049 0)
(-0.0610691 -0.00143727 0)
(-0.061166 -0.00227117 0)
(-0.0613488 -0.00304639 0)
(-0.0616007 -0.00376281 0)
(-0.0520735 -0.00543814 0)
(-0.0523681 -0.00510981 0)
(-0.0526399 -0.00467935 0)
(-0.052848 -0.00416014 0)
(-0.0529599 -0.00357811 0)
(-0.0529549 -0.00296807 0)
(-0.0528255 -0.00236888 0)
(-0.0525775 -0.00181825 0)
(-0.0522281 -0.00134791 0)
(-0.0518024 -0.000981381 0)
(-0.0513285 -0.000731631 0)
(-0.0508337 -0.000601958 0)
(-0.0503431 -0.000586524 0)
(-0.0498771 -0.00067513 0)
(-0.0494496 -0.000854872 0)
(-0.0490698 -0.00111261 0)
(-0.048743 -0.001434 0)
(-0.0484708 -0.0018076 0)
(-0.0482528 -0.00222425 0)
(-0.0480881 -0.00267692 0)
(-0.0479758 -0.00316022 0)
(-0.0479151 -0.00366973 0)
(-0.0479057 -0.00420146 0)
(-0.0479477 -0.00475146 0)
(-0.0480408 -0.00531567 0)
(-0.0481843 -0.00588994 0)
(-0.0483772 -0.0064703 0)
(-0.0486176 -0.00705325 0)
(-0.0489032 -0.00763602 0)
(-0.0492314 -0.00821687 0)
(-0.0495996 -0.00879513 0)
(-0.0500057 -0.00937137 0)
(-0.0504483 -0.00994734 0)
(-0.0509273 -0.010526 0)
(-0.0514442 -0.0111111 0)
(-0.052003 -0.0117072 0)
(-0.0526107 -0.0123186 0)
(-0.0532776 -0.0129489 0)
(-0.0540182 -0.0135994 0)
(-0.0548507 -0.0142677 0)
(-0.0557968 -0.0149453 0)
(-0.05688 -0.0156159 0)
(-0.0581231 -0.0162532 0)
(-0.0595447 -0.0168194 0)
(-0.0611544 -0.0172655 0)
(-0.0629476 -0.0175323 0)
(-0.0649007 -0.017554 0)
(-0.066966 -0.0172655 0)
(-0.0690687 -0.0166118 0)
(-0.0711115 -0.0155587 0)
(-0.0729827 -0.0141035 0)
(-0.0745699 -0.0122828 0)
(-0.0757742 -0.0101712 0)
(-0.076525 -0.0078739 0)
(-0.0767895 -0.00551427 0)
(-0.0765745 -0.003219 0)
(-0.0759234 -0.00110381 0)
(-0.0749059 0.000723616 0)
(-0.0736159 0.00220905 0)
(-0.0721572 0.00331856 0)
(-0.070624 0.00404973 0)
(-0.0691003 0.00442431 0)
(-0.0676544 0.00448141 0)
(-0.0663366 0.00427046 0)
(-0.0651796 0.00384511 0)
(-0.0642014 0.0032581 0)
(-0.0634069 0.00255789 0)
(-0.0627913 0.00178653 0)
(-0.0623425 0.000978932 0)
(-0.0620454 0.000162387 0)
(-0.0618818 -0.000640125 0)
(-0.0618334 -0.00141647 0)
(-0.0618837 -0.00215671 0)
(-0.0620166 -0.0028551 0)
(-0.0622179 -0.00350902 0)
(-0.0517376 -0.00519767 0)
(-0.0519527 -0.004867 0)
(-0.0521493 -0.00447078 0)
(-0.052298 -0.00401779 0)
(-0.0523754 -0.00352596 0)
(-0.0523663 -0.00301967 0)
(-0.0522646 -0.00252642 0)
(-0.0520735 -0.00207336 0)
(-0.0518045 -0.00168413 0)
(-0.0514748 -0.00137638 0)
(-0.0511046 -0.00116074 0)
(-0.0507143 -0.00104127 0)
(-0.0503229 -0.0010166 0)
(-0.0499466 -0.0010803 0)
(-0.0495977 -0.00122352 0)
(-0.0492852 -0.00143653 0)
(-0.0490147 -0.00170927 0)
(-0.0487894 -0.00203258 0)
(-0.0486107 -0.00239867 0)
(-0.0484792 -0.0028011 0)
(-0.048395 -0.00323453 0)
(-0.0483581 -0.0036944 0)
(-0.0483686 -0.00417658 0)
(-0.0484266 -0.00467713 0)
(-0.0485318 -0.00519221 0)
(-0.0486838 -0.0057181 0)
(-0.0488817 -0.00625133 0)
(-0.0491243 -0.00678883 0)
(-0.04941 -0.00732819 0)
(-0.0497372 -0.0078677 0)
(-0.0501041 -0.0084065 0)
(-0.0505098 -0.00894458 0)
(-0.0509536 -0.00948276 0)
(-0.0514362 -0.0100226 0)
(-0.0519598 -0.0105661 0)
(-0.0525284 -0.0111154 0)
(-0.0531481 -0.0116724 0)
(-0.0538277 -0.0122375 0)
(-0.0545786 -0.0128089 0)
(-0.0554146 -0.0133816 0)
(-0.056351 -0.0139452 0)
(-0.0574034 -0.0144836 0)
(-0.0585857 -0.0149731 0)
(-0.0599072 -0.015382 0)
(-0.0613696 -0.0156709 0)
(-0.0629628 -0.0157953 0)
(-0.0646617 -0.0157078 0)
(-0.0664241 -0.0153633 0)
(-0.0681904 -0.0147264 0)
(-0.0698859 -0.0137786 0)
(-0.0714279 -0.0125242 0)
(-0.0727348 -0.0109951 0)
(-0.0737366 -0.00924877 0)
(-0.0743832 -0.00736426 0)
(-0.0746499 -0.00543374 0)
(-0.0745409 -0.00355125 0)
(-0.0740878 -0.00180441 0)
(-0.0733393 -0.00026583 0)
(-0.0723628 0.00100904 0)
(-0.0712355 0.00199359 0)
(-0.0700288 0.00268009 0)
(-0.0688086 0.0030796 0)
(-0.0676305 0.00321728 0)
(-0.0665375 0.00312749 0)
(-0.06556 0.0028491 0)
(-0.0647171 0.00242198 0)
(-0.0640171 0.00188452 0)
(-0.0634606 0.00127104 0)
(-0.0630429 0.000610769 0)
(-0.062752 -7.18741e-05 0)
(-0.0625772 -0.000756598 0)
(-0.0625071 -0.0014305 0)
(-0.0625269 -0.00208313 0)
(-0.062624 -0.00270756 0)
(-0.062787 -0.00329961 0)
(-0.0513944 -0.00501585 0)
(-0.0515609 -0.00468606 0)
(-0.0517111 -0.00431693 0)
(-0.0518241 -0.00391414 0)
(-0.0518831 -0.00348996 0)
(-0.0518768 -0.00306146 0)
(-0.0518005 -0.00264812 0)
(-0.0516562 -0.0022695 0)
(-0.0514516 -0.00194301 0)
(-0.0511988 -0.00168228 0)
(-0.0509124 -0.00149615 0)
(-0.0506078 -0.00138874 0)
(-0.0502994 -0.00136003 0)
(-0.0500003 -0.00140649 0)
(-0.0497211 -0.00152235 0)
(-0.0494698 -0.00170058 0)
(-0.0492523 -0.00193373 0)
(-0.0490725 -0.00221462 0)
(-0.0489326 -0.00253676 0)
(-0.0488342 -0.00289444 0)
(-0.0487783 -0.00328269 0)
(-0.0487653 -0.00369709 0)
(-0.0487958 -0.00413361 0)
(-0.04887 -0.00458846 0)
(-0.0489879 -0.00505804 0)
(-0.0491492 -0.00553895 0)
(-0.0493534 -0.00602803 0)
(-0.0495997 -0.00652255 0)
(-0.0498871 -0.00702022 0)
(-0.0502146 -0.00751933 0)
(-0.0505813 -0.00801875 0)
(-0.0509868 -0.00851796 0)
(-0.0514312 -0.00901699 0)
(-0.0519156 -0.00951628 0)
(-0.052442 -0.0100164 0)
(-0.0530142 -0.0105179 0)
(-0.0536375 -0.0110204 0)
(-0.0543188 -0.0115223 0)
(-0.055067 -0.0120202 0)
(-0.0558917 -0.0125072 0)
(-0.0568037 -0.012973 0)
(-0.0578126 -0.0134021 0)
(-0.0589262 -0.013774 0)
(-0.0601475 -0.0140628 0)
(-0.0614728 -0.0142378 0)
(-0.0628897 -0.014265 0)
(-0.0643744 -0.0141104 0)
(-0.0658907 -0.0137433 0)
(-0.0673907 -0.0131413 0)
(-0.0688167 -0.0122953 0)
(-0.0701075 -0.0112132 0)
(-0.0712036 -0.00992205 0)
(-0.0720538 -0.00846721 0)
(-0.0726216 -0.00690841 0)
(-0.0728896 -0.0053144 0)
(-0.07286 -0.00375633 0)
(-0.0725547 -0.00230044 0)
(-0.0720111 -0.00100206 0)
(-0.0712772 9.36678e-05 0)
(-0.0704089 0.000962832 0)
(-0.0694626 0.00159592 0)
(-0.0684895 0.00199729 0)
(-0.0675345 0.00218277 0)
(-0.0666343 0.00217594 0)
(-0.0658162 0.00200495 0)
(-0.0650983 0.00169997 0)
(-0.0644914 0.00129069 0)
(-0.0639996 0.000804766 0)
(-0.0636207 0.000266828 0)
(-0.0633488 -0.000300114 0)
(-0.0631772 -0.000882381 0)
(-0.0630974 -0.00146464 0)
(-0.0630988 -0.00203688 0)
(-0.0631717 -0.00259175 0)
(-0.0633067 -0.0031242 0)
(-0.0510494 -0.00486769 0)
(-0.0511889 -0.00454192 0)
(-0.0513132 -0.00419533 0)
(-0.0514075 -0.0038315 0)
(-0.0514597 -0.00345883 0)
(-0.0514616 -0.00308929 0)
(-0.0514098 -0.00273682 0)
(-0.0513055 -0.00241555 0)
(-0.0511542 -0.00213835 0)
(-0.0509644 -0.00191557 0)
(-0.050747 -0.00175438 0)
(-0.0505135 -0.0016586 0)
(-0.0502754 -0.00162899 0)
(-0.0500429 -0.00166366 0)
(-0.0498251 -0.00175884 0)
(-0.0496292 -0.00190954 0)
(-0.0494608 -0.0021102 0)
(-0.0493238 -0.00235521 0)
(-0.0492213 -0.00263921 0)
(-0.0491552 -0.00295724 0)
(-0.049127 -0.00330482 0)
(-0.0491377 -0.00367784 0)
(-0.049188 -0.00407251 0)
(-0.0492785 -0.00448526 0)
(-0.0494093 -0.00491274 0)
(-0.0495805 -0.00535178 0)
(-0.0497917 -0.00579949 0)
(-0.0500427 -0.00625331 0)
(-0.0503328 -0.00671103 0)
(-0.0506615 -0.00717089 0)
(-0.0510285 -0.00763154 0)
(-0.0514336 -0.008092 0)
(-0.0518775 -0.00855163 0)
(-0.0523612 -0.00900998 0)
(-0.0528869 -0.00946654 0)
(-0.0534577 -0.00992048 0)
(-0.0540778 -0.0103702 0)
(-0.0547527 -0.0108129 0)
(-0.0554886 -0.0112438 0)
(-0.0562925 -0.0116558 0)
(-0.0571709 -0.0120386 0)
(-0.0581296 -0.0123786 0)
(-0.0591715 -0.0126581 0)
(-0.0602962 -0.012856 0)
(-0.0614971 -0.0129486 0)
(-0.0627609 -0.0129106 0)
(-0.0640658 -0.0127176 0)
(-0.0653813 -0.0123489 0)
(-0.0666692 -0.0117906 0)
(-0.0678852 -0.0110395 0)
(-0.0689827 -0.0101049 0)
(-0.0699177 -0.00900965 0)
(-0.0706527 -0.00778917 0)
(-0.0711611 -0.00648967 0)
(-0.0714296 -0.00516334 0)
(-0.0714599 -0.00386426 0)
(-0.0712679 -0.00264352 0)
(-0.0708809 -0.00154428 0)
(-0.070335 -0.000600747 0)
(-0.0696718 0.000164401 0)
(-0.0689342 0.000741539 0)
(-0.0681629 0.00113063 0)
(-0.0673942 0.00134145 0)
(-0.0666588 0.0013899 0)
(-0.0659806 0.00129655 0)
(-0.065377 0.00108394 0)
(-0.0648588 0.000775017 0)
(-0.0644318 0.000391858 0)
(-0.0640957 -4.34873e-05 0)
(-0.0638497 -0.000514417 0)
(-0.0636907 -0.00100683 0)
(-0.0636112 -0.0015077 0)
(-0.0636041 -0.00200715 0)
(-0.0636619 -0.00249771 0)
(-0.0637774 -0.00297389 0)
(-0.0507074 -0.00473521 0)
(-0.0508352 -0.00441633 0)
(-0.0509481 -0.00408963 0)
(-0.0510356 -0.00375728 0)
(-0.0510894 -0.00342502 0)
(-0.0511036 -0.00310126 0)
(-0.0510757 -0.00279594 0)
(-0.0510067 -0.00251934 0)
(-0.0509005 -0.00228098 0)
(-0.0507636 -0.00208876 0)
(-0.0506039 -0.00194838 0)
(-0.0504305 -0.00186318 0)
(-0.0502522 -0.00183423 0)
(-0.0500774 -0.00186062 0)
(-0.0499138 -0.00193988 0)
(-0.0497676 -0.00206846 0)
(-0.0496439 -0.0022422 0)
(-0.0495469 -0.00245667 0)
(-0.0494797 -0.00270748 0)
(-0.0494445 -0.00299041 0)
(-0.049443 -0.00330149 0)
(-0.0494767 -0.00363698 0)
(-0.0495466 -0.00399338 0)
(-0.0496532 -0.00436738 0)
(-0.049797 -0.00475588 0)
(-0.0499783 -0.00515595 0)
(-0.0501971 -0.00556488 0)
(-0.0504532 -0.00598024 0)
(-0.0507464 -0.00639986 0)
(-0.0510766 -0.00682189 0)
(-0.0514438 -0.00724478 0)
(-0.0518482 -0.00766719 0)
(-0.0522904 -0.00808797 0)
(-0.0527715 -0.00850601 0)
(-0.0532935 -0.00892 0)
(-0.0538587 -0.00932823 0)
(-0.0544706 -0.0097282 0)
(-0.055133 -0.0101163 0)
(-0.0558503 -0.0104874 0)
(-0.056627 -0.0108344 0)
(-0.0574668 -0.0111477 0)
(-0.0583724 -0.0114153 0)
(-0.059344 -0.0116226 0)
(-0.0603784 -0.0117527 0)
(-0.0614679 -0.0117871 0)
(-0.0625994 -0.0117071 0)
(-0.0637536 -0.0114955 0)
(-0.0649051 -0.0111383 0)
(-0.0660231 -0.0106277 0)
(-0.0670734 -0.00996344 0)
(-0.0680206 -0.0091549 0)
(-0.0688313 -0.00822144 0)
(-0.0694779 -0.00719144 0)
(-0.0699406 -0.00610064 0)
(-0.0702099 -0.00498926 0)
(-0.0702867 -0.00389892 0)
(-0.0701823 -0.00286908 0)
(-0.0699169 -0.00193395 0)
(-0.0695181 -0.00112093 0)
(-0.0690172 -0.000448877 0)
(-0.0684479 7.21861e-05 0)
(-0.067842 0.000441017 0)
(-0.0672285 0.000662424 0)
(-0.0666333 0.000746849 0)
(-0.0660772 0.000708813 0)
(-0.0655757 0.000565208 0)
(-0.06514 0.000334729 0)
(-0.0647752 3.59285e-05 0)
(-0.0644846 -0.00031543 0)
(-0.0642703 -0.000706107 0)
(-0.064129 -0.00112174 0)
(-0.0640567 -0.00155124 0)
(-0.0640482 -0.00198554 0)
(-0.0640983 -0.00241742 0)
(-0.0642011 -0.00284129 0)
(-0.0503724 -0.00460643 0)
(-0.0504991 -0.00429697 0)
(-0.0506106 -0.0039886 0)
(-0.0506998 -0.00368262 0)
(-0.050761 -0.00338294 0)
(-0.0507902 -0.00309548 0)
(-0.0507859 -0.00282736 0)
(-0.0507487 -0.00258608 0)
(-0.0506817 -0.00237869 0)
(-0.0505899 -0.00221118 0)
(-0.0504794 -0.00208807 0)
(-0.0503572 -0.00201215 0)
(-0.0502304 -0.00198456 0)
(-0.0501059 -0.00200495 0)
(-0.04999 -0.00207168 0)
(-0.0498883 -0.00218221 0)
(-0.0498054 -0.00233338 0)
(-0.0497452 -0.0025217 0)
(-0.0497109 -0.00274357 0)
(-0.0497048 -0.00299541 0)
(-0.0497288 -0.00327374 0)
(-0.0497846 -0.00357522 0)
(-0.0498732 -0.00389669 0)
(-0.0499955 -0.00423509 0)
(-0.0501522 -0.00458755 0)
(-0.0503436 -0.00495135 0)
(-0.05057 -0.00532395 0)
(-0.0508315 -0.00570302 0)
(-0.0511281 -0.00608643 0)
(-0.0514599 -0.00647228 0)
(-0.0518271 -0.00685882 0)
(-0.05223 -0.00724448 0)
(-0.0526694 -0.00762768 0)
(-0.0531462 -0.00800683 0)
(-0.0536619 -0.00838007 0)
(-0.0542185 -0.00874513 0)
(-0.0548184 -0.009099 0)
(-0.0554643 -0.00943772 0)
(-0.056159 -0.00975605 0)
(-0.0569049 -0.0100472 0)
(-0.057704 -0.0103027 0)
(-0.0585565 -0.0105121 0)
(-0.059461 -0.0106634 0)
(-0.0604128 -0.0107431 0)
(-0.0614038 -0.0107372 0)
(-0.0624217 -0.0106318 0)
(-0.0634496 -0.0104147 0)
(-0.0644665 -0.0100768 0)
(-0.0654476 -0.00961399 0)
(-0.0663661 -0.00902796 0)
(-0.0671949 -0.00832762 0)
(-0.0679089 -0.00752912 0)
(-0.068487 -0.00665532 0)
(-0.0689145 -0.00573434 0)
(-0.0691842 -0.00479749 0)
(-0.0692967 -0.00387696 0)
(-0.0692606 -0.00300357 0)
(-0.0690912 -0.00220472 0)
(-0.0688091 -0.00150258 0)
(-0.0684385 -0.000913187 0)
(-0.0680048 -0.000445658 0)
(-0.0675338 -0.000102263 0)
(-0.0670502 0.000118589 0)
(-0.0665748 0.000224131 0)
(-0.0661253 0.000225278 0)
(-0.0657147 0.000135063 0)
(-0.0653524 -3.31865e-05 0)
(-0.0650468 -0.000265197 0)
(-0.0648029 -0.000549178 0)
(-0.0646216 -0.000871895 0)
(-0.0645018 -0.00122181 0)
(-0.0644414 -0.00158913 0)
(-0.064437 -0.0019656 0)
(-0.0644848 -0.00234447 0)
(-0.0645805 -0.00272029 0)
(-0.0500478 -0.00447321 0)
(-0.0501803 -0.00417527 0)
(-0.0502973 -0.00388439 0)
(-0.050394 -0.00360131 0)
(-0.0504667 -0.00332871 0)
(-0.0505127 -0.00307078 0)
(-0.0505313 -0.00283264 0)
(-0.0505233 -0.00261976 0)
(-0.050491 -0.00243737 0)
(-0.0504383 -0.00229003 0)
(-0.0503703 -0.00218124 0)
(-0.0502923 -0.0021133 0)
(-0.0502101 -0.0020873 0)
(-0.0501296 -0.00210315 0)
(-0.0500559 -0.00215978 0)
(-0.0499939 -0.00225531 0)
(-0.0499479 -0.00238734 0)
(-0.0499215 -0.0025531 0)
(-0.0499175 -0.00274961 0)
(-0.0499386 -0.00297385 0)
(-0.0499867 -0.00322279 0)
(-0.0500633 -0.00349348 0)
(-0.0501699 -0.00378306 0)
(-0.0503073 -0.00408875 0)
(-0.0504764 -0.00440791 0)
(-0.0506777 -0.004738 0)
(-0.0509117 -0.00507664 0)
(-0.0511785 -0.00542159 0)
(-0.0514784 -0.00577075 0)
(-0.0518116 -0.00612218 0)
(-0.0521785 -0.00647402 0)
(-0.0525794 -0.00682449 0)
(-0.0530149 -0.00717179 0)
(-0.053486 -0.00751397 0)
(-0.0539937 -0.00784884 0)
(-0.0545394 -0.00817378 0)
(-0.0551249 -0.00848555 0)
(-0.0557516 -0.0087801 0)
(-0.0564213 -0.00905238 0)
(-0.0571349 -0.00929613 0)
(-0.057893 -0.00950384 0)
(-0.0586943 -0.00966674 0)
(-0.0595362 -0.00977497 0)
(-0.0604134 -0.00981793 0)
(-0.0613179 -0.00978482 0)
(-0.0622384 -0.00966551 0)
(-0.0631603 -0.00945154 0)
(-0.0640663 -0.00913712 0)
(-0.0649364 -0.00872035 0)
(-0.0657495 -0.00820415 0)
(-0.0664845 -0.00759669 0)
(-0.0671222 -0.00691147 0)
(-0.0676467 -0.00616691 0)
(-0.0680468 -0.00538529 0)
(-0.0683171 -0.00459132 0)
(-0.0684578 -0.00381035 0)
(-0.0684756 -0.00306665 0)
(-0.068382 -0.00238199 0)
(-0.0681931 -0.00177432 0)
(-0.0679273 -0.00125703 0)
(-0.0676045 -0.00083871 0)
(-0.0672457 -0.000523253 0)
(-0.0668706 -0.000309273 0)
(-0.0664956 -0.000191581 0)
(-0.0661356 -0.000162869 0)
(-0.0658041 -0.000213795 0)
(-0.0655107 -0.000334514 0)
(-0.0652621 -0.000515009 0)
(-0.0650625 -0.00074358 0)
(-0.0649144 -0.00100969 0)
(-0.0648181 -0.00130372 0)
(-0.0647726 -0.00161716 0)
(-0.0647761 -0.00194267 0)
(-0.0648258 -0.00227403 0)
(-0.0649187 -0.00260609 0)
(-0.0497362 -0.00433028 0)
(-0.049879 -0.00404558 0)
(-0.0500059 -0.00377174 0)
(-0.0501139 -0.00350921 0)
(-0.0502006 -0.00325982 0)
(-0.0502646 -0.00302656 0)
(-0.0503055 -0.00281313 0)
(-0.0503243 -0.00262352 0)
(-0.0503231 -0.00246163 0)
(-0.0503049 -0.0023309 0)
(-0.0502739 -0.00223405 0)
(-0.0502345 -0.00217293 0)
(-0.0501914 -0.00214849 0)
(-0.0501494 -0.00216078 0)
(-0.0501131 -0.00220907 0)
(-0.0500867 -0.00229196 0)
(-0.0500739 -0.00240759 0)
(-0.0500782 -0.00255371 0)
(-0.0501022 -0.00272788 0)
(-0.0501484 -0.00292754 0)
(-0.0502188 -0.00315006 0)
(-0.0503151 -0.00339284 0)
(-0.0504386 -0.0036533 0)
(-0.0505905 -0.00392895 0)
(-0.0507714 -0.00421735 0)
(-0.0509823 -0.00451614 0)
(-0.0512234 -0.00482308 0)
(-0.0514954 -0.00513602 0)
(-0.0517984 -0.00545293 0)
(-0.0521328 -0.00577184 0)
(-0.0524989 -0.00609084 0)
(-0.0528972 -0.00640801 0)
(-0.0533281 -0.00672138 0)
(-0.0537924 -0.00702882 0)
(-0.0542908 -0.00732795 0)
(-0.0548242 -0.00761601 0)
(-0.0553936 -0.0078897 0)
(-0.0559998 -0.00814507 0)
(-0.0566436 -0.00837738 0)
(-0.0573249 -0.00858104 0)
(-0.058043 -0.00874952 0)
(-0.058796 -0.00887545 0)
(-0.0595805 -0.00895081 0)
(-0.0603909 -0.00896729 0)
(-0.0612198 -0.00891671 0)
(-0.0620569 -0.00879169 0)
(-0.0628899 -0.00858641 0)
(-0.0637043 -0.00829737 0)
(-0.0644838 -0.00792418 0)
(-0.0652118 -0.00747012 0)
(-0.0658719 -0.00694254 0)
(-0.066449 -0.00635286 0)
(-0.0669311 -0.00571604 0)
(-0.0673095 -0.0050499 0)
(-0.0675802 -0.00437402 0)
(-0.0677434 -0.00370843 0)
(-0.067804 -0.00307259 0)
(-0.0677709 -0.0024841 0)
(-0.0676566 -0.00195751 0)
(-0.0674757 -0.0015038 0)
(-0.0672441 -0.00113052 0)
(-0.0669779 -0.000841603 0)
(-0.0666923 -0.000636947 0)
(-0.0664026 -0.000513895 0)
(-0.0661221 -0.000467721 0)
(-0.0658614 -0.000491826 0)
(-0.0656289 -0.00057769 0)
(-0.0654315 -0.000716665 0)
(-0.0652736 -0.000899945 0)
(-0.065158 -0.00111893 0)
(-0.0650858 -0.00136556 0)
(-0.0650572 -0.00163251 0)
(-0.065071 -0.00191331 0)
(-0.0651256 -0.00220235 0)
(-0.0652189 -0.00249487 0)
(-0.0494395 -0.00417435 0)
(-0.0495953 -0.00390428 0)
(-0.0497349 -0.0036473 0)
(-0.0498564 -0.00340369 0)
(-0.0499587 -0.00317477 0)
(-0.0500411 -0.00296267 0)
(-0.0501036 -0.00277008 0)
(-0.0501473 -0.00259994 0)
(-0.050174 -0.00245514 0)
(-0.0501866 -0.0023383 0)
(-0.0501882 -0.0022515 0)
(-0.0501826 -0.0021962 0)
(-0.0501739 -0.00217319 0)
(-0.050166 -0.00218258 0)
(-0.0501629 -0.00222384 0)
(-0.0501682 -0.00229592 0)
(-0.0501854 -0.00239732 0)
(-0.0502174 -0.00252624 0)
(-0.050267 -0.00268063 0)
(-0.0503363 -0.00285831 0)
(-0.0504275 -0.00305702 0)
(-0.0505421 -0.00327447 0)
(-0.0506814 -0.00350836 0)
(-0.0508468 -0.00375641 0)
(-0.051039 -0.00401641 0)
(-0.0512588 -0.00428617 0)
(-0.0515068 -0.00456358 0)
(-0.0517836 -0.00484661 0)
(-0.0520894 -0.00513327 0)
(-0.0524246 -0.00542161 0)
(-0.0527897 -0.0057097 0)
(-0.0531848 -0.00599558 0)
(-0.0536106 -0.0062772 0)
(-0.0540673 -0.00655233 0)
(-0.0545555 -0.00681854 0)
(-0.0550757 -0.00707302 0)
(-0.0556284 -0.00731257 0)
(-0.0562136 -0.00753344 0)
(-0.0568315 -0.00773131 0)
(-0.0574812 -0.0079012 0)
(-0.0581614 -0.00803752 0)
(-0.0588696 -0.00813418 0)
(-0.0596021 -0.00818471 0)
(-0.0603533 -0.00818258 0)
(-0.0611164 -0.00812162 0)
(-0.0618822 -0.0079965 0)
(-0.0626403 -0.00780325 0)
(-0.0633786 -0.00753993 0)
(-0.0640838 -0.00720707 0)
(-0.0647427 -0.00680812 0)
(-0.0653423 -0.00634958 0)
(-0.065871 -0.00584103 0)
(-0.0663193 -0.00529477 0)
(-0.0666806 -0.00472516 0)
(-0.0669516 -0.00414785 0)
(-0.0671328 -0.00357883 0)
(-0.0672279 -0.00303364 0)
(-0.0672438 -0.00252633 0)
(-0.0671899 -0.00206894 0)
(-0.0670777 -0.00167099 0)
(-0.06692 -0.00133891 0)
(-0.0667301 -0.00107635 0)
(-0.066521 -0.00088446 0)
(-0.0663048 -0.000762099 0)
(-0.0660923 -0.000705478 0)
(-0.0658931 -0.000709404 0)
(-0.0657149 -0.000767759 0)
(-0.065564 -0.000873705 0)
(-0.0654447 -0.00102013 0)
(-0.0653602 -0.00119998 0)
(-0.0653121 -0.00140652 0)
(-0.065301 -0.0016335 0)
(-0.0653268 -0.00187524 0)
(-0.0653885 -0.00212676 0)
(-0.0654846 -0.00238372 0)
(-0.0491591 -0.00400372 0)
(-0.0493294 -0.00374926 0)
(-0.0494832 -0.00350903 0)
(-0.0496196 -0.00328324 0)
(-0.0497381 -0.00307282 0)
(-0.0498387 -0.00287934 0)
(-0.0499218 -0.00270477 0)
(-0.0499886 -0.00255127 0)
(-0.0500408 -0.00242102 0)
(-0.0500808 -0.00231597 0)
(-0.0501114 -0.00223772 0)
(-0.0501358 -0.00218742 0)
(-0.0501574 -0.0021657 0)
(-0.0501797 -0.00217265 0)
(-0.0502061 -0.00220789 0)
(-0.0502398 -0.00227059 0)
(-0.0502839 -0.00235955 0)
(-0.0503411 -0.00247327 0)
(-0.0504139 -0.00261005 0)
(-0.0505044 -0.00276802 0)
(-0.0506146 -0.00294522 0)
(-0.0507461 -0.00313964 0)
(-0.0509002 -0.00334922 0)
(-0.0510781 -0.00357191 0)
(-0.0512808 -0.00380569 0)
(-0.051509 -0.00404854 0)
(-0.0517634 -0.00429849 0)
(-0.0520446 -0.00455362 0)
(-0.0523529 -0.004812 0)
(-0.0526887 -0.00507174 0)
(-0.0530523 -0.00533092 0)
(-0.053444 -0.00558758 0)
(-0.0538641 -0.00583966 0)
(-0.0543129 -0.00608493 0)
(-0.0547905 -0.00632098 0)
(-0.0552972 -0.00654508 0)
(-0.0558329 -0.00675419 0)
(-0.0563975 -0.00694484 0)
(-0.0569901 -0.00711314 0)
(-0.0576098 -0.00725476 0)
(-0.0582546 -0.00736493 0)
(-0.0589218 -0.00743858 0)
(-0.0596074 -0.00747055 0)
(-0.0603064 -0.00745574 0)
(-0.0610123 -0.00738951 0)
(-0.0617173 -0.00726805 0)
(-0.0624122 -0.00708877 0)
(-0.063087 -0.00685073 0)
(-0.0637311 -0.00655501 0)
(-0.0643335 -0.00620497 0)
(-0.0648841 -0.00580634 0)
(-0.0653737 -0.00536716 0)
(-0.0657949 -0.00489748 0)
(-0.0661426 -0.00440891 0)
(-0.066414 -0.00391411 0)
(-0.0666095 -0.00342608 0)
(-0.066732 -0.00295732 0)
(-0.066787 -0.00251921 0)
(-0.0667822 -0.00212166 0)
(-0.0667268 -0.00177273 0)
(-0.0666309 -0.00147826 0)
(-0.066505 -0.00124179 0)
(-0.0663598 -0.00106448 0)
(-0.0662056 -0.000945621 0)
(-0.0660516 -0.000882906 0)
(-0.0659061 -0.000872645 0)
(-0.0657759 -0.000910124 0)
(-0.0656668 -0.000989978 0)
(-0.0655831 -0.0011065 0)
(-0.0655278 -0.00125393 0)
(-0.0655029 -0.00142663 0)
(-0.0655097 -0.00161929 0)
(-0.0655483 -0.001827 0)
(-0.0656183 -0.00204536 0)
(-0.065719 -0.00227048 0)
(-0.0488961 -0.00381773 0)
(-0.0490815 -0.00357955 0)
(-0.04925 -0.00335599 0)
(-0.0494017 -0.0031472 0)
(-0.0495366 -0.00295387 0)
(-0.049655 -0.00277715 0)
(-0.0497577 -0.00261851 0)
(-0.0498458 -0.00247955 0)
(-0.0499212 -0.00236191 0)
(-0.0499858 -0.00226706 0)
(-0.0500423 -0.00219622 0)
(-0.0500933 -0.00215026 0)
(-0.0501419 -0.00212968 0)
(-0.050191 -0.00213455 0)
(-0.0502436 -0.00216456 0)
(-0.0503027 -0.00221905 0)
(-0.0503709 -0.00229702 0)
(-0.0504508 -0.00239724 0)
(-0.0505446 -0.00251825 0)
(-0.0506544 -0.00265847 0)
(-0.050782 -0.00281618 0)
(-0.050929 -0.00298962 0)
(-0.0510967 -0.00317695 0)
(-0.0512862 -0.00337633 0)
(-0.0514986 -0.00358591 0)
(-0.0517346 -0.00380385 0)
(-0.0519949 -0.0040283 0)
(-0.0522801 -0.00425745 0)
(-0.0525905 -0.00448947 0)
(-0.0529265 -0.00472255 0)
(-0.0532884 -0.0049548 0)
(-0.0536764 -0.00518433 0)
(-0.0540907 -0.00540909 0)
(-0.0545314 -0.00562695 0)
(-0.0549984 -0.00583555 0)
(-0.0554916 -0.00603231 0)
(-0.0560107 -0.0062144 0)
(-0.0565551 -0.00637866 0)
(-0.0571238 -0.00652164 0)
(-0.0577154 -0.00663959 0)
(-0.0583276 -0.00672848 0)
(-0.0589575 -0.00678417 0)
(-0.0596015 -0.00680249 0)
(-0.0602545 -0.00677951 0)
(-0.060911 -0.00671174 0)
(-0.0615638 -0.00659648 0)
(-0.0622054 -0.00643208 0)
(-0.0628273 -0.00621829 0)
(-0.0634207 -0.00595646 0)
(-0.0639768 -0.00564973 0)
(-0.0644874 -0.00530312 0)
(-0.0649451 -0.00492339 0)
(-0.0653442 -0.00451889 0)
(-0.0656806 -0.00409908 0)
(-0.0659523 -0.00367421 0)
(-0.0661596 -0.0032548 0)
(-0.0663048 -0.00285107 0)
(-0.0663921 -0.00247248 0)
(-0.0664276 -0.00212723 0)
(-0.0664186 -0.00182191 0)
(-0.0663735 -0.00156145 0)
(-0.0663009 -0.00134912 0)
(-0.0662096 -0.00118643 0)
(-0.0661082 -0.00107326 0)
(-0.0660045 -0.00100808 0)
(-0.0659056 -0.000988183 0)
(-0.0658178 -0.00101001 0)
(-0.065746 -0.00106937 0)
(-0.0656946 -0.0011617 0)
(-0.0656664 -0.00128227 0)
(-0.0656637 -0.00142643 0)
(-0.0656879 -0.00158966 0)
(-0.0657395 -0.00176776 0)
(-0.0658187 -0.00195687 0)
(-0.0659252 -0.00215353 0)
(-0.0486511 -0.00361631 0)
(-0.0488513 -0.00339492 0)
(-0.0490347 -0.00318793 0)
(-0.0492016 -0.00299552 0)
(-0.0493525 -0.00281822 0)
(-0.049488 -0.00265689 0)
(-0.049609 -0.00251264 0)
(-0.049717 -0.00238666 0)
(-0.0498134 -0.00228018 0)
(-0.0499002 -0.00219432 0)
(-0.0499798 -0.00212999 0)
(-0.0500546 -0.00208787 0)
(-0.0501271 -0.00206832 0)
(-0.0502 -0.0020714 0)
(-0.050276 -0.00209683 0)
(-0.0503577 -0.00214405 0)
(-0.0504476 -0.00221226 0)
(-0.0505479 -0.00230039 0)
(-0.0506607 -0.00240723 0)
(-0.050788 -0.00253139 0)
(-0.0509314 -0.00267139 0)
(-0.0510925 -0.00282567 0)
(-0.0512726 -0.0029926 0)
(-0.0514728 -0.00317052 0)
(-0.0516941 -0.00335776 0)
(-0.0519372 -0.00355263 0)
(-0.0522029 -0.00375342 0)
(-0.0524916 -0.00395843 0)
(-0.0528038 -0.00416595 0)
(-0.0531398 -0.00437424 0)
(-0.0534998 -0.00458152 0)
(-0.053884 -0.00478595 0)
(-0.0542925 -0.00498558 0)
(-0.054725 -0.00517836 0)
(-0.0551816 -0.00536207 0)
(-0.0556617 -0.00553432 0)
(-0.0561649 -0.00569251 0)
(-0.0566902 -0.00583381 0)
(-0.0572365 -0.00595517 0)
(-0.057802 -0.00605338 0)
(-0.0583845 -0.00612505 0)
(-0.0589811 -0.00616679 0)
(-0.059588 -0.00617526 0)
(-0.0602009 -0.00614743 0)
(-0.0608146 -0.0060807 0)
(-0.0614229 -0.00597316 0)
(-0.0620194 -0.00582386 0)
(-0.0625968 -0.00563297 0)
(-0.063148 -0.00540195 0)
(-0.0636658 -0.00513371 0)
(-0.0641435 -0.00483259 0)
(-0.0645753 -0.00450431 0)
(-0.0649566 -0.00415577 0)
(-0.065284 -0.00379481 0)
(-0.065556 -0.00342977 0)
(-0.0657728 -0.00306918 0)
(-0.0659363 -0.00272132 0)
(-0.0660499 -0.00239394 0)
(-0.0661184 -0.00209387 0)
(-0.0661479 -0.00182676 0)
(-0.0661451 -0.00159693 0)
(-0.0661171 -0.00140725 0)
(-0.0660712 -0.00125926 0)
(-0.0660146 -0.00115318 0)
(-0.0659541 -0.00108806 0)
(-0.0658957 -0.00106199 0)
(-0.065845 -0.00107227 0)
(-0.0658065 -0.00111562 0)
(-0.0657842 -0.00118839 0)
(-0.0657809 -0.00128677 0)
(-0.0657989 -0.00140687 0)
(-0.0658397 -0.0015449 0)
(-0.0659043 -0.00169726 0)
(-0.0659931 -0.00186059 0)
(-0.0661059 -0.00203187 0)
(-0.0484245 -0.0033999 0)
(-0.0486391 -0.0031956 0)
(-0.0488369 -0.00300511 0)
(-0.0490185 -0.0028286 0)
(-0.0491846 -0.00266654 0)
(-0.0493362 -0.00251958 0)
(-0.0494744 -0.00238855 0)
(-0.0496005 -0.00227438 0)
(-0.049716 -0.00217797 0)
(-0.0498229 -0.00210018 0)
(-0.0499232 -0.00204171 0)
(-0.050019 -0.00200304 0)
(-0.0501129 -0.00198446 0)
(-0.050207 -0.00198597 0)
(-0.0503038 -0.00200735 0)
(-0.0504057 -0.00204812 0)
(-0.0505149 -0.00210759 0)
(-0.0506335 -0.00218486 0)
(-0.0507634 -0.00227888 0)
(-0.0509064 -0.00238846 0)
(-0.0510642 -0.00251231 0)
(-0.0512381 -0.00264905 0)
(-0.0514295 -0.00279724 0)
(-0.0516394 -0.00295539 0)
(-0.0518688 -0.00312198 0)
(-0.0521184 -0.00329548 0)
(-0.0523889 -0.00347432 0)
(-0.0526808 -0.00365693 0)
(-0.0529945 -0.0038417 0)
(-0.0533303 -0.004027 0)
(-0.0536883 -0.00421116 0)
(-0.0540687 -0.00439242 0)
(-0.0544713 -0.00456897 0)
(-0.054896 -0.00473887 0)
(-0.0553424 -0.00490008 0)
(-0.0558101 -0.00505039 0)
(-0.0562982 -0.00518746 0)
(-0.0568058 -0.00530877 0)
(-0.0573313 -0.00541168 0)
(-0.0578731 -0.00549343 0)
(-0.0584288 -0.0055512 0)
(-0.0589955 -0.00558221 0)
(-0.0595699 -0.00558381 0)
(-0.0601477 -0.00555365 0)
(-0.0607245 -0.00548979 0)
(-0.0612948 -0.00539095 0)
(-0.0618531 -0.00525661 0)
(-0.0623933 -0.00508721 0)
(-0.0629094 -0.00488424 0)
(-0.0633955 -0.00465032 0)
(-0.0638461 -0.00438921 0)
(-0.0642565 -0.0041057 0)
(-0.064623 -0.0038055 0)
(-0.064943 -0.00349506 0)
(-0.0652152 -0.00318125 0)
(-0.0654398 -0.00287108 0)
(-0.0656183 -0.00257138 0)
(-0.0657535 -0.00228852 0)
(-0.0658494 -0.00202814 0)
(-0.0659107 -0.00179499 0)
(-0.0659431 -0.00159279 0)
(-0.0659525 -0.00142414 0)
(-0.0659449 -0.00129051 0)
(-0.0659264 -0.00119236 0)
(-0.0659029 -0.00112913 0)
(-0.0658796 -0.00109949 0)
(-0.0658613 -0.0011014 0)
(-0.0658522 -0.00113231 0)
(-0.0658559 -0.00118932 0)
(-0.0658752 -0.00126933 0)
(-0.0659123 -0.00136913 0)
(-0.0659689 -0.00148556 0)
(-0.066046 -0.00161553 0)
(-0.0661442 -0.00175617 0)
(-0.0662639 -0.0019048 0)
(-0.0482165 -0.00316934 0)
(-0.0484447 -0.00298226 0)
(-0.048656 -0.00280813 0)
(-0.0488515 -0.00264716 0)
(-0.0490321 -0.00249971 0)
(-0.0491987 -0.00236633 0)
(-0.0493527 -0.00224766 0)
(-0.0494953 -0.0021444 0)
(-0.0496282 -0.00205725 0)
(-0.0497531 -0.00198685 0)
(-0.0498718 -0.00193371 0)
(-0.0499865 -0.00189822 0)
(-0.0500992 -0.00188057 0)
(-0.0502122 -0.00188074 0)
(-0.0503276 -0.00189853 0)
(-0.0504474 -0.00193352 0)
(-0.0505738 -0.00198512 0)
(-0.0507087 -0.00205257 0)
(-0.0508539 -0.00213495 0)
(-0.0510111 -0.00223125 0)
(-0.0511817 -0.00234033 0)
(-0.0513672 -0.00246097 0)
(-0.0515688 -0.00259191 0)
(-0.0517875 -0.00273181 0)
(-0.0520241 -0.00287931 0)
(-0.0522796 -0.00303301 0)
(-0.0525544 -0.00319149 0)
(-0.0528491 -0.0033533 0)
(-0.053164 -0.00351696 0)
(-0.0534994 -0.00368096 0)
(-0.0538554 -0.00384373 0)
(-0.054232 -0.00400366 0)
(-0.054629 -0.00415905 0)
(-0.0550462 -0.00430813 0)
(-0.0554832 -0.00444902 0)
(-0.0559391 -0.00457972 0)
(-0.0564133 -0.00469814 0)
(-0.0569044 -0.00480208 0)
(-0.0574111 -0.00488924 0)
(-0.0579314 -0.00495729 0)
(-0.0584632 -0.00500387 0)
(-0.0590035 -0.00502672 0)
(-0.0595493 -0.00502374 0)
(-0.0600968 -0.00499312 0)
(-0.0606417 -0.00493343 0)
(-0.0611796 -0.0048438 0)
(-0.0617055 -0.00472403 0)
(-0.0622144 -0.00457468 0)
(-0.0627011 -0.00439718 0)
(-0.0631608 -0.00419387 0)
(-0.063589 -0.00396799 0)
(-0.0639818 -0.00372359 0)
(-0.0643362 -0.00346545 0)
(-0.0646501 -0.00319886 0)
(-0.0649225 -0.00292948 0)
(-0.0651535 -0.00266304 0)
(-0.0653443 -0.00240517 0)
(-0.0654973 -0.00216114 0)
(-0.0656157 -0.00193566 0)
(-0.0657035 -0.00173272 0)
(-0.0657652 -0.0015555 0)
(-0.0658059 -0.00140631 0)
(-0.0658306 -0.00128654 0)
(-0.0658445 -0.00119676 0)
(-0.0658526 -0.0011367 0)
(-0.0658595 -0.00110545 0)
(-0.0658694 -0.00110147 0)
(-0.0658862 -0.0011228 0)
(-0.0659131 -0.00116713 0)
(-0.0659527 -0.00123195 0)
(-0.0660072 -0.00131461 0)
(-0.0660784 -0.00141248 0)
(-0.0661673 -0.00152296 0)
(-0.0662748 -0.00164356 0)
(-0.0664013 -0.00177199 0)
(-0.0480271 -0.0029257 0)
(-0.0482678 -0.00275581 0)
(-0.0484919 -0.00259788 0)
(-0.0487003 -0.00245209 0)
(-0.0488941 -0.00231878 0)
(-0.0490746 -0.00219839 0)
(-0.049243 -0.0020914 0)
(-0.0494007 -0.00199839 0)
(-0.0495491 -0.00191986 0)
(-0.0496901 -0.00185632 0)
(-0.0498253 -0.00180816 0)
(-0.0499567 -0.00177565 0)
(-0.0500862 -0.00175893 0)
(-0.0502158 -0.00175795 0)
(-0.0503476 -0.00177254 0)
(-0.0504833 -0.00180234 0)
(-0.050625 -0.00184682 0)
(-0.0507744 -0.00190534 0)
(-0.0509333 -0.00197711 0)
(-0.051103 -0.00206124 0)
(-0.0512852 -0.00215675 0)
(-0.0514811 -0.00226257 0)
(-0.0516918 -0.00237758 0)
(-0.0519183 -0.00250059 0)
(-0.0521615 -0.0026304 0)
(-0.0524222 -0.00276573 0)
(-0.0527009 -0.00290532 0)
(-0.052998 -0.00304782 0)
(-0.0533139 -0.00319191 0)
(-0.0536488 -0.00333618 0)
(-0.0540028 -0.00347921 0)
(-0.0543758 -0.0036195 0)
(-0.0547675 -0.00375552 0)
(-0.0551777 -0.00388565 0)
(-0.0556058 -0.00400819 0)
(-0.056051 -0.00412136 0)
(-0.0565123 -0.00422332 0)
(-0.0569886 -0.00431214 0)
(-0.0574782 -0.00438586 0)
(-0.0579794 -0.0044425 0)
(-0.0584898 -0.00448012 0)
(-0.059007 -0.00449686 0)
(-0.0595279 -0.00449106 0)
(-0.060049 -0.00446132 0)
(-0.0605668 -0.00440661 0)
(-0.061077 -0.00432635 0)
(-0.0615756 -0.00422056 0)
(-0.0620581 -0.00408985 0)
(-0.0625203 -0.00393558 0)
(-0.062958 -0.00375978 0)
(-0.0633675 -0.00356521 0)
(-0.0637458 -0.00335529 0)
(-0.0640901 -0.00313398 0)
(-0.064399 -0.00290568 0)
(-0.0646714 -0.00267503 0)
(-0.0649076 -0.00244677 0)
(-0.0651086 -0.00222552 0)
(-0.0652763 -0.00201563 0)
(-0.0654133 -0.00182104 0)
(-0.065523 -0.0016451 0)
(-0.0656092 -0.00149053 0)
(-0.0656761 -0.00135933 0)
(-0.065728 -0.00125282 0)
(-0.0657694 -0.00117158 0)
(-0.0658044 -0.00111557 0)
(-0.0658373 -0.00108415 0)
(-0.0658717 -0.00107621 0)
(-0.0659111 -0.00109022 0)
(-0.0659584 -0.00112435 0)
(-0.0660161 -0.00117658 0)
(-0.0660864 -0.00124474 0)
(-0.0661709 -0.00132664 0)
(-0.0662708 -0.0014201 0)
(-0.0663871 -0.001523 0)
(-0.0665203 -0.00163337 0)
(-0.0478562 -0.00267011 0)
(-0.0481084 -0.00251734 0)
(-0.048344 -0.00237539 0)
(-0.0485642 -0.00224449 0)
(-0.0487702 -0.00212492 0)
(-0.0489633 -0.00201702 0)
(-0.0491447 -0.00192122 0)
(-0.0493158 -0.00183792 0)
(-0.0494782 -0.00176756 0)
(-0.0496335 -0.00171049 0)
(-0.0497833 -0.00166702 0)
(-0.0499295 -0.00163736 0)
(-0.0500738 -0.00162159 0)
(-0.0502181 -0.00161966 0)
(-0.0503643 -0.00163139 0)
(-0.0505141 -0.00165649 0)
(-0.0506692 -0.0016945 0)
(-0.0508315 -0.00174486 0)
(-0.0510024 -0.0018069 0)
(-0.0511833 -0.00187985 0)
(-0.0513757 -0.00196285 0)
(-0.0515808 -0.00205497 0)
(-0.0517996 -0.00215523 0)
(-0.0520332 -0.00226258 0)
(-0.0522822 -0.00237595 0)
(-0.0525475 -0.00249421 0)
(-0.0528296 -0.00261621 0)
(-0.0531288 -0.00274077 0)
(-0.0534455 -0.00286666 0)
(-0.0537799 -0.00299263 0)
(-0.0541319 -0.00311739 0)
(-0.0545015 -0.00323959 0)
(-0.0548884 -0.00335784 0)
(-0.0552921 -0.0034707 0)
(-0.0557121 -0.00357665 0)
(-0.0561475 -0.00367413 0)
(-0.0565973 -0.00376152 0)
(-0.0570601 -0.00383716 0)
(-0.0575346 -0.00389938 0)
(-0.0580188 -0.00394652 0)
(-0.0585106 -0.00397696 0)
(-0.0590076 -0.00398923 0)
(-0.0595069 -0.00398199 0)
(-0.0600054 -0.00395417 0)
(-0.0604999 -0.00390501 0)
(-0.0609867 -0.00383416 0)
(-0.0614622 -0.00374173 0)
(-0.0619226 -0.00362838 0)
(-0.0623642 -0.0034953 0)
(-0.0627836 -0.00334429 0)
(-0.0631777 -0.00317769 0)
(-0.0635438 -0.00299836 0)
(-0.0638799 -0.00280959 0)
(-0.0641845 -0.002615 0)
(-0.0644569 -0.00241843 0)
(-0.0646974 -0.00222376 0)
(-0.0649067 -0.0020348 0)
(-0.0650864 -0.00185516 0)
(-0.0652388 -0.00168809 0)
(-0.0653667 -0.00153641 0)
(-0.0654732 -0.00140243 0)
(-0.065562 -0.00128789 0)
(-0.0656368 -0.00119398 0)
(-0.0657013 -0.00112129 0)
(-0.0657593 -0.00106991 0)
(-0.0658144 -0.00103942 0)
(-0.0658699 -0.00102899 0)
(-0.0659289 -0.00103747 0)
(-0.0659941 -0.00106341 0)
(-0.0660678 -0.00110517 0)
(-0.0661521 -0.00116102 0)
(-0.0662486 -0.00122912 0)
(-0.0663586 -0.00130765 0)
(-0.0664831 -0.00139485 0)
(-0.0666228 -0.00148901 0)
(-0.0477039 -0.00240371 0)
(-0.0479662 -0.00226796 0)
(-0.0482122 -0.00214183 0)
(-0.048443 -0.00202554 0)
(-0.04866 -0.00191936 0)
(-0.0488643 -0.00182358 0)
(-0.0490573 -0.00173854 0)
(-0.0492404 -0.00166457 0)
(-0.0494151 -0.001602 0)
(-0.049583 -0.00155111 0)
(-0.0497457 -0.00151214 0)
(-0.0499048 -0.00148523 0)
(-0.0500621 -0.00147044 0)
(-0.0502193 -0.00146772 0)
(-0.0503781 -0.00147691 0)
(-0.0505402 -0.00149774 0)
(-0.0507072 -0.00152983 0)
(-0.0508807 -0.0015727 0)
(-0.0510621 -0.00162578 0)
(-0.0512529 -0.00168839 0)
(-0.0514544 -0.0017598 0)
(-0.0516676 -0.00183921 0)
(-0.0518936 -0.00192576 0)
(-0.0521333 -0.00201853 0)
(-0.0523875 -0.00211659 0)
(-0.0526568 -0.00221893 0)
(-0.0529418 -0.00232455 0)
(-0.0532429 -0.00243238 0)
(-0.0535603 -0.00254134 0)
(-0.0538941 -0.00265032 0)
(-0.0542443 -0.00275815 0)
(-0.0546108 -0.00286366 0)
(-0.0549932 -0.00296559 0)
(-0.0553911 -0.00306268 0)
(-0.0558038 -0.0031536 0)
(-0.0562304 -0.00323698 0)
(-0.0566699 -0.00331144 0)
(-0.0571209 -0.00337555 0)
(-0.0575821 -0.0034279 0)
(-0.0580514 -0.00346711 0)
(-0.058527 -0.00349185 0)
(-0.0590065 -0.00350093 0)
(-0.0594873 -0.00349328 0)
(-0.0599665 -0.0034681 0)
(-0.0604412 -0.00342483 0)
(-0.0609082 -0.00336326 0)
(-0.0613643 -0.00328359 0)
(-0.0618061 -0.00318641 0)
(-0.0622306 -0.0030728 0)
(-0.0626348 -0.00294429 0)
(-0.0630161 -0.00280285 0)
(-0.0633722 -0.00265088 0)
(-0.0637013 -0.00249108 0)
(-0.0640024 -0.00232644 0)
(-0.0642748 -0.0021601 0)
(-0.0645187 -0.00199525 0)
(-0.0647347 -0.00183501 0)
(-0.0649243 -0.00168236 0)
(-0.0650894 -0.00153998 0)
(-0.0652322 -0.00141024 0)
(-0.0653556 -0.00129508 0)
(-0.0654627 -0.00119599 0)
(-0.0655566 -0.00111404 0)
(-0.0656406 -0.00104979 0)
(-0.0657179 -0.0010034 0)
(-0.0657919 -0.00097462 0)
(-0.0658654 -0.000962854 0)
(-0.0659412 -0.000967211 0)
(-0.0660219 -0.000986564 0)
(-0.0661096 -0.00101961 0)
(-0.0662062 -0.00106493 0)
(-0.0663135 -0.00112105 0)
(-0.0664326 -0.00118644 0)
(-0.0665646 -0.00125963 0)
(-0.0667102 -0.00133918 0)
(-0.0475693 -0.00212779 0)
(-0.0478406 -0.00200891 0)
(-0.0480957 -0.0018984 0)
(-0.0483359 -0.00179648 0)
(-0.0485626 -0.0017034 0)
(-0.0487768 -0.00161942 0)
(-0.0489801 -0.00154482 0)
(-0.0491738 -0.00147986 0)
(-0.0493594 -0.0014248 0)
(-0.0495383 -0.00137987 0)
(-0.0497122 -0.00134524 0)
(-0.0498826 -0.00132103 0)
(-0.0500512 -0.00130727 0)
(-0.0502195 -0.00130391 0)
(-0.0503893 -0.00131082 0)
(-0.0505621 -0.00132776 0)
(-0.0507394 -0.00135441 0)
(-0.0509227 -0.00139036 0)
(-0.0511134 -0.00143512 0)
(-0.0513128 -0.00148813 0)
(-0.0515221 -0.00154875 0)
(-0.0517424 -0.0016163 0)
(-0.0519747 -0.00169005 0)
(-0.0522198 -0.0017692 0)
(-0.0524785 -0.00185292 0)
(-0.0527514 -0.00194038 0)
(-0.053039 -0.00203066 0)
(-0.0533416 -0.00212285 0)
(-0.0536595 -0.00221601 0)
(-0.0539928 -0.00230914 0)
(-0.0543414 -0.00240125 0)
(-0.054705 -0.00249129 0)
(-0.0550835 -0.00257818 0)
(-0.0554762 -0.00266082 0)
(-0.0558824 -0.00273806 0)
(-0.0563013 -0.00280873 0)
(-0.0567318 -0.00287165 0)
(-0.0571725 -0.00292562 0)
(-0.0576221 -0.00296947 0)
(-0.0580786 -0.00300205 0)
(-0.0585403 -0.00302228 0)
(-0.0590048 -0.00302919 0)
(-0.0594698 -0.00302196 0)
(-0.0599327 -0.00299995 0)
(-0.0603907 -0.00296277 0)
(-0.0608411 -0.00291031 0)
(-0.061281 -0.00284278 0)
(-0.0617074 -0.00276073 0)
(-0.0621177 -0.00266508 0)
(-0.0625093 -0.00255713 0)
(-0.0628799 -0.00243853 0)
(-0.0632277 -0.00231124 0)
(-0.0635511 -0.00217748 0)
(-0.0638492 -0.00203969 0)
(-0.0641214 -0.00190043 0)
(-0.064368 -0.0017623 0)
(-0.0645896 -0.00162784 0)
(-0.0647872 -0.00149949 0)
(-0.0649626 -0.00137946 0)
(-0.0651177 -0.0012697 0)
(-0.065255 -0.00117183 0)
(-0.0653771 -0.00108713 0)
(-0.0654869 -0.00101652 0)
(-0.0655871 -0.000960526 0)
(-0.0656807 -0.000919349 0)
(-0.0657705 -0.000892852 0)
(-0.0658592 -0.000880609 0)
(-0.0659494 -0.000881949 0)
(-0.0660434 -0.000896 0)
(-0.0661432 -0.000921734 0)
(-0.0662506 -0.000958015 0)
(-0.0663673 -0.00100364 0)
(-0.0664945 -0.00105737 0)
(-0.0666332 -0.00111799 0)
(-0.0667842 -0.00118429 0)
(-0.0474388 -0.00184365 0)
(-0.0477182 -0.0017414 0)
(-0.0479816 -0.00164629 0)
(-0.0482304 -0.00155851 0)
(-0.0484658 -0.00147828 0)
(-0.0486891 -0.00140584 0)
(-0.0489017 -0.0013414 0)
(-0.0491049 -0.00128519 0)
(-0.0493002 -0.00123742 0)
(-0.049489 -0.00119827 0)
(-0.0496729 -0.00116787 0)
(-0.0498534 -0.00114632 0)
(-0.050032 -0.00113364 0)
(-0.0502104 -0.00112979 0)
(-0.0503899 -0.00113464 0)
(-0.0505722 -0.00114801 0)
(-0.0507587 -0.00116962 0)
(-0.0509507 -0.00119913 0)
(-0.0511497 -0.00123614 0)
(-0.0513567 -0.00128018 0)
(-0.0515731 -0.0013307 0)
(-0.0517998 -0.00138714 0)
(-0.0520377 -0.00144887 0)
(-0.0522877 -0.00151522 0)
(-0.0525505 -0.00158549 0)
(-0.0528267 -0.00165895 0)
(-0.0531167 -0.00173483 0)
(-0.0534208 -0.00181234 0)
(-0.0537393 -0.00189068 0)
(-0.0540723 -0.00196899 0)
(-0.0544195 -0.00204642 0)
(-0.0547809 -0.00212207 0)
(-0.055156 -0.00219503 0)
(-0.0555443 -0.00226435 0)
(-0.0559451 -0.00232907 0)
(-0.0563574 -0.00238821 0)
(-0.0567802 -0.00244078 0)
(-0.0572122 -0.00248578 0)
(-0.0576519 -0.00252225 0)
(-0.0580977 -0.00254925 0)
(-0.0585476 -0.00256592 0)
(-0.0589996 -0.00257148 0)
(-0.0594514 -0.00256528 0)
(-0.0599007 -0.00254683 0)
(-0.060345 -0.00251586 0)
(-0.0607817 -0.00247231 0)
(-0.0612081 -0.00241638 0)
(-0.0616219 -0.00234855 0)
(-0.0620206 -0.0022696 0)
(-0.0624018 -0.00218061 0)
(-0.0627638 -0.00208291 0)
(-0.0631048 -0.00197809 0)
(-0.0634236 -0.00186798 0)
(-0.0637192 -0.00175451 0)
(-0.0639914 -0.00163976 0)
(-0.0642403 -0.00152581 0)
(-0.0644663 -0.00141472 0)
(-0.0646705 -0.00130845 0)
(-0.0648543 -0.00120881 0)
(-0.0650195 -0.00111738 0)
(-0.0651683 -0.0010355 0)
(-0.0653028 -0.000964251 0)
(-0.0654257 -0.000904408 0)
(-0.0655394 -0.000856458 0)
(-0.0656466 -0.000820606 0)
(-0.0657497 -0.000796793 0)
(-0.0658513 -0.000784726 0)
(-0.0659537 -0.000783904 0)
(-0.066059 -0.000793662 0)
(-0.0661692 -0.000813202 0)
(-0.0662861 -0.000841631 0)
(-0.066411 -0.000877991 0)
(-0.0665453 -0.00092129 0)
(-0.0666901 -0.000970529 0)
(-0.0668461 -0.00102473 0)
(-0.0471896 -0.00155154 0)
(-0.047479 -0.00146571 0)
(-0.0477524 -0.00138579 0)
(-0.0480112 -0.00131195 0)
(-0.0482567 -0.00124437 0)
(-0.0484903 -0.00118325 0)
(-0.0487133 -0.00112877 0)
(-0.048927 -0.00108112 0)
(-0.0491329 -0.00104047 0)
(-0.0493325 -0.00100698 0)
(-0.0495271 -0.000980746 0)
(-0.0497184 -0.00096185 0)
(-0.0499077 -0.000950313 0)
(-0.0500966 -0.0009461 0)
(-0.0502866 -0.000949115 0)
(-0.050479 -0.000959201 0)
(-0.0506753 -0.000976141 0)
(-0.0508768 -0.000999657 0)
(-0.0510847 -0.00102942 0)
(-0.0513003 -0.00106504 0)
(-0.0515246 -0.00110608 0)
(-0.0517586 -0.00115206 0)
(-0.0520032 -0.00120248 0)
(-0.0522593 -0.00125676 0)
(-0.0525275 -0.00131434 0)
(-0.0528082 -0.0013746 0)
(-0.0531021 -0.0014369 0)
(-0.0534093 -0.00150058 0)
(-0.0537301 -0.00156497 0)
(-0.0540644 -0.00162935 0)
(-0.0544123 -0.00169302 0)
(-0.0547734 -0.00175522 0)
(-0.0551473 -0.00181521 0)
(-0.0555335 -0.0018722 0)
(-0.0559312 -0.0019254 0)
(-0.0563396 -0.00197401 0)
(-0.0567574 -0.00201721 0)
(-0.0571836 -0.00205422 0)
(-0.0576166 -0.00208424 0)
(-0.0580548 -0.00210653 0)
(-0.0584964 -0.00212039 0)
(-0.0589394 -0.00212523 0)
(-0.0593817 -0.00212053 0)
(-0.0598211 -0.00210593 0)
(-0.0602553 -0.00208121 0)
(-0.060682 -0.00204634 0)
(-0.0610988 -0.00200152 0)
(-0.0615035 -0.00194714 0)
(-0.0618938 -0.00188383 0)
(-0.0622679 -0.00181244 0)
(-0.062624 -0.00173406 0)
(-0.0629606 -0.00164994 0)
(-0.0632766 -0.00156151 0)
(-0.0635713 -0.00147032 0)
(-0.0638445 -0.00137798 0)
(-0.0640961 -0.00128616 0)
(-0.0643266 -0.00119647 0)
(-0.0645371 -0.00111048 0)
(-0.0647287 -0.00102961 0)
(-0.0649031 -0.000955146 0)
(-0.0650621 -0.000888176 0)
(-0.0652077 -0.000829575 0)
(-0.0653423 -0.000779995 0)
(-0.065468 -0.000739859 0)
(-0.0655873 -0.00070937 0)
(-0.0657024 -0.00068852 0)
(-0.0658157 -0.000677111 0)
(-0.0659292 -0.000674786 0)
(-0.066045 -0.000681047 0)
(-0.0661649 -0.000695294 0)
(-0.0662907 -0.000716842 0)
(-0.0664236 -0.000744948 0)
(-0.066565 -0.000778833 0)
(-0.066716 -0.000817702 0)
(-0.0668773 -0.000860763 0)
(-0.0461152 -0.00124749 0)
(-0.0464259 -0.00117823 0)
(-0.04672 -0.00111359 0)
(-0.0469991 -0.00105375 0)
(-0.0472644 -0.00099885 0)
(-0.0475173 -0.000949068 0)
(-0.0477593 -0.000904562 0)
(-0.0479917 -0.00086549 0)
(-0.048216 -0.000831996 0)
(-0.0484338 -0.000804205 0)
(-0.0486464 -0.000782217 0)
(-0.0488554 -0.000766098 0)
(-0.0490622 -0.000755872 0)
(-0.0492684 -0.000751519 0)
(-0.0494754 -0.000752967 0)
(-0.0496846 -0.000760098 0)
(-0.0498974 -0.000772744 0)
(-0.050115 -0.00079069 0)
(-0.0503388 -0.000813676 0)
(-0.0505698 -0.000841398 0)
(-0.0508092 -0.000873513 0)
(-0.051058 -0.00090964 0)
(-0.0513169 -0.000949365 0)
(-0.0515868 -0.000992246 0)
(-0.0518683 -0.00103782 0)
(-0.052162 -0.00108559 0)
(-0.0524682 -0.00113504 0)
(-0.0527872 -0.00118564 0)
(-0.0531191 -0.00123685 0)
(-0.0534641 -0.00128809 0)
(-0.0538219 -0.00133879 0)
(-0.0541923 -0.00138837 0)
(-0.0545748 -0.00143621 0)
(-0.0549688 -0.00148171 0)
(-0.0553737 -0.00152424 0)
(-0.0557884 -0.00156316 0)
(-0.0562119 -0.00159785 0)
(-0.0566428 -0.00162767 0)
(-0.0570799 -0.00165202 0)
(-0.0575214 -0.00167031 0)
(-0.0579655 -0.00168202 0)
(-0.0584105 -0.00168667 0)
(-0.0588543 -0.00168387 0)
(-0.0592948 -0.00167334 0)
(-0.0597298 -0.00165493 0)
(-0.0601571 -0.00162862 0)
(-0.0605747 -0.00159454 0)
(-0.0609803 -0.00155301 0)
(-0.0613722 -0.00150452 0)
(-0.0617483 -0.00144972 0)
(-0.0621073 -0.00138942 0)
(-0.0624479 -0.0013246 0)
(-0.0627689 -0.00125634 0)
(-0.0630699 -0.00118583 0)
(-0.0633505 -0.00111429 0)
(-0.0636108 -0.00104299 0)
(-0.0638514 -0.000973168 0)
(-0.064073 -0.000906027 0)
(-0.0642768 -0.000842672 0)
(-0.0644643 -0.000784098 0)
(-0.0646371 -0.000731163 0)
(-0.0647972 -0.000684563 0)
(-0.0649466 -0.000644825 0)
(-0.0650874 -0.000612306 0)
(-0.0652217 -0.000587191 0)
(-0.0653518 -0.000569506 0)
(-0.0654798 -0.000559131 0)
(-0.0656076 -0.000555818 0)
(-0.0657372 -0.000559214 0)
(-0.0658703 -0.000568882 0)
(-0.0660085 -0.000584323 0)
(-0.0661533 -0.000604989 0)
(-0.0663058 -0.00063029 0)
(-0.0664671 -0.000659614 0)
(-0.0666381 -0.000692344 0)
(-0.0414948 -0.000907924 0)
(-0.0418545 -0.000856631 0)
(-0.0421956 -0.00080855 0)
(-0.0425194 -0.000763851 0)
(-0.0428275 -0.000722685 0)
(-0.0431215 -0.000685198 0)
(-0.0434028 -0.000651529 0)
(-0.0436732 -0.00062181 0)
(-0.0439343 -0.000596167 0)
(-0.0441877 -0.000574712 0)
(-0.0444349 -0.000557538 0)
(-0.0446778 -0.000544714 0)
(-0.0449179 -0.000536274 0)
(-0.0451569 -0.000532215 0)
(-0.0453962 -0.000532495 0)
(-0.0456376 -0.000537037 0)
(-0.0458824 -0.000545726 0)
(-0.046132 -0.000558416 0)
(-0.0463879 -0.000574923 0)
(-0.0466512 -0.000595031 0)
(-0.0469232 -0.000618491 0)
(-0.0472047 -0.000645022 0)
(-0.0474969 -0.000674321 0)
(-0.0478003 -0.000706058 0)
(-0.0481159 -0.000739885 0)
(-0.0484439 -0.000775436 0)
(-0.0487849 -0.000812321 0)
(-0.0491392 -0.00085014 0)
(-0.0495068 -0.000888476 0)
(-0.0498876 -0.000926907 0)
(-0.0502816 -0.000965004 0)
(-0.0506884 -0.00100233 0)
(-0.0511075 -0.00103844 0)
(-0.0515382 -0.00107288 0)
(-0.0519797 -0.00110518 0)
(-0.0524309 -0.0011349 0)
(-0.0528908 -0.00116156 0)
(-0.0533579 -0.00118471 0)
(-0.0538308 -0.00120389 0)
(-0.0543077 -0.00121868 0)
(-0.054787 -0.00122869 0)
(-0.0552666 -0.00123357 0)
(-0.0557445 -0.00123303 0)
(-0.0562186 -0.00122687 0)
(-0.0566868 -0.00121495 0)
(-0.0571468 -0.00119725 0)
(-0.0575966 -0.00117386 0)
(-0.0580342 -0.00114499 0)
(-0.0584576 -0.00111098 0)
(-0.0588651 -0.0010723 0)
(-0.0592552 -0.00102952 0)
(-0.0596267 -0.000983328 0)
(-0.0599787 -0.0009345 0)
(-0.0603106 -0.000883872 0)
(-0.060622 -0.000832324 0)
(-0.0609132 -0.000780753 0)
(-0.0611846 -0.000730054 0)
(-0.0614371 -0.00068109 0)
(-0.0616716 -0.000634669 0)
(-0.0618897 -0.000591524 0)
(-0.062093 -0.000552293 0)
(-0.0622833 -0.000517503 0)
(-0.0624625 -0.000487559 0)
(-0.0626329 -0.00046274 0)
(-0.0627965 -0.000443206 0)
(-0.0629553 -0.000429005 0)
(-0.0631116 -0.000420078 0)
(-0.0632673 -0.000416274 0)
(-0.0634243 -0.00041736 0)
(-0.0635843 -0.000423047 0)
(-0.063749 -0.000433001 0)
(-0.0639199 -0.000446854 0)
(-0.0640981 -0.000464197 0)
(-0.0642849 -0.000484595 0)
(-0.064481 -0.000507598 0)
(-0.0271769 -0.000506121 0)
(-0.0275868 -0.000475947 0)
(-0.0279748 -0.000447401 0)
(-0.0283425 -0.000420615 0)
(-0.0286915 -0.000395719 0)
(-0.0290235 -0.000372833 0)
(-0.0293403 -0.000352071 0)
(-0.0296436 -0.00033354 0)
(-0.0299354 -0.000317342 0)
(-0.0302175 -0.000303575 0)
(-0.0304918 -0.000292328 0)
(-0.0307601 -0.000283677 0)
(-0.0310246 -0.000277675 0)
(-0.031287 -0.000274346 0)
(-0.0315492 -0.000273689 0)
(-0.0318131 -0.000275677 0)
(-0.0320805 -0.000280262 0)
(-0.0323531 -0.000287378 0)
(-0.0326326 -0.000296937 0)
(-0.0329203 -0.000308828 0)
(-0.0332178 -0.000322914 0)
(-0.0335264 -0.000339035 0)
(-0.0338471 -0.000357013 0)
(-0.034181 -0.000376656 0)
(-0.0345289 -0.000397759 0)
(-0.0348915 -0.000420098 0)
(-0.0352694 -0.000443435 0)
(-0.0356629 -0.000467516 0)
(-0.0360721 -0.000492079 0)
(-0.0364971 -0.00051686 0)
(-0.0369376 -0.00054159 0)
(-0.0373934 -0.000565999 0)
(-0.0378638 -0.000589809 0)
(-0.0383482 -0.000612738 0)
(-0.0388455 -0.0006345 0)
(-0.0393547 -0.000654802 0)
(-0.0398745 -0.000673352 0)
(-0.0404033 -0.000689859 0)
(-0.0409396 -0.000704034 0)
(-0.0414813 -0.0007156 0)
(-0.0420267 -0.000724298 0)
(-0.0425734 -0.000729898 0)
(-0.0431192 -0.000732202 0)
(-0.0436618 -0.000731053 0)
(-0.0441989 -0.000726346 0)
(-0.0447279 -0.000718035 0)
(-0.0452466 -0.000706146 0)
(-0.0457527 -0.000690783 0)
(-0.046244 -0.000672127 0)
(-0.0467186 -0.000650437 0)
(-0.0471748 -0.000626049 0)
(-0.0476112 -0.000599361 0)
(-0.0480267 -0.00057083 0)
(-0.0484206 -0.000540948 0)
(-0.0487925 -0.000510242 0)
(-0.0491424 -0.000479254 0)
(-0.0494707 -0.00044853 0)
(-0.0497781 -0.000418601 0)
(-0.0500658 -0.000389968 0)
(-0.050335 -0.0003631 0)
(-0.0505876 -0.000338413 0)
(-0.0508254 -0.000316256 0)
(-0.0510505 -0.000296906 0)
(-0.051265 -0.00028056 0)
(-0.0514713 -0.000267348 0)
(-0.0516715 -0.000257335 0)
(-0.051868 -0.000250517 0)
(-0.052063 -0.000246828 0)
(-0.0522585 -0.000246149 0)
(-0.0524564 -0.000248322 0)
(-0.0526587 -0.000253177 0)
(-0.052867 -0.000260521 0)
(-0.0530827 -0.000270126 0)
(-0.0533071 -0.000281738 0)
(-0.0535414 -0.000295087 0)
(-0.00123406 -8.64492e-05 0)
(-0.00151312 -7.91133e-05 0)
(-0.00177424 -7.18996e-05 0)
(-0.00201843 -6.48497e-05 0)
(-0.00224669 -5.80152e-05 0)
(-0.00246008 -5.14501e-05 0)
(-0.00265974 -4.52071e-05 0)
(-0.00284692 -3.93378e-05 0)
(-0.00302293 -3.3892e-05 0)
(-0.00318914 -2.89197e-05 0)
(-0.00334702 -2.44717e-05 0)
(-0.00349808 -2.05997e-05 0)
(-0.0036439 -1.73535e-05 0)
(-0.0037861 -1.47783e-05 0)
(-0.00392632 -1.29108e-05 0)
(-0.00406622 -1.1778e-05 0)
(-0.00420744 -1.13977e-05 0)
(-0.00435162 -1.1781e-05 0)
(-0.00450032 -1.29336e-05 0)
(-0.00465511 -1.4856e-05 0)
(-0.00481745 -1.7542e-05 0)
(-0.00498874 -2.09764e-05 0)
(-0.0051703 -2.51344e-05 0)
(-0.00536332 -2.9983e-05 0)
(-0.00556888 -3.5483e-05 0)
(-0.00578797 -4.15889e-05 0)
(-0.00602139 -4.82485e-05 0)
(-0.00626983 -5.54012e-05 0)
(-0.00653381 -6.29787e-05 0)
(-0.00681369 -7.09066e-05 0)
(-0.00710966 -7.91059e-05 0)
(-0.00742174 -8.74937e-05 0)
(-0.00774976 -9.59836e-05 0)
(-0.00809341 -0.000104485 0)
(-0.00845215 -0.000112903 0)
(-0.00882527 -0.000121136 0)
(-0.00921188 -0.000129077 0)
(-0.00961087 -0.00013662 0)
(-0.010021 -0.000143656 0)
(-0.0104406 -0.000150075 0)
(-0.0108683 -0.000155765 0)
(-0.011302 -0.00016062 0)
(-0.0117398 -0.000164539 0)
(-0.0121795 -0.000167437 0)
(-0.012619 -0.00016924 0)
(-0.0130558 -0.000169887 0)
(-0.0134878 -0.000169336 0)
(-0.0139125 -0.000167568 0)
(-0.0143276 -0.000164595 0)
(-0.0147312 -0.000160454 0)
(-0.0151211 -0.000155212 0)
(-0.0154957 -0.000148959 0)
(-0.0158535 -0.000141808 0)
(-0.0161932 -0.000133896 0)
(-0.0165141 -0.000125373 0)
(-0.0168155 -0.000116407 0)
(-0.0170973 -0.000107167 0)
(-0.0173596 -9.78269e-05 0)
(-0.0176031 -8.85539e-05 0)
(-0.0178284 -7.95133e-05 0)
(-0.0180368 -7.08625e-05 0)
(-0.0182296 -6.27442e-05 0)
(-0.0184084 -5.52805e-05 0)
(-0.0185749 -4.85703e-05 0)
(-0.0187311 -4.26899e-05 0)
(-0.018879 -3.76939e-05 0)
(-0.0190205 -3.36165e-05 0)
(-0.0191577 -3.04748e-05 0)
(-0.0192925 -2.82685e-05 0)
(-0.0194268 -2.69757e-05 0)
(-0.0195624 -2.65591e-05 0)
(-0.019701 -2.69791e-05 0)
(-0.0198442 -2.81932e-05 0)
(-0.0199933 -3.01466e-05 0)
(-0.0201497 -3.27761e-05 0)
)
;

boundaryField
{
    leftWall
    {
        type            noSlip;
    }
    rightWall
    {
        type            noSlip;
    }
    lowerWall
    {
        type            slip;
    }
    atmosphere
    {
        type            noSlip;
    }
    defaultFaces
    {
        type            empty;
    }
    procBoundary1to0
    {
        type            processor;
        value           nonuniform List<vector> 
40
(
(0.39145 -0.00205558 0)
(0.396319 -0.00824276 0)
(0.37241 -0.0121193 0)
(0.305006 -0.0159753 0)
(0.143695 -0.0247346 0)
(0.028987 -0.0315066 0)
(-0.0511206 -0.0264496 0)
(-0.0698085 -0.0214273 0)
(-0.059545 -0.0160962 0)
(-0.0523635 -0.0133449 0)
(-0.0511769 -0.0107312 0)
(-0.0516648 -0.00901064 0)
(-0.0520472 -0.00777352 0)
(-0.0521757 -0.0069221 0)
(-0.0521452 -0.00634135 0)
(-0.0520104 -0.00594271 0)
(-0.0518001 -0.0056656 0)
(-0.0515355 -0.00546472 0)
(-0.0512341 -0.00530851 0)
(-0.0509103 -0.00517481 0)
(-0.0505753 -0.00504827 0)
(-0.0502379 -0.00491879 0)
(-0.0499045 -0.00477967 0)
(-0.0495803 -0.00462693 0)
(-0.0492689 -0.00445843 0)
(-0.0489728 -0.00427314 0)
(-0.0486939 -0.00407092 0)
(-0.0484335 -0.00385226 0)
(-0.0481922 -0.0036181 0)
(-0.0479705 -0.00336945 0)
(-0.0477686 -0.00310746 0)
(-0.0475864 -0.00283348 0)
(-0.0474241 -0.00254888 0)
(-0.0472807 -0.00225497 0)
(-0.0471422 -0.00195294 0)
(-0.0468833 -0.00164303 0)
(-0.0457869 -0.0013211 0)
(-0.0411148 -0.000962304 0)
(-0.0267435 -0.000537939 0)
(-0.000936444 -9.39381e-05 0)
)
;
    }
    procBoundary1to2
    {
        type            processor;
        value           nonuniform List<vector> 
40
(
(0.770573 -0.00132864 0)
(0.743653 -0.00693955 0)
(0.655489 -0.00779762 0)
(0.0744845 -0.0137079 0)
(-0.047037 -0.0124969 0)
(-0.0728665 -0.0121283 0)
(-0.0682598 -0.0107235 0)
(-0.0611156 -0.00954494 0)
(-0.0583901 -0.00863073 0)
(-0.0582637 -0.00770797 0)
(-0.0588141 -0.00696942 0)
(-0.059432 -0.00627475 0)
(-0.0600554 -0.0057013 0)
(-0.0606851 -0.00520131 0)
(-0.0613076 -0.00478055 0)
(-0.0619078 -0.00442238 0)
(-0.0624758 -0.004118 0)
(-0.0630058 -0.00385715 0)
(-0.0634953 -0.00363108 0)
(-0.0639435 -0.00343194 0)
(-0.0643512 -0.0032531 0)
(-0.0647198 -0.00308892 0)
(-0.0650513 -0.00293481 0)
(-0.0653484 -0.00278699 0)
(-0.0656135 -0.00264246 0)
(-0.0658492 -0.00249896 0)
(-0.0660581 -0.00235466 0)
(-0.0662425 -0.00220832 0)
(-0.0664048 -0.00205899 0)
(-0.066547 -0.00190609 0)
(-0.0666708 -0.00174931 0)
(-0.066778 -0.00158849 0)
(-0.06687 -0.0014237 0)
(-0.0669483 -0.00125512 0)
(-0.0670141 -0.00108295 0)
(-0.0670496 -0.000907292 0)
(-0.0668194 -0.000727933 0)
(-0.0646873 -0.000532801 0)
(-0.0537865 -0.000309914 0)
(-0.0203145 -3.60063e-05 0)
)
;
    }
}


// ************************************************************************* //
