/*--------------------------------*- C++ -*----------------------------------*\
| =========                 |                                                 |
| \\      /  F ield         | OpenFOAM: The Open Source CFD Toolbox           |
|  \\    /   O peration     | Version:  2606                                  |
|   \\  /    A nd           | Website:  www.openfoam.com                      |
|    \\/     M anipulation  |                                                 |
\*---------------------------------------------------------------------------*/
FoamFile
{
    version     2.0;
    format      ascii;
    arch        "LSB;label=32;scalar=64";
    class       volScalarField;
    location    "0.2004";
    object      p;
}
// * * * * * * * * * * * * * * * * * * * * * * * * * * * * * * * * * * * * * //

dimensions      [1 -1 -2 0 0 0 0];

internalField   nonuniform List<scalar> 
3000
(
-241.839
-241.839
-241.839
-241.839
-241.839
-241.839
-241.839
-241.839
-241.839
-241.839
-241.839
-241.839
-241.839
-241.839
-241.839
-241.839
-241.839
-241.839
-241.839
-241.839
-241.839
-241.839
-241.839
-241.839
-241.839
-241.839
-241.839
-241.839
-241.839
-241.839
-241.839
-241.839
-241.839
-241.839
-241.839
-241.839
-241.839
-241.839
-241.839
-241.839
-241.839
-241.839
-241.839
-241.839
-241.839
-241.839
-241.839
-241.839
-241.839
-241.839
-241.839
-241.839
-241.839
-241.839
-241.839
-241.839
-241.839
-241.839
-241.839
-241.839
-241.839
-241.839
-241.839
-241.839
-241.839
-241.839
-241.839
-241.839
-241.839
-241.839
-241.839
-241.839
-241.839
-241.839
-241.839
-241.867
-241.867
-241.867
-241.867
-241.867
-241.867
-241.867
-241.867
-241.867
-241.867
-241.867
-241.867
-241.867
-241.867
-241.867
-241.867
-241.867
-241.867
-241.867
-241.867
-241.867
-241.867
-241.867
-241.867
-241.867
-241.867
-241.867
-241.867
-241.867
-241.867
-241.867
-241.867
-241.867
-241.867
-241.867
-241.867
-241.867
-241.867
-241.867
-241.867
-241.867
-241.867
-241.867
-241.867
-241.867
-241.867
-241.867
-241.867
-241.867
-241.867
-241.867
-241.867
-241.867
-241.867
-241.867
-241.867
-241.867
-241.867
-241.867
-241.867
-241.867
-241.867
-241.867
-241.867
-241.867
-241.867
-241.867
-241.867
-241.867
-241.867
-241.867
-241.867
-241.867
-241.867
-241.867
-241.895
-241.895
-241.895
-241.895
-241.895
-241.895
-241.895
-241.895
-241.895
-241.895
-241.895
-241.895
-241.895
-241.895
-241.895
-241.895
-241.895
-241.895
-241.895
-241.895
-241.895
-241.895
-241.895
-241.895
-241.895
-241.895
-241.895
-241.895
-241.895
-241.895
-241.895
-241.895
-241.895
-241.895
-241.895
-241.895
-241.895
-241.895
-241.895
-241.895
-241.895
-241.895
-241.895
-241.895
-241.895
-241.895
-241.895
-241.895
-241.895
-241.895
-241.895
-241.895
-241.895
-241.895
-241.895
-241.895
-241.895
-241.895
-241.895
-241.895
-241.895
-241.895
-241.895
-241.895
-241.895
-241.895
-241.895
-241.895
-241.895
-241.895
-241.895
-241.895
-241.895
-241.895
-241.895
-241.923
-241.923
-241.923
-241.923
-241.923
-241.923
-241.923
-241.923
-241.923
-241.923
-241.923
-241.923
-241.923
-241.923
-241.923
-241.923
-241.923
-241.923
-241.923
-241.923
-241.923
-241.923
-241.923
-241.923
-241.923
-241.923
-241.923
-241.923
-241.923
-241.923
-241.923
-241.923
-241.923
-241.923
-241.923
-241.923
-241.923
-241.923
-241.923
-241.923
-241.923
-241.923
-241.923
-241.923
-241.923
-241.923
-241.923
-241.923
-241.923
-241.923
-241.923
-241.923
-241.923
-241.923
-241.923
-241.923
-241.923
-241.923
-241.923
-241.923
-241.923
-241.923
-241.923
-241.923
-241.923
-241.923
-241.923
-241.923
-241.923
-241.923
-241.923
-241.923
-241.923
-241.923
-241.923
-241.951
-241.951
-241.951
-241.951
-241.951
-241.951
-241.951
-241.951
-241.951
-241.951
-241.951
-241.951
-241.951
-241.951
-241.951
-241.951
-241.951
-241.951
-241.951
-241.951
-241.951
-241.951
-241.951
-241.951
-241.951
-241.951
-241.951
-241.951
-241.951
-241.951
-241.951
-241.951
-241.951
-241.951
-241.951
-241.951
-241.951
-241.951
-241.951
-241.951
-241.951
-241.951
-241.951
-241.951
-241.951
-241.951
-241.951
-241.951
-241.951
-241.951
-241.951
-241.951
-241.951
-241.951
-241.951
-241.951
-241.951
-241.951
-241.951
-241.951
-241.951
-241.951
-241.951
-241.951
-241.951
-241.951
-241.951
-241.951
-241.951
-241.951
-241.951
-241.951
-241.951
-241.951
-241.951
-241.979
-241.979
-241.979
-241.979
-241.979
-241.979
-241.979
-241.979
-241.979
-241.979
-241.979
-241.979
-241.979
-241.979
-241.979
-241.979
-241.979
-241.979
-241.979
-241.979
-241.979
-241.979
-241.979
-241.979
-241.979
-241.979
-241.979
-241.979
-241.979
-241.979
-241.979
-241.979
-241.979
-241.979
-241.979
-241.979
-241.979
-241.979
-241.979
-241.979
-241.979
-241.979
-241.979
-241.979
-241.979
-241.979
-241.979
-241.979
-241.979
-241.979
-241.979
-241.979
-241.979
-241.979
-241.979
-241.979
-241.979
-241.979
-241.979
-241.979
-241.979
-241.979
-241.979
-241.979
-241.979
-241.979
-241.979
-241.979
-241.979
-241.979
-241.979
-241.979
-241.979
-241.979
-241.979
-242.007
-242.007
-242.007
-242.007
-242.007
-242.007
-242.007
-242.007
-242.007
-242.007
-242.007
-242.007
-242.007
-242.007
-242.007
-242.007
-242.007
-242.007
-242.007
-242.007
-242.007
-242.007
-242.007
-242.007
-242.007
-242.007
-242.007
-242.007
-242.007
-242.007
-242.007
-242.007
-242.007
-242.007
-242.007
-242.007
-242.007
-242.007
-242.007
-242.007
-242.007
-242.007
-242.007
-242.007
-242.007
-242.007
-242.007
-242.007
-242.007
-242.007
-242.007
-242.007
-242.007
-242.007
-242.007
-242.007
-242.007
-242.007
-242.007
-242.007
-242.007
-242.007
-242.007
-242.007
-242.007
-242.007
-242.007
-242.007
-242.007
-242.007
-242.007
-242.007
-242.007
-242.007
-242.007
-242.035
-242.035
-242.035
-242.035
-242.035
-242.035
-242.035
-242.035
-242.035
-242.035
-242.035
-242.035
-242.035
-242.035
-242.035
-242.035
-242.035
-242.035
-242.035
-242.035
-242.035
-242.035
-242.035
-242.035
-242.035
-242.035
-242.035
-242.035
-242.035
-242.035
-242.035
-242.035
-242.035
-242.035
-242.035
-242.035
-242.035
-242.035
-242.035
-242.035
-242.035
-242.035
-242.035
-242.035
-242.035
-242.035
-242.035
-242.035
-242.035
-242.035
-242.035
-242.035
-242.035
-242.035
-242.035
-242.035
-242.035
-242.035
-242.035
-242.035
-242.035
-242.035
-242.035
-242.035
-242.035
-242.035
-242.035
-242.035
-242.035
-242.035
-242.035
-242.035
-242.035
-242.035
-242.035
-242.063
-242.063
-242.063
-242.063
-242.063
-242.063
-242.063
-242.063
-242.063
-242.063
-242.063
-242.063
-242.063
-242.063
-242.063
-242.063
-242.063
-242.063
-242.063
-242.063
-242.063
-242.063
-242.063
-242.063
-242.063
-242.063
-242.063
-242.063
-242.063
-242.063
-242.063
-242.063
-242.063
-242.063
-242.063
-242.063
-242.063
-242.063
-242.063
-242.063
-242.063
-242.063
-242.063
-242.063
-242.063
-242.063
-242.063
-242.063
-242.063
-242.063
-242.063
-242.063
-242.063
-242.063
-242.063
-242.063
-242.063
-242.063
-242.063
-242.063
-242.063
-242.063
-242.063
-242.063
-242.063
-242.063
-242.063
-242.063
-242.063
-242.063
-242.063
-242.063
-242.063
-242.063
-242.063
-242.091
-242.091
-242.091
-242.091
-242.091
-242.091
-242.091
-242.091
-242.091
-242.091
-242.091
-242.091
-242.091
-242.091
-242.091
-242.091
-242.091
-242.091
-242.091
-242.091
-242.091
-242.091
-242.091
-242.091
-242.091
-242.091
-242.091
-242.091
-242.091
-242.091
-242.091
-242.091
-242.091
-242.091
-242.091
-242.091
-242.091
-242.091
-242.091
-242.091
-242.091
-242.091
-242.091
-242.091
-242.091
-242.091
-242.091
-242.091
-242.091
-242.091
-242.091
-242.091
-242.091
-242.091
-242.091
-242.091
-242.091
-242.091
-242.091
-242.091
-242.091
-242.091
-242.091
-242.091
-242.091
-242.091
-242.091
-242.091
-242.091
-242.091
-242.091
-242.091
-242.091
-242.091
-242.091
-242.119
-242.119
-242.119
-242.119
-242.119
-242.119
-242.119
-242.119
-242.119
-242.119
-242.119
-242.119
-242.119
-242.119
-242.119
-242.119
-242.119
-242.119
-242.119
-242.119
-242.119
-242.119
-242.119
-242.119
-242.119
-242.119
-242.119
-242.119
-242.119
-242.119
-242.119
-242.119
-242.119
-242.119
-242.119
-242.119
-242.119
-242.119
-242.119
-242.119
-242.119
-242.119
-242.119
-242.119
-242.119
-242.119
-242.119
-242.119
-242.119
-242.119
-242.119
-242.119
-242.119
-242.119
-242.119
-242.119
-242.119
-242.119
-242.119
-242.119
-242.119
-242.119
-242.119
-242.119
-242.119
-242.119
-242.119
-242.119
-242.119
-242.119
-242.119
-242.119
-242.119
-242.119
-242.119
-242.147
-242.147
-242.147
-242.147
-242.147
-242.147
-242.147
-242.147
-242.147
-242.147
-242.147
-242.147
-242.147
-242.147
-242.147
-242.147
-242.147
-242.147
-242.147
-242.147
-242.147
-242.147
-242.147
-242.147
-242.147
-242.147
-242.147
-242.147
-242.147
-242.147
-242.147
-242.147
-242.147
-242.147
-242.147
-242.147
-242.147
-242.147
-242.147
-242.147
-242.147
-242.147
-242.147
-242.147
-242.147
-242.147
-242.147
-242.147
-242.147
-242.147
-242.147
-242.147
-242.147
-242.147
-242.147
-242.147
-242.147
-242.147
-242.147
-242.147
-242.147
-242.147
-242.147
-242.147
-242.147
-242.147
-242.147
-242.147
-242.147
-242.147
-242.147
-242.147
-242.147
-242.147
-242.147
-242.176
-242.176
-242.176
-242.176
-242.176
-242.176
-242.176
-242.176
-242.176
-242.176
-242.176
-242.176
-242.176
-242.176
-242.176
-242.176
-242.176
-242.176
-242.176
-242.176
-242.176
-242.176
-242.176
-242.176
-242.176
-242.176
-242.176
-242.176
-242.176
-242.176
-242.176
-242.176
-242.176
-242.176
-242.176
-242.176
-242.176
-242.176
-242.176
-242.176
-242.176
-242.176
-242.176
-242.176
-242.176
-242.176
-242.176
-242.176
-242.176
-242.176
-242.176
-242.176
-242.176
-242.176
-242.176
-242.176
-242.176
-242.176
-242.176
-242.176
-242.176
-242.176
-242.176
-242.176
-242.176
-242.176
-242.176
-242.176
-242.176
-242.176
-242.176
-242.176
-242.176
-242.176
-242.176
-242.204
-242.204
-242.204
-242.204
-242.204
-242.204
-242.204
-242.204
-242.204
-242.204
-242.204
-242.204
-242.204
-242.204
-242.204
-242.204
-242.204
-242.204
-242.204
-242.204
-242.204
-242.204
-242.204
-242.204
-242.204
-242.204
-242.204
-242.204
-242.204
-242.204
-242.204
-242.204
-242.204
-242.204
-242.204
-242.204
-242.204
-242.204
-242.204
-242.204
-242.204
-242.204
-242.204
-242.204
-242.204
-242.204
-242.204
-242.204
-242.204
-242.204
-242.204
-242.204
-242.204
-242.204
-242.204
-242.204
-242.204
-242.204
-242.204
-242.204
-242.204
-242.204
-242.204
-242.204
-242.204
-242.204
-242.204
-242.204
-242.204
-242.204
-242.204
-242.204
-242.204
-242.204
-242.204
-242.232
-242.232
-242.232
-242.232
-242.232
-242.232
-242.232
-242.232
-242.232
-242.232
-242.232
-242.232
-242.232
-242.232
-242.232
-242.232
-242.232
-242.232
-242.232
-242.232
-242.232
-242.232
-242.232
-242.232
-242.232
-242.232
-242.232
-242.232
-242.232
-242.232
-242.232
-242.232
-242.232
-242.232
-242.232
-242.232
-242.232
-242.232
-242.232
-242.232
-242.232
-242.232
-242.232
-242.232
-242.232
-242.232
-242.232
-242.232
-242.232
-242.232
-242.232
-242.232
-242.232
-242.232
-242.232
-242.232
-242.232
-242.232
-242.232
-242.232
-242.232
-242.232
-242.232
-242.232
-242.232
-242.232
-242.232
-242.232
-242.232
-242.232
-242.232
-242.232
-242.232
-242.232
-242.232
-242.26
-242.26
-242.26
-242.26
-242.26
-242.26
-242.26
-242.26
-242.26
-242.26
-242.26
-242.26
-242.26
-242.26
-242.26
-242.26
-242.26
-242.26
-242.26
-242.26
-242.26
-242.26
-242.26
-242.26
-242.26
-242.26
-242.26
-242.26
-242.26
-242.26
-242.26
-242.26
-242.26
-242.26
-242.26
-242.26
-242.26
-242.26
-242.26
-242.26
-242.26
-242.26
-242.26
-242.26
-242.26
-242.26
-242.26
-242.26
-242.26
-242.26
-242.26
-242.26
-242.26
-242.26
-242.26
-242.26
-242.26
-242.26
-242.26
-242.26
-242.26
-242.26
-242.26
-242.26
-242.26
-242.26
-242.26
-242.26
-242.26
-242.26
-242.26
-242.26
-242.26
-242.26
-242.26
-242.288
-242.288
-242.288
-242.288
-242.288
-242.288
-242.288
-242.288
-242.288
-242.288
-242.288
-242.288
-242.288
-242.288
-242.288
-242.288
-242.288
-242.288
-242.288
-242.288
-242.288
-242.288
-242.288
-242.288
-242.288
-242.288
-242.288
-242.288
-242.288
-242.288
-242.288
-242.288
-242.288
-242.288
-242.288
-242.288
-242.288
-242.288
-242.288
-242.288
-242.288
-242.288
-242.288
-242.288
-242.288
-242.288
-242.288
-242.288
-242.288
-242.288
-242.288
-242.288
-242.288
-242.288
-242.288
-242.288
-242.288
-242.288
-242.288
-242.288
-242.288
-242.288
-242.288
-242.288
-242.288
-242.288
-242.288
-242.288
-242.288
-242.288
-242.288
-242.288
-242.288
-242.288
-242.288
-242.316
-242.316
-242.316
-242.316
-242.316
-242.316
-242.316
-242.316
-242.316
-242.316
-242.316
-242.316
-242.316
-242.316
-242.316
-242.316
-242.316
-242.316
-242.316
-242.316
-242.316
-242.316
-242.316
-242.316
-242.316
-242.316
-242.316
-242.316
-242.316
-242.316
-242.316
-242.316
-242.316
-242.316
-242.316
-242.316
-242.316
-242.316
-242.316
-242.316
-242.316
-242.316
-242.316
-242.316
-242.316
-242.316
-242.316
-242.316
-242.316
-242.316
-242.316
-242.316
-242.316
-242.316
-242.316
-242.316
-242.316
-242.316
-242.316
-242.316
-242.316
-242.316
-242.316
-242.316
-242.316
-242.316
-242.316
-242.316
-242.316
-242.316
-242.316
-242.316
-242.316
-242.316
-242.316
-242.344
-242.344
-242.344
-242.344
-242.344
-242.344
-242.344
-242.344
-242.344
-242.344
-242.344
-242.344
-242.344
-242.344
-242.344
-242.344
-242.344
-242.344
-242.344
-242.344
-242.344
-242.344
-242.344
-242.344
-242.344
-242.344
-242.344
-242.344
-242.344
-242.344
-242.344
-242.344
-242.344
-242.344
-242.344
-242.344
-242.344
-242.344
-242.344
-242.344
-242.344
-242.344
-242.344
-242.344
-242.344
-242.344
-242.344
-242.344
-242.344
-242.344
-242.344
-242.344
-242.344
-242.344
-242.344
-242.344
-242.344
-242.344
-242.344
-242.344
-242.344
-242.344
-242.344
-242.344
-242.344
-242.344
-242.344
-242.344
-242.344
-242.344
-242.344
-242.344
-242.344
-242.344
-242.344
-242.372
-242.372
-242.372
-242.372
-242.372
-242.372
-242.372
-242.372
-242.372
-242.372
-242.372
-242.372
-242.372
-242.372
-242.372
-242.372
-242.372
-242.372
-242.372
-242.372
-242.372
-242.372
-242.372
-242.372
-242.372
-242.372
-242.372
-242.372
-242.372
-242.372
-242.372
-242.372
-242.372
-242.372
-242.372
-242.372
-242.372
-242.372
-242.372
-242.372
-242.372
-242.372
-242.372
-242.372
-242.372
-242.372
-242.372
-242.372
-242.372
-242.372
-242.372
-242.372
-242.372
-242.372
-242.372
-242.372
-242.372
-242.372
-242.372
-242.372
-242.372
-242.372
-242.372
-242.372
-242.372
-242.372
-242.372
-242.372
-242.372
-242.372
-242.372
-242.372
-242.372
-242.372
-242.372
-242.4
-242.4
-242.4
-242.4
-242.4
-242.4
-242.4
-242.4
-242.4
-242.4
-242.4
-242.4
-242.4
-242.4
-242.4
-242.4
-242.4
-242.4
-242.4
-242.4
-242.4
-242.4
-242.4
-242.4
-242.4
-242.4
-242.4
-242.4
-242.4
-242.4
-242.4
-242.4
-242.4
-242.4
-242.4
-242.4
-242.4
-242.4
-242.4
-242.4
-242.4
-242.4
-242.4
-242.4
-242.4
-242.4
-242.4
-242.4
-242.4
-242.4
-242.4
-242.4
-242.4
-242.4
-242.4
-242.4
-242.4
-242.4
-242.4
-242.4
-242.4
-242.4
-242.4
-242.4
-242.4
-242.4
-242.4
-242.4
-242.4
-242.4
-242.4
-242.4
-242.4
-242.4
-242.4
-242.428
-242.428
-242.428
-242.428
-242.428
-242.428
-242.428
-242.428
-242.428
-242.428
-242.428
-242.428
-242.428
-242.428
-242.428
-242.428
-242.428
-242.428
-242.428
-242.428
-242.428
-242.428
-242.428
-242.428
-242.428
-242.428
-242.428
-242.428
-242.428
-242.428
-242.428
-242.428
-242.428
-242.428
-242.428
-242.428
-242.428
-242.428
-242.428
-242.428
-242.428
-242.428
-242.428
-242.428
-242.428
-242.428
-242.428
-242.428
-242.428
-242.428
-242.428
-242.428
-242.428
-242.428
-242.428
-242.428
-242.428
-242.428
-242.428
-242.428
-242.428
-242.428
-242.428
-242.428
-242.428
-242.428
-242.428
-242.428
-242.428
-242.428
-242.428
-242.428
-242.428
-242.428
-242.428
-242.456
-242.456
-242.456
-242.456
-242.456
-242.456
-242.456
-242.456
-242.456
-242.456
-242.456
-242.456
-242.456
-242.456
-242.456
-242.456
-242.456
-242.456
-242.456
-242.456
-242.456
-242.456
-242.456
-242.456
-242.456
-242.456
-242.456
-242.456
-242.456
-242.456
-242.456
-242.456
-242.456
-242.456
-242.456
-242.456
-242.456
-242.456
-242.456
-242.456
-242.456
-242.456
-242.456
-242.456
-242.456
-242.456
-242.456
-242.456
-242.456
-242.456
-242.456
-242.456
-242.456
-242.456
-242.456
-242.456
-242.456
-242.456
-242.456
-242.456
-242.456
-242.456
-242.456
-242.456
-242.456
-242.456
-242.456
-242.456
-242.456
-242.456
-242.456
-242.456
-242.456
-242.456
-242.456
-242.484
-242.484
-242.484
-242.484
-242.484
-242.484
-242.484
-242.484
-242.484
-242.484
-242.484
-242.484
-242.484
-242.484
-242.484
-242.484
-242.484
-242.484
-242.484
-242.484
-242.484
-242.484
-242.484
-242.484
-242.484
-242.484
-242.484
-242.484
-242.484
-242.484
-242.484
-242.484
-242.484
-242.484
-242.484
-242.484
-242.484
-242.484
-242.484
-242.484
-242.484
-242.484
-242.484
-242.484
-242.484
-242.484
-242.484
-242.484
-242.484
-242.484
-242.484
-242.484
-242.484
-242.484
-242.484
-242.484
-242.484
-242.484
-242.484
-242.484
-242.484
-242.484
-242.484
-242.484
-242.484
-242.484
-242.484
-242.484
-242.484
-242.484
-242.484
-242.484
-242.484
-242.484
-242.484
-242.512
-242.512
-242.512
-242.512
-242.512
-242.512
-242.512
-242.512
-242.512
-242.512
-242.512
-242.512
-242.512
-242.512
-242.512
-242.512
-242.512
-242.512
-242.512
-242.512
-242.512
-242.512
-242.512
-242.512
-242.512
-242.512
-242.512
-242.512
-242.512
-242.512
-242.512
-242.512
-242.512
-242.512
-242.512
-242.512
-242.512
-242.512
-242.512
-242.512
-242.512
-242.512
-242.512
-242.512
-242.512
-242.512
-242.512
-242.512
-242.512
-242.512
-242.512
-242.512
-242.512
-242.512
-242.512
-242.512
-242.512
-242.512
-242.512
-242.512
-242.512
-242.512
-242.512
-242.512
-242.512
-242.512
-242.512
-242.512
-242.512
-242.512
-242.512
-242.512
-242.512
-242.512
-242.512
-242.54
-242.54
-242.54
-242.54
-242.54
-242.54
-242.54
-242.54
-242.54
-242.54
-242.54
-242.54
-242.54
-242.54
-242.54
-242.54
-242.54
-242.54
-242.54
-242.54
-242.54
-242.54
-242.54
-242.54
-242.54
-242.54
-242.54
-242.54
-242.54
-242.54
-242.54
-242.54
-242.54
-242.54
-242.54
-242.54
-242.54
-242.54
-242.54
-242.54
-242.54
-242.54
-242.54
-242.54
-242.54
-242.54
-242.54
-242.54
-242.54
-242.54
-242.54
-242.54
-242.54
-242.54
-242.54
-242.54
-242.54
-242.54
-242.54
-242.54
-242.54
-242.54
-242.54
-242.54
-242.54
-242.54
-242.54
-242.54
-242.54
-242.54
-242.54
-242.54
-242.54
-242.54
-242.54
-242.568
-242.568
-242.568
-242.568
-242.568
-242.568
-242.568
-242.568
-242.568
-242.568
-242.568
-242.568
-242.568
-242.568
-242.568
-242.568
-242.568
-242.568
-242.568
-242.568
-242.568
-242.568
-242.568
-242.568
-242.568
-242.568
-242.568
-242.568
-242.568
-242.568
-242.568
-242.568
-242.568
-242.568
-242.568
-242.568
-242.568
-242.568
-242.568
-242.568
-242.568
-242.568
-242.568
-242.568
-242.568
-242.568
-242.568
-242.568
-242.568
-242.568
-242.568
-242.568
-242.568
-242.568
-242.568
-242.568
-242.568
-242.568
-242.568
-242.568
-242.568
-242.568
-242.568
-242.568
-242.568
-242.568
-242.568
-242.568
-242.568
-242.568
-242.568
-242.568
-242.568
-242.568
-242.568
-242.596
-242.596
-242.596
-242.596
-242.596
-242.596
-242.596
-242.596
-242.596
-242.596
-242.596
-242.596
-242.596
-242.596
-242.596
-242.596
-242.596
-242.596
-242.596
-242.596
-242.596
-242.596
-242.596
-242.596
-242.596
-242.596
-242.596
-242.596
-242.596
-242.596
-242.596
-242.596
-242.596
-242.596
-242.596
-242.596
-242.596
-242.596
-242.596
-242.596
-242.596
-242.596
-242.596
-242.596
-242.596
-242.596
-242.596
-242.596
-242.596
-242.596
-242.596
-242.596
-242.596
-242.596
-242.596
-242.596
-242.596
-242.596
-242.596
-242.596
-242.596
-242.596
-242.596
-242.596
-242.596
-242.596
-242.596
-242.596
-242.596
-242.596
-242.596
-242.596
-242.596
-242.596
-242.596
-242.624
-242.624
-242.624
-242.624
-242.624
-242.624
-242.624
-242.624
-242.624
-242.624
-242.624
-242.624
-242.624
-242.624
-242.624
-242.624
-242.624
-242.624
-242.624
-242.624
-242.624
-242.624
-242.624
-242.624
-242.624
-242.624
-242.624
-242.624
-242.624
-242.624
-242.624
-242.624
-242.624
-242.624
-242.624
-242.624
-242.624
-242.624
-242.624
-242.624
-242.624
-242.624
-242.624
-242.624
-242.624
-242.624
-242.624
-242.624
-242.624
-242.624
-242.624
-242.624
-242.624
-242.624
-242.624
-242.624
-242.624
-242.624
-242.624
-242.624
-242.624
-242.624
-242.624
-242.624
-242.624
-242.624
-242.624
-242.624
-242.624
-242.624
-242.624
-242.624
-242.624
-242.624
-242.624
-242.652
-242.652
-242.652
-242.652
-242.652
-242.652
-242.652
-242.652
-242.652
-242.652
-242.652
-242.652
-242.652
-242.652
-242.652
-242.652
-242.652
-242.652
-242.652
-242.652
-242.652
-242.652
-242.652
-242.652
-242.652
-242.652
-242.652
-242.652
-242.652
-242.652
-242.652
-242.652
-242.652
-242.652
-242.652
-242.652
-242.652
-242.652
-242.652
-242.652
-242.652
-242.652
-242.652
-242.652
-242.652
-242.652
-242.652
-242.652
-242.652
-242.652
-242.652
-242.652
-242.652
-242.652
-242.652
-242.652
-242.652
-242.652
-242.652
-242.652
-242.652
-242.652
-242.652
-242.652
-242.652
-242.652
-242.652
-242.652
-242.652
-242.652
-242.652
-242.652
-242.652
-242.652
-242.652
-242.68
-242.68
-242.68
-242.68
-242.68
-242.68
-242.68
-242.68
-242.68
-242.68
-242.68
-242.68
-242.68
-242.68
-242.68
-242.68
-242.68
-242.68
-242.68
-242.68
-242.68
-242.68
-242.68
-242.68
-242.68
-242.68
-242.68
-242.68
-242.68
-242.68
-242.68
-242.68
-242.68
-242.68
-242.68
-242.68
-242.68
-242.68
-242.68
-242.68
-242.68
-242.68
-242.68
-242.68
-242.68
-242.68
-242.68
-242.68
-242.68
-242.68
-242.68
-242.68
-242.68
-242.68
-242.68
-242.68
-242.68
-242.68
-242.68
-242.68
-242.68
-242.68
-242.68
-242.68
-242.68
-242.68
-242.68
-242.68
-242.68
-242.68
-242.68
-242.68
-242.68
-242.68
-242.68
-242.708
-242.708
-242.708
-242.708
-242.708
-242.708
-242.708
-242.708
-242.708
-242.708
-242.708
-242.708
-242.708
-242.708
-242.708
-242.708
-242.708
-242.708
-242.708
-242.708
-242.708
-242.708
-242.708
-242.708
-242.708
-242.708
-242.708
-242.708
-242.708
-242.708
-242.708
-242.708
-242.708
-242.708
-242.708
-242.708
-242.708
-242.708
-242.708
-242.708
-242.708
-242.708
-242.708
-242.708
-242.708
-242.708
-242.708
-242.708
-242.708
-242.708
-242.708
-242.708
-242.708
-242.708
-242.708
-242.708
-242.708
-242.708
-242.708
-242.708
-242.708
-242.708
-242.708
-242.708
-242.708
-242.708
-242.708
-242.708
-242.708
-242.708
-242.708
-242.708
-242.708
-242.708
-242.708
-242.736
-242.736
-242.736
-242.736
-242.736
-242.736
-242.736
-242.736
-242.736
-242.736
-242.736
-242.736
-242.736
-242.736
-242.736
-242.736
-242.736
-242.736
-242.736
-242.736
-242.736
-242.736
-242.736
-242.736
-242.736
-242.736
-242.736
-242.736
-242.736
-242.736
-242.736
-242.736
-242.736
-242.736
-242.736
-242.736
-242.736
-242.736
-242.736
-242.736
-242.736
-242.736
-242.736
-242.736
-242.736
-242.736
-242.736
-242.736
-242.736
-242.736
-242.736
-242.736
-242.736
-242.736
-242.736
-242.736
-242.736
-242.736
-242.736
-242.736
-242.736
-242.736
-242.736
-242.736
-242.736
-242.736
-242.736
-242.736
-242.736
-242.736
-242.736
-242.736
-242.736
-242.736
-242.736
-242.764
-242.764
-242.764
-242.764
-242.764
-242.764
-242.764
-242.764
-242.764
-242.764
-242.764
-242.764
-242.764
-242.764
-242.764
-242.764
-242.764
-242.764
-242.764
-242.764
-242.764
-242.764
-242.764
-242.764
-242.764
-242.764
-242.764
-242.764
-242.764
-242.764
-242.764
-242.764
-242.764
-242.764
-242.764
-242.764
-242.764
-242.764
-242.764
-242.764
-242.764
-242.764
-242.764
-242.764
-242.764
-242.764
-242.764
-242.764
-242.764
-242.764
-242.764
-242.764
-242.764
-242.764
-242.764
-242.764
-242.764
-242.764
-242.764
-242.764
-242.764
-242.764
-242.764
-242.764
-242.764
-242.764
-242.764
-242.764
-242.764
-242.764
-242.764
-242.764
-242.764
-242.764
-242.764
-242.792
-242.792
-242.792
-242.792
-242.792
-242.792
-242.792
-242.792
-242.792
-242.792
-242.792
-242.792
-242.792
-242.792
-242.792
-242.792
-242.792
-242.792
-242.792
-242.792
-242.792
-242.792
-242.792
-242.792
-242.792
-242.792
-242.792
-242.792
-242.792
-242.792
-242.792
-242.792
-242.792
-242.792
-242.792
-242.792
-242.792
-242.792
-242.792
-242.792
-242.792
-242.792
-242.792
-242.792
-242.792
-242.792
-242.792
-242.792
-242.792
-242.792
-242.792
-242.792
-242.792
-242.792
-242.792
-242.792
-242.792
-242.792
-242.792
-242.792
-242.792
-242.792
-242.792
-242.792
-242.792
-242.792
-242.792
-242.792
-242.792
-242.792
-242.792
-242.792
-242.792
-242.792
-242.792
-242.82
-242.82
-242.82
-242.82
-242.82
-242.82
-242.82
-242.82
-242.82
-242.82
-242.82
-242.82
-242.82
-242.82
-242.82
-242.82
-242.82
-242.82
-242.82
-242.82
-242.82
-242.82
-242.82
-242.82
-242.82
-242.82
-242.82
-242.82
-242.82
-242.82
-242.82
-242.82
-242.82
-242.82
-242.82
-242.82
-242.82
-242.82
-242.82
-242.82
-242.82
-242.82
-242.82
-242.82
-242.82
-242.82
-242.82
-242.82
-242.82
-242.82
-242.82
-242.82
-242.82
-242.82
-242.82
-242.82
-242.82
-242.82
-242.82
-242.82
-242.82
-242.82
-242.82
-242.82
-242.82
-242.82
-242.82
-242.82
-242.82
-242.82
-242.82
-242.82
-242.82
-242.82
-242.82
-242.848
-242.848
-242.848
-242.848
-242.848
-242.848
-242.848
-242.848
-242.848
-242.848
-242.848
-242.848
-242.848
-242.848
-242.848
-242.848
-242.848
-242.848
-242.848
-242.848
-242.848
-242.848
-242.848
-242.848
-242.848
-242.848
-242.848
-242.848
-242.848
-242.848
-242.848
-242.848
-242.848
-242.848
-242.848
-242.848
-242.848
-242.848
-242.848
-242.848
-242.848
-242.848
-242.848
-242.848
-242.848
-242.848
-242.848
-242.848
-242.848
-242.848
-242.848
-242.848
-242.848
-242.848
-242.848
-242.848
-242.848
-242.848
-242.848
-242.848
-242.848
-242.848
-242.848
-242.848
-242.848
-242.848
-242.848
-242.848
-242.848
-242.848
-242.848
-242.848
-242.848
-242.848
-242.848
-242.876
-242.876
-242.876
-242.876
-242.876
-242.876
-242.876
-242.876
-242.876
-242.876
-242.876
-242.876
-242.876
-242.876
-242.876
-242.876
-242.876
-242.876
-242.876
-242.876
-242.876
-242.876
-242.876
-242.876
-242.876
-242.876
-242.876
-242.876
-242.876
-242.876
-242.876
-242.876
-242.876
-242.876
-242.876
-242.876
-242.876
-242.876
-242.876
-242.876
-242.876
-242.876
-242.876
-242.876
-242.876
-242.876
-242.876
-242.876
-242.876
-242.876
-242.876
-242.876
-242.876
-242.876
-242.876
-242.876
-242.876
-242.876
-242.876
-242.876
-242.876
-242.876
-242.876
-242.876
-242.876
-242.876
-242.876
-242.876
-242.876
-242.876
-242.876
-242.876
-242.876
-242.876
-242.876
-242.904
-242.904
-242.904
-242.904
-242.904
-242.904
-242.904
-242.904
-242.904
-242.904
-242.904
-242.904
-242.904
-242.904
-242.904
-242.904
-242.904
-242.904
-242.904
-242.904
-242.904
-242.904
-242.904
-242.904
-242.904
-242.904
-242.904
-242.904
-242.904
-242.904
-242.904
-242.904
-242.904
-242.904
-242.904
-242.904
-242.904
-242.904
-242.904
-242.904
-242.904
-242.904
-242.904
-242.904
-242.904
-242.904
-242.904
-242.904
-242.904
-242.904
-242.904
-242.904
-242.904
-242.904
-242.904
-242.904
-242.904
-242.904
-242.904
-242.904
-242.904
-242.904
-242.904
-242.904
-242.904
-242.904
-242.904
-242.904
-242.904
-242.904
-242.904
-242.904
-242.904
-242.904
-242.904
-242.932
-242.932
-242.932
-242.932
-242.932
-242.932
-242.932
-242.932
-242.932
-242.932
-242.932
-242.932
-242.932
-242.932
-242.932
-242.932
-242.932
-242.932
-242.932
-242.932
-242.932
-242.932
-242.932
-242.932
-242.932
-242.932
-242.932
-242.932
-242.932
-242.932
-242.932
-242.932
-242.932
-242.932
-242.932
-242.932
-242.932
-242.932
-242.932
-242.932
-242.932
-242.932
-242.932
-242.932
-242.932
-242.932
-242.932
-242.932
-242.932
-242.932
-242.932
-242.932
-242.932
-242.932
-242.932
-242.932
-242.932
-242.932
-242.932
-242.932
-242.932
-242.932
-242.932
-242.932
-242.932
-242.932
-242.932
-242.932
-242.932
-242.932
-242.932
-242.932
-242.932
-242.932
-242.932
)
;

boundaryField
{
    leftWall
    {
        type            calculated;
        value           nonuniform List<scalar> 0();
    }
    rightWall
    {
        type            calculated;
        value           nonuniform List<scalar> 
40
(
-241.839
-241.867
-241.895
-241.923
-241.951
-241.979
-242.007
-242.035
-242.063
-242.091
-242.119
-242.147
-242.176
-242.204
-242.232
-242.26
-242.288
-242.316
-242.344
-242.372
-242.4
-242.428
-242.456
-242.484
-242.512
-242.54
-242.568
-242.596
-242.624
-242.652
-242.68
-242.708
-242.736
-242.764
-242.792
-242.82
-242.848
-242.876
-242.904
-242.932
)
;
    }
    lowerWall
    {
        type            calculated;
        value           nonuniform List<scalar> 
75
(
-241.825
-241.825
-241.825
-241.825
-241.825
-241.825
-241.825
-241.825
-241.825
-241.825
-241.825
-241.825
-241.825
-241.825
-241.825
-241.825
-241.825
-241.825
-241.825
-241.825
-241.825
-241.825
-241.825
-241.825
-241.825
-241.825
-241.825
-241.825
-241.825
-241.825
-241.825
-241.825
-241.825
-241.825
-241.825
-241.825
-241.825
-241.825
-241.825
-241.825
-241.825
-241.825
-241.825
-241.825
-241.825
-241.825
-241.825
-241.825
-241.825
-241.825
-241.825
-241.825
-241.825
-241.825
-241.825
-241.825
-241.825
-241.825
-241.825
-241.825
-241.825
-241.825
-241.825
-241.825
-241.825
-241.825
-241.825
-241.825
-241.825
-241.825
-241.825
-241.825
-241.825
-241.825
-241.825
)
;
    }
    atmosphere
    {
        type            calculated;
        value           nonuniform List<scalar> 
75
(
-242.946
-242.946
-242.946
-242.946
-242.946
-242.946
-242.946
-242.946
-242.946
-242.946
-242.946
-242.946
-242.946
-242.946
-242.946
-242.946
-242.946
-242.946
-242.946
-242.946
-242.946
-242.946
-242.946
-242.946
-242.946
-242.946
-242.946
-242.946
-242.946
-242.946
-242.946
-242.946
-242.946
-242.946
-242.946
-242.946
-242.946
-242.946
-242.946
-242.946
-242.946
-242.946
-242.946
-242.946
-242.946
-242.946
-242.946
-242.946
-242.946
-242.946
-242.946
-242.946
-242.946
-242.946
-242.946
-242.946
-242.946
-242.946
-242.946
-242.946
-242.946
-242.946
-242.946
-242.946
-242.946
-242.946
-242.946
-242.946
-242.946
-242.946
-242.946
-242.946
-242.946
-242.946
-242.946
)
;
    }
    defaultFaces
    {
        type            empty;
    }
    procBoundary3to2
    {
        type            processor;
        value           nonuniform List<scalar> 
40
(
-241.839
-241.867
-241.895
-241.923
-241.951
-241.979
-242.007
-242.035
-242.063
-242.091
-242.119
-242.147
-242.176
-242.204
-242.232
-242.26
-242.288
-242.316
-242.344
-242.372
-242.4
-242.428
-242.456
-242.484
-242.512
-242.54
-242.568
-242.596
-242.624
-242.652
-242.68
-242.708
-242.736
-242.764
-242.792
-242.82
-242.848
-242.876
-242.904
-242.932
)
;
    }
}


// ************************************************************************* //
