/*--------------------------------*- C++ -*----------------------------------*\
| =========                 |                                                 |
| \\      /  F ield         | OpenFOAM: The Open Source CFD Toolbox           |
|  \\    /   O peration     | Version:  2606                                  |
|   \\  /    A nd           | Website:  www.openfoam.com                      |
|    \\/     M anipulation  |                                                 |
\*---------------------------------------------------------------------------*/
FoamFile
{
    version     2.0;
    format      ascii;
    arch        "LSB;label=32;scalar=64";
    class       volScalarField;
    location    "0.3";
    object      p;
}
// * * * * * * * * * * * * * * * * * * * * * * * * * * * * * * * * * * * * * //

dimensions      [1 -1 -2 0 0 0 0];

internalField   nonuniform List<scalar> 
3000
(
0
-0.0382017
0.392174
1.01801
1.36996
1.21167
0.600393
-0.198485
-1.00429
-1.76818
-2.50003
-3.21655
-3.93184
-4.65844
-5.40592
-6.18062
-6.9872
-7.82902
-8.70641
-9.61456
-10.544
-11.486
-12.4362
-13.3939
-14.361
-15.3412
-16.3385
-17.3558
-18.3948
-19.4551
-20.5342
-21.6273
-22.7292
-23.8345
-24.9381
-26.0356
-27.124
-28.2033
-29.2758
-30.3447
-31.4128
-32.4824
-33.5569
-34.6416
-35.7428
-36.8634
-37.9968
-39.1277
-40.2335
-41.3068
-42.3619
-43.4224
-44.5187
-45.6774
-46.9073
-48.2006
-49.5381
-50.8969
-52.2562
-53.5986
-54.907
-56.1669
-57.3892
-58.6418
-60.032
-61.6273
-63.3426
-64.8453
-65.971
-67.0264
-68.1901
-69.3586
-70.4715
-71.5696
-72.6761
-28.2141
-28.4667
-28.2031
-27.6783
-27.3234
-27.4665
-28.0446
-28.7745
-29.4954
-30.1845
-30.862
-31.544
-32.2416
-32.9624
-33.7109
-34.4896
-35.302
-36.1517
-37.0394
-37.9586
-38.8945
-39.8368
-40.7841
-41.7375
-42.6994
-43.6745
-44.6674
-45.681
-46.7167
-47.7741
-48.8502
-49.9399
-51.0371
-52.1371
-53.2357
-54.3287
-55.4134
-56.4892
-57.5576
-58.6207
-59.681
-60.7405
-61.8031
-62.8761
-63.9704
-65.0943
-66.2417
-67.3853
-68.4685
-69.4943
-70.5013
-71.5313
-72.6317
-73.83
-75.1171
-76.4613
-77.8312
-79.2036
-80.5616
-81.8876
-83.16
-84.3604
-85.5121
-86.7356
-88.2006
-89.9771
-91.8819
-93.3412
-94.1788
-94.9997
-96.0915
-97.2893
-98.4633
-99.6222
-100.779
-56.3833
-57.1609
-57.3542
-56.9789
-56.604
-56.7133
-57.2016
-57.7757
-58.3333
-58.8962
-59.4923
-60.1299
-60.8093
-61.5282
-62.2817
-63.0668
-63.8862
-64.7469
-65.653
-66.5966
-67.5437
-68.478
-69.413
-70.3545
-71.3051
-72.2714
-73.2589
-74.2702
-75.3056
-76.3627
-77.4361
-78.5188
-79.6042
-80.6871
-81.7631
-82.8296
-83.8882
-84.9436
-86.0009
-87.0622
-88.1259
-89.1896
-90.2541
-91.3279
-92.4294
-93.5762
-94.7847
-96.0344
-97.1233
-98.1096
-99.0375
-99.9435
-100.91
-102.004
-103.231
-104.549
-105.9
-107.241
-108.554
-109.824
-110.997
-111.978
-112.727
-113.449
-114.523
-116.351
-118.73
-119.747
-119.78
-120.174
-120.711
-121.229
-121.745
-122.277
-122.814
-84.0556
-85.4057
-86.4791
-86.4836
-86.3046
-86.5058
-86.8774
-87.2147
-87.5462
-87.9509
-88.456
-89.0538
-89.7275
-90.4563
-91.2219
-92.0163
-92.8438
-93.7171
-94.6497
-95.6462
-96.6081
-97.4818
-98.3518
-99.2336
-100.119
-101.019
-101.943
-102.898
-103.886
-104.904
-105.936
-106.962
-107.974
-108.966
-109.926
-110.844
-111.719
-112.559
-113.379
-114.192
-114.997
-115.787
-116.559
-117.321
-118.1
-118.899
-119.768
-120.835
-121.319
-121.674
-122.105
-122.553
-123.037
-123.565
-124.136
-124.737
-125.34
-125.923
-126.48
-127.005
-127.477
-127.846
-128.098
-128.332
-128.702
-129.314
-130.075
-130.288
-130.362
-130.415
-130.433
-130.433
-130.434
-130.436
-130.439
-109.925
-112.095
-113.839
-114.087
-114.188
-114.487
-114.713
-114.83
-114.96
-115.192
-115.543
-115.988
-116.502
-117.052
-117.606
-118.155
-118.71
-119.291
-119.928
-120.655
-121.284
-121.743
-122.159
-122.575
-122.982
-123.39
-123.803
-124.223
-124.651
-125.084
-125.517
-125.944
-126.358
-126.754
-127.125
-127.467
-127.782
-128.074
-128.348
-128.604
-128.845
-129.068
-129.28
-129.49
-129.706
-129.927
-130.135
-130.391
-130.47
-130.466
-130.444
-130.43
-130.427
-130.431
-130.438
-130.447
-130.46
-130.476
-130.493
-130.508
-130.518
-130.518
-130.509
-130.491
-130.472
-130.459
-130.43
-130.388
-130.394
-130.417
-130.437
-130.449
-130.455
-130.46
-130.464
-126.876
-128.002
-128.388
-128.392
-128.474
-128.611
-128.72
-128.795
-128.862
-128.949
-129.06
-129.188
-129.328
-129.471
-129.608
-129.74
-129.871
-130.009
-130.153
-130.326
-130.43
-130.445
-130.433
-130.425
-130.424
-130.429
-130.439
-130.454
-130.472
-130.492
-130.51
-130.523
-130.533
-130.538
-130.539
-130.534
-130.526
-130.517
-130.508
-130.501
-130.495
-130.49
-130.487
-130.487
-130.491
-130.497
-130.5
-130.496
-130.49
-130.472
-130.456
-130.45
-130.454
-130.46
-130.468
-130.477
-130.489
-130.504
-130.52
-130.535
-130.545
-130.547
-130.54
-130.524
-130.508
-130.495
-130.47
-130.441
-130.449
-130.46
-130.47
-130.477
-130.482
-130.486
-130.49
-130.443
-130.44
-130.436
-130.434
-130.434
-130.433
-130.433
-130.433
-130.434
-130.434
-130.434
-130.434
-130.434
-130.434
-130.434
-130.433
-130.432
-130.432
-130.434
-130.443
-130.45
-130.455
-130.453
-130.45
-130.452
-130.458
-130.47
-130.486
-130.506
-130.526
-130.543
-130.556
-130.567
-130.574
-130.574
-130.567
-130.557
-130.546
-130.536
-130.528
-130.522
-130.517
-130.515
-130.516
-130.521
-130.528
-130.533
-130.531
-130.521
-130.502
-130.489
-130.487
-130.489
-130.493
-130.499
-130.507
-130.517
-130.53
-130.542
-130.553
-130.561
-130.56
-130.553
-130.543
-130.53
-130.518
-130.501
-130.487
-130.487
-130.492
-130.499
-130.505
-130.509
-130.513
-130.516
-130.467
-130.467
-130.465
-130.464
-130.463
-130.463
-130.463
-130.463
-130.463
-130.463
-130.464
-130.464
-130.464
-130.464
-130.464
-130.464
-130.464
-130.465
-130.467
-130.472
-130.476
-130.48
-130.481
-130.482
-130.486
-130.494
-130.507
-130.524
-130.545
-130.565
-130.582
-130.594
-130.605
-130.61
-130.609
-130.6
-130.588
-130.575
-130.565
-130.557
-130.55
-130.545
-130.542
-130.542
-130.547
-130.554
-130.559
-130.558
-130.547
-130.533
-130.524
-130.522
-130.522
-130.526
-130.531
-130.537
-130.545
-130.553
-130.561
-130.568
-130.57
-130.57
-130.567
-130.56
-130.552
-130.542
-130.533
-130.526
-130.525
-130.528
-130.531
-130.534
-130.538
-130.541
-130.543
-130.494
-130.494
-130.494
-130.494
-130.493
-130.493
-130.493
-130.493
-130.493
-130.494
-130.494
-130.494
-130.495
-130.496
-130.496
-130.496
-130.497
-130.498
-130.5
-130.503
-130.507
-130.51
-130.512
-130.515
-130.52
-130.529
-130.543
-130.56
-130.579
-130.598
-130.615
-130.627
-130.636
-130.64
-130.638
-130.63
-130.617
-130.604
-130.594
-130.586
-130.579
-130.574
-130.572
-130.572
-130.574
-130.577
-130.578
-130.577
-130.57
-130.563
-130.559
-130.557
-130.557
-130.559
-130.562
-130.567
-130.572
-130.578
-130.584
-130.588
-130.59
-130.589
-130.587
-130.582
-130.577
-130.57
-130.564
-130.56
-130.559
-130.56
-130.562
-130.564
-130.567
-130.569
-130.571
-130.524
-130.524
-130.524
-130.523
-130.523
-130.523
-130.523
-130.523
-130.523
-130.524
-130.524
-130.525
-130.525
-130.526
-130.527
-130.528
-130.529
-130.531
-130.533
-130.536
-130.538
-130.541
-130.544
-130.548
-130.553
-130.562
-130.574
-130.59
-130.608
-130.625
-130.64
-130.651
-130.658
-130.66
-130.657
-130.65
-130.64
-130.631
-130.622
-130.615
-130.609
-130.604
-130.602
-130.602
-130.602
-130.603
-130.602
-130.6
-130.596
-130.593
-130.59
-130.589
-130.589
-130.59
-130.593
-130.596
-130.6
-130.604
-130.608
-130.611
-130.612
-130.612
-130.61
-130.607
-130.603
-130.599
-130.595
-130.592
-130.591
-130.591
-130.592
-130.594
-130.596
-130.597
-130.599
-130.553
-130.553
-130.553
-130.553
-130.553
-130.553
-130.553
-130.553
-130.553
-130.554
-130.554
-130.555
-130.556
-130.557
-130.558
-130.559
-130.56
-130.562
-130.564
-130.566
-130.569
-130.572
-130.575
-130.579
-130.584
-130.592
-130.603
-130.617
-130.633
-130.647
-130.66
-130.669
-130.674
-130.676
-130.674
-130.669
-130.662
-130.655
-130.648
-130.642
-130.637
-130.634
-130.631
-130.63
-130.63
-130.63
-130.629
-130.627
-130.624
-130.622
-130.62
-130.619
-130.619
-130.621
-130.622
-130.625
-130.628
-130.631
-130.633
-130.635
-130.636
-130.636
-130.635
-130.633
-130.63
-130.627
-130.624
-130.623
-130.622
-130.622
-130.622
-130.623
-130.625
-130.626
-130.628
-130.583
-130.583
-130.583
-130.583
-130.583
-130.583
-130.583
-130.583
-130.583
-130.584
-130.584
-130.585
-130.586
-130.587
-130.588
-130.589
-130.591
-130.592
-130.594
-130.597
-130.599
-130.602
-130.605
-130.609
-130.615
-130.622
-130.631
-130.642
-130.654
-130.666
-130.677
-130.685
-130.689
-130.691
-130.69
-130.687
-130.682
-130.677
-130.672
-130.667
-130.664
-130.661
-130.659
-130.658
-130.657
-130.657
-130.656
-130.654
-130.652
-130.651
-130.65
-130.649
-130.649
-130.65
-130.652
-130.653
-130.655
-130.658
-130.659
-130.661
-130.662
-130.662
-130.661
-130.659
-130.657
-130.655
-130.654
-130.652
-130.652
-130.652
-130.652
-130.653
-130.654
-130.655
-130.656
-130.612
-130.612
-130.612
-130.612
-130.612
-130.612
-130.612
-130.613
-130.613
-130.614
-130.615
-130.615
-130.616
-130.617
-130.618
-130.619
-130.621
-130.623
-130.625
-130.627
-130.629
-130.632
-130.635
-130.639
-130.644
-130.65
-130.657
-130.666
-130.676
-130.685
-130.693
-130.7
-130.704
-130.706
-130.706
-130.705
-130.702
-130.699
-130.696
-130.693
-130.69
-130.688
-130.687
-130.686
-130.685
-130.684
-130.683
-130.682
-130.68
-130.679
-130.679
-130.678
-130.679
-130.679
-130.68
-130.682
-130.683
-130.685
-130.686
-130.687
-130.688
-130.688
-130.687
-130.686
-130.685
-130.684
-130.682
-130.682
-130.681
-130.681
-130.681
-130.682
-130.683
-130.683
-130.684
-130.641
-130.641
-130.641
-130.642
-130.642
-130.642
-130.642
-130.643
-130.643
-130.644
-130.644
-130.645
-130.646
-130.647
-130.648
-130.649
-130.651
-130.653
-130.655
-130.657
-130.659
-130.662
-130.665
-130.669
-130.673
-130.678
-130.685
-130.691
-130.699
-130.706
-130.713
-130.718
-130.722
-130.724
-130.725
-130.725
-130.724
-130.722
-130.72
-130.718
-130.716
-130.715
-130.714
-130.713
-130.712
-130.711
-130.71
-130.709
-130.709
-130.708
-130.707
-130.707
-130.707
-130.708
-130.709
-130.71
-130.711
-130.712
-130.713
-130.714
-130.714
-130.714
-130.714
-130.713
-130.713
-130.712
-130.711
-130.71
-130.71
-130.71
-130.71
-130.711
-130.711
-130.712
-130.713
-130.671
-130.671
-130.671
-130.671
-130.671
-130.671
-130.672
-130.672
-130.673
-130.673
-130.674
-130.675
-130.676
-130.677
-130.678
-130.679
-130.681
-130.682
-130.684
-130.686
-130.689
-130.691
-130.695
-130.698
-130.702
-130.707
-130.712
-130.718
-130.724
-130.729
-130.735
-130.739
-130.743
-130.745
-130.747
-130.747
-130.747
-130.746
-130.745
-130.744
-130.743
-130.742
-130.741
-130.74
-130.739
-130.738
-130.738
-130.737
-130.737
-130.736
-130.736
-130.736
-130.736
-130.736
-130.737
-130.738
-130.739
-130.74
-130.74
-130.741
-130.741
-130.741
-130.741
-130.741
-130.74
-130.74
-130.739
-130.739
-130.739
-130.739
-130.739
-130.739
-130.74
-130.741
-130.741
-130.7
-130.7
-130.7
-130.7
-130.701
-130.701
-130.701
-130.702
-130.702
-130.703
-130.704
-130.704
-130.705
-130.706
-130.707
-130.709
-130.71
-130.712
-130.714
-130.716
-130.718
-130.721
-130.724
-130.727
-130.731
-130.735
-130.739
-130.744
-130.749
-130.754
-130.759
-130.762
-130.766
-130.768
-130.77
-130.77
-130.771
-130.771
-130.77
-130.769
-130.769
-130.768
-130.767
-130.767
-130.766
-130.766
-130.765
-130.765
-130.764
-130.764
-130.764
-130.764
-130.764
-130.765
-130.765
-130.766
-130.767
-130.767
-130.768
-130.768
-130.769
-130.769
-130.769
-130.769
-130.768
-130.768
-130.768
-130.767
-130.767
-130.767
-130.768
-130.768
-130.769
-130.769
-130.77
-130.729
-130.729
-130.73
-130.73
-130.73
-130.73
-130.731
-130.731
-130.732
-130.732
-130.733
-130.734
-130.735
-130.736
-130.737
-130.738
-130.74
-130.741
-130.743
-130.745
-130.747
-130.75
-130.753
-130.756
-130.759
-130.763
-130.767
-130.771
-130.775
-130.779
-130.783
-130.787
-130.79
-130.792
-130.794
-130.795
-130.795
-130.796
-130.795
-130.795
-130.795
-130.795
-130.794
-130.794
-130.793
-130.793
-130.793
-130.792
-130.792
-130.792
-130.792
-130.792
-130.792
-130.793
-130.793
-130.794
-130.794
-130.795
-130.795
-130.796
-130.796
-130.796
-130.796
-130.796
-130.796
-130.796
-130.796
-130.796
-130.796
-130.796
-130.796
-130.797
-130.797
-130.798
-130.798
-130.759
-130.759
-130.759
-130.759
-130.759
-130.76
-130.76
-130.76
-130.761
-130.762
-130.762
-130.763
-130.764
-130.765
-130.766
-130.768
-130.769
-130.771
-130.772
-130.774
-130.777
-130.779
-130.782
-130.784
-130.787
-130.791
-130.794
-130.798
-130.802
-130.805
-130.809
-130.812
-130.814
-130.817
-130.818
-130.82
-130.82
-130.821
-130.821
-130.821
-130.821
-130.821
-130.821
-130.821
-130.821
-130.82
-130.82
-130.82
-130.82
-130.82
-130.82
-130.82
-130.82
-130.821
-130.821
-130.822
-130.822
-130.823
-130.823
-130.823
-130.824
-130.824
-130.824
-130.824
-130.824
-130.824
-130.824
-130.824
-130.824
-130.824
-130.825
-130.825
-130.825
-130.826
-130.826
-130.788
-130.788
-130.788
-130.788
-130.788
-130.789
-130.789
-130.79
-130.79
-130.791
-130.792
-130.792
-130.793
-130.794
-130.796
-130.797
-130.798
-130.8
-130.802
-130.803
-130.806
-130.808
-130.81
-130.813
-130.816
-130.819
-130.822
-130.825
-130.828
-130.832
-130.835
-130.837
-130.84
-130.842
-130.844
-130.845
-130.846
-130.847
-130.847
-130.848
-130.848
-130.848
-130.848
-130.848
-130.848
-130.848
-130.848
-130.848
-130.848
-130.848
-130.848
-130.848
-130.848
-130.849
-130.849
-130.849
-130.85
-130.85
-130.851
-130.851
-130.851
-130.852
-130.852
-130.852
-130.852
-130.852
-130.852
-130.852
-130.852
-130.853
-130.853
-130.853
-130.854
-130.854
-130.855
-130.817
-130.817
-130.817
-130.817
-130.818
-130.818
-130.818
-130.819
-130.819
-130.82
-130.821
-130.822
-130.823
-130.824
-130.825
-130.826
-130.827
-130.829
-130.831
-130.832
-130.834
-130.837
-130.839
-130.841
-130.844
-130.847
-130.85
-130.852
-130.855
-130.858
-130.861
-130.863
-130.866
-130.868
-130.869
-130.871
-130.872
-130.873
-130.873
-130.874
-130.874
-130.875
-130.875
-130.875
-130.875
-130.875
-130.875
-130.875
-130.875
-130.876
-130.876
-130.876
-130.876
-130.877
-130.877
-130.877
-130.878
-130.878
-130.879
-130.879
-130.879
-130.879
-130.88
-130.88
-130.88
-130.88
-130.88
-130.88
-130.881
-130.881
-130.881
-130.882
-130.882
-130.882
-130.883
-130.846
-130.846
-130.846
-130.846
-130.847
-130.847
-130.847
-130.848
-130.849
-130.849
-130.85
-130.851
-130.852
-130.853
-130.854
-130.855
-130.856
-130.858
-130.86
-130.861
-130.863
-130.865
-130.867
-130.87
-130.872
-130.875
-130.877
-130.88
-130.883
-130.885
-130.888
-130.89
-130.892
-130.894
-130.896
-130.897
-130.898
-130.899
-130.9
-130.901
-130.901
-130.901
-130.902
-130.902
-130.902
-130.902
-130.903
-130.903
-130.903
-130.903
-130.904
-130.904
-130.904
-130.904
-130.905
-130.905
-130.906
-130.906
-130.906
-130.907
-130.907
-130.907
-130.907
-130.908
-130.908
-130.908
-130.908
-130.909
-130.909
-130.909
-130.909
-130.91
-130.91
-130.911
-130.911
-130.875
-130.875
-130.875
-130.876
-130.876
-130.876
-130.877
-130.877
-130.878
-130.878
-130.879
-130.88
-130.881
-130.882
-130.883
-130.884
-130.885
-130.887
-130.888
-130.89
-130.892
-130.894
-130.896
-130.898
-130.9
-130.903
-130.905
-130.907
-130.91
-130.912
-130.914
-130.917
-130.919
-130.92
-130.922
-130.923
-130.925
-130.926
-130.927
-130.927
-130.928
-130.928
-130.929
-130.929
-130.93
-130.93
-130.93
-130.93
-130.931
-130.931
-130.931
-130.932
-130.932
-130.932
-130.933
-130.933
-130.933
-130.934
-130.934
-130.934
-130.935
-130.935
-130.935
-130.936
-130.936
-130.936
-130.936
-130.937
-130.937
-130.937
-130.938
-130.938
-130.938
-130.939
-130.939
-130.904
-130.904
-130.904
-130.904
-130.905
-130.905
-130.906
-130.906
-130.907
-130.907
-130.908
-130.909
-130.91
-130.911
-130.912
-130.913
-130.914
-130.916
-130.917
-130.919
-130.92
-130.922
-130.924
-130.926
-130.928
-130.931
-130.933
-130.935
-130.937
-130.939
-130.942
-130.944
-130.945
-130.947
-130.949
-130.95
-130.951
-130.952
-130.953
-130.954
-130.955
-130.955
-130.956
-130.956
-130.957
-130.957
-130.958
-130.958
-130.958
-130.959
-130.959
-130.959
-130.96
-130.96
-130.96
-130.961
-130.961
-130.962
-130.962
-130.962
-130.963
-130.963
-130.963
-130.964
-130.964
-130.964
-130.964
-130.965
-130.965
-130.965
-130.966
-130.966
-130.966
-130.967
-130.967
-130.933
-130.933
-130.933
-130.933
-130.934
-130.934
-130.934
-130.935
-130.935
-130.936
-130.937
-130.938
-130.939
-130.939
-130.941
-130.942
-130.943
-130.944
-130.946
-130.947
-130.949
-130.951
-130.953
-130.955
-130.956
-130.959
-130.961
-130.963
-130.965
-130.967
-130.969
-130.971
-130.972
-130.974
-130.976
-130.977
-130.978
-130.979
-130.98
-130.981
-130.982
-130.983
-130.983
-130.984
-130.984
-130.985
-130.985
-130.986
-130.986
-130.986
-130.987
-130.987
-130.987
-130.988
-130.988
-130.989
-130.989
-130.989
-130.99
-130.99
-130.991
-130.991
-130.991
-130.991
-130.992
-130.992
-130.992
-130.993
-130.993
-130.993
-130.994
-130.994
-130.995
-130.995
-130.995
-130.962
-130.962
-130.962
-130.962
-130.963
-130.963
-130.963
-130.964
-130.964
-130.965
-130.966
-130.966
-130.967
-130.968
-130.969
-130.97
-130.972
-130.973
-130.974
-130.976
-130.978
-130.979
-130.981
-130.983
-130.985
-130.987
-130.988
-130.99
-130.992
-130.994
-130.996
-130.998
-131
-131.001
-131.003
-131.004
-131.005
-131.006
-131.007
-131.008
-131.009
-131.01
-131.011
-131.011
-131.012
-131.012
-131.013
-131.013
-131.014
-131.014
-131.014
-131.015
-131.015
-131.016
-131.016
-131.016
-131.017
-131.017
-131.018
-131.018
-131.018
-131.019
-131.019
-131.019
-131.02
-131.02
-131.02
-131.021
-131.021
-131.021
-131.022
-131.022
-131.023
-131.023
-131.024
-130.991
-130.991
-130.991
-130.991
-130.991
-130.992
-130.992
-130.993
-130.993
-130.994
-130.994
-130.995
-130.996
-130.997
-130.998
-130.999
-131
-131.002
-131.003
-131.004
-131.006
-131.008
-131.009
-131.011
-131.013
-131.015
-131.016
-131.018
-131.02
-131.022
-131.024
-131.025
-131.027
-131.028
-131.03
-131.031
-131.032
-131.034
-131.035
-131.036
-131.036
-131.037
-131.038
-131.039
-131.039
-131.04
-131.04
-131.041
-131.041
-131.042
-131.042
-131.043
-131.043
-131.043
-131.044
-131.044
-131.045
-131.045
-131.046
-131.046
-131.046
-131.047
-131.047
-131.047
-131.048
-131.048
-131.048
-131.049
-131.049
-131.05
-131.05
-131.05
-131.051
-131.051
-131.052
-131.019
-131.019
-131.02
-131.02
-131.02
-131.02
-131.021
-131.021
-131.022
-131.022
-131.023
-131.024
-131.025
-131.026
-131.027
-131.028
-131.029
-131.03
-131.032
-131.033
-131.034
-131.036
-131.037
-131.039
-131.041
-131.043
-131.044
-131.046
-131.048
-131.049
-131.051
-131.053
-131.054
-131.056
-131.057
-131.058
-131.06
-131.061
-131.062
-131.063
-131.064
-131.065
-131.065
-131.066
-131.067
-131.067
-131.068
-131.068
-131.069
-131.069
-131.07
-131.07
-131.071
-131.071
-131.072
-131.072
-131.073
-131.073
-131.073
-131.074
-131.074
-131.075
-131.075
-131.075
-131.076
-131.076
-131.076
-131.077
-131.077
-131.078
-131.078
-131.078
-131.079
-131.079
-131.08
-131.048
-131.048
-131.048
-131.049
-131.049
-131.049
-131.05
-131.05
-131.051
-131.051
-131.052
-131.053
-131.053
-131.054
-131.055
-131.056
-131.058
-131.059
-131.06
-131.061
-131.063
-131.064
-131.066
-131.067
-131.069
-131.071
-131.072
-131.074
-131.076
-131.077
-131.079
-131.08
-131.082
-131.083
-131.085
-131.086
-131.087
-131.088
-131.089
-131.09
-131.091
-131.092
-131.093
-131.094
-131.094
-131.095
-131.095
-131.096
-131.097
-131.097
-131.098
-131.098
-131.099
-131.099
-131.1
-131.1
-131.1
-131.101
-131.101
-131.102
-131.102
-131.103
-131.103
-131.103
-131.104
-131.104
-131.104
-131.105
-131.105
-131.106
-131.106
-131.106
-131.107
-131.107
-131.108
-131.077
-131.077
-131.077
-131.077
-131.077
-131.078
-131.078
-131.079
-131.079
-131.08
-131.08
-131.081
-131.082
-131.083
-131.084
-131.085
-131.086
-131.087
-131.088
-131.09
-131.091
-131.093
-131.094
-131.095
-131.097
-131.099
-131.1
-131.102
-131.103
-131.105
-131.106
-131.108
-131.109
-131.111
-131.112
-131.113
-131.115
-131.116
-131.117
-131.118
-131.119
-131.119
-131.12
-131.121
-131.122
-131.122
-131.123
-131.124
-131.124
-131.125
-131.125
-131.126
-131.126
-131.127
-131.127
-131.128
-131.128
-131.129
-131.129
-131.13
-131.13
-131.13
-131.131
-131.131
-131.132
-131.132
-131.132
-131.133
-131.133
-131.134
-131.134
-131.134
-131.135
-131.135
-131.136
-131.105
-131.105
-131.106
-131.106
-131.106
-131.106
-131.107
-131.107
-131.108
-131.108
-131.109
-131.11
-131.111
-131.111
-131.112
-131.113
-131.114
-131.116
-131.117
-131.118
-131.119
-131.121
-131.122
-131.124
-131.125
-131.127
-131.128
-131.13
-131.131
-131.133
-131.134
-131.136
-131.137
-131.138
-131.14
-131.141
-131.142
-131.143
-131.144
-131.145
-131.146
-131.147
-131.148
-131.149
-131.149
-131.15
-131.151
-131.151
-131.152
-131.153
-131.153
-131.154
-131.154
-131.155
-131.155
-131.156
-131.156
-131.157
-131.157
-131.158
-131.158
-131.158
-131.159
-131.159
-131.16
-131.16
-131.16
-131.161
-131.161
-131.162
-131.162
-131.162
-131.163
-131.163
-131.164
-131.134
-131.134
-131.134
-131.134
-131.135
-131.135
-131.135
-131.136
-131.136
-131.137
-131.138
-131.138
-131.139
-131.14
-131.141
-131.142
-131.143
-131.144
-131.145
-131.146
-131.148
-131.149
-131.15
-131.152
-131.153
-131.155
-131.156
-131.158
-131.159
-131.16
-131.162
-131.163
-131.165
-131.166
-131.167
-131.168
-131.17
-131.171
-131.172
-131.173
-131.174
-131.175
-131.176
-131.176
-131.177
-131.178
-131.179
-131.179
-131.18
-131.18
-131.181
-131.182
-131.182
-131.183
-131.183
-131.184
-131.184
-131.185
-131.185
-131.185
-131.186
-131.186
-131.187
-131.187
-131.188
-131.188
-131.188
-131.189
-131.189
-131.19
-131.19
-131.191
-131.191
-131.191
-131.192
-131.162
-131.162
-131.163
-131.163
-131.163
-131.163
-131.164
-131.164
-131.165
-131.165
-131.166
-131.167
-131.168
-131.168
-131.169
-131.17
-131.171
-131.172
-131.174
-131.175
-131.176
-131.177
-131.179
-131.18
-131.181
-131.183
-131.184
-131.186
-131.187
-131.188
-131.19
-131.191
-131.192
-131.194
-131.195
-131.196
-131.197
-131.198
-131.199
-131.2
-131.201
-131.202
-131.203
-131.204
-131.205
-131.206
-131.206
-131.207
-131.208
-131.208
-131.209
-131.209
-131.21
-131.21
-131.211
-131.212
-131.212
-131.212
-131.213
-131.213
-131.214
-131.214
-131.215
-131.215
-131.216
-131.216
-131.216
-131.217
-131.217
-131.218
-131.218
-131.219
-131.219
-131.219
-131.22
-131.191
-131.191
-131.191
-131.191
-131.191
-131.192
-131.192
-131.193
-131.193
-131.194
-131.194
-131.195
-131.196
-131.197
-131.198
-131.199
-131.2
-131.201
-131.202
-131.203
-131.204
-131.205
-131.207
-131.208
-131.209
-131.211
-131.212
-131.213
-131.215
-131.216
-131.218
-131.219
-131.22
-131.221
-131.223
-131.224
-131.225
-131.226
-131.227
-131.228
-131.229
-131.23
-131.231
-131.232
-131.233
-131.233
-131.234
-131.235
-131.235
-131.236
-131.237
-131.237
-131.238
-131.238
-131.239
-131.239
-131.24
-131.24
-131.241
-131.241
-131.242
-131.242
-131.243
-131.243
-131.244
-131.244
-131.244
-131.245
-131.245
-131.246
-131.246
-131.247
-131.247
-131.247
-131.248
-131.219
-131.219
-131.219
-131.22
-131.22
-131.22
-131.221
-131.221
-131.222
-131.222
-131.223
-131.223
-131.224
-131.225
-131.226
-131.227
-131.228
-131.229
-131.23
-131.231
-131.232
-131.234
-131.235
-131.236
-131.237
-131.239
-131.24
-131.241
-131.243
-131.244
-131.245
-131.247
-131.248
-131.249
-131.25
-131.252
-131.253
-131.254
-131.255
-131.256
-131.257
-131.258
-131.259
-131.26
-131.26
-131.261
-131.262
-131.263
-131.263
-131.264
-131.265
-131.265
-131.266
-131.266
-131.267
-131.267
-131.268
-131.268
-131.269
-131.269
-131.27
-131.27
-131.271
-131.271
-131.272
-131.272
-131.272
-131.273
-131.273
-131.274
-131.274
-131.275
-131.275
-131.275
-131.276
-131.247
-131.248
-131.248
-131.248
-131.248
-131.248
-131.249
-131.249
-131.25
-131.25
-131.251
-131.252
-131.253
-131.253
-131.254
-131.255
-131.256
-131.257
-131.258
-131.259
-131.261
-131.262
-131.263
-131.264
-131.266
-131.267
-131.268
-131.269
-131.271
-131.272
-131.273
-131.275
-131.276
-131.277
-131.278
-131.279
-131.281
-131.282
-131.283
-131.284
-131.285
-131.286
-131.287
-131.287
-131.288
-131.289
-131.29
-131.29
-131.291
-131.292
-131.292
-131.293
-131.294
-131.294
-131.295
-131.295
-131.296
-131.296
-131.297
-131.297
-131.298
-131.298
-131.299
-131.299
-131.3
-131.3
-131.3
-131.301
-131.301
-131.302
-131.302
-131.303
-131.303
-131.303
-131.304
-131.276
-131.276
-131.276
-131.276
-131.276
-131.277
-131.277
-131.278
-131.278
-131.279
-131.279
-131.28
-131.281
-131.282
-131.283
-131.283
-131.284
-131.285
-131.287
-131.288
-131.289
-131.29
-131.291
-131.292
-131.294
-131.295
-131.296
-131.297
-131.299
-131.3
-131.301
-131.303
-131.304
-131.305
-131.306
-131.307
-131.308
-131.31
-131.311
-131.312
-131.313
-131.313
-131.314
-131.315
-131.316
-131.317
-131.318
-131.318
-131.319
-131.32
-131.32
-131.321
-131.322
-131.322
-131.323
-131.323
-131.324
-131.324
-131.325
-131.325
-131.326
-131.326
-131.327
-131.327
-131.328
-131.328
-131.328
-131.329
-131.329
-131.33
-131.33
-131.331
-131.331
-131.331
-131.332
-131.304
-131.304
-131.304
-131.304
-131.305
-131.305
-131.305
-131.306
-131.306
-131.307
-131.308
-131.308
-131.309
-131.31
-131.311
-131.312
-131.313
-131.314
-131.315
-131.316
-131.317
-131.318
-131.319
-131.32
-131.322
-131.323
-131.324
-131.325
-131.327
-131.328
-131.329
-131.33
-131.332
-131.333
-131.334
-131.335
-131.336
-131.337
-131.338
-131.339
-131.34
-131.341
-131.342
-131.343
-131.344
-131.345
-131.346
-131.346
-131.347
-131.348
-131.348
-131.349
-131.35
-131.35
-131.351
-131.351
-131.352
-131.352
-131.353
-131.353
-131.354
-131.354
-131.355
-131.355
-131.356
-131.356
-131.356
-131.357
-131.357
-131.358
-131.358
-131.359
-131.359
-131.359
-131.36
-131.332
-131.332
-131.332
-131.333
-131.333
-131.333
-131.334
-131.334
-131.335
-131.335
-131.336
-131.337
-131.337
-131.338
-131.339
-131.34
-131.341
-131.342
-131.343
-131.344
-131.345
-131.346
-131.347
-131.349
-131.35
-131.351
-131.352
-131.353
-131.355
-131.356
-131.357
-131.358
-131.36
-131.361
-131.362
-131.363
-131.364
-131.365
-131.366
-131.367
-131.368
-131.369
-131.37
-131.371
-131.372
-131.373
-131.373
-131.374
-131.375
-131.376
-131.376
-131.377
-131.377
-131.378
-131.379
-131.379
-131.38
-131.38
-131.381
-131.381
-131.382
-131.382
-131.383
-131.383
-131.384
-131.384
-131.385
-131.385
-131.385
-131.386
-131.386
-131.387
-131.387
-131.388
-131.388
-131.36
-131.36
-131.361
-131.361
-131.361
-131.361
-131.362
-131.362
-131.363
-131.363
-131.364
-131.365
-131.366
-131.366
-131.367
-131.368
-131.369
-131.37
-131.371
-131.372
-131.373
-131.374
-131.375
-131.377
-131.378
-131.379
-131.38
-131.382
-131.383
-131.384
-131.385
-131.386
-131.388
-131.389
-131.39
-131.391
-131.392
-131.393
-131.394
-131.395
-131.396
-131.397
-131.398
-131.399
-131.4
-131.401
-131.401
-131.402
-131.403
-131.404
-131.404
-131.405
-131.405
-131.406
-131.407
-131.407
-131.408
-131.408
-131.409
-131.409
-131.41
-131.41
-131.411
-131.411
-131.412
-131.412
-131.413
-131.413
-131.413
-131.414
-131.414
-131.415
-131.415
-131.416
-131.416
-131.388
-131.389
-131.389
-131.389
-131.389
-131.389
-131.39
-131.39
-131.391
-131.391
-131.392
-131.393
-131.394
-131.394
-131.395
-131.396
-131.397
-131.398
-131.399
-131.4
-131.401
-131.402
-131.404
-131.405
-131.406
-131.407
-131.408
-131.41
-131.411
-131.412
-131.413
-131.414
-131.416
-131.417
-131.418
-131.419
-131.42
-131.421
-131.422
-131.423
-131.424
-131.425
-131.426
-131.427
-131.428
-131.429
-131.429
-131.43
-131.431
-131.432
-131.432
-131.433
-131.433
-131.434
-131.435
-131.435
-131.436
-131.436
-131.437
-131.437
-131.438
-131.438
-131.439
-131.439
-131.44
-131.44
-131.441
-131.441
-131.441
-131.442
-131.442
-131.443
-131.443
-131.444
-131.444
)
;

boundaryField
{
    leftWall
    {
        type            calculated;
        value           nonuniform List<scalar> 
40
(
-1.77636e-15
-28.2141
-56.3833
-84.0556
-109.925
-126.876
-130.443
-130.467
-130.494
-130.524
-130.553
-130.583
-130.612
-130.641
-130.671
-130.7
-130.729
-130.759
-130.788
-130.817
-130.846
-130.875
-130.904
-130.933
-130.962
-130.991
-131.019
-131.048
-131.077
-131.105
-131.134
-131.162
-131.191
-131.219
-131.247
-131.276
-131.304
-131.332
-131.36
-131.388
)
;
    }
    rightWall
    {
        type            calculated;
        value           nonuniform List<scalar> 0();
    }
    lowerWall
    {
        type            calculated;
        value           nonuniform List<scalar> 
75
(
14.0167
13.978
14.4083
15.0341
15.386
15.2277
14.6165
13.8176
13.0118
12.2479
11.516
10.7995
10.0842
9.35761
8.61013
7.83543
7.02885
6.18702
5.30963
4.40148
3.47205
2.53006
1.57984
0.62216
-0.344949
-1.32514
-2.32242
-3.33977
-4.37873
-5.43905
-6.51812
-7.61129
-8.71313
-9.81842
-10.9221
-12.0195
-13.108
-14.1873
-15.2598
-16.3286
-17.3967
-18.4664
-19.5409
-20.6256
-21.7268
-22.8474
-23.9807
-25.1117
-26.2175
-27.2908
-28.3459
-29.4063
-30.5027
-31.6614
-32.8913
-34.1846
-35.5221
-36.8808
-38.2402
-39.5826
-40.891
-42.1509
-43.3732
-44.6258
-46.0161
-47.6114
-49.3267
-50.8295
-51.9552
-53.0107
-54.1743
-55.3429
-56.456
-57.5541
-58.6606
)
;
    }
    atmosphere
    {
        type            calculated;
        value           nonuniform List<scalar> 
75
(
-131.402
-131.403
-131.403
-131.403
-131.403
-131.403
-131.404
-131.404
-131.405
-131.405
-131.406
-131.407
-131.408
-131.408
-131.409
-131.41
-131.411
-131.412
-131.413
-131.414
-131.415
-131.416
-131.418
-131.419
-131.42
-131.421
-131.422
-131.424
-131.425
-131.426
-131.427
-131.428
-131.43
-131.431
-131.432
-131.433
-131.434
-131.435
-131.436
-131.437
-131.438
-131.439
-131.44
-131.441
-131.442
-131.443
-131.443
-131.444
-131.445
-131.446
-131.446
-131.447
-131.448
-131.448
-131.449
-131.449
-131.45
-131.45
-131.451
-131.451
-131.452
-131.452
-131.453
-131.453
-131.454
-131.454
-131.455
-131.455
-131.455
-131.456
-131.456
-131.457
-131.457
-131.458
-131.458
)
;
    }
    defaultFaces
    {
        type            empty;
    }
    procBoundary0to1
    {
        type            processor;
        value           nonuniform List<scalar> 
40
(
-73.7736
-101.921
-123.333
-130.442
-130.467
-130.493
-130.519
-130.545
-130.573
-130.601
-130.629
-130.657
-130.685
-130.714
-130.742
-130.77
-130.799
-130.827
-130.855
-130.883
-130.912
-130.94
-130.968
-130.996
-131.024
-131.052
-131.08
-131.108
-131.136
-131.164
-131.192
-131.22
-131.248
-131.276
-131.304
-131.332
-131.36
-131.388
-131.416
-131.444
)
;
    }
}


// ************************************************************************* //
