/*--------------------------------*- C++ -*----------------------------------*\
| =========                 |                                                 |
| \\      /  F ield         | OpenFOAM: The Open Source CFD Toolbox           |
|  \\    /   O peration     | Version:  2606                                  |
|   \\  /    A nd           | Website:  www.openfoam.com                      |
|    \\/     M anipulation  |                                                 |
\*---------------------------------------------------------------------------*/
FoamFile
{
    version     2.0;
    format      ascii;
    arch        "LSB;label=32;scalar=64";
    class       volScalarField;
    location    "8000";
    object      nut;
}
// * * * * * * * * * * * * * * * * * * * * * * * * * * * * * * * * * * * * * //

dimensions      [0 2 -1 0 0 0 0];

internalField   nonuniform List<scalar> 
3000
(
0.000468084116716
0.000462593889345
0.000455441145361
0.000445009422502
0.000429168828605
0.000411354462815
0.000390929133739
0.000369092583046
0.000351992161355
0.000327307324889
0.000315495799143
0.000293054564174
0.000283029881346
0.000265868352806
0.000260256193366
0.000254555131124
0.000250335826789
0.000252060640959
0.000260969157089
0.000277747352216
0.00029996270645
0.000329000191412
0.000360705657536
0.000395230547392
0.000428371689899
0.000460398220486
0.00048863635465
0.000513866842128
0.000534572937064
0.000552712419704
0.000566163363625
0.000577249527806
0.000584762811128
0.000590925571114
0.000593387877482
0.000595690354105
0.0005969478392
0.000596370809404
0.000595046348519
0.000593115626882
0.000590800798353
0.000588192506698
0.000585475748574
0.000582684620679
0.000579978045611
0.000577341098703
0.000574912647261
0.000572638213604
0.000570629659123
0.00056883151368
0.000567274199778
0.00056597808375
0.000564859880861
0.0005640645088
0.000563321899194
0.000562873465017
0.00056255833552
0.000562408882701
0.000562254730595
0.000562252058399
0.000562341574078
0.000562486922507
0.000562671771889
0.000562884707104
0.000563111637459
0.000563345364232
0.000563574864232
0.000563797371329
0.000564004388383
0.000564196523698
0.000564368215969
0.000564519940861
0.00056465334487
0.00056476269419
0.000564858934011
0.000564926765286
0.000564990520513
0.000565028801575
0.000565058205039
0.000565070701689
0.000565084758868
0.000565087002073
0.000565080467229
0.000565069304361
0.00056505458583
0.00056503742808
0.000565018730214
0.000564999315411
0.000564979885883
0.000564960953667
0.000564943045015
0.000564926402782
0.000564911283274
0.000564897995771
0.000564886056422
0.000564876448861
0.000564867701585
0.000564861595301
0.000564855922292
0.000564852441459
0.000564849534876
0.000564848511272
0.000564847292453
0.000564846941713
0.000564847476631
0.000564848417022
0.000564849682377
0.000564851153573
0.000564852764421
0.000564854420573
0.000564856080865
0.000564857680286
0.000564859198944
0.000564860593876
0.000564861870784
0.000564862980144
0.00056486398749
0.000564864790524
0.000564865530436
0.000564866051659
0.000564866526197
0.000564866827721
0.000564867092977
0.000564867180011
0.000564867283801
0.000564867330034
0.000564867294003
0.000564867223571
0.000564867124515
0.000564867007002
0.000564866875412
0.000564866738553
0.000564866598586
0.000564866463094
0.000564866331707
0.000564866211587
0.000564866098694
0.000564866002121
0.00056486591187
0.000564865841072
0.00056486577443
0.000564865727224
0.000564865685379
0.000564865657175
0.000564865632986
0.000564865623985
0.000564865615814
0.000564865610917
0.000564865613662
0.000564865619487
0.000564865627986
0.000564865638041
0.0005648656494
0.000564865661078
0.000564865673061
0.000564865684519
0.00056486569566
0.000564865705759
0.000564865715248
0.000564865723379
0.000564865730901
0.000564865736918
0.000564865742451
0.000564865746511
0.000564865749973
0.000564865752521
0.000564865754513
0.000564865755419
0.000564865756096
0.000564865756601
0.000564865756442
0.000564865756016
0.000564865755358
0.000564865754559
0.000564865753636
0.000564865752674
0.00056486575167
0.0005648657507
0.000564865749742
0.000564865748869
0.00056486574804
0.000564865747323
0.000564865746664
0.000564865746117
0.000564865745636
0.000564865745257
0.00056486574496
0.000564865744714
0.000564865744545
0.000564865744451
0.000564865744394
0.000564865744344
0.000564865744355
0.00056486574439
0.000564865744446
0.000564865744515
0.000564865744594
0.000564865744677
0.000564865744763
0.000564865744846
0.000564865744926
0.000564865745001
0.00056486574507
0.000564865745131
0.000564865745185
0.000564865745232
0.000564865745271
0.000564865745304
0.000564865745329
0.000564865745351
0.000564865745364
0.000564865745374
0.000564865745378
0.000564865745383
0.000564865745383
0.00056486574538
0.000564865745376
0.00056486574537
0.000564865745364
0.000564865745357
0.00056486574535
0.000564865745343
0.000564865745336
0.00056486574533
0.000564865745324
0.000564865745318
0.000564865745313
0.000564865745309
0.000564865745306
0.000564865745303
0.000564865745301
0.000564865745299
0.000564865745297
0.000564865745296
0.000564865745296
0.000564865745296
0.000564865745296
0.000564865745296
0.000564865745296
0.000564865745297
0.000564865745297
0.000564865745298
0.000564865745298
0.000564865745299
0.000564865745299
0.0005648657453
0.0005648657453
0.000564865745301
0.000564865745301
0.000564865745302
0.000564865745302
0.000564865745302
0.000564865745303
0.000564865745303
0.000564865745303
0.000564865745303
0.000564865745303
0.000564865745303
0.000564865745303
0.000564865745303
0.000564865745303
0.000564865745303
0.000564865745303
0.000564865745303
0.000564865745303
0.000564865745303
0.000564865745303
0.000564865745303
0.000564865745303
0.000564865745303
0.000564865745302
0.000564865745302
0.000564865745302
0.000564865745302
0.000564865745302
0.000564865745302
0.000564865745302
0.000564865745302
0.000564865745302
0.000564865745302
0.000564865745302
0.000564865745302
0.000564865745302
0.000564865745302
0.000564865745302
0.000564865745302
0.000564865745302
0.000564865745302
0.000564865745302
0.000564865745302
0.000564865745302
0.000564865745302
0.000564865745302
0.000564865745302
0.000564865745302
0.000564865745302
0.000564865745302
0.000564865745302
0.000564865745302
0.000564865745302
0.000564865745302
0.000564865745302
0.000564865745302
0.000564865745302
0.000564865745302
0.000564865745302
0.000564865745302
0.000564865745302
0.000564865745302
0.000564865745302
0.000564865745302
0.000564865745302
0.000564865745302
0.000564865745302
0.000564865745302
0.000564865745302
0.000564865745302
0.000564865745302
0.000564865745303
0.000564865745303
0.000564865745303
0.000564865745303
0.000564865745303
0.000564865745303
0.000564865745303
0.000564865745303
0.000564865745303
0.000564865745303
0.000564865745303
0.000564865745303
0.000564865745303
0.000564865745303
0.000564865745303
0.000564865745303
0.000564865745303
0.000564865745303
0.000564865745303
0.000564865745303
0.000564865745303
0.000564865745303
0.000564865745303
0.000564865745303
0.000564865745303
0.000564865745303
0.000564865745303
0.000564865745303
0.000564865745303
0.000564865745303
0.000564865745303
0.000564865745303
0.000564865745303
0.000564865745303
0.000564865745303
0.000564865745303
0.000564865745303
0.000564865745303
0.000564865745303
0.000564865745303
0.000564865745303
0.000564865745303
0.000564865745303
0.000564865745303
0.000564865745303
0.000564865745303
0.000564865745303
0.000564865745303
0.000564865745303
0.000564865745302
0.000564865745302
0.000564865745303
0.000564865745302
0.000564865745303
0.000564865745302
0.000564865745303
0.000564865745302
0.000564865745303
0.000564865745302
0.000564865745303
0.000564865745302
0.000564865745303
0.000564865745302
0.000564865745303
0.000564865745302
0.000564865745303
0.000564865745303
0.000564865745303
0.000564865745303
0.000564865745303
0.000564865745303
0.000564865745303
0.000564865745303
0.000564865745303
0.000564865745303
0.000564865745303
0.000564865745303
0.000564865745303
0.000564865745303
0.000564865745303
0.000564865745303
0.000564865745303
0.000564865745303
0.000564865745303
0.000564865745303
0.000564865745303
0.000564865745303
0.000564865745303
0.000564865745303
0.000564865745303
0.000564865745303
0.000564865745303
0.000564865745303
0.000564865745303
0.000564865745303
0.000564865745303
0.000564865745303
0.000564865745303
0.000564865745303
0.000564865745303
0.000564865745303
0.000564865745303
0.000564865745303
0.000564865745303
0.000564865745303
0.000564865745303
0.000564865745303
0.000564865745303
0.000564865745303
0.000564865745303
0.000564865745303
0.000564865745303
0.000564865745303
0.000564865745303
0.000564865745303
0.000564865745303
0.000564865745303
0.000564865745303
0.000564865745303
0.000564865745303
0.000564865745303
0.000564865745303
0.000564865745303
0.000564865745303
0.000564865745303
0.000564865745303
0.000564865745303
0.000564865745303
0.000564865745303
0.000564865745303
0.000564865745303
0.000564865745303
0.000564865745303
0.000564865745303
0.000564865745303
0.000564865745303
0.000564865745303
0.000564865745303
0.000564865745303
0.000564865745303
0.000564865745303
0.000564865745303
0.000564865745303
0.000564865745303
0.000564865745303
0.000564865745303
0.000564865745303
0.000564865745303
0.000564865745303
0.000564865745303
0.000564865745303
0.000564865745303
0.000564865745303
0.000564865745303
0.000564865745303
0.000564865745303
0.000564865745303
0.000564865745303
0.000564865745303
0.000564865745303
0.000564865745303
0.000564865745303
0.000564865745303
0.000564865745303
0.000564865745303
0.000564865745303
0.000564865745303
0.000564865745303
0.000564865745303
0.000564865745303
0.000564865745303
0.000564865745303
0.000564865745303
0.000564865745303
0.000564865745303
0.000564865745303
0.000564865745303
0.000564865745303
0.000564865745303
0.000564865745303
0.000564865745303
0.000564865745303
0.000468921196728
0.000461246171974
0.000448252781463
0.000429192728409
0.000405340527236
0.00038147665677
0.000355333118034
0.000333216300567
0.000311052458078
0.000287567353519
0.000275622528454
0.000251952063554
0.000245388987048
0.000236917326586
0.000230680013234
0.000232450449311
0.000240472113931
0.000255636048571
0.000275484131316
0.000301184767441
0.000328970661264
0.000359663623492
0.00038952606485
0.000419689221975
0.000447024423278
0.000472913228847
0.000495122571212
0.000514808525826
0.000530974606992
0.000544889044918
0.00055465026257
0.000562781299665
0.000567857162189
0.000571227249815
0.00057381292701
0.000574396583358
0.000574036485478
0.000572779528476
0.000570912321511
0.000568589219731
0.000566011997983
0.000563257590642
0.000560486480251
0.000557723686559
0.000555105630609
0.000552610910237
0.000550359365735
0.000548287507961
0.000546504452436
0.00054491966148
0.000543598436802
0.000542506150214
0.000541625829536
0.000540999253203
0.00054041674907
0.000540214246639
0.000539962236703
0.000539844729065
0.000539857390842
0.000539940568785
0.000540082473364
0.00054026736338
0.000540479232331
0.000540707632533
0.000540940499782
0.000541172062838
0.000541393404444
0.000541602854178
0.00054179359614
0.000541967450844
0.000542118917231
0.000542251752143
0.000542364548833
0.000542456248161
0.00054253246827
0.000542585466885
0.000542635458158
0.000542654437268
0.000542676253087
0.000542687792726
0.000542687770258
0.000542682091958
0.000542671211634
0.000542656658992
0.000542639529285
0.000542620870323
0.000542601442859
0.000542581980628
0.00054256303355
0.000542545032496
0.000542528374368
0.000542513182901
0.000542499746827
0.000542488020711
0.000542477876901
0.000542469770529
0.000542462709454
0.000542458021659
0.000542453565094
0.000542451541197
0.000542449745558
0.000542448610591
0.000542448571215
0.000542449008519
0.00054244992618
0.000542451169579
0.000542452649009
0.000542454251152
0.000542455921112
0.000542457576473
0.000542459189401
0.000542460704789
0.000542462112819
0.000542463382528
0.000542464515743
0.000542465492654
0.0005424663497
0.00054246702669
0.000542467630509
0.000542468028001
0.000542468400493
0.000542468596988
0.000542468743609
0.000542468851635
0.000542468863309
0.000542468836758
0.000542468768455
0.000542468671734
0.000542468553511
0.000542468423391
0.000542468285147
0.00054246814653
0.000542468009127
0.000542467879279
0.000542467756475
0.000542467646071
0.000542467545144
0.000542467459677
0.000542467382127
0.000542467322434
0.000542467267159
0.000542467231605
0.000542467198501
0.000542467178429
0.000542467166627
0.000542467156479
0.000542467154574
0.000542467156603
0.000542467162387
0.000542467170633
0.000542467180864
0.000542467192036
0.000542467203952
0.000542467215747
0.000542467227471
0.000542467238405
0.000542467248795
0.000542467258033
0.00054246726652
0.000542467273684
0.000542467280162
0.000542467285237
0.000542467289826
0.000542467292906
0.000542467295679
0.000542467297549
0.000542467298494
0.000542467299409
0.000542467299679
0.000542467299571
0.000542467299147
0.000542467298509
0.000542467297697
0.000542467296793
0.000542467295812
0.000542467294827
0.000542467293833
0.000542467292897
0.000542467291996
0.000542467291191
0.000542467290441
0.000542467289808
0.000542467289234
0.000542467288772
0.000542467288371
0.000542467288079
0.000542467287842
0.000542467287656
0.000542467287579
0.000542467287494
0.000542467287463
0.00054246728747
0.000542467287506
0.00054246728756
0.00054246728763
0.000542467287708
0.000542467287793
0.000542467287877
0.000542467287962
0.000542467288041
0.000542467288117
0.000542467288185
0.000542467288247
0.000542467288301
0.000542467288348
0.000542467288388
0.000542467288421
0.000542467288447
0.000542467288466
0.000542467288483
0.000542467288489
0.000542467288497
0.0005424672885
0.0005424672885
0.000542467288498
0.000542467288493
0.000542467288488
0.000542467288482
0.000542467288475
0.000542467288468
0.00054246728846
0.000542467288454
0.000542467288447
0.000542467288441
0.000542467288436
0.000542467288431
0.000542467288427
0.000542467288423
0.00054246728842
0.000542467288418
0.000542467288416
0.000542467288414
0.000542467288414
0.000542467288413
0.000542467288413
0.000542467288413
0.000542467288413
0.000542467288413
0.000542467288414
0.000542467288415
0.000542467288415
0.000542467288416
0.000542467288416
0.000542467288417
0.000542467288417
0.000542467288418
0.000542467288418
0.000542467288419
0.000542467288419
0.000542467288419
0.00054246728842
0.00054246728842
0.00054246728842
0.00054246728842
0.00054246728842
0.00054246728842
0.00054246728842
0.00054246728842
0.00054246728842
0.00054246728842
0.00054246728842
0.00054246728842
0.00054246728842
0.00054246728842
0.00054246728842
0.00054246728842
0.00054246728842
0.00054246728842
0.00054246728842
0.00054246728842
0.00054246728842
0.00054246728842
0.00054246728842
0.00054246728842
0.00054246728842
0.00054246728842
0.00054246728842
0.00054246728842
0.00054246728842
0.00054246728842
0.00054246728842
0.00054246728842
0.00054246728842
0.00054246728842
0.00054246728842
0.00054246728842
0.00054246728842
0.00054246728842
0.00054246728842
0.00054246728842
0.00054246728842
0.00054246728842
0.00054246728842
0.00054246728842
0.00054246728842
0.00054246728842
0.00054246728842
0.00054246728842
0.00054246728842
0.00054246728842
0.00054246728842
0.00054246728842
0.00054246728842
0.00054246728842
0.00054246728842
0.00054246728842
0.00054246728842
0.00054246728842
0.00054246728842
0.00054246728842
0.00054246728842
0.00054246728842
0.00054246728842
0.00054246728842
0.00054246728842
0.00054246728842
0.00054246728842
0.00054246728842
0.00054246728842
0.00054246728842
0.00054246728842
0.00054246728842
0.00054246728842
0.00054246728842
0.00054246728842
0.00054246728842
0.00054246728842
0.00054246728842
0.00054246728842
0.00054246728842
0.00054246728842
0.00054246728842
0.00054246728842
0.00054246728842
0.00054246728842
0.00054246728842
0.00054246728842
0.00054246728842
0.00054246728842
0.00054246728842
0.00054246728842
0.00054246728842
0.00054246728842
0.00054246728842
0.00054246728842
0.00054246728842
0.00054246728842
0.00054246728842
0.00054246728842
0.00054246728842
0.00054246728842
0.00054246728842
0.00054246728842
0.00054246728842
0.00054246728842
0.00054246728842
0.00054246728842
0.00054246728842
0.00054246728842
0.00054246728842
0.00054246728842
0.00054246728842
0.00054246728842
0.00054246728842
0.00054246728842
0.00054246728842
0.00054246728842
0.00054246728842
0.00054246728842
0.00054246728842
0.00054246728842
0.00054246728842
0.00054246728842
0.00054246728842
0.00054246728842
0.00054246728842
0.00054246728842
0.00054246728842
0.00054246728842
0.00054246728842
0.00054246728842
0.00054246728842
0.00054246728842
0.00054246728842
0.00054246728842
0.00054246728842
0.00054246728842
0.00054246728842
0.00054246728842
0.00054246728842
0.00054246728842
0.00054246728842
0.00054246728842
0.00054246728842
0.00054246728842
0.00054246728842
0.00054246728842
0.00054246728842
0.00054246728842
0.00054246728842
0.00054246728842
0.00054246728842
0.00054246728842
0.00054246728842
0.00054246728842
0.00054246728842
0.00054246728842
0.00054246728842
0.00054246728842
0.00054246728842
0.00054246728842
0.00054246728842
0.00054246728842
0.00054246728842
0.00054246728842
0.00054246728842
0.00054246728842
0.00054246728842
0.00054246728842
0.00054246728842
0.00054246728842
0.00054246728842
0.00054246728842
0.00054246728842
0.00054246728842
0.00054246728842
0.00054246728842
0.00054246728842
0.00054246728842
0.00054246728842
0.00054246728842
0.00054246728842
0.00054246728842
0.00054246728842
0.00054246728842
0.00054246728842
0.00054246728842
0.00054246728842
0.00054246728842
0.00054246728842
0.00054246728842
0.00054246728842
0.00054246728842
0.00054246728842
0.00054246728842
0.00054246728842
0.00054246728842
0.00054246728842
0.00054246728842
0.00054246728842
0.00054246728842
0.00054246728842
0.00054246728842
0.00054246728842
0.00054246728842
0.00054246728842
0.00054246728842
0.00054246728842
0.00054246728842
0.00054246728842
0.00054246728842
0.00054246728842
0.00054246728842
0.00054246728842
0.00054246728842
0.00054246728842
0.00054246728842
0.00054246728842
0.00054246728842
0.00054246728842
0.00054246728842
0.00054246728842
0.00054246728842
0.00054246728842
0.00054246728842
0.00054246728842
0.00054246728842
0.00054246728842
0.00054246728842
0.00054246728842
0.00054246728842
0.00054246728842
0.00054246728842
0.00054246728842
0.00054246728842
0.00054246728842
0.00054246728842
0.00054246728842
0.00054246728842
0.00054246728842
0.00054246728842
0.00054246728842
0.00054246728842
0.00054246728842
0.00054246728842
0.00054246728842
0.00054246728842
0.00054246728842
0.00054246728842
0.00054246728842
0.000470888202198
0.000447860311574
0.00041311601833
0.000372259203627
0.000334354041898
0.000300479186372
0.000269702113649
0.000250413989028
0.000222298721613
0.000214916854536
0.000206666281421
0.00020025138627
0.000204417314322
0.000215645795601
0.000231815033127
0.000253509268797
0.000277775386885
0.000304828753402
0.000331600822852
0.000358899056551
0.000384193782857
0.000408987888223
0.000430992252708
0.000452090659954
0.000469916608117
0.000486616983262
0.00049984272753
0.000511590963763
0.00052099256953
0.000528124559443
0.000531717801437
0.000535387722867
0.000537716734765
0.000537975083936
0.000537474876911
0.000536131010053
0.000534222317874
0.000531875646436
0.000529281736902
0.000526535173525
0.000523770162264
0.000521030853716
0.000518428507279
0.000515969705867
0.00051374553317
0.000511722339682
0.000509979367025
0.000508441920246
0.000507200826944
0.000506112808307
0.00050530967516
0.000504665974924
0.000504256604653
0.000503979827351
0.000503751032842
0.000503695330416
0.000503732168758
0.000503828418108
0.000503980179609
0.000504170786811
0.000504386033864
0.000504614996036
0.000504846838565
0.000505074976097
0.000505292283322
0.000505495951818
0.000505681348742
0.000505848633028
0.00050599440751
0.000506121806029
0.000506226478921
0.0005063168963
0.000506385887249
0.0005064400274
0.000506476998319
0.000506499932943
0.000506520344391
0.000506527139034
0.000506525145622
0.000506518326166
0.000506506583782
0.000506491523719
0.00050647414885
0.000506455490698
0.000506436207447
0.000506417028034
0.000506398382902
0.000506380804135
0.000506364518013
0.000506349824357
0.000506336811758
0.000506325490149
0.000506316048462
0.000506307960893
0.00050630168877
0.000506296782316
0.000506293179038
0.000506291318615
0.000506289446225
0.000506288664986
0.000506288806784
0.000506289361294
0.000506290367487
0.000506291661437
0.000506293167767
0.000506294781001
0.000506296446365
0.000506298083882
0.0005062996701
0.000506301148668
0.000506302519802
0.000506303744782
0.000506304837136
0.000506305778011
0.00050630657443
0.000506307245955
0.00050630778177
0.000506308194339
0.000506308515552
0.00050630866746
0.000506308832028
0.000506308914238
0.00050630891045
0.000506308873088
0.000506308796513
0.000506308695092
0.000506308574576
0.000506308443704
0.000506308306435
0.000506308169311
0.000506308034324
0.0005063079069
0.000506307787303
0.000506307679632
0.000506307582684
0.000506307499085
0.000506307427161
0.000506307367861
0.000506307318103
0.000506307281834
0.000506307250978
0.000506307238083
0.00050630722321
0.000506307214686
0.000506307214729
0.000506307217799
0.000506307224263
0.000506307232937
0.000506307243388
0.0005063072547
0.000506307266596
0.000506307278318
0.000506307289843
0.00050630730056
0.00050630731066
0.000506307319619
0.000506307327781
0.000506307334702
0.000506307340782
0.000506307345699
0.000506307349919
0.000506307353006
0.000506307355573
0.000506307356819
0.000506307358065
0.000506307358869
0.000506307358933
0.000506307358732
0.000506307358255
0.000506307357582
0.000506307356751
0.000506307355836
0.000506307354861
0.000506307353883
0.000506307352908
0.000506307351986
0.000506307351109
0.000506307350322
0.0005063073496
0.000506307348985
0.000506307348437
0.000506307348002
0.000506307347615
0.000506307347337
0.000506307347108
0.000506307346982
0.000506307346876
0.0005063073468
0.000506307346789
0.000506307346805
0.000506307346845
0.000506307346903
0.000506307346974
0.000506307347054
0.000506307347138
0.000506307347222
0.000506307347305
0.000506307347383
0.000506307347457
0.000506307347523
0.000506307347583
0.000506307347635
0.00050630734768
0.000506307347717
0.000506307347749
0.000506307347774
0.000506307347792
0.000506307347804
0.000506307347813
0.00050630734782
0.000506307347821
0.00050630734782
0.000506307347818
0.000506307347813
0.000506307347808
0.000506307347801
0.000506307347794
0.000506307347787
0.00050630734778
0.000506307347774
0.000506307347767
0.000506307347761
0.000506307347756
0.000506307347751
0.000506307347747
0.000506307347744
0.000506307347741
0.000506307347739
0.000506307347737
0.000506307347736
0.000506307347735
0.000506307347735
0.000506307347734
0.000506307347735
0.000506307347735
0.000506307347735
0.000506307347736
0.000506307347736
0.000506307347737
0.000506307347737
0.000506307347738
0.000506307347739
0.000506307347739
0.00050630734774
0.00050630734774
0.00050630734774
0.000506307347741
0.000506307347741
0.000506307347741
0.000506307347741
0.000506307347741
0.000506307347742
0.000506307347742
0.000506307347742
0.000506307347742
0.000506307347742
0.000506307347742
0.000506307347742
0.000506307347742
0.000506307347742
0.000506307347741
0.000506307347741
0.000506307347741
0.000506307347741
0.000506307347741
0.000506307347741
0.000506307347741
0.000506307347741
0.000506307347741
0.000506307347741
0.000506307347741
0.000506307347741
0.000506307347741
0.000506307347741
0.000506307347741
0.000506307347741
0.000506307347741
0.000506307347741
0.000506307347741
0.000506307347741
0.000506307347741
0.000506307347741
0.000506307347741
0.000506307347741
0.000506307347741
0.000506307347741
0.000506307347741
0.000506307347741
0.000506307347741
0.000506307347741
0.000506307347741
0.000506307347741
0.000506307347741
0.000506307347741
0.000506307347741
0.000506307347741
0.000506307347741
0.000506307347741
0.000506307347741
0.000506307347741
0.000506307347741
0.000506307347741
0.000506307347741
0.000506307347741
0.000506307347741
0.000506307347741
0.000506307347741
0.000506307347741
0.000506307347741
0.000506307347741
0.000506307347741
0.000506307347741
0.000506307347741
0.000506307347741
0.000506307347741
0.000506307347741
0.000506307347741
0.000506307347741
0.000506307347741
0.000506307347741
0.000506307347741
0.000506307347741
0.000506307347741
0.000506307347741
0.000506307347741
0.000506307347741
0.000506307347741
0.000506307347741
0.000506307347741
0.000506307347741
0.000506307347741
0.000506307347741
0.000506307347741
0.000506307347741
0.000506307347741
0.000506307347741
0.000506307347741
0.000506307347741
0.000506307347741
0.000506307347741
0.000506307347741
0.000506307347741
0.000506307347741
0.000506307347741
0.000506307347741
0.000506307347741
0.000506307347741
0.000506307347741
0.000506307347741
0.000506307347741
0.000506307347741
0.000506307347741
0.000506307347741
0.000506307347741
0.000506307347741
0.000506307347741
0.000506307347741
0.000506307347741
0.000506307347741
0.000506307347741
0.000506307347741
0.000506307347741
0.000506307347741
0.000506307347741
0.000506307347741
0.000506307347741
0.000506307347741
0.000506307347741
0.000506307347741
0.000506307347741
0.000506307347741
0.000506307347741
0.000506307347741
0.000506307347741
0.000506307347741
0.000506307347741
0.000506307347741
0.000506307347741
0.000506307347741
0.000506307347741
0.000506307347741
0.000506307347741
0.000506307347741
0.000506307347741
0.000506307347741
0.000506307347741
0.000506307347741
0.000506307347741
0.000506307347741
0.000506307347741
0.000506307347741
0.000506307347741
0.000506307347741
0.000506307347741
0.000506307347741
0.000506307347741
0.000506307347741
0.000506307347741
0.000506307347741
0.000506307347741
0.000506307347741
0.000506307347741
0.000506307347741
0.000506307347741
0.000506307347741
0.000506307347741
0.000506307347741
0.000506307347741
0.000506307347741
0.000506307347741
0.000506307347741
0.000506307347741
0.000506307347741
0.000506307347741
0.000506307347741
0.000506307347741
0.000506307347741
0.000506307347741
0.000506307347741
0.000506307347741
0.000506307347741
0.000506307347741
0.000506307347741
0.000506307347741
0.000506307347741
0.000506307347741
0.000506307347741
0.000506307347741
0.000506307347741
0.000506307347741
0.000506307347741
0.000506307347741
0.000506307347741
0.000506307347741
0.000506307347741
0.000506307347741
0.000506307347741
0.000506307347741
0.000506307347741
0.000506307347741
0.000506307347741
0.000506307347741
0.000506307347741
0.000506307347741
0.000506307347741
0.000506307347741
0.000506307347741
0.000506307347741
0.000506307347741
0.000506307347741
0.000506307347741
0.000506307347741
0.000506307347741
0.000506307347741
0.000506307347741
0.000506307347741
0.000506307347741
0.000506307347741
0.000506307347741
0.000506307347741
0.000506307347741
0.000506307347741
0.000506307347741
0.000506307347741
0.000506307347741
0.000506307347741
0.000506307347741
0.000506307347741
0.000506307347741
0.000506307347741
0.000506307347741
0.000506307347741
0.000506307347741
0.000506307347741
0.000506307347741
0.000506307347741
0.000506307347741
0.000506307347741
0.000506307347741
0.000506307347741
0.000506307347741
0.000506307347741
0.000506307347741
0.000506307347741
0.000506307347741
0.000506307347741
0.000506307347741
0.000506307347741
0.000506307347741
0.000506307347741
0.000506307347741
0.000506307347741
0.000506307347741
0.000506307347741
0.000506307347741
0.000506307347741
0.000506307347741
0.000506307347741
0.000506307347741
0.000506307347741
0.000461391217965
0.000373398905553
0.000301667553518
0.000244054156482
0.000208990341205
0.000180047155185
0.000173761149336
0.00016758787539
0.000169222469931
0.000180508801045
0.000197261716922
0.000218307289097
0.000241535648028
0.000266167703941
0.000290054568622
0.000313277950379
0.000334447450462
0.000354515338727
0.000372457851474
0.000389536155791
0.000404558087582
0.000418889105318
0.000431034607843
0.000442592646407
0.000451667173692
0.000460381200745
0.000466102255922
0.000472239519135
0.000475101324824
0.000476992439675
0.000478343118447
0.000478400312992
0.00047767173315
0.000476188257537
0.000474252686485
0.000471976401019
0.000469523935075
0.000466978679639
0.000464471003492
0.000462031617829
0.000459730187892
0.000457588374243
0.000455668241913
0.00045396062124
0.000452504866174
0.0004512623404
0.000450261567986
0.000449444094454
0.000448839380461
0.000448321267654
0.000448124379938
0.00044792206517
0.000447810006529
0.000447833266832
0.000447909182324
0.000448037260711
0.000448205604762
0.000448398508267
0.000448605018192
0.000448817368649
0.00044902678083
0.00044922764491
0.000449415392277
0.00044958789684
0.000449743009065
0.000449880349747
0.000449999156901
0.000450100172257
0.000450183633816
0.000450251139683
0.000450302933419
0.000450346420388
0.000450366138547
0.000450382890039
0.000450393646381
0.000450393578925
0.00045038814374
0.000450378463398
0.000450365104224
0.000450349561099
0.000450332605749
0.000450315027259
0.000450297453719
0.000450280390224
0.000450264048631
0.000450248857581
0.000450234949476
0.000450222649132
0.00045021185068
0.000450202776769
0.000450195125458
0.000450189073374
0.000450184306613
0.000450180422415
0.000450178371309
0.000450177003878
0.000450175977559
0.000450175869663
0.000450176328531
0.000450177126235
0.000450178263643
0.000450179593134
0.000450181053497
0.000450182563881
0.000450184078442
0.000450185533253
0.000450186911291
0.000450188172976
0.000450189325202
0.000450190336983
0.000450191232063
0.00045019198064
0.000450192621986
0.000450193125504
0.000450193532834
0.000450193856516
0.00045019405198
0.000450194162348
0.000450194257454
0.000450194278241
0.000450194245825
0.000450194186528
0.000450194096963
0.000450193990331
0.000450193871162
0.000450193746604
0.000450193620345
0.000450193497484
0.000450193378872
0.000450193268135
0.000450193165804
0.00045019307497
0.000450192994499
0.000450192926599
0.000450192868844
0.000450192822756
0.000450192786141
0.000450192757045
0.000450192737217
0.000450192728394
0.00045019271949
0.00045019271683
0.000450192719495
0.000450192724327
0.000450192731902
0.000450192741026
0.000450192751286
0.000450192761977
0.000450192772865
0.000450192783365
0.00045019279342
0.000450192802628
0.000450192811133
0.000450192818586
0.000450192825275
0.00045019283084
0.000450192835709
0.000450192839488
0.000450192842671
0.000450192845035
0.000450192846865
0.000450192847594
0.000450192848392
0.000450192848711
0.000450192848537
0.000450192848183
0.000450192847592
0.00045019284686
0.000450192846026
0.000450192845147
0.000450192844243
0.00045019284336
0.000450192842501
0.000450192841696
0.000450192840944
0.000450192840274
0.000450192839675
0.000450192839169
0.000450192838732
0.000450192838386
0.000450192838098
0.00045019283789
0.000450192837708
0.000450192837648
0.000450192837575
0.00045019283754
0.000450192837554
0.000450192837583
0.000450192837633
0.000450192837695
0.000450192837767
0.000450192837842
0.00045019283792
0.000450192837996
0.000450192838069
0.000450192838136
0.000450192838199
0.000450192838254
0.000450192838303
0.000450192838345
0.000450192838381
0.000450192838411
0.000450192838434
0.000450192838453
0.000450192838468
0.000450192838474
0.00045019283848
0.000450192838483
0.000450192838483
0.000450192838481
0.000450192838477
0.000450192838472
0.000450192838466
0.00045019283846
0.000450192838453
0.000450192838447
0.000450192838441
0.000450192838435
0.000450192838429
0.000450192838424
0.00045019283842
0.000450192838416
0.000450192838413
0.00045019283841
0.000450192838408
0.000450192838407
0.000450192838405
0.000450192838404
0.000450192838404
0.000450192838404
0.000450192838404
0.000450192838404
0.000450192838404
0.000450192838404
0.000450192838405
0.000450192838406
0.000450192838406
0.000450192838407
0.000450192838407
0.000450192838408
0.000450192838408
0.000450192838408
0.000450192838409
0.000450192838409
0.000450192838409
0.00045019283841
0.00045019283841
0.00045019283841
0.00045019283841
0.00045019283841
0.00045019283841
0.00045019283841
0.00045019283841
0.00045019283841
0.00045019283841
0.00045019283841
0.00045019283841
0.00045019283841
0.00045019283841
0.00045019283841
0.00045019283841
0.00045019283841
0.00045019283841
0.00045019283841
0.00045019283841
0.00045019283841
0.00045019283841
0.00045019283841
0.00045019283841
0.00045019283841
0.00045019283841
0.00045019283841
0.00045019283841
0.00045019283841
0.00045019283841
0.00045019283841
0.00045019283841
0.00045019283841
0.00045019283841
0.00045019283841
0.00045019283841
0.00045019283841
0.00045019283841
0.00045019283841
0.00045019283841
0.00045019283841
0.00045019283841
0.00045019283841
0.00045019283841
0.00045019283841
0.00045019283841
0.00045019283841
0.00045019283841
0.00045019283841
0.00045019283841
0.00045019283841
0.00045019283841
0.00045019283841
0.00045019283841
0.00045019283841
0.00045019283841
0.00045019283841
0.00045019283841
0.00045019283841
0.00045019283841
0.00045019283841
0.00045019283841
0.00045019283841
0.00045019283841
0.00045019283841
0.00045019283841
0.00045019283841
0.00045019283841
0.00045019283841
0.00045019283841
0.00045019283841
0.00045019283841
0.00045019283841
0.00045019283841
0.00045019283841
0.00045019283841
0.00045019283841
0.00045019283841
0.00045019283841
0.00045019283841
0.00045019283841
0.00045019283841
0.00045019283841
0.00045019283841
0.00045019283841
0.00045019283841
0.00045019283841
0.00045019283841
0.00045019283841
0.00045019283841
0.00045019283841
0.00045019283841
0.00045019283841
0.00045019283841
0.00045019283841
0.00045019283841
0.00045019283841
0.00045019283841
0.00045019283841
0.00045019283841
0.00045019283841
0.00045019283841
0.00045019283841
0.00045019283841
0.00045019283841
0.00045019283841
0.00045019283841
0.00045019283841
0.00045019283841
0.00045019283841
0.00045019283841
0.00045019283841
0.00045019283841
0.00045019283841
0.00045019283841
0.00045019283841
0.00045019283841
0.00045019283841
0.00045019283841
0.00045019283841
0.00045019283841
0.00045019283841
0.00045019283841
0.00045019283841
0.00045019283841
0.00045019283841
0.00045019283841
0.00045019283841
0.00045019283841
0.00045019283841
0.00045019283841
0.00045019283841
0.00045019283841
0.00045019283841
0.00045019283841
0.00045019283841
0.00045019283841
0.00045019283841
0.00045019283841
0.00045019283841
0.00045019283841
0.00045019283841
0.00045019283841
0.00045019283841
0.00045019283841
0.00045019283841
0.00045019283841
0.00045019283841
0.00045019283841
0.00045019283841
0.00045019283841
0.00045019283841
0.00045019283841
0.00045019283841
0.00045019283841
0.00045019283841
0.00045019283841
0.00045019283841
0.00045019283841
0.00045019283841
0.00045019283841
0.00045019283841
0.00045019283841
0.00045019283841
0.00045019283841
0.00045019283841
0.00045019283841
0.00045019283841
0.00045019283841
0.00045019283841
0.00045019283841
0.00045019283841
0.00045019283841
0.00045019283841
0.00045019283841
0.00045019283841
0.00045019283841
0.00045019283841
0.00045019283841
0.00045019283841
0.00045019283841
0.00045019283841
0.00045019283841
0.00045019283841
0.00045019283841
0.00045019283841
0.00045019283841
0.00045019283841
0.00045019283841
0.00045019283841
0.00045019283841
0.00045019283841
0.00045019283841
0.00045019283841
0.00045019283841
0.00045019283841
0.00045019283841
0.00045019283841
0.00045019283841
0.00045019283841
0.00045019283841
0.00045019283841
0.00045019283841
0.00045019283841
0.00045019283841
0.00045019283841
0.00045019283841
0.00045019283841
0.00045019283841
0.00045019283841
0.00045019283841
0.00045019283841
0.00045019283841
0.00045019283841
0.00045019283841
0.00045019283841
0.00045019283841
0.00045019283841
0.00045019283841
0.00045019283841
0.00045019283841
0.00045019283841
0.00045019283841
0.00045019283841
0.00045019283841
0.00045019283841
0.00045019283841
0.00045019283841
0.00045019283841
0.00045019283841
0.00045019283841
0.00045019283841
0.00045019283841
0.00045019283841
0.00045019283841
0.00045019283841
0.00045019283841
0.00045019283841
0.00045019283841
0.00045019283841
0.00045019283841
0.00045019283841
0.00045019283841
0.00045019283841
0.00045019283841
0.00045019283841
0.00045019283841
0.00045019283841
0.00045019283841
0.00045019283841
0.00045019283841
0.00045019283841
0.00045019283841
0.00045019283841
0.00045019283841
0.000332039097729
0.000201205997516
0.00015997758821
0.000150311732932
0.000154412217535
0.0001655495686
0.000181776459576
0.000201070222006
0.000221304517889
0.000240944698492
0.00025856947733
0.000273897609006
0.000286673709872
0.000297703213327
0.000307143026138
0.000315772787843
0.000323409668122
0.000330680888894
0.000337121031152
0.00034332325856
0.000348651911121
0.00035379328936
0.000357943228863
0.000361963951849
0.000364812301952
0.000367646875081
0.000369072244491
0.000370727774134
0.000370892906976
0.000370950858343
0.000370504059948
0.000369567166752
0.000368356830051
0.00036691187795
0.000365352704078
0.000363732876887
0.000362134154886
0.000360595679117
0.000359173398039
0.000357861683987
0.000356701301759
0.000355698132386
0.000354864430806
0.000354178290501
0.000353639286021
0.00035321944831
0.000352914783281
0.000352703080812
0.000352557827825
0.00035252157616
0.000352504502803
0.000352537986948
0.000352603206581
0.000352697846508
0.000352809301327
0.000352929990617
0.000353055432111
0.000353181571289
0.000353303583645
0.000353419231762
0.000353525473906
0.000353621857121
0.000353708031642
0.000353783841111
0.000353849117624
0.000353903899252
0.000353948812585
0.000353983858591
0.000354010958
0.000354028816292
0.000354043023452
0.000354046039968
0.000354048099254
0.00035404546345
0.000354039643404
0.00035403131053
0.000354021282175
0.000354010297987
0.000353998799404
0.000353987200124
0.000353975859583
0.000353965080404
0.000353955054237
0.000353945882011
0.000353937625897
0.000353930496427
0.000353924405803
0.000353919441788
0.000353915341363
0.000353912268781
0.000353909753965
0.000353908272414
0.000353906815726
0.0003539065641
0.000353906315627
0.000353906402235
0.00035390682011
0.000353907425618
0.000353908190633
0.000353909032087
0.000353909922555
0.000353910823981
0.000353911709803
0.00035391255123
0.000353913335879
0.000353914045108
0.000353914686808
0.000353915248055
0.000353915741005
0.000353916149307
0.000353916496508
0.000353916758152
0.000353916978709
0.000353917107274
0.000353917238128
0.000353917259898
0.000353917284079
0.000353917276192
0.000353917237781
0.000353917183467
0.000353917113996
0.000353917037167
0.000353916955611
0.000353916872913
0.000353916791049
0.000353916712942
0.000353916639554
0.000353916572486
0.000353916511423
0.000353916458332
0.00035391641263
0.000353916375129
0.000353916344009
0.000353916320276
0.000353916301034
0.00035391628875
0.000353916277961
0.000353916274278
0.000353916272258
0.000353916272167
0.000353916274781
0.000353916278653
0.000353916283909
0.000353916289775
0.000353916296064
0.000353916302475
0.000353916308868
0.00035391631496
0.000353916320712
0.000353916325908
0.000353916330647
0.000353916334794
0.000353916338479
0.000353916341532
0.000353916344169
0.000353916346161
0.000353916347869
0.000353916348896
0.000353916349916
0.000353916350187
0.000353916350393
0.00035391635041
0.000353916350169
0.000353916349822
0.000353916349347
0.000353916348813
0.000353916348237
0.000353916347648
0.000353916347058
0.000353916346493
0.000353916345957
0.000353916345467
0.000353916345017
0.000353916344622
0.00035391634428
0.000353916343997
0.000353916343761
0.000353916343579
0.000353916343432
0.000353916343331
0.000353916343253
0.000353916343209
0.000353916343195
0.000353916343191
0.000353916343205
0.000353916343229
0.000353916343265
0.000353916343305
0.00035391634335
0.000353916343395
0.000353916343441
0.000353916343485
0.000353916343527
0.000353916343566
0.0003539163436
0.000353916343631
0.000353916343658
0.000353916343681
0.000353916343701
0.000353916343717
0.000353916343729
0.000353916343738
0.000353916343745
0.000353916343749
0.00035391634375
0.000353916343751
0.000353916343749
0.000353916343747
0.000353916343744
0.00035391634374
0.000353916343736
0.000353916343732
0.000353916343728
0.000353916343724
0.00035391634372
0.000353916343716
0.000353916343713
0.00035391634371
0.000353916343707
0.000353916343705
0.000353916343703
0.000353916343702
0.000353916343701
0.0003539163437
0.000353916343699
0.000353916343699
0.000353916343699
0.000353916343699
0.000353916343699
0.000353916343699
0.000353916343699
0.0003539163437
0.0003539163437
0.0003539163437
0.000353916343701
0.000353916343701
0.000353916343701
0.000353916343702
0.000353916343702
0.000353916343702
0.000353916343702
0.000353916343702
0.000353916343703
0.000353916343703
0.000353916343703
0.000353916343703
0.000353916343703
0.000353916343703
0.000353916343703
0.000353916343703
0.000353916343703
0.000353916343703
0.000353916343703
0.000353916343703
0.000353916343703
0.000353916343703
0.000353916343703
0.000353916343703
0.000353916343703
0.000353916343703
0.000353916343703
0.000353916343703
0.000353916343703
0.000353916343703
0.000353916343703
0.000353916343703
0.000353916343703
0.000353916343703
0.000353916343703
0.000353916343703
0.000353916343703
0.000353916343703
0.000353916343703
0.000353916343703
0.000353916343703
0.000353916343703
0.000353916343703
0.000353916343703
0.000353916343703
0.000353916343703
0.000353916343703
0.000353916343703
0.000353916343703
0.000353916343703
0.000353916343703
0.000353916343703
0.000353916343703
0.000353916343703
0.000353916343703
0.000353916343703
0.000353916343703
0.000353916343703
0.000353916343703
0.000353916343703
0.000353916343703
0.000353916343703
0.000353916343703
0.000353916343703
0.000353916343703
0.000353916343703
0.000353916343703
0.000353916343703
0.000353916343703
0.000353916343703
0.000353916343703
0.000353916343703
0.000353916343703
0.000353916343703
0.000353916343703
0.000353916343703
0.000353916343703
0.000353916343703
0.000353916343703
0.000353916343703
0.000353916343703
0.000353916343703
0.000353916343703
0.000353916343703
0.000353916343703
0.000353916343703
0.000353916343703
0.000353916343703
0.000353916343703
0.000353916343703
0.000353916343703
0.000353916343703
0.000353916343703
0.000353916343703
0.000353916343703
0.000353916343703
0.000353916343703
0.000353916343703
0.000353916343703
0.000353916343703
0.000353916343703
0.000353916343703
0.000353916343703
0.000353916343703
0.000353916343703
0.000353916343703
0.000353916343703
0.000353916343703
0.000353916343703
0.000353916343703
0.000353916343703
0.000353916343703
0.000353916343703
0.000353916343703
0.000353916343703
0.000353916343703
0.000353916343703
0.000353916343703
0.000353916343703
0.000353916343703
0.000353916343703
0.000353916343703
0.000353916343703
0.000353916343703
0.000353916343703
0.000353916343703
0.000353916343703
0.000353916343703
0.000353916343703
0.000353916343703
0.000353916343703
0.000353916343703
0.000353916343703
0.000353916343703
0.000353916343703
0.000353916343703
0.000353916343703
0.000353916343703
0.000353916343703
0.000353916343703
0.000353916343703
0.000353916343703
0.000353916343703
0.000353916343703
0.000353916343703
0.000353916343703
0.000353916343703
0.000353916343703
0.000353916343703
0.000353916343703
0.000353916343703
0.000353916343703
0.000353916343703
0.000353916343703
0.000353916343703
0.000353916343703
0.000353916343703
0.000353916343703
0.000353916343703
0.000353916343703
0.000353916343703
0.000353916343703
0.000353916343703
0.000353916343703
0.000353916343703
0.000353916343703
0.000353916343703
0.000353916343703
0.000353916343703
0.000353916343703
0.000353916343703
0.000353916343703
0.000353916343703
0.000353916343703
0.000353916343703
0.000353916343703
0.000353916343703
0.000353916343703
0.000353916343703
0.000353916343703
0.000353916343703
0.000353916343703
0.000353916343703
0.000353916343703
0.000353916343703
0.000353916343703
0.000353916343703
0.000353916343703
0.000353916343703
0.000353916343703
0.000353916343703
0.000353916343703
0.000353916343703
0.000353916343703
0.000353916343703
0.000353916343703
0.000353916343703
0.000353916343703
0.000353916343703
0.000353916343703
0.000353916343703
0.000353916343703
0.000353916343703
0.000353916343703
0.000353916343703
0.000353916343703
0.000353916343703
0.000353916343703
0.000353916343703
0.000353916343703
0.000353916343703
0.000353916343703
0.000353916343703
0.000353916343703
0.000353916343703
0.000353916343703
0.000353916343703
0.000353916343703
0.000353916343703
0.000353916343703
0.000353916343703
0.000353916343703
0.000353916343703
0.000353916343703
0.000353916343703
0.000353916343703
0.000353916343703
0.000353916343703
0.000353916343703
0.000353916343703
0.000353916343703
0.000353916343703
0.000353916343703
0.000353916343703
0.000353916343703
0.000353916343703
0.000353916343703
0.000353916343703
0.000353916343703
0.000353916343703
0.000353916343703
0.000353916343703
0.000353916343703
0.000353916343703
0.000353916343703
0.000353916343703
0.000353916343703
0.000353916343703
0.000353916343703
0.000353916343703
0.000353916343703
0.000353916343703
0.000353916343703
0.000353916343703
0.000353916343703
0.000353916343703
0.000353916343703
0.000353916343703
0.000353916343703
0.000353916343703
0.000353916343703
0.000353916343703
0.000353916343703
0.000353916343703
0.000353916343703
0.000353916343703
0.000132808155535
0.00016518654507
0.000181207506734
0.000187433137995
0.000188125246403
0.000187614499716
0.000186465746152
0.000185479212084
0.000184888386559
0.000184800195902
0.000184902739769
0.000185165752674
0.000185517646639
0.000185868434969
0.000186187632026
0.00018649679894
0.000186781397242
0.000187077282676
0.000187362475591
0.000187671004795
0.000187966276163
0.000188284720732
0.000188577236999
0.000188888464426
0.000189158193455
0.000189439058759
0.000189668436744
0.000189891087366
0.000190070911047
0.000190218922392
0.000190335463926
0.000190417867695
0.000190469924192
0.000190496908745
0.000190495477223
0.000190483415202
0.000190455438111
0.000190413637726
0.000190366372774
0.000190313874055
0.00019025867822
0.000190203015492
0.000190149781923
0.000190100130528
0.000190055433087
0.000190015900191
0.000189981538661
0.000189952813211
0.000189928199284
0.000189909017687
0.000189893652985
0.000189882075475
0.000189873617693
0.000189868144668
0.000189864976209
0.000189864208311
0.000189864769799
0.000189866384878
0.000189869341931
0.000189872978801
0.00018987696844
0.000189881098608
0.000189885242918
0.000189889307284
0.00018989322987
0.000189896919034
0.000189900366042
0.000189903453684
0.000189906268713
0.000189908634705
0.000189910751581
0.000189912434403
0.000189913814295
0.000189914893149
0.000189915697712
0.000189916256702
0.000189916595192
0.000189916759995
0.000189916744937
0.000189916657833
0.000189916461922
0.00018991618181
0.000189915859399
0.000189915506801
0.000189915129018
0.000189914749228
0.000189914375584
0.000189914030628
0.000189913707368
0.000189913429131
0.000189913171979
0.000189912967055
0.000189912779378
0.000189912634426
0.000189912518889
0.000189912427301
0.000189912360509
0.000189912314758
0.000189912287685
0.000189912276514
0.00018991227882
0.000189912287699
0.000189912306425
0.000189912331126
0.000189912359326
0.000189912388643
0.000189912418606
0.000189912447777
0.000189912476512
0.000189912503138
0.000189912528773
0.000189912551109
0.000189912572428
0.000189912589615
0.00018991260576
0.00018991261846
0.000189912628806
0.000189912637211
0.000189912643452
0.000189912647954
0.000189912650732
0.000189912652324
0.000189912652416
0.000189912651973
0.000189912650821
0.000189912648941
0.000189912646699
0.000189912644247
0.000189912641583
0.000189912638869
0.000189912636171
0.000189912633652
0.000189912631286
0.000189912629219
0.000189912627326
0.000189912625774
0.000189912624386
0.000189912623274
0.000189912622396
0.000189912621686
0.000189912621167
0.000189912620797
0.000189912620574
0.000189912620456
0.00018991262046
0.000189912620507
0.000189912620618
0.000189912620785
0.000189912620983
0.00018991262119
0.000189912621404
0.000189912621613
0.000189912621821
0.000189912622014
0.000189912622202
0.000189912622365
0.000189912622523
0.000189912622651
0.000189912622771
0.000189912622867
0.000189912622945
0.00018991262301
0.000189912623058
0.000189912623094
0.000189912623117
0.00018991262313
0.000189912623134
0.000189912623132
0.000189912623125
0.000189912623112
0.000189912623097
0.00018991262308
0.000189912623061
0.000189912623042
0.000189912623023
0.000189912623004
0.000189912622987
0.000189912622972
0.000189912622958
0.000189912622946
0.000189912622936
0.000189912622927
0.000189912622921
0.000189912622915
0.000189912622911
0.000189912622908
0.000189912622906
0.000189912622905
0.000189912622905
0.000189912622905
0.000189912622906
0.000189912622907
0.000189912622908
0.00018991262291
0.000189912622911
0.000189912622913
0.000189912622914
0.000189912622916
0.000189912622917
0.000189912622918
0.00018991262292
0.000189912622921
0.000189912622921
0.000189912622922
0.000189912622923
0.000189912622923
0.000189912622924
0.000189912622924
0.000189912622924
0.000189912622924
0.000189912622924
0.000189912622924
0.000189912622924
0.000189912622924
0.000189912622924
0.000189912622924
0.000189912622924
0.000189912622924
0.000189912622923
0.000189912622923
0.000189912622923
0.000189912622923
0.000189912622923
0.000189912622923
0.000189912622923
0.000189912622923
0.000189912622923
0.000189912622923
0.000189912622923
0.000189912622923
0.000189912622923
0.000189912622923
0.000189912622923
0.000189912622923
0.000189912622923
0.000189912622923
0.000189912622923
0.000189912622923
0.000189912622923
0.000189912622923
0.000189912622923
0.000189912622923
0.000189912622923
0.000189912622923
0.000189912622923
0.000189912622923
0.000189912622923
0.000189912622923
0.000189912622923
0.000189912622923
0.000189912622923
0.000189912622923
0.000189912622923
0.000189912622923
0.000189912622923
0.000189912622923
0.000189912622923
0.000189912622923
0.000189912622923
0.000189912622923
0.000189912622923
0.000189912622923
0.000189912622923
0.000189912622923
0.000189912622923
0.000189912622923
0.000189912622923
0.000189912622923
0.000189912622923
0.000189912622923
0.000189912622923
0.000189912622923
0.000189912622923
0.000189912622923
0.000189912622923
0.000189912622923
0.000189912622923
0.000189912622923
0.000189912622923
0.000189912622923
0.000189912622923
0.000189912622923
0.000189912622923
0.000189912622923
0.000189912622923
0.000189912622923
0.000189912622923
0.000189912622923
0.000189912622923
0.000189912622923
0.000189912622923
0.000189912622923
0.000189912622923
0.000189912622923
0.000189912622923
0.000189912622923
0.000189912622923
0.000189912622923
0.000189912622923
0.000189912622923
0.000189912622923
0.000189912622923
0.000189912622923
0.000189912622923
0.000189912622923
0.000189912622923
0.000189912622923
0.000189912622923
0.000189912622923
0.000189912622923
0.000189912622923
0.000189912622923
0.000189912622923
0.000189912622923
0.000189912622923
0.000189912622923
0.000189912622923
0.000189912622923
0.000189912622923
0.000189912622923
0.000189912622923
0.000189912622923
0.000189912622923
0.000189912622923
0.000189912622923
0.000189912622923
0.000189912622923
0.000189912622923
0.000189912622923
0.000189912622923
0.000189912622923
0.000189912622923
0.000189912622923
0.000189912622923
0.000189912622923
0.000189912622923
0.000189912622923
0.000189912622923
0.000189912622923
0.000189912622923
0.000189912622923
0.000189912622923
0.000189912622923
0.000189912622923
0.000189912622923
0.000189912622923
0.000189912622923
0.000189912622923
0.000189912622923
0.000189912622923
0.000189912622923
0.000189912622923
0.000189912622923
0.000189912622923
0.000189912622923
0.000189912622923
0.000189912622923
0.000189912622923
0.000189912622923
0.000189912622923
0.000189912622923
0.000189912622923
0.000189912622923
0.000189912622923
0.000189912622923
0.000189912622923
0.000189912622923
0.000189912622923
0.000189912622923
0.000189912622923
0.000189912622923
0.000189912622923
0.000189912622923
0.000189912622923
0.000189912622923
0.000189912622923
0.000189912622923
0.000189912622923
0.000189912622923
0.000189912622923
0.000189912622923
0.000189912622923
0.000189912622923
0.000189912622923
0.000189912622923
0.000189912622923
0.000189912622923
0.000189912622923
0.000189912622923
0.000189912622923
0.000189912622923
0.000189912622923
0.000189912622923
0.000189912622923
0.000189912622923
0.000189912622923
0.000189912622923
0.000189912622923
0.000189912622923
0.000189912622923
0.000189912622923
0.000189912622923
0.000189912622923
0.000189912622923
0.000189912622923
0.000189912622923
0.000189912622923
0.000189912622923
0.000189912622923
0.000189912622923
0.000189912622923
0.000189912622923
0.000189912622923
0.000189912622923
0.000189912622923
0.000189912622923
0.000189912622923
0.000189912622923
0.000189912622923
0.000189912622923
0.000189912622923
0.000189912622923
0.000189912622923
0.000189912622923
0.000189912622923
0.000189912622923
0.000189912622923
0.000189912622923
0.000189912622923
0.000189912622923
0.000189912622923
0.000189912622923
0.000189912622923
0.000189912622923
0.000189912622923
0.000189912622923
0.000189912622923
0.000189912622923
0.000189912622923
0.000189912622923
0.000189912622923
0.000189912622923
0.000189912622923
0.000189912622923
0.000189912622923
0.000189912622923
0.000189912622923
0.000189912622923
0.000189912622923
0.000189912622923
0.000189912622923
0.000189912622923
0.000189912622923
0.000189912622923
0.000189912622923
0.000189912622923
0.000189912622923
0.000189912622923
0.000189912622923
0.000189912622923
0.000189912622923
0.000189912622923
0.000189912622923
0.000189912622923
0.000189912622923
0.000189912622923
0.000189912622923
0.000189912622923
0.000189912622923
0.000189912622923
0.000189912622923
0.000189912622923
0.000189912622923
0.000189912622923
0.000189912622923
0.000189912622923
0.000189912622923
0.000189912622923
0.000189912622923
0.000189912622923
0.000189912622923
0.000189912622923
0.000189912622923
0.000189912622923
0.000189912622923
0.000189912622923
0.000189912622923
0.000189912622923
0.000189912622923
0.000189912622923
0.000189912622923
0.000189912622923
0.000189912622923
0.000189912622923
0.000189912622923
0.000189912622923
0.000189912622923
0.000189912622923
0.000189912622923
0.000189912622923
)
;

boundaryField
{
    inlet
    {
        type            calculated;
        value           uniform 0.000469574275275;
    }
    outlet
    {
        type            calculated;
        value           nonuniform List<scalar> 6(0.000564865745303 0.00054246728842 0.000506307347741 0.00045019283841 0.000353916343703 0.000189912622923);
    }
    walls
    {
        type            nutkWallFunction;
        blending        stepwise;
        value           nonuniform List<scalar> 
500
(
1.00719323255e-05
1.489273987e-05
1.72275329224e-05
1.81270879731e-05
1.82267356256e-05
1.81533753615e-05
1.79873916454e-05
1.78451893578e-05
1.77598826052e-05
1.77471496747e-05
1.77619610253e-05
1.77999397095e-05
1.7850742357e-05
1.7901371672e-05
1.7947429908e-05
1.79920304761e-05
1.80330777639e-05
1.80757438525e-05
1.81168593083e-05
1.81613293898e-05
1.82038791197e-05
1.82497578868e-05
1.82918917172e-05
1.83367108172e-05
1.83755456176e-05
1.84159756925e-05
1.8448988142e-05
1.84810271284e-05
1.85068996323e-05
1.85281925459e-05
1.85449566098e-05
1.85568092323e-05
1.85642964636e-05
1.85681775127e-05
1.85679716262e-05
1.85662368154e-05
1.8562212974e-05
1.8556200828e-05
1.85494024952e-05
1.85418510941e-05
1.85339114317e-05
1.85259042884e-05
1.8518246281e-05
1.85111033276e-05
1.85046728412e-05
1.8498985189e-05
1.84940414163e-05
1.84899084415e-05
1.84863669581e-05
1.84836070416e-05
1.84813962858e-05
1.84797304354e-05
1.84785134637e-05
1.84777259581e-05
1.84772700518e-05
1.84771595595e-05
1.84772403516e-05
1.84774727438e-05
1.84778982308e-05
1.84784215346e-05
1.84789955961e-05
1.84795898765e-05
1.84801861899e-05
1.84807709985e-05
1.84813354055e-05
1.84818662245e-05
1.84823621994e-05
1.84828064658e-05
1.84832115063e-05
1.84835519363e-05
1.8483856522e-05
1.84840986536e-05
1.84842971982e-05
1.8484452428e-05
1.84845681918e-05
1.84846486212e-05
1.84846973245e-05
1.8484721037e-05
1.84847188704e-05
1.84847063375e-05
1.84846781491e-05
1.84846378456e-05
1.84845914558e-05
1.84845407227e-05
1.84844863657e-05
1.84844317201e-05
1.84843779587e-05
1.8484328325e-05
1.84842818131e-05
1.84842417792e-05
1.84842047792e-05
1.84841752938e-05
1.84841482901e-05
1.84841274338e-05
1.84841108099e-05
1.84840976317e-05
1.84840880214e-05
1.84840814386e-05
1.84840775432e-05
1.84840759359e-05
1.84840762677e-05
1.84840775452e-05
1.84840802396e-05
1.84840837937e-05
1.84840878512e-05
1.84840920695e-05
1.84840963806e-05
1.8484100578e-05
1.84841047124e-05
1.84841085435e-05
1.8484112232e-05
1.84841154458e-05
1.84841185133e-05
1.84841209862e-05
1.84841233092e-05
1.84841251365e-05
1.84841266251e-05
1.84841278345e-05
1.84841287325e-05
1.84841293803e-05
1.84841297799e-05
1.84841300091e-05
1.84841300222e-05
1.84841299585e-05
1.84841297927e-05
1.84841295223e-05
1.84841291996e-05
1.84841288468e-05
1.84841284635e-05
1.8484128073e-05
1.84841276848e-05
1.84841273223e-05
1.84841269819e-05
1.84841266845e-05
1.84841264122e-05
1.84841261888e-05
1.84841259892e-05
1.84841258292e-05
1.84841257028e-05
1.84841256006e-05
1.8484125526e-05
1.84841254727e-05
1.84841254407e-05
1.84841254237e-05
1.84841254243e-05
1.8484125431e-05
1.84841254471e-05
1.84841254711e-05
1.84841254995e-05
1.84841255293e-05
1.84841255602e-05
1.84841255902e-05
1.84841256202e-05
1.84841256479e-05
1.84841256749e-05
1.84841256984e-05
1.84841257211e-05
1.84841257395e-05
1.84841257568e-05
1.84841257706e-05
1.84841257818e-05
1.84841257912e-05
1.84841257981e-05
1.84841258032e-05
1.84841258065e-05
1.84841258085e-05
1.8484125809e-05
1.84841258087e-05
1.84841258077e-05
1.84841258059e-05
1.84841258037e-05
1.84841258013e-05
1.84841257986e-05
1.84841257958e-05
1.8484125793e-05
1.84841257904e-05
1.84841257879e-05
1.84841257857e-05
1.84841257837e-05
1.8484125782e-05
1.84841257805e-05
1.84841257793e-05
1.84841257783e-05
1.84841257775e-05
1.8484125777e-05
1.84841257765e-05
1.84841257763e-05
1.84841257761e-05
1.84841257761e-05
1.84841257761e-05
1.84841257762e-05
1.84841257764e-05
1.84841257766e-05
1.84841257768e-05
1.8484125777e-05
1.84841257772e-05
1.84841257774e-05
1.84841257776e-05
1.84841257778e-05
1.8484125778e-05
1.84841257782e-05
1.84841257783e-05
1.84841257784e-05
1.84841257785e-05
1.84841257786e-05
1.84841257787e-05
1.84841257787e-05
1.84841257788e-05
1.84841257788e-05
1.84841257788e-05
1.84841257788e-05
1.84841257788e-05
1.84841257788e-05
1.84841257788e-05
1.84841257788e-05
1.84841257788e-05
1.84841257788e-05
1.84841257788e-05
1.84841257787e-05
1.84841257787e-05
1.84841257787e-05
1.84841257787e-05
1.84841257787e-05
1.84841257786e-05
1.84841257786e-05
1.84841257786e-05
1.84841257786e-05
1.84841257786e-05
1.84841257786e-05
1.84841257786e-05
1.84841257786e-05
1.84841257786e-05
1.84841257786e-05
1.84841257786e-05
1.84841257786e-05
1.84841257786e-05
1.84841257786e-05
1.84841257786e-05
1.84841257786e-05
1.84841257786e-05
1.84841257786e-05
1.84841257786e-05
1.84841257786e-05
1.84841257786e-05
1.84841257786e-05
1.84841257786e-05
1.84841257786e-05
1.84841257786e-05
1.84841257786e-05
1.84841257786e-05
1.84841257786e-05
1.84841257786e-05
1.84841257786e-05
1.84841257786e-05
1.84841257786e-05
1.84841257786e-05
1.84841257786e-05
1.84841257786e-05
1.84841257786e-05
1.84841257786e-05
1.84841257786e-05
1.84841257786e-05
1.84841257786e-05
1.84841257786e-05
1.84841257786e-05
1.84841257786e-05
1.84841257786e-05
1.84841257786e-05
1.84841257786e-05
1.84841257786e-05
1.84841257786e-05
1.84841257786e-05
1.84841257786e-05
1.84841257786e-05
1.84841257786e-05
1.84841257786e-05
1.84841257786e-05
1.84841257786e-05
1.84841257786e-05
1.84841257786e-05
1.84841257786e-05
1.84841257786e-05
1.84841257786e-05
1.84841257786e-05
1.84841257786e-05
1.84841257786e-05
1.84841257786e-05
1.84841257786e-05
1.84841257786e-05
1.84841257786e-05
1.84841257786e-05
1.84841257786e-05
1.84841257786e-05
1.84841257786e-05
1.84841257786e-05
1.84841257786e-05
1.84841257786e-05
1.84841257786e-05
1.84841257786e-05
1.84841257786e-05
1.84841257786e-05
1.84841257786e-05
1.84841257786e-05
1.84841257786e-05
1.84841257786e-05
1.84841257786e-05
1.84841257786e-05
1.84841257786e-05
1.84841257786e-05
1.84841257786e-05
1.84841257786e-05
1.84841257786e-05
1.84841257786e-05
1.84841257786e-05
1.84841257786e-05
1.84841257786e-05
1.84841257786e-05
1.84841257786e-05
1.84841257786e-05
1.84841257786e-05
1.84841257786e-05
1.84841257786e-05
1.84841257786e-05
1.84841257786e-05
1.84841257786e-05
1.84841257786e-05
1.84841257786e-05
1.84841257786e-05
1.84841257786e-05
1.84841257786e-05
1.84841257786e-05
1.84841257786e-05
1.84841257786e-05
1.84841257786e-05
1.84841257786e-05
1.84841257786e-05
1.84841257786e-05
1.84841257786e-05
1.84841257786e-05
1.84841257786e-05
1.84841257786e-05
1.84841257786e-05
1.84841257786e-05
1.84841257786e-05
1.84841257786e-05
1.84841257786e-05
1.84841257786e-05
1.84841257786e-05
1.84841257786e-05
1.84841257786e-05
1.84841257786e-05
1.84841257786e-05
1.84841257786e-05
1.84841257786e-05
1.84841257786e-05
1.84841257786e-05
1.84841257786e-05
1.84841257786e-05
1.84841257786e-05
1.84841257786e-05
1.84841257786e-05
1.84841257786e-05
1.84841257786e-05
1.84841257786e-05
1.84841257786e-05
1.84841257786e-05
1.84841257786e-05
1.84841257786e-05
1.84841257786e-05
1.84841257786e-05
1.84841257786e-05
1.84841257786e-05
1.84841257786e-05
1.84841257786e-05
1.84841257786e-05
1.84841257786e-05
1.84841257786e-05
1.84841257786e-05
1.84841257786e-05
1.84841257786e-05
1.84841257786e-05
1.84841257786e-05
1.84841257786e-05
1.84841257786e-05
1.84841257786e-05
1.84841257786e-05
1.84841257786e-05
1.84841257786e-05
1.84841257786e-05
1.84841257786e-05
1.84841257786e-05
1.84841257786e-05
1.84841257786e-05
1.84841257786e-05
1.84841257786e-05
1.84841257786e-05
1.84841257786e-05
1.84841257786e-05
1.84841257786e-05
1.84841257786e-05
1.84841257786e-05
1.84841257786e-05
1.84841257786e-05
1.84841257786e-05
1.84841257786e-05
1.84841257786e-05
1.84841257786e-05
1.84841257786e-05
1.84841257786e-05
1.84841257786e-05
1.84841257786e-05
1.84841257786e-05
1.84841257786e-05
1.84841257786e-05
1.84841257786e-05
1.84841257786e-05
1.84841257786e-05
1.84841257786e-05
1.84841257786e-05
1.84841257786e-05
1.84841257786e-05
1.84841257786e-05
1.84841257786e-05
1.84841257786e-05
1.84841257786e-05
1.84841257786e-05
1.84841257786e-05
1.84841257786e-05
1.84841257786e-05
1.84841257786e-05
1.84841257786e-05
1.84841257786e-05
1.84841257786e-05
1.84841257786e-05
1.84841257786e-05
1.84841257786e-05
1.84841257786e-05
1.84841257786e-05
1.84841257786e-05
1.84841257786e-05
1.84841257786e-05
1.84841257786e-05
1.84841257786e-05
1.84841257786e-05
1.84841257786e-05
1.84841257786e-05
1.84841257786e-05
1.84841257786e-05
1.84841257786e-05
1.84841257786e-05
1.84841257786e-05
1.84841257786e-05
1.84841257786e-05
1.84841257786e-05
1.84841257786e-05
1.84841257786e-05
1.84841257786e-05
1.84841257786e-05
1.84841257786e-05
1.84841257786e-05
1.84841257786e-05
1.84841257786e-05
1.84841257786e-05
1.84841257786e-05
1.84841257786e-05
1.84841257786e-05
1.84841257786e-05
1.84841257786e-05
1.84841257786e-05
1.84841257786e-05
1.84841257786e-05
1.84841257786e-05
1.84841257786e-05
1.84841257786e-05
1.84841257786e-05
1.84841257786e-05
1.84841257786e-05
1.84841257786e-05
1.84841257786e-05
1.84841257786e-05
1.84841257786e-05
1.84841257786e-05
1.84841257786e-05
1.84841257786e-05
1.84841257786e-05
1.84841257786e-05
1.84841257786e-05
1.84841257786e-05
1.84841257786e-05
1.84841257786e-05
1.84841257786e-05
1.84841257786e-05
1.84841257786e-05
1.84841257786e-05
1.84841257786e-05
1.84841257786e-05
1.84841257786e-05
1.84841257786e-05
1.84841257786e-05
1.84841257786e-05
)
;
    }
    wedge1
    {
        type            wedge;
    }
    wedge2
    {
        type            wedge;
    }
    defaultFaces
    {
        type            empty;
    }
}


// ************************************************************************* //
