/*--------------------------------*- C++ -*----------------------------------*\
| =========                 |                                                 |
| \\      /  F ield         | OpenFOAM: The Open Source CFD Toolbox           |
|  \\    /   O peration     | Version:  2606                                  |
|   \\  /    A nd           | Website:  www.openfoam.com                      |
|    \\/     M anipulation  |                                                 |
\*---------------------------------------------------------------------------*/
FoamFile
{
    version     2.0;
    format      ascii;
    arch        "LSB;label=32;scalar=64";
    class       volVectorField;
    location    "3600";
    object      wallShearStress;
}
// * * * * * * * * * * * * * * * * * * * * * * * * * * * * * * * * * * * * * //

dimensions      [0 2 -2 0 0 0 0];

internalField   uniform (0 0 0);

boundaryField
{
    inlet
    {
        type            calculated;
        value           uniform (0 0 0);
    }
    bottom
    {
        type            calculated;
        value           nonuniform List<vector> 
622
(
(-1.63387 0 -0.0133489)
(-1.62824 0 -1.89325e-05)
(-1.5232 0 3.29194e-05)
(-1.44952 0 0.000518023)
(-1.40357 0 0.000967861)
(-1.37346 0 0.00121737)
(-1.35263 0 0.00138281)
(-1.33758 0 0.0014993)
(-1.32647 0 0.00158156)
(-1.31817 0 0.00164407)
(-1.31191 0 0.00168894)
(-1.30709 0 0.00172239)
(-1.30328 0 0.00174777)
(-1.30019 0 0.00176758)
(-1.29762 0 0.00178322)
(-1.29542 0 0.00179578)
(-1.29347 0 0.00180618)
(-1.29171 0 0.00181508)
(-1.29009 0 0.00182289)
(-1.28858 0 0.00182999)
(-1.28716 0 0.00183641)
(-1.28581 0 0.00184225)
(-1.28452 0 0.00184768)
(-1.28329 0 0.00185283)
(-1.2821 0 0.0018577)
(-1.28096 0 0.00186231)
(-1.27986 0 0.00186671)
(-1.2788 0 0.00187091)
(-1.27778 0 0.00187489)
(-1.2768 0 0.00187864)
(-1.27583 0 0.00188219)
(-1.27489 0 0.00188564)
(-1.27396 0 0.00188904)
(-1.27307 0 0.00189232)
(-1.27218 0 0.00189544)
(-1.27131 0 0.00189849)
(-1.27046 0 0.00190154)
(-1.26962 0 0.00190457)
(-1.26881 0 0.00190754)
(-1.26803 0 0.00191043)
(-1.26727 0 0.00191324)
(-1.26653 0 0.00191595)
(-1.26583 0 0.00191858)
(-1.26515 0 0.00192106)
(-1.26449 0 0.00192339)
(-1.26384 0 0.00192566)
(-1.26321 0 0.0019279)
(-1.26259 0 0.00193013)
(-1.26199 0 0.0019323)
(-1.26142 0 0.00193441)
(-1.26086 0 0.00193645)
(-1.26033 0 0.0019384)
(-1.25981 0 0.00194028)
(-1.2593 0 0.00194209)
(-1.25882 0 0.00194384)
(-1.25835 0 0.00194553)
(-1.25789 0 0.00194718)
(-1.25744 0 0.00194877)
(-1.25701 0 0.00195032)
(-1.25659 0 0.00195181)
(-1.25619 0 0.00195326)
(-1.25579 0 0.00195467)
(-1.25541 0 0.00195604)
(-1.25504 0 0.00195736)
(-1.25468 0 0.00195864)
(-1.25433 0 0.00195986)
(-1.254 0 0.00196105)
(-1.25367 0 0.00196219)
(-1.25335 0 0.00196329)
(-1.25304 0 0.00196436)
(-1.25274 0 0.0019654)
(-1.25244 0 0.00196642)
(-1.25216 0 0.00196741)
(-1.25187 0 0.00196837)
(-1.2516 0 0.00196932)
(-1.25133 0 0.00197024)
(-1.25107 0 0.00197114)
(-1.25081 0 0.00197201)
(-1.25056 0 0.00197286)
(-1.25032 0 0.00197368)
(-1.25008 0 0.00197449)
(-1.24984 0 0.00197527)
(-1.24961 0 0.00197605)
(-1.24938 0 0.00197681)
(-1.24916 0 0.00197755)
(-1.24893 0 0.00197828)
(-1.24871 0 0.001979)
(-1.24849 0 0.0019797)
(-1.24828 0 0.0019804)
(-1.24806 0 0.00198108)
(-1.24785 0 0.00198173)
(-1.24763 0 0.00198238)
(-1.24741 0 0.00198306)
(-1.24718 0 0.00198375)
(-1.24696 0 0.00198445)
(-1.24674 0 0.00198515)
(-1.24652 0 0.00198584)
(-1.2463 0 0.00198653)
(-1.24608 0 0.00198722)
(-1.24586 0 0.0019879)
(-1.24564 0 0.00198858)
(-1.24542 0 0.00198926)
(-1.24521 0 0.00198993)
(-1.24499 0 0.0019906)
(-1.24477 0 0.00199127)
(-1.24455 0 0.00199195)
(-1.24433 0 0.00199261)
(-1.24411 0 0.00199328)
(-1.2439 0 0.00199395)
(-1.24368 0 0.00199461)
(-1.24346 0 0.00199527)
(-1.24324 0 0.00199594)
(-1.24302 0 0.0019966)
(-1.24279 0 0.00199727)
(-1.24257 0 0.00199793)
(-1.24235 0 0.0019986)
(-1.24213 0 0.00199927)
(-1.24191 0 0.00199994)
(-1.24168 0 0.00200061)
(-1.24146 0 0.00200128)
(-1.24123 0 0.00200195)
(-1.24101 0 0.00200263)
(-1.24078 0 0.00200331)
(-1.24056 0 0.00200399)
(-1.24033 0 0.00200467)
(-1.2401 0 0.00200536)
(-1.23987 0 0.00200604)
(-1.23964 0 0.00200674)
(-1.23941 0 0.00200742)
(-1.23918 0 0.00200811)
(-1.23895 0 0.0020088)
(-1.23872 0 0.0020095)
(-1.23848 0 0.00201019)
(-1.23825 0 0.0020109)
(-1.23801 0 0.0020116)
(-1.23778 0 0.00201231)
(-1.23754 0 0.00201302)
(-1.2373 0 0.00201374)
(-1.23705 0 0.00201446)
(-1.23681 0 0.00201519)
(-1.23656 0 0.00201592)
(-1.23632 0 0.00201666)
(-1.23607 0 0.00201741)
(-1.23582 0 0.00201817)
(-1.23556 0 0.00201893)
(-1.23531 0 0.00201971)
(-1.23505 0 0.00202048)
(-1.23479 0 0.00202128)
(-1.23452 0 0.00202206)
(-1.23426 0 0.00202287)
(-1.23399 0 0.00202368)
(-1.23372 0 0.0020245)
(-1.23345 0 0.00202533)
(-1.23317 0 0.00202618)
(-1.23289 0 0.00202703)
(-1.23261 0 0.0020279)
(-1.23232 0 0.00202878)
(-1.23203 0 0.00202967)
(-1.23174 0 0.00203056)
(-1.23144 0 0.00203146)
(-1.23114 0 0.00203237)
(-1.23083 0 0.00203327)
(-1.23052 0 0.0020342)
(-1.23021 0 0.00203513)
(-1.22989 0 0.0020361)
(-1.22957 0 0.00203705)
(-1.22924 0 0.00203804)
(-1.22891 0 0.002039)
(-1.22857 0 0.00204001)
(-1.22823 0 0.00204096)
(-1.22788 0 0.00204199)
(-1.22753 0 0.00204298)
(-1.22717 0 0.00204405)
(-1.2268 0 0.00204507)
(-1.22643 0 0.00204616)
(-1.22605 0 0.00204722)
(-1.22567 0 0.00204835)
(-1.22527 0 0.00204946)
(-1.22488 0 0.00205062)
(-1.22447 0 0.00205177)
(-1.22405 0 0.00205299)
(-1.22363 0 0.00205421)
(-1.2232 0 0.00205547)
(-1.22276 0 0.00205675)
(-1.22232 0 0.00205806)
(-1.22186 0 0.0020594)
(-1.22139 0 0.00206077)
(-1.22092 0 0.00206217)
(-1.22043 0 0.0020636)
(-1.21993 0 0.00206505)
(-1.21943 0 0.00206654)
(-1.21891 0 0.00206807)
(-1.21838 0 0.00206964)
(-1.21784 0 0.00207125)
(-1.21728 0 0.00207289)
(-1.21672 0 0.00207457)
(-1.21614 0 0.00207627)
(-1.21554 0 0.00207803)
(-1.21494 0 0.00207982)
(-1.21431 0 0.00208166)
(-1.21368 0 0.00208353)
(-1.21303 0 0.00208547)
(-1.21236 0 0.00208743)
(-1.21167 0 0.00208945)
(-1.21097 0 0.00209149)
(-1.21026 0 0.00209361)
(-1.20952 0 0.00209575)
(-1.20877 0 0.00209797)
(-1.20799 0 0.00210022)
(-1.2072 0 0.00210254)
(-1.20638 0 0.0021049)
(-1.20555 0 0.00210734)
(-1.20469 0 0.00210981)
(-1.20381 0 0.00211237)
(-1.20291 0 0.00211496)
(-1.20199 0 0.00211764)
(-1.20103 0 0.00212036)
(-1.20006 0 0.00212317)
(-1.19906 0 0.00212602)
(-1.19803 0 0.00212897)
(-1.19697 0 0.00213196)
(-1.19588 0 0.00213504)
(-1.19477 0 0.00213819)
(-1.19362 0 0.00214142)
(-1.19244 0 0.00214472)
(-1.19123 0 0.00214811)
(-1.18999 0 0.00215157)
(-1.18871 0 0.00215513)
(-1.1874 0 0.00215876)
(-1.18605 0 0.00216249)
(-1.18466 0 0.00216629)
(-1.18324 0 0.00217023)
(-1.18177 0 0.00217414)
(-1.18028 0 0.00217843)
(-1.17869 0 0.00218216)
(-1.17722 0 0.00218742)
(-1.17536 0 0.00218965)
(-1.17415 0 0.00220062)
(-1.17299 0 0.00218989)
(-1.17009 0 0.00219173)
(-1.16782 1.62865e-23 0.0022176)
(-1.16645 0 0.00222171)
(-1.1647 0 0.00222915)
(-1.1628 0 0.00223784)
(-1.16087 0 0.00224611)
(-1.15887 1.76502e-23 0.00225437)
(-1.15678 0 0.00226257)
(-1.15457 -1.82585e-23 0.00227089)
(-1.15225 0 0.00227955)
(-1.14986 1.89055e-23 0.00228833)
(-1.1474 1.92446e-23 0.00229719)
(-1.14486 0 0.00230591)
(-1.14227 1.99553e-23 0.00231467)
(-1.13961 0 0.00232404)
(-1.13683 0 0.00233391)
(-1.13396 0 0.00234391)
(-1.13102 0 0.00235426)
(-1.12799 0 0.00236499)
(-1.12487 -4.47451e-23 0.00237611)
(-1.12167 4.56434e-23 0.00238751)
(-1.11836 0 0.00239931)
(-1.11496 -9.50547e-23 0.00241158)
(-1.11145 0 0.00242391)
(-1.10784 0 0.00243605)
(-1.10413 0 0.00244818)
(-1.10029 0 0.00246025)
(-1.09635 1.05567e-22 0.00247221)
(-1.09228 -1.07873e-22 0.00248397)
(-1.08808 -1.10251e-22 0.00249555)
(-1.08375 0 0.00250681)
(-1.07929 0 0.00251772)
(-1.0747 -1.17843e-22 0.00252816)
(-1.06994 -3.71842e-27 0.00253801)
(-1.06501 -1.23306e-22 0.0025474)
(-1.05991 -1.26171e-22 0.00255639)
(-1.05464 1.2912e-22 0.00256497)
(-1.04921 3.98606e-27 0.002573)
(-1.04358 0 0.00258039)
(-1.03779 0 0.00258723)
(-1.0318 0 0.00259281)
(-1.02554 0 0.00259784)
(-1.01906 0 0.00260243)
(-1.01236 0 0.00260615)
(-1.00543 -7.81598e-23 0.0026094)
(-0.998269 0 0.00261353)
(-0.990889 8.21185e-23 0.00261835)
(-0.983224 8.41893e-23 0.00262186)
(-0.975331 8.63303e-23 0.00262527)
(-0.967148 0 0.00262683)
(-0.958696 -9.0811e-23 0.0026285)
(-0.949972 -4.6578e-23 0.00262847)
(-0.940901 0 0.00262817)
(-0.931512 0 0.00262738)
(-0.921804 0 0.00262573)
(-0.911757 0 0.00262321)
(-0.901354 0 0.00261981)
(-0.890581 0 0.00261545)
(-0.879421 0 0.00261007)
(-0.867858 0 0.00260361)
(-0.855873 -5.89881e-23 0.00259597)
(-0.843447 0 0.00258707)
(-0.830562 -6.22618e-23 0.00257682)
(-0.817196 6.39787e-23 0.00256511)
(-0.803325 -6.57513e-23 0.00255184)
(-0.788927 0 0.00253692)
(-0.773978 -4.29812e-27 0.00252017)
(-0.758449 7.14266e-23 0.0025015)
(-0.742313 7.34346e-23 0.00248076)
(-0.725541 2.27321e-27 0.00245778)
(-0.708101 0 0.00243239)
(-0.689958 -4.94355e-27 0.0024044)
(-0.67108 4.94637e-27 0.00237364)
(-0.651429 -5.23184e-27 0.00233987)
(-0.630963 -1.47947e-28 0.00230288)
(-0.609645 2.61685e-27 0.00226245)
(-0.587431 2.77117e-27 0.00222051)
(-0.564274 -2.93269e-27 0.00217508)
(-0.54013 2.93466e-27 0.00212547)
(-0.514954 -3.10611e-27 0.00207049)
(-0.488699 3.10831e-27 0.00201147)
(-0.461316 1.06299e-22 0.00194804)
(-0.432765 0 0.00187852)
(-0.403015 -3.48382e-27 0.00180274)
(-0.372039 -1.15835e-22 0.00171836)
(-0.339819 -1.8437e-27 0.00162734)
(-0.306363 8.97146e-28 0.00152982)
(-0.27172 -2.58797e-29 0.00142596)
(-0.235974 -2.61869e-29 0.00131603)
(-0.199282 -1.05546e-27 0.00120076)
(-0.161841 -1.36742e-22 0.00108133)
(-0.124036 2.11474e-27 0.000960362)
(-0.0862223 0 0.000841095)
(-0.0492559 0 0.000658039)
(-0.0133893 -1.16129e-27 0.000475454)
(0.0193398 1.1615e-27 0.000410849)
(0.050361 -6.02263e-28 0.000382439)
(0.0729459 6.02114e-28 0.000369675)
(0.0989897 -6.1973e-28 0.000146911)
(0.0987164 -1.63581e-22 0.000121045)
(0.127645 -1.35006e-18 0.00394544)
(0.120427 -1.09575e-17 0.0149364)
(0.0867236 -5.51822e-18 0.0155294)
(0.0702467 3.00927e-36 0.0168044)
(0.0148718 5.61855e-18 0.00397633)
(-0.0519711 -1.12935e-17 -0.0189386)
(-0.142385 -3.00927e-36 -0.058168)
(-0.250862 -1.38426e-33 -0.113504)
(-0.38057 -1.10633e-17 -0.186796)
(-0.526153 -3.00927e-36 -0.275153)
(-0.68477 0 -0.376397)
(-0.859228 1.05604e-33 -0.490486)
(-1.04772 -2.18722e-21 -0.612926)
(-1.238 -2.6612e-21 -0.733636)
(-1.42961 -7.27612e-18 -0.851622)
(-1.63247 0 -0.969597)
(-1.83588 -4.75753e-18 -1.07632)
(-2.01657 1.50463e-36 -1.15859)
(-2.20047 -1.78483e-18 -1.23587)
(-2.42951 4.04324e-21 -1.31799)
(-2.55204 3.17797e-21 -1.30716)
(-2.44588 2.93874e-39 -1.18905)
(-2.43498 0 -1.14576)
(-2.5436 -6.01853e-36 -1.14865)
(-2.58675 -1.26084e-17 -1.12811)
(-2.60134 -7.29657e-18 -1.09825)
(-2.64699 8.21187e-18 -1.0826)
(-2.65191 0 -1.04727)
(-2.59924 9.9153e-18 -1.0028)
(-2.69593 3.00927e-36 -1.02695)
(-2.89183 -9.20835e-34 -1.07805)
(-3.02047 2.55175e-17 -1.09505)
(-3.03805 -2.78171e-17 -1.06039)
(-2.98039 -7.37778e-18 -1.00047)
(-2.94648 7.68763e-18 -0.954832)
(-2.97147 0 -0.931185)
(-3.00343 0 -0.909148)
(-3.00508 0 -0.877947)
(-2.99094 8.91618e-18 -0.84343)
(-2.98203 0 -0.812194)
(-2.98005 9.36911e-18 -0.784266)
(-2.97496 0 -0.756475)
(-2.9613 9.75764e-18 -0.727778)
(-2.94635 -1.98326e-17 -0.700721)
(-2.93894 0 -0.677335)
(-2.93782 1.01992e-17 -0.656714)
(-2.9373 1.03333e-17 -0.637185)
(-2.93619 1.04637e-17 -0.618359)
(-2.9348 -2.11725e-17 -0.600137)
(-2.93283 0 -0.582473)
(-2.93089 -1.62267e-21 -0.565509)
(-2.93012 -2.18438e-17 -0.549439)
(-2.93033 1.10268e-17 -0.534063)
(-2.9297 3.00927e-36 -0.518932)
(-2.92758 -1.12231e-17 -0.504032)
(-2.92633 -4.85244e-34 -0.489957)
(-2.92821 0 -0.477061)
(-2.93338 2.40741e-35 -0.465265)
(-2.94351 5.79389e-18 -0.454692)
(-2.95694 -5.84465e-18 -0.444375)
(-2.96468 0 -0.432381)
(-2.9622 5.85487e-34 -0.418551)
(-2.95938 7.52316e-37 -0.405319)
(-2.96599 -6.03508e-18 -0.393925)
(-2.9756 3.76158e-37 -0.382509)
(-2.9766 0 -0.369264)
(-2.97013 0 -0.355156)
(-2.96821 -6.21126e-18 -0.342391)
(-2.97598 -6.24887e-18 -0.331046)
(-2.98215 0 -0.318684)
(-2.97576 -6.33491e-18 -0.304252)
(-2.96499 1.2734e-17 -0.289922)
(-2.96412 6.39567e-18 -0.27751)
(-2.97122 -6.42937e-18 -0.26576)
(-2.97132 -9.85534e-35 -0.252352)
(-2.95893 -1.88079e-37 -0.237501)
(-2.94858 3.26073e-18 -0.223876)
(-2.95371 -4.88065e-35 -0.212273)
(-2.96128 6.57627e-18 -0.199717)
(-2.94953 -1.88831e-34 -0.184193)
(-2.92436 0 -0.168235)
(-2.91337 3.31739e-18 -0.155214)
(-2.9249 0 -0.144112)
(-2.93157 -6.67927e-18 -0.130628)
(-2.91173 7.33508e-36 -0.11396)
(-2.88186 2.28202e-22 -0.0974702)
(-2.86217 7.23869e-35 -0.0827013)
(-2.85064 1.67809e-18 -0.0687586)
(-2.83915 -1.12979e-22 -0.0547655)
(-2.82607 -8.39398e-19 -0.040593)
(-2.8115 2.93874e-39 -0.0261639)
(-2.79483 0 -0.0116268)
(-2.77457 7.34684e-40 0.0034994)
(-2.74778 8.36892e-19 0.0189767)
(-2.71815 0 0.0339833)
(-2.69589 -1.66386e-18 0.0481332)
(-2.68072 -1.65892e-18 0.0625669)
(-2.65511 1.65439e-18 0.0785717)
(-2.60833 0 0.0951585)
(-2.55828 0 0.110249)
(-2.52579 -4.01469e-35 0.124353)
(-2.49692 1.88079e-37 0.139724)
(-2.44437 3.20352e-18 0.156405)
(-2.36642 -3.17168e-18 0.172411)
(-2.28108 3.29891e-34 0.186646)
(-2.19549 6.16204e-18 0.199557)
(-2.10006 -6.05292e-18 0.211065)
(-1.99065 -3.76158e-37 0.220606)
(-1.86548 1.16233e-34 0.227547)
(-1.72361 5.6254e-18 0.231155)
(-1.55289 5.44456e-18 0.230717)
(-1.32242 -4.67941e-34 0.221862)
(-1.01775 5.11514e-22 0.197047)
(-0.685902 -9.34004e-18 0.156244)
(-0.365847 0 0.104942)
(-0.0751206 -8.032e-18 0.0453055)
(0.392063 1.50463e-36 -0.0888612)
(0.500267 9.65974e-34 -0.165397)
(0.248278 1.38074e-17 -0.117762)
(0.198269 0 -0.119131)
(0.144185 -8.5308e-34 -0.099588)
(0.1295 0 -0.0967525)
(0.0986404 0 -0.0777925)
(0.0704617 0 -0.0572966)
(0.0479306 1.53172e-33 -0.0398961)
(0.0349023 -1.34704e-17 -0.0291289)
(0.0255062 1.41059e-37 -0.0211679)
(0.0197307 -1.34722e-17 -0.0163549)
(0.0101602 2.5007e-33 -0.00883189)
(0.00288782 5.24938e-23 -0.00316202)
(-0.00123026 1.35058e-17 -0.000236391)
(-0.00315092 -2.82119e-37 0.000944117)
(-0.00217258 1.35514e-17 -0.000172653)
(0.000592359 1.35807e-17 -0.00236819)
(0.00539222 9.0278e-36 -0.00588685)
(0.0123654 -0 -0.0103003)
(0.0217464 0 -0.0156587)
(0.0330366 -1.37367e-17 -0.0214505)
(0.0461035 1.37839e-17 -0.0274147)
(0.0604436 2.76668e-17 -0.0331471)
(0.0755082 -1.20371e-35 -0.0383034)
(0.0911744 1.55629e-22 -0.0428196)
(0.107696 -1.58571e-22 -0.046843)
(0.125782 -1.4051e-17 -0.0506679)
(0.14552 1.41089e-17 -0.0543566)
(0.164794 6.01853e-36 -0.0571711)
(0.183579 -5.41668e-35 -0.0591133)
(0.204787 -1.42853e-17 -0.0611912)
(0.227257 0 -0.0632261)
(0.2489 9.16959e-23 -0.0645997)
(0.269969 0 -0.0653459)
(0.291354 -7.25633e-18 -0.0658837)
(0.314241 -7.28368e-18 -0.0665587)
(0.338097 7.30938e-18 -0.0674124)
(0.363783 1.16031e-22 -0.0685329)
(0.388172 1.5246e-34 -0.0690998)
(0.40679 0 -0.0685863)
(0.425371 -3.76158e-37 -0.0680853)
(0.449119 3.7039e-18 -0.0683118)
(0.472734 -7.50414e-23 -0.0685318)
(0.494522 -7.83351e-23 -0.0684711)
(0.515076 0 -0.068058)
(0.532812 0 -0.0668477)
(0.550913 -7.43282e-18 -0.0652573)
(0.569744 3.71385e-18 -0.0635384)
(0.585888 -3.76158e-37 -0.0609495)
(0.599416 -3.70319e-18 -0.0570218)
(0.612373 -1.88079e-37 -0.0520196)
(0.62397 0 -0.0459364)
(0.62804 -9.40395e-38 -0.0384508)
(0.631036 -1.83965e-18 -0.0304654)
(0.644843 -4.70198e-38 -0.0228195)
(0.653133 5.87747e-39 -0.0149965)
(0.659738 4.5976e-19 -0.00806686)
(0.693379 -2.30224e-19 -0.00400944)
(0.737275 0 -0.00365095)
(0.762821 0 -0.00396639)
(0.790131 0 -0.00416263)
(0.832101 -3.15326e-35 -0.00648225)
(0.815077 -4.48228e-19 -0.00635008)
(0.793987 -1.12131e-19 0.00106015)
(0.827272 0 0.00311026)
(0.844016 0 0.00313191)
(0.864557 0 0.00312924)
(0.881647 0 0.00317869)
(0.90078 0 0.00318992)
(0.909501 0 0.0034721)
(0.906693 0 0.00348867)
(0.923388 0 0.00331986)
(0.943996 0 0.00342461)
(0.943346 0 0.00369324)
(0.941769 0 0.00357627)
(0.952225 0 0.00365724)
(0.951019 0 0.0037651)
(0.948975 0 0.00378928)
(0.948135 0 0.00382909)
(0.945503 0 0.00387584)
(0.94168 0 0.00392027)
(0.936978 0 0.003959)
(0.931804 0 0.00398801)
(0.927136 0 0.00399559)
(0.924948 0 0.00398123)
(0.928293 0 0.00397014)
(0.925807 0 0.00415775)
(0.913771 0 0.00423942)
(0.903263 0 0.00422302)
(0.895557 0 0.00427663)
(0.885802 0 0.00424715)
(0.885671 0 0.00419633)
(0.883707 0 0.00429792)
(0.880811 0 0.00431382)
(0.874425 0 0.00440887)
(0.863976 0 0.00457118)
(0.839691 0 0.00460857)
(0.823392 0 0.00470085)
(0.800665 0 0.00475602)
(0.779595 0 0.00483097)
(0.756329 0 0.00489227)
(0.733002 0 0.00496185)
(0.708463 0 0.00502543)
(0.683448 0 0.00509191)
(0.657556 0 0.00515544)
(0.631083 0 0.00521948)
(0.6039 0 0.00528156)
(0.576153 0 0.00534301)
(0.547824 0 0.00540282)
(0.519004 0 0.00546148)
(0.489707 0 0.00551875)
(0.459999 0 0.00557467)
(0.429887 0 0.00562956)
(0.399451 0 0.00568276)
(0.368664 0 0.00573571)
(0.33768 0 0.00578604)
(0.306358 0 0.00583843)
(0.275091 0 0.00588539)
(0.243312 0 0.00594022)
(0.211966 0 0.00598838)
(0.178707 0 0.00604249)
(0.155725 0 0.005782)
(0.158588 0 0.00530491)
(0.203252 0 0.00578511)
(0.13226 0 0.00657648)
(0.0649852 0 0.00660686)
(0.0594879 0 0.00630629)
(0.0229174 0 0.00639988)
(-0.018007 0 0.00978271)
(-0.0536329 0 0.0207953)
(-0.0213161 0 0.00826945)
(-0.0901459 0 0.00771598)
(-0.0721862 0 0.0234995)
(-0.116157 0 0.0062699)
(-0.0496406 0 0.00677873)
(-0.0784642 0 0.00743485)
(-0.166831 0 0.0226617)
(-0.10156 0 0.00616889)
(-0.0621864 0 0.00596485)
(-0.151968 0 0.0210891)
(-0.19778 0 0.00674558)
(-0.12758 0 0.0051037)
(-0.114849 0 0.00526794)
(-0.149691 0 0.00548806)
(-0.222016 0 0.0057264)
(-0.186671 0 0.00458123)
(-0.110817 0 0.00562751)
(-0.27175 0 0.0058615)
(-0.217421 0 0.00499066)
(-0.272461 0 0.00529148)
(-0.199599 0 0.00530451)
(-0.328503 0 0.00548722)
(-0.254118 0 0.00426237)
(-0.18832 0 0.00457286)
(-0.189028 0 0.00510418)
(-0.211567 0 0.00517664)
(-0.238462 0 0.00515664)
(-0.259751 2.55437e-23 0.00506477)
(-0.286339 0 0.00505845)
(-0.300434 0 0.00491021)
(-0.330315 -9.94562e-23 0.00498196)
(-0.326308 0 0.00468376)
(-0.369095 -9.60566e-23 0.0049537)
(-0.308492 -1.03377e-22 0.00418642)
(-0.411351 0 0.00479881)
(-0.0518942 0 0.00104461)
)
;
    }
    sides
    {
        type            empty;
    }
    outlet
    {
        type            calculated;
        value           uniform (0 0 0);
    }
    top
    {
        type            symmetry;
    }
}


// ************************************************************************* //
