/*--------------------------------*- C++ -*----------------------------------*\
| =========                 |                                                 |
| \\      /  F ield         | OpenFOAM: The Open Source CFD Toolbox           |
|  \\    /   O peration     | Version:  2606                                  |
|   \\  /    A nd           | Website:  www.openfoam.com                      |
|    \\/     M anipulation  |                                                 |
\*---------------------------------------------------------------------------*/
FoamFile
{
    version     2.0;
    format      ascii;
    arch        "LSB;label=32;scalar=64";
    class       volScalarField;
    location    "1.499986";
    object      p;
}
// * * * * * * * * * * * * * * * * * * * * * * * * * * * * * * * * * * * * * //

dimensions      [1 -1 -2 0 0 0 0];

internalField   nonuniform List<scalar> 
1000
(
82.417619
82.202212
81.912492
81.477811
80.936931
80.282404
79.540072
78.691588
77.752246
76.702518
75.545622
74.289375
72.970376
71.601176
70.180565
68.690766
67.202572
65.735374
64.247792
62.71137
61.143572
59.538787
57.87947
56.164877
54.319174
52.485506
50.475545
48.402681
46.485561
44.559723
42.494088
40.633028
38.947624
36.960143
34.691147
32.924925
31.56232
29.521127
27.191301
26.064017
24.8304
22.819588
21.39381
20.731193
19.264957
17.598026
16.980145
15.920506
14.588575
13.485764
82.394573
82.186212
81.9026
81.479991
80.953474
80.314831
79.587107
78.754359
77.832476
76.806608
75.682197
74.459974
73.172982
71.837375
70.458181
69.02351
67.577042
66.146897
64.699801
63.206691
61.679101
60.115534
58.498411
56.812942
55.003327
53.215236
51.236968
49.225678
47.338591
45.420368
43.394997
41.626607
39.944717
38.047086
35.938547
34.078823
32.612601
30.842146
28.598977
27.145718
26.048549
24.2996
22.635105
21.790857
20.638175
18.996705
18.039448
17.151606
16.057383
14.555408
82.37271
82.16994
81.892298
81.478122
80.959739
80.327552
79.603689
78.77533
77.862491
76.85517
75.759974
74.56995
73.317753
72.021227
70.686141
69.309739
67.906205
66.508951
65.092575
63.631155
62.127576
60.591031
59.000017
57.339601
55.560035
53.801185
51.854298
49.87922
48.010244
46.062492
44.06931
42.289095
40.565378
38.647882
36.644662
34.703652
33.071003
31.504032
29.444911
27.679795
26.630745
25.184638
23.338749
22.256923
21.330282
19.812584
18.489911
17.646517
16.673925
15.051446
82.317076
82.12146
81.850964
81.447874
80.94194
80.323877
79.612624
78.79848
77.907524
76.922249
75.860343
74.704883
73.484649
72.224977
70.930014
69.605449
68.241533
66.873053
65.479631
64.041789
62.559434
61.046346
59.489903
57.857809
56.117785
54.395036
52.476804
50.587672
48.763613
46.797075
44.797615
43.025487
41.277824
39.300971
37.442599
35.517152
33.705717
32.190433
30.483938
28.49876
27.254106
26.124682
24.366644
22.866628
22.028566
20.813324
19.222795
18.174027
17.313598
15.688166
82.232953
82.047201
81.785974
81.395136
80.900646
80.294296
79.590451
78.78019
77.898275
76.92793
75.896629
74.783495
73.606561
72.385883
71.125036
69.840089
68.509661
67.157672
65.782555
64.378907
62.939582
61.453033
59.936248
58.322145
56.627218
54.93437
53.019562
51.241292
49.471389
47.538608
45.580639
43.780399
42.050901
40.047963
38.16782
36.389734
34.549529
32.855003
31.391273
29.548033
28.050934
26.889701
25.441446
23.77192
22.629135
21.611816
20.217949
18.853656
17.913893
16.346169
82.120901
81.946404
81.696379
81.318342
80.833615
80.238971
79.543647
78.738979
77.868181
76.91419
75.910378
74.841081
73.711337
72.548268
71.342022
70.115473
68.84515
67.537103
66.208673
64.832197
63.421926
61.961889
60.484191
58.916875
57.294955
55.648724
53.794993
52.046739
50.254997
48.334138
46.413776
44.569319
42.826871
40.863489
38.960103
37.217581
35.456323
33.717379
32.314203
30.607536
29.000297
27.754278
26.448494
24.838886
23.424462
22.368714
21.141882
19.700801
18.633775
17.065433
81.954155
81.791864
81.555697
81.193356
80.719827
80.140737
79.456997
78.663581
77.807923
76.871621
75.891437
74.861548
73.78227
72.675028
71.512538
70.317817
69.089213
67.804746
66.505536
65.151711
63.789305
62.377091
60.932739
59.412654
57.868124
56.250334
54.48539
52.820145
51.027753
49.137093
47.26004
45.399962
43.612948
41.6754
39.799811
38.075353
36.390151
34.676285
33.298914
31.691042
30.029663
28.699278
27.447119
25.944912
24.351423
23.140773
21.971751
20.604138
19.472862
17.869373
81.738718
81.586314
81.362871
81.016051
80.553916
79.991948
79.320866
78.546627
77.708515
76.793125
75.838419
74.850694
73.808342
72.747898
71.650052
70.495761
69.319675
68.081503
66.819338
65.506917
64.193199
62.847235
61.45278
59.996381
58.505133
56.915657
55.202931
53.59037
51.818284
49.950137
48.084244
46.217105
44.397754
42.492438
40.676908
38.992042
37.404119
35.727417
34.329414
32.807503
31.19704
29.7683
28.44554
27.012582
25.37373
23.994841
22.822937
21.546258
20.425744
18.773583
81.458698
81.313808
81.099835
80.765651
80.314657
79.76683
79.10524
78.359493
77.543235
76.663629
75.725943
74.758818
73.765385
72.755819
71.72988
70.600872
69.472634
68.301674
67.053856
65.778907
64.508813
63.235083
61.887335
60.513406
59.093954
57.56536
55.941151
54.375272
52.620574
50.802585
48.952629
47.079011
45.219337
43.343057
41.598722
39.959864
38.454143
36.834474
35.421091
33.951439
32.422641
30.921297
29.436634
27.972686
26.380153
24.987137
23.773485
22.539553
21.463345
19.763497
81.120217
80.977989
80.765223
80.432685
79.985473
79.432044
78.767388
78.05149
77.243703
76.392147
75.492882
74.572513
73.636075
72.67426
71.723363
70.629938
69.555079
68.463876
67.244004
66.034042
64.821327
63.591492
62.305967
61.011698
59.639286
58.159154
56.595824
55.056128
53.355094
51.600895
49.787012
47.939263
46.087079
44.272338
42.602203
41.007847
39.570016
38.009956
36.614405
35.172277
33.639541
32.058231
30.448933
28.933305
27.426564
26.133168
24.914583
23.683188
22.587283
20.810698
80.727507
80.585664
80.366094
80.020411
79.562714
78.974039
78.296524
77.591267
76.826558
76.043401
75.211871
74.350424
73.480849
72.578421
71.692529
70.654436
69.629979
68.592078
67.445106
66.300028
65.157981
63.940059
62.73069
61.509731
60.184001
58.746396
57.244788
55.695109
53.981041
52.316322
50.566223
48.719513
46.898283
45.216904
43.681528
42.180426
40.825334
39.311336
37.87631
36.372138
34.752177
33.11618
31.487146
30.005826
28.625673
27.438067
26.193317
24.905821
23.77703
21.928783
80.23068
80.094322
79.867134
79.504684
79.022636
78.381468
77.693802
77.003728
76.278832
75.565851
74.811897
74.033453
73.249478
72.427721
71.596991
70.658428
69.676443
68.672543
67.644411
66.643698
65.508382
64.245009
63.064255
61.88044
60.611483
59.279375
57.836713
56.224575
54.528295
52.979714
51.295562
49.471071
47.730558
46.246564
44.865922
43.447563
42.148677
40.64413
39.104251
37.481343
35.804832
34.205996
32.663368
31.265246
29.974728
28.824213
27.5364
26.202967
25.066689
23.160272
79.602734
79.480241
79.24768
78.864948
78.305813
77.598836
76.904595
76.215569
75.534064
74.906422
74.270878
73.60298
72.898613
72.173138
71.407788
70.670111
69.696831
68.676927
67.760729
66.945813
65.800563
64.759027
63.723692
62.551216
61.282268
59.775734
58.187765
56.523523
54.917043
53.463958
51.837292
50.13429
48.61803
47.371419
46.105725
44.739749
43.426655
41.87201
40.1546
38.410405
36.796587
35.35577
33.922647
32.578132
31.410983
30.256045
28.902977
27.573795
26.414121
24.399323
78.882369
78.780229
78.554943
78.173192
77.405511
76.583424
75.835286
75.113426
74.462202
73.91547
73.413524
72.918494
72.326066
71.673124
70.786909
70.315637
69.408472
68.430815
67.604073
67.061416
66.005888
65.163307
64.322904
63.142647
61.961246
60.407609
58.782269
56.963372
55.392157
54.017557
52.350854
50.758158
49.541383
48.483483
47.294026
45.963899
44.550164
42.834111
40.964137
39.244797
37.848838
36.635724
35.298184
34.037983
32.946027
31.770634
30.371478
29.02602
27.764989
25.603975
77.697056
77.74376
77.772708
77.78092
76.962568
76.196046
75.463179
74.661475
73.915139
73.300391
72.786818
72.263235
71.579344
70.977418
70.159289
69.65439
69.057524
67.88995
67.112473
66.627815
65.991249
65.199403
64.725625
63.689008
62.497586
60.851964
59.077895
57.042392
55.610735
54.55529
52.915858
51.620664
50.788116
49.817372
48.606363
47.299546
45.633588
43.549684
41.67508
40.209007
39.193411
38.178858
36.90886
35.715882
34.577961
33.230779
31.68485
30.237765
28.902473
26.678729
39.851268
40.321999
41.437766
43.509014
46.341557
49.503924
52.569506
55.391871
57.822467
59.78599
61.357244
62.454346
63.152018
63.896571
64.387714
64.406751
65.471133
65.578205
65.057059
64.494133
64.963396
64.912043
64.898171
64.743181
63.870234
62.184107
60.304491
57.329355
55.64343
54.855329
53.087336
52.323994
51.814765
50.856434
49.689668
48.502315
46.537693
44.360828
42.860443
41.893858
41.113277
40.035384
38.681959
37.424339
36.092116
34.542485
32.905406
31.363459
29.95026
27.668146
1
0.99998155
0.99967001
1.0246707
1.8809626
2.9058008
4.0651233
5.4487062
7.0269782
8.7001444
10.476093
12.367975
14.595525
16.95911
20.266988
22.72498
25.5044
29.692581
33.233159
34.563978
39.027101
45.375187
53.46937
60.956841
61.877427
61.135646
60.052038
57.498027
56.077219
55.48653
53.91787
54.439317
53.575473
52.204046
50.725797
48.935153
46.617957
44.93094
44.680807
44.186208
43.268371
41.920289
40.325176
38.785015
37.238214
35.51944
33.782435
32.176343
30.780319
28.436007
1
1
1
1
1
1
1
1
1
1
1
1
1
1
1
0.99999999
1
1
0.99887423
1.0277911
2.0229285
4.5352017
9.7367266
17.424504
24.081716
30.06563
35.910987
40.923161
44.979391
48.281055
50.922338
54.098662
53.997823
53.311935
52.166343
49.4309
47.428408
47.185285
47.620439
46.34999
44.953913
43.467623
41.854744
40.202068
38.595838
36.850312
35.078678
33.41037
31.973627
29.479357
1
1
1
1
1
1
1
1
1
1
1
1
1
1
1
1
1
1
1
1
1
1
1
0.99999998
1
0.97177268
1.8405364
4.3727885
8.3962347
13.694376
19.996766
27.42017
33.82123
39.467997
42.948836
45.707918
48.087933
50.601571
50.215872
48.328995
46.389574
45.040156
44.084071
43.132213
42.126958
41.624275
40.88284
40.269728
39.682888
38.853445
1
1
1
1
1
1
1
1
1
1
1
1
1
1
1
1
1
1
1
1
1
1
1
1
0.99999999
1.0000152
0.99998813
0.9999967
1
0.99999998
0.98022456
1.0901618
2.2916697
5.2638696
9.9880346
16.711041
24.488022
31.789241
38.749177
46.632429
53.870065
61.11103
68.164073
75.569779
83.407014
91.118756
98.782755
107.14287
114.32314
128.40523
)
;

boundaryField
{
    cylinder
    {
        type            zeroGradient;
    }
    outlet
    {
        type            zeroGradient;
    }
    farfield
    {
        type            fixedValue;
        value           uniform 1;
    }
    bottom
    {
        type            symmetryPlane;
    }
    defaultFaces
    {
        type            empty;
    }
}


// ************************************************************************* //
