/*--------------------------------*- C++ -*----------------------------------*\
| =========                 |                                                 |
| \\      /  F ield         | OpenFOAM: The Open Source CFD Toolbox           |
|  \\    /   O peration     | Version:  2606                                  |
|   \\  /    A nd           | Website:  www.openfoam.com                      |
|    \\/     M anipulation  |                                                 |
\*---------------------------------------------------------------------------*/
FoamFile
{
    version     2.0;
    format      ascii;
    arch        "LSB;label=32;scalar=64";
    class       volScalarField;
    location    "0.575";
    object      p;
}
// * * * * * * * * * * * * * * * * * * * * * * * * * * * * * * * * * * * * * //

dimensions      [1 -1 -2 0 0 0 0];

internalField   nonuniform List<scalar> 
1200
(
0
-0.08939735
-0.059306746
-0.032669839
-0.05484098
-0.12592988
-0.25025749
-0.41196933
-0.57837641
-0.71662553
-0.81672227
-0.891714
-0.95970871
-1.0366154
-1.135079
-1.2607118
-1.4127264
-1.5872901
-1.7792782
-1.9820515
-2.1877807
-2.3881319
-2.5749549
-2.7411556
-2.8805728
-2.9859729
-3.0347594
-3.0308751
-2.9688829
-2.8434288
-2.6584058
-2.431852
-2.2024736
-2.0081017
-1.9625891
-2.0470337
-2.3098244
-2.8561776
-3.6981231
-4.7178237
-5.8020191
-6.8853877
-8.1004827
-8.6318576
-8.7304014
-8.9963473
-9.2352031
-9.333294
-9.3844311
-9.4846589
-9.6444803
-9.7819065
-9.9405817
-10.489805
-11.641788
-12.360342
-12.280439
-12.242247
-12.307298
-12.321206
-12.317313
-13.029482
-14.059489
-14.635591
-14.8769
-14.894633
-14.829133
-14.580188
-14.670175
-19.373212
-20.436066
-17.986004
-17.363246
-17.48841
-17.550405
-17.599036
-17.65872
-17.511383
-17.543915
-21.64287
-23.647862
-22.610626
-22.370613
-22.436592
-22.341618
-22.172187
-24.309003
-27.558899
-26.656269
-26.143957
-26.912966
-28.971219
-28.038816
-27.468084
-27.535157
-27.598162
-27.711084
-27.905817
-28.018571
-27.979955
-27.493917
-28.700796
-33.060402
-33.663263
-34.080731
-34.20805
-34.257177
-34.386387
-34.525981
-34.655602
-34.787674
-34.912794
-35.028222
-35.126764
-35.206489
-35.26835
-35.314269
-35.346414
-35.366673
-35.37641
-32.973078
-33.093972
-33.084714
-33.053228
-33.052886
-33.077271
-33.135418
-33.217423
-33.304018
-33.371655
-33.413994
-33.439056
-33.460251
-33.488583
-33.530383
-33.586998
-33.65728
-33.73895
-33.82923
-33.924653
-34.02126
-34.114849
-34.201202
-34.276565
-34.337981
-34.383085
-34.395866
-34.382532
-34.33874
-34.261674
-34.153916
-34.024297
-33.896916
-33.783098
-33.760501
-33.801201
-33.942101
-34.239514
-34.692145
-35.223323
-35.761719
-36.318009
-36.881335
-37.049408
-37.093263
-37.106766
-37.107527
-37.106089
-37.10659
-37.110606
-37.11958
-37.135366
-37.159711
-37.193628
-37.23733
-37.291001
-37.352496
-37.415635
-37.471306
-37.50918
-37.521468
-37.508594
-37.471225
-37.425729
-37.389515
-37.368766
-37.362646
-37.388941
-37.490346
-37.437141
-37.282068
-37.305009
-37.371292
-37.426862
-37.485719
-37.551852
-37.621495
-37.69138
-37.757872
-37.811354
-37.857191
-37.894804
-37.921064
-37.940216
-37.956333
-37.972985
-37.988033
-38.004249
-38.037485
-38.080208
-38.115338
-38.121892
-38.132763
-38.159471
-38.206124
-38.279512
-38.396991
-38.548848
-38.670435
-38.76435
-38.860237
-38.548594
-37.028133
-35.229197
-35.264082
-35.281583
-35.177242
-34.691408
-34.597786
-34.724457
-34.864685
-34.996269
-35.118268
-35.218823
-35.297333
-35.356593
-35.399726
-35.429537
-35.448184
-35.457114
-37.104873
-37.107601
-37.11059
-37.112873
-37.114317
-37.115096
-37.115093
-37.11472
-37.114847
-37.115641
-37.116574
-37.116763
-37.116631
-37.117239
-37.118593
-37.120288
-37.122212
-37.124349
-37.12671
-37.12934
-37.132274
-37.135534
-37.139095
-37.142925
-37.147004
-37.151306
-37.155797
-37.160226
-37.164383
-37.16814
-37.171615
-37.175054
-37.178774
-37.183551
-37.189319
-37.196312
-37.204807
-37.214216
-37.223071
-37.230031
-37.230042
-37.241708
-37.230253
-37.17093
-37.17199
-37.174068
-37.177514
-37.179197
-37.181357
-37.186351
-37.19579
-37.211552
-37.23554
-37.269022
-37.312454
-37.366014
-37.428557
-37.495225
-37.558087
-37.606134
-37.628186
-37.611512
-37.560953
-37.499502
-37.452171
-37.424607
-37.422263
-37.440016
-37.476577
-37.475124
-37.427959
-37.415595
-37.449473
-37.499282
-37.557935
-37.623925
-37.694732
-37.766851
-37.833915
-37.888684
-37.932444
-37.969557
-37.997722
-38.018564
-38.035996
-38.05052
-38.061433
-38.075312
-38.104454
-38.141632
-38.167712
-38.17894
-38.19124
-38.216713
-38.251438
-38.306769
-38.431673
-38.621651
-38.801502
-38.940044
-39.030058
-38.953777
-38.63278
-37.911322
-37.473219
-37.608993
-37.100048
-36.196314
-35.173514
-35.061115
-35.052224
-35.16442
-35.274351
-35.358245
-35.421807
-35.469022
-35.503098
-35.526562
-35.541215
-35.548228
-37.175869
-37.178622
-37.181046
-37.183088
-37.184249
-37.184751
-37.1849
-37.185174
-37.185686
-37.186009
-37.186276
-37.187386
-37.188775
-37.189883
-37.190947
-37.192214
-37.193765
-37.195616
-37.197788
-37.200255
-37.203013
-37.206071
-37.209438
-37.213078
-37.216981
-37.221119
-37.22547
-37.229875
-37.234133
-37.23814
-37.241964
-37.245729
-37.249718
-37.254284
-37.259571
-37.265972
-37.273483
-37.281554
-37.289299
-37.295817
-37.300562
-37.304659
-37.28343
-37.257277
-37.253948
-37.254889
-37.256975
-37.25941
-37.263223
-37.269798
-37.280493
-37.296883
-37.320683
-37.353307
-37.395554
-37.447653
-37.508949
-37.575081
-37.638026
-37.68532
-37.704319
-37.685873
-37.637856
-37.580229
-37.531334
-37.501416
-37.494302
-37.505664
-37.528395
-37.524369
-37.505369
-37.505866
-37.535544
-37.583279
-37.641225
-37.706466
-37.776345
-37.84694
-37.912595
-37.968233
-38.013048
-38.04897
-38.076232
-38.09776
-38.11618
-38.130722
-38.143518
-38.161003
-38.188146
-38.219484
-38.242118
-38.2532
-38.263605
-38.284981
-38.322379
-38.39057
-38.529574
-38.733342
-38.933958
-39.085557
-39.147279
-39.091719
-38.969676
-39.034913
-39.586986
-40.630649
-40.596234
-38.96746
-36.862933
-35.807385
-35.515628
-35.48573
-35.510085
-35.543907
-35.575357
-35.600964
-35.620417
-35.634222
-35.642996
-35.64722
-37.245324
-37.247976
-37.250614
-37.252873
-37.254355
-37.254945
-37.254945
-37.25514
-37.255763
-37.256463
-37.257375
-37.258705
-37.259819
-37.260692
-37.26181
-37.263195
-37.264816
-37.266705
-37.268865
-37.271298
-37.273997
-37.276955
-37.280164
-37.283607
-37.287278
-37.291153
-37.295197
-37.299322
-37.303434
-37.307508
-37.311564
-37.315705
-37.320058
-37.324767
-37.330014
-37.335934
-37.342379
-37.34879
-37.354252
-37.358236
-37.361301
-37.360061
-37.350025
-37.33998
-37.336991
-37.336988
-37.338837
-37.341989
-37.346896
-37.354427
-37.365641
-37.381776
-37.404126
-37.433831
-37.471613
-37.517675
-37.571271
-37.629192
-37.684197
-37.726146
-37.743832
-37.731908
-37.697194
-37.657717
-37.623745
-37.601351
-37.589097
-37.589062
-37.59748
-37.599938
-37.598118
-37.607016
-37.633391
-37.674518
-37.726124
-37.785411
-37.849425
-37.914165
-37.975223
-38.028889
-38.073847
-38.110695
-38.140175
-38.164216
-38.184329
-38.201143
-38.216925
-38.235791
-38.260022
-38.286265
-38.308431
-38.324849
-38.340795
-38.36481
-38.411017
-38.509237
-38.667269
-38.858655
-39.055651
-39.214412
-39.293269
-39.26569
-39.298186
-39.827398
-40.72398
-41.454554
-41.548571
-39.651143
-37.69557
-36.49993
-36.053712
-35.860526
-35.783272
-35.754365
-35.745377
-35.744314
-35.746008
-35.748222
-35.749998
-35.750875
-37.315622
-37.318464
-37.321115
-37.323047
-37.324169
-37.324709
-37.32488
-37.325011
-37.325292
-37.32602
-37.327368
-37.328806
-37.329978
-37.331028
-37.332257
-37.333717
-37.335415
-37.337358
-37.339545
-37.341976
-37.344643
-37.347544
-37.35067
-37.354007
-37.357543
-37.361253
-37.365115
-37.369089
-37.373139
-37.377249
-37.381423
-37.385715
-37.390191
-37.394924
-37.399992
-37.405423
-37.411111
-37.416765
-37.42201
-37.426446
-37.428956
-37.428218
-37.424049
-37.420077
-37.418572
-37.418887
-37.420844
-37.424375
-37.429829
-37.437837
-37.449187
-37.464748
-37.485358
-37.511679
-37.544058
-37.58237
-37.625728
-37.671454
-37.714322
-37.747085
-37.763399
-37.761272
-37.745812
-37.723458
-37.702361
-37.687059
-37.679158
-37.679369
-37.684453
-37.688923
-37.695033
-37.708488
-37.732773
-37.767772
-37.811719
-37.862527
-37.917781
-37.974571
-38.029619
-38.080134
-38.124729
-38.163228
-38.196015
-38.223992
-38.24815
-38.269614
-38.290278
-38.312444
-38.337085
-38.362779
-38.387243
-38.410156
-38.434937
-38.46874
-38.523791
-38.615649
-38.748674
-38.912367
-39.084231
-39.228124
-39.317443
-39.380259
-39.551991
-39.962077
-40.480109
-40.831999
-40.618329
-39.483846
-38.018531
-36.984588
-36.468346
-36.192149
-36.044561
-35.962971
-35.9166
-35.889483
-35.873299
-35.863657
-35.858226
-35.85563
-37.387499
-37.390383
-37.392938
-37.394461
-37.395
-37.395094
-37.395178
-37.395452
-37.395965
-37.396709
-37.39769
-37.398926
-37.400146
-37.401387
-37.402775
-37.404321
-37.406074
-37.408043
-37.410238
-37.412669
-37.415307
-37.418163
-37.421223
-37.424471
-37.427891
-37.431469
-37.435192
-37.439046
-37.443023
-37.447134
-37.451385
-37.455793
-37.460371
-37.465131
-37.470074
-37.475157
-37.480267
-37.485228
-37.489897
-37.494041
-37.496981
-37.498023
-37.497569
-37.496894
-37.497261
-37.498605
-37.500969
-37.504649
-37.510141
-37.518079
-37.529133
-37.543946
-37.563036
-37.58672
-37.61503
-37.647569
-37.683217
-37.719648
-37.753183
-37.779289
-37.794382
-37.797605
-37.793558
-37.784442
-37.774436
-37.766624
-37.762934
-37.763837
-37.76829
-37.775119
-37.785493
-37.801672
-37.825343
-37.856804
-37.895294
-37.939444
-37.987434
-38.037129
-38.086274
-38.132954
-38.175951
-38.214766
-38.249435
-38.280439
-38.308568
-38.334833
-38.360455
-38.386659
-38.414129
-38.442739
-38.47222
-38.503034
-38.53764
-38.58115
-38.640672
-38.723182
-38.830811
-38.958385
-39.092199
-39.211956
-39.30812
-39.40777
-39.572496
-39.816406
-40.018878
-40.011178
-39.630261
-38.857814
-37.932019
-37.209194
-36.746479
-36.452946
-36.268527
-36.151609
-36.07655
-36.027782
-35.996018
-35.975745
-35.963726
-35.958028
-37.459749
-37.462755
-37.465419
-37.466593
-37.466263
-37.465435
-37.465099
-37.465319
-37.465876
-37.466718
-37.467802
-37.468985
-37.470203
-37.471506
-37.472965
-37.474624
-37.476461
-37.478498
-37.480739
-37.483179
-37.485836
-37.488675
-37.491682
-37.494847
-37.498161
-37.501622
-37.505229
-37.508984
-37.512901
-37.516989
-37.521271
-37.52576
-37.530445
-37.535289
-37.540232
-37.545195
-37.550099
-37.554863
-37.559407
-37.563578
-37.567102
-37.569769
-37.571668
-37.573468
-37.574966
-37.576683
-37.579025
-37.582433
-37.587509
-37.594912
-37.605258
-37.619099
-37.63681
-37.658511
-37.68405
-37.712863
-37.74378
-37.774808
-37.803184
-37.825969
-37.841117
-37.848414
-37.849271
-37.846843
-37.84338
-37.840898
-37.840739
-37.843414
-37.848823
-37.857716
-37.870316
-37.887775
-37.911047
-37.94043
-37.975554
-38.015491
-38.05889
-38.10411
-38.149443
-38.193421
-38.235008
-38.273639
-38.309175
-38.341855
-38.372227
-38.401086
-38.429369
-38.457966
-38.487529
-38.518481
-38.551304
-38.587018
-38.627762
-38.676943
-38.738687
-38.816233
-38.909869
-39.015268
-39.12311
-39.222702
-39.311409
-39.401755
-39.508224
-39.607852
-39.622987
-39.460982
-39.063422
-38.480633
-37.854642
-37.32654
-36.930613
-36.646544
-36.448267
-36.311416
-36.217332
-36.152874
-36.109196
-36.080512
-36.063169
-36.055032
-37.532642
-37.534925
-37.537809
-37.538683
-37.537177
-37.535623
-37.53494
-37.535099
-37.535725
-37.536665
-37.537798
-37.539008
-37.540272
-37.541643
-37.543176
-37.544893
-37.546793
-37.548887
-37.551177
-37.553656
-37.55632
-37.559151
-37.562133
-37.565256
-37.568511
-37.571894
-37.575409
-37.579076
-37.582924
-37.586986
-37.591285
-37.595822
-37.600567
-37.605457
-37.610407
-37.615335
-37.620193
-37.624961
-37.629622
-37.634112
-37.63832
-37.641925
-37.644512
-37.646447
-37.648382
-37.650366
-37.65295
-37.656439
-37.661445
-37.668558
-37.678304
-37.691236
-37.707745
-37.727793
-37.751151
-37.777226
-37.80494
-37.832644
-37.858238
-37.879641
-37.895577
-37.906141
-37.910775
-37.912539
-37.913214
-37.914327
-37.916965
-37.921723
-37.928866
-37.93873
-37.952005
-37.969502
-37.99184
-38.019303
-38.051731
-38.088513
-38.128644
-38.170845
-38.213737
-38.256063
-38.296848
-38.33548
-38.371709
-38.405614
-38.437559
-38.46814
-38.49811
-38.528238
-38.559243
-38.591799
-38.626706
-38.665196
-38.709184
-38.76114
-38.823529
-38.897875
-38.983685
-39.077542
-39.173425
-39.265232
-39.350674
-39.430658
-39.498683
-39.524436
-39.455317
-39.236809
-38.858777
-38.371986
-37.868143
-37.422912
-37.064357
-36.790283
-36.587534
-36.440508
-36.335315
-36.260995
-36.209477
-36.175092
-36.154077
-36.144288
-37.604073
-37.604828
-37.6074
-37.607767
-37.606545
-37.605619
-37.605315
-37.605594
-37.60616
-37.606943
-37.607915
-37.60905
-37.610307
-37.611696
-37.61325
-37.614984
-37.616905
-37.619018
-37.621325
-37.623822
-37.626498
-37.629333
-37.632309
-37.635412
-37.638634
-37.641978
-37.645457
-37.649095
-37.652923
-37.656971
-37.661261
-37.665795
-37.670543
-37.675442
-37.680404
-37.685338
-37.690175
-37.694876
-37.699401
-37.703666
-37.707473
-37.71063
-37.713254
-37.71559
-37.717799
-37.720173
-37.723195
-37.7273
-37.732902
-37.740495
-37.750599
-37.763591
-37.779942
-37.79925
-37.821424
-37.845869
-37.871593
-37.89718
-37.920937
-37.941285
-37.957186
-37.96833
-37.975538
-37.979814
-37.982779
-37.985826
-37.98998
-37.995911
-38.00415
-38.014703
-38.028527
-38.046217
-38.06826
-38.094892
-38.126004
-38.161121
-38.199416
-38.23981
-38.281124
-38.322246
-38.362281
-38.40063
-38.437032
-38.471545
-38.504487
-38.536354
-38.567777
-38.599489
-38.632246
-38.666825
-38.704127
-38.745339
-38.792008
-38.84586
-38.908304
-38.979754
-39.059115
-39.143494
-39.228593
-39.310323
-39.386019
-39.452322
-39.498024
-39.495549
-39.401418
-39.174408
-38.81619
-38.374151
-37.918317
-37.505962
-37.16377
-36.894855
-36.690796
-36.539522
-36.429305
-36.350317
-36.294975
-36.257751
-36.234884
-36.224268
)
;

boundaryField
{
    leftWall
    {
        type            calculated;
        value           nonuniform List<scalar> 10(7.1054274e-15 -32.973078 -37.104873 -37.175869 -37.245324 -37.315622 -37.387499 -37.459749 -37.532642 -37.604073);
    }
    rightWall
    {
        type            calculated;
        value           nonuniform List<scalar> 10(-35.37641 -35.457114 -35.548228 -35.64722 -35.750875 -35.85563 -35.958028 -36.055032 -36.144288 -36.224268);
    }
    lowerWall
    {
        type            calculated;
        value           nonuniform List<scalar> 
120
(
25.822073
25.732676
25.754517
25.767755
25.732781
25.646964
25.507788
25.330474
25.14779
24.992173
24.873669
24.779363
24.691461
24.594227
24.475049
24.328278
24.154705
23.958212
23.744052
23.519048
23.291241
23.069173
22.861192
22.674562
22.515577
22.391584
22.325423
22.313274
22.360663
22.47317
22.646966
22.863884
23.08491
23.271416
23.308344
23.214296
22.940017
22.378694
21.517746
20.47121
19.354889
18.22132
16.975608
16.397314
16.144843
15.642332
15.20338
15.01092
14.9031
14.715107
14.423869
14.160733
13.840007
12.84706
10.818278
9.5605628
9.7078305
9.7993742
9.7383476
9.7258108
9.7068108
8.39604
6.506536
5.4011405
4.8923152
4.8084888
4.8965856
5.1438746
4.95132
-3.4169452
-5.2575881
-1.0670445
0.036424052
-0.059123223
-0.10151816
-0.13576812
-0.1898992
-0.042763265
-0.14889145
-7.4266789
-10.904603
-9.1631212
-8.7963729
-8.8622278
-8.7677439
-8.6029037
-12.414547
-18.196813
-16.619176
-15.91093
-17.204661
-20.818324
-19.132523
-18.179918
-18.234847
-18.295224
-18.41439
-18.622031
-18.679701
-18.587219
-18.11716
-20.511696
-31.613138
-33.53464
-34.015374
-34.162846
-34.221128
-34.351163
-34.490911
-34.620558
-34.752633
-34.877754
-34.993182
-35.091724
-35.171449
-35.233309
-35.279229
-35.311374
-35.331633
-35.34137
)
;
    }
    atmosphere
    {
        type            calculated;
        value           nonuniform List<scalar> 
120
(
-37.640782
-37.641537
-37.643695
-37.642911
-37.641618
-37.640728
-37.640424
-37.640655
-37.6412
-37.641983
-37.642955
-37.644091
-37.645347
-37.646736
-37.64829
-37.650024
-37.651945
-37.654059
-37.656365
-37.658862
-37.661538
-37.664373
-37.667349
-37.670452
-37.673674
-37.677018
-37.680497
-37.684135
-37.687963
-37.692011
-37.696301
-37.700835
-37.705583
-37.710482
-37.715445
-37.720379
-37.725216
-37.729916
-37.734441
-37.738706
-37.742513
-37.74567
-37.748294
-37.75063
-37.75284
-37.755213
-37.758235
-37.76234
-37.767942
-37.775535
-37.78564
-37.798632
-37.814982
-37.834291
-37.856464
-37.880909
-37.906633
-37.93222
-37.955977
-37.976325
-37.992226
-38.00337
-38.010578
-38.014854
-38.017819
-38.020866
-38.02502
-38.030951
-38.03919
-38.049743
-38.063568
-38.081257
-38.103301
-38.129932
-38.161045
-38.196161
-38.234456
-38.274851
-38.316164
-38.357286
-38.397321
-38.435671
-38.472072
-38.506585
-38.539527
-38.571395
-38.602817
-38.634529
-38.667286
-38.701865
-38.739167
-38.780379
-38.827048
-38.880901
-38.943344
-39.014794
-39.094155
-39.178534
-39.263634
-39.345363
-39.421059
-39.487362
-39.533064
-39.53059
-39.436459
-39.209449
-38.851231
-38.409192
-37.953357
-37.541003
-37.19881
-36.929895
-36.725836
-36.574563
-36.464345
-36.385357
-36.330015
-36.292791
-36.269924
-36.259308
)
;
    }
    defaultFaces
    {
        type            empty;
    }
}


// ************************************************************************* //
