/*--------------------------------*- C++ -*----------------------------------*\
| =========                 |                                                 |
| \\      /  F ield         | OpenFOAM: The Open Source CFD Toolbox           |
|  \\    /   O peration     | Version:  2606                                  |
|   \\  /    A nd           | Website:  www.openfoam.com                      |
|    \\/     M anipulation  |                                                 |
\*---------------------------------------------------------------------------*/
FoamFile
{
    version     2.0;
    format      ascii;
    arch        "LSB;label=32;scalar=64";
    class       volScalarField;
    location    "0.3";
    object      p_rgh;
}
// * * * * * * * * * * * * * * * * * * * * * * * * * * * * * * * * * * * * * //

dimensions      [1 -1 -2 0 0 0 0];

internalField   nonuniform List<scalar> 
7500
(
14.015349
13.992145
14.470417
15.275505
15.829328
15.884157
15.482794
14.898442
14.311977
13.766016
13.243928
12.723869
12.188306
11.62261
11.016092
10.36285
9.661021
8.911613
8.1176933
7.2839504
6.4165738
5.5234714
4.6143799
3.6999354
2.7868982
1.877389
0.96948256
0.058020876
-0.86491428
-1.8093517
-2.7866418
-3.8074023
-4.877539
-5.9951962
-7.151914
-8.3374212
-9.5444061
-10.770064
-12.014638
-13.278896
-14.561605
-15.857365
-17.156092
-18.443545
-19.698817
-20.888172
-21.978183
-22.976675
-23.965645
-25.004134
-26.124822
-27.332179
-28.623524
-29.989489
-31.407731
-32.842458
-34.253858
-35.618551
-36.941792
-38.244721
-39.508114
-40.624432
-41.57607
-42.586614
-43.940249
-45.703326
-47.506376
-48.8548
-49.946717
-51.146752
-52.395784
-53.56763
-54.694085
-55.82381
-56.942839
-58.012171
-59.00613
-59.92718
-60.792843
-61.594019
-62.304302
-62.977746
-63.799918
-65.012112
-66.722528
-68.710824
-70.533869
-71.913375
-72.856556
-73.462044
-73.847026
-74.148524
-74.375502
-74.440943
-74.385647
-74.331009
-74.347148
-74.430935
-74.600136
-74.926158
-75.383993
-75.696354
-75.891651
-76.188133
-76.679951
-77.367427
-78.112619
-78.682782
-79.14456
-79.87178
-80.94345
-81.75844
-81.918929
-81.849697
-81.65993
-81.329975
-81.138674
-81.276917
-82.087877
-83.593501
-84.660149
-84.668228
-84.384114
-84.236548
-84.441246
-85.514567
-87.565657
-89.855484
-91.766476
-93.099127
-92.960398
-86.921147
-82.468107
-101.49179
-120.3232
-125.61865
-126.98923
-127.32906
-127.46513
-127.57828
-127.67718
-127.76065
-127.83117
-127.8903
-127.93961
-127.98072
-128.01504
-128.0438
-128.06798
-128.08841
-128.10574
-128.1205
-128.13311
-128.14393
-128.15324
-128.16128
-128.16822
-128.17425
-128.17948
-128.18404
-128.18801
-128.19148
-128.19451
-128.19716
-128.19948
-128.20151
-128.20329
-128.20486
-128.20623
-128.20744
-128.2085
-128.20943
-128.21025
-128.21097
-128.2116
-128.21216
-128.21265
-128.21308
-128.21346
-128.2138
-128.2141
-128.21436
-128.21458
-128.21479
-128.21496
-128.21512
-128.21526
-128.21538
-128.21549
-128.21558
-128.21567
-128.21574
-128.2158
-128.21586
-128.21591
-128.21596
-128.21599
-128.21603
-128.21606
-128.21609
-128.21611
-128.21613
-128.21615
-128.21617
-128.21618
-128.21619
-128.2162
-128.21621
-128.21622
-128.21623
-128.21624
-128.21624
-128.21625
-128.21625
-128.21626
-128.21626
-128.21626
-128.21626
-128.21627
-128.21627
-128.21627
-128.21627
-128.21627
-128.21628
-128.21628
-128.21628
-128.21628
-128.21628
-128.21628
-128.21628
-128.21628
-128.21628
-128.21628
-128.21628
-128.21628
-128.21628
-128.21628
-128.21628
-128.21628
-128.21628
-128.21628
-128.21628
-128.21628
-128.21628
-128.21628
-128.21628
-128.21628
-128.21628
-128.21628
-128.21628
-128.21628
-128.21628
-128.21628
-128.21628
-128.21628
-128.21628
-128.21628
-128.21628
-128.21628
-128.21628
-128.21629
-128.21629
-128.21629
-128.21629
-128.21629
-128.21629
-128.21629
-128.21629
-128.21629
-128.21629
-128.21629
-128.21629
-128.21629
-128.21629
-128.21629
-128.21629
-128.21629
-128.21629
-128.21629
-128.21629
-128.21629
-128.21629
-128.21629
-128.21629
-128.21629
-128.21629
-128.21629
-128.21629
-128.21629
-128.21629
-128.21629
-128.21629
-128.21629
-128.21629
-128.21629
-128.21628
-128.21628
-128.21628
-128.21628
-128.21628
13.839457
13.554178
13.856464
14.553963
15.132874
15.217232
14.86085
14.358132
13.867169
13.403472
12.941017
12.458538
11.941937
11.38124
10.770677
10.10857
9.3961687
8.63652
7.8337165
6.9925487
6.1185867
5.2191956
4.3049849
3.3913942
2.4848618
1.5856991
0.69029551
-0.20787731
-1.1182355
-2.0523658
-3.0232268
-4.0423589
-5.1146699
-6.2358583
-7.3948103
-8.5794705
-9.7828264
-11.00365
-12.243585
-13.504452
-14.786298
-16.084825
-17.390561
-18.689454
-19.959659
-21.158173
-22.229132
-23.123163
-24.015479
-25.032812
-26.210558
-27.507515
-28.871602
-30.280326
-31.72048
-33.161163
-34.561504
-35.906616
-37.215877
-38.510453
-39.732971
-40.703404
-41.475795
-42.478526
-44.074406
-46.191347
-48.102851
-49.083125
-49.85181
-50.989644
-52.28975
-53.530685
-54.725752
-55.931486
-57.138262
-58.292096
-59.357798
-60.364054
-61.347657
-62.240295
-62.92292
-63.486228
-64.325076
-65.975088
-68.714248
-72.074596
-75.135201
-77.382009
-78.85092
-79.747672
-80.404336
-81.192107
-81.90481
-81.972341
-81.688198
-81.404525
-81.315709
-81.34423
-81.559443
-82.246576
-83.385358
-84.265203
-85.222022
-86.496978
-88.208751
-90.576885
-93.113448
-94.787597
-95.927388
-98.007725
-101.55721
-104.06859
-104.15094
-103.79151
-102.92204
-101.46212
-100.68429
-100.97988
-103.45165
-108.3488
-111.2051
-110.93067
-110.13668
-109.70075
-110.34819
-113.73594
-119.24944
-123.52209
-125.8627
-126.75033
-126.44268
-122.23538
-107.67188
-105.66797
-122.95503
-127.49131
-127.43341
-127.44373
-127.48518
-127.58323
-127.68665
-127.77228
-127.84249
-127.90035
-127.94812
-127.98775
-128.02079
-128.04849
-128.07181
-128.09155
-128.10833
-128.12265
-128.1349
-128.14543
-128.15451
-128.16234
-128.16913
-128.17502
-128.18015
-128.18461
-128.1885
-128.1919
-128.19487
-128.19748
-128.19975
-128.20175
-128.2035
-128.20504
-128.20639
-128.20758
-128.20862
-128.20954
-128.21034
-128.21105
-128.21167
-128.21222
-128.21271
-128.21313
-128.21351
-128.21384
-128.21413
-128.21439
-128.21461
-128.21481
-128.21498
-128.21514
-128.21527
-128.21539
-128.2155
-128.21559
-128.21568
-128.21575
-128.21581
-128.21587
-128.21592
-128.21596
-128.216
-128.21603
-128.21606
-128.21609
-128.21611
-128.21613
-128.21615
-128.21617
-128.21618
-128.21619
-128.2162
-128.21621
-128.21622
-128.21623
-128.21624
-128.21624
-128.21625
-128.21625
-128.21626
-128.21626
-128.21626
-128.21626
-128.21627
-128.21627
-128.21627
-128.21627
-128.21627
-128.21628
-128.21628
-128.21628
-128.21628
-128.21628
-128.21628
-128.21628
-128.21628
-128.21628
-128.21628
-128.21628
-128.21628
-128.21628
-128.21628
-128.21628
-128.21628
-128.21628
-128.21628
-128.21628
-128.21628
-128.21628
-128.21628
-128.21628
-128.21628
-128.21628
-128.21628
-128.21628
-128.21628
-128.21628
-128.21628
-128.21628
-128.21628
-128.21628
-128.21628
-128.21628
-128.21628
-128.21629
-128.21629
-128.21629
-128.21629
-128.21629
-128.21629
-128.21629
-128.21629
-128.21629
-128.21629
-128.21629
-128.21629
-128.21629
-128.21629
-128.21629
-128.21629
-128.21629
-128.21629
-128.21629
-128.21629
-128.21629
-128.21629
-128.21629
-128.21629
-128.21629
-128.21629
-128.21629
-128.21629
-128.21629
-128.21629
-128.21629
-128.21629
-128.21629
-128.21629
-128.21629
-128.21629
-128.21628
-128.21628
-128.21628
-128.21628
-128.21628
13.663763
12.791004
12.624188
13.201926
13.819381
13.937607
13.686812
13.368794
13.066308
12.74586
12.376534
11.945237
11.448162
10.885905
10.261533
9.5801754
8.8481917
8.0720128
7.2573398
6.4087854
5.5295243
4.6234803
3.6993373
2.7912843
1.9022032
1.0284604
0.16441351
-0.69886526
-1.5744895
-2.4798691
-3.4366472
-4.4629471
-5.5594237
-6.709507
-7.8921598
-9.0912776
-10.298883
-11.515752
-12.749394
-14.008241
-15.295496
-16.607683
-17.942311
-19.299606
-20.652522
-21.908159
-23.051463
-23.799918
-24.343651
-25.154345
-26.224418
-27.515384
-28.984314
-30.625744
-32.422103
-34.289542
-36.110708
-37.870831
-39.723647
-41.874814
-44.093431
-45.434444
-45.941463
-46.879179
-49.698917
-54.659717
-59.051217
-61.38528
-64.201197
-67.431057
-70.615108
-73.757563
-76.94528
-80.219091
-83.495309
-86.579969
-89.320051
-91.806086
-94.228976
-96.423769
-97.933235
-98.975185
-100.50485
-103.76068
-109.32547
-115.73296
-120.76047
-123.8304
-125.52309
-126.31846
-126.51548
-126.49234
-126.38555
-126.14728
-125.7718
-125.44402
-125.40731
-125.49922
-125.81572
-126.54573
-127.91701
-128.37406
-128.41287
-128.43141
-128.44044
-128.4586
-128.48994
-128.53071
-128.57773
-128.62772
-128.67736
-128.7258
-128.77326
-128.81853
-128.86125
-128.90052
-128.9345
-128.9619
-128.98138
-128.99318
-128.99993
-129.00434
-129.00787
-129.01237
-129.01903
-129.0268
-129.03433
-129.0294
-129.00894
-129.0007
-128.99791
-129.0024
-129.36206
-129.77995
-126.93186
-127.15836
-128.30977
-127.84925
-127.68652
-127.70718
-127.76693
-127.82745
-127.88241
-127.93006
-127.97065
-128.00509
-128.03431
-128.05915
-128.08031
-128.09839
-128.11389
-128.1272
-128.13867
-128.14857
-128.15713
-128.16455
-128.171
-128.17662
-128.18151
-128.18578
-128.18951
-128.19277
-128.19562
-128.19812
-128.20032
-128.20224
-128.20393
-128.20541
-128.20672
-128.20786
-128.20887
-128.20975
-128.21053
-128.21122
-128.21182
-128.21235
-128.21282
-128.21323
-128.2136
-128.21392
-128.2142
-128.21444
-128.21466
-128.21486
-128.21503
-128.21517
-128.21531
-128.21542
-128.21552
-128.21562
-128.21569
-128.21576
-128.21583
-128.21588
-128.21593
-128.21597
-128.21601
-128.21604
-128.21607
-128.2161
-128.21612
-128.21614
-128.21616
-128.21617
-128.21618
-128.2162
-128.21621
-128.21622
-128.21622
-128.21623
-128.21624
-128.21624
-128.21625
-128.21625
-128.21626
-128.21626
-128.21626
-128.21627
-128.21627
-128.21627
-128.21627
-128.21627
-128.21627
-128.21628
-128.21628
-128.21628
-128.21628
-128.21628
-128.21628
-128.21628
-128.21628
-128.21628
-128.21628
-128.21628
-128.21628
-128.21628
-128.21628
-128.21628
-128.21628
-128.21628
-128.21628
-128.21628
-128.21628
-128.21628
-128.21628
-128.21628
-128.21628
-128.21628
-128.21628
-128.21628
-128.21628
-128.21628
-128.21628
-128.21628
-128.21628
-128.21628
-128.21628
-128.21628
-128.21628
-128.21629
-128.21629
-128.21629
-128.21629
-128.21629
-128.21629
-128.21629
-128.21629
-128.21629
-128.21629
-128.21629
-128.21629
-128.21629
-128.21629
-128.21629
-128.21629
-128.21629
-128.21629
-128.21629
-128.21629
-128.21629
-128.21629
-128.21629
-128.21629
-128.21629
-128.21629
-128.21629
-128.21629
-128.21629
-128.21629
-128.21629
-128.21629
-128.21629
-128.21629
-128.21629
-128.21629
-128.21628
-128.21628
-128.21628
-128.21628
-128.21628
14.064412
12.503981
11.413951
11.68388
12.163326
12.222259
12.115984
12.053575
11.981662
11.821192
11.548061
11.162851
10.678395
10.109563
9.469174
8.7688667
8.0194522
7.2300258
6.4069012
5.5534633
4.6665256
3.7392199
2.7462665
1.7942477
0.85870126
-0.081970656
-1.0385739
-2.0216695
-3.046043
-4.1399518
-5.3621006
-6.7795772
-8.4195203
-10.256261
-12.25054
-14.382079
-16.631339
-18.982152
-21.441922
-24.046295
-26.828142
-29.784657
-32.930292
-36.336446
-39.921622
-43.250379
-46.395702
-48.760647
-52.043963
-56.012267
-60.401114
-65.027352
-69.922076
-75.108043
-80.482762
-85.691207
-90.338427
-94.408468
-98.239821
-102.34232
-106.7841
-108.50329
-108.1358
-108.74939
-112.83546
-121.11256
-127.96406
-128.36139
-128.44458
-128.47909
-128.48155
-128.483
-128.48775
-128.49285
-128.49757
-128.50201
-128.5061
-128.50943
-128.51102
-128.50955
-128.50442
-128.49665
-128.48848
-128.48181
-128.47852
-128.47799
-128.47758
-128.47573
-128.46533
-128.45305
-128.44908
-128.4499
-128.45095
-128.45152
-128.45143
-128.45001
-128.44637
-128.44192
-128.43953
-128.43669
-128.41847
-128.38946
-128.38933
-128.40461
-128.42634
-128.45477
-128.48986
-128.53167
-128.57979
-128.63119
-128.68286
-128.73186
-128.78
-128.82718
-128.87203
-128.91279
-128.94687
-128.97217
-128.98742
-128.99403
-128.9962
-128.9978
-128.99965
-129.00332
-129.00981
-129.01804
-129.02561
-129.0272
-129.02146
-129.01423
-129.01933
-129.02832
-128.30454
-126.58346
-127.43555
-128.81426
-128.88367
-128.2469
-127.97841
-127.89815
-127.89162
-127.91302
-127.9432
-127.97446
-128.00388
-128.03046
-128.05401
-128.07466
-128.09269
-128.10838
-128.12202
-128.13388
-128.1442
-128.15318
-128.161
-128.16782
-128.17377
-128.17898
-128.18353
-128.18751
-128.191
-128.19405
-128.19674
-128.19909
-128.20116
-128.20297
-128.20457
-128.20597
-128.2072
-128.20829
-128.20924
-128.21008
-128.21082
-128.21147
-128.21204
-128.21255
-128.21299
-128.21338
-128.21373
-128.21403
-128.2143
-128.21453
-128.21474
-128.21493
-128.21509
-128.21523
-128.21535
-128.21546
-128.21556
-128.21565
-128.21572
-128.21579
-128.21585
-128.2159
-128.21595
-128.21599
-128.21602
-128.21605
-128.21608
-128.2161
-128.21613
-128.21614
-128.21616
-128.21618
-128.21619
-128.2162
-128.21621
-128.21622
-128.21623
-128.21623
-128.21624
-128.21625
-128.21625
-128.21625
-128.21626
-128.21626
-128.21626
-128.21627
-128.21627
-128.21627
-128.21627
-128.21627
-128.21628
-128.21628
-128.21628
-128.21628
-128.21628
-128.21628
-128.21628
-128.21628
-128.21628
-128.21628
-128.21628
-128.21628
-128.21628
-128.21628
-128.21628
-128.21628
-128.21628
-128.21628
-128.21628
-128.21628
-128.21628
-128.21628
-128.21628
-128.21628
-128.21628
-128.21628
-128.21628
-128.21628
-128.21628
-128.21628
-128.21628
-128.21628
-128.21628
-128.21628
-128.21628
-128.21628
-128.21628
-128.21629
-128.21629
-128.21629
-128.21629
-128.21629
-128.21629
-128.21629
-128.21629
-128.21629
-128.21629
-128.21629
-128.21629
-128.21629
-128.21629
-128.21629
-128.21629
-128.21629
-128.21629
-128.21629
-128.21629
-128.21629
-128.21629
-128.21629
-128.21629
-128.21629
-128.21629
-128.21629
-128.21629
-128.21629
-128.21629
-128.21629
-128.21629
-128.21629
-128.21629
-128.21629
-128.21629
-128.21628
-128.21628
-128.21628
-128.21628
-128.21628
8.1403189
-2.2677593
-9.5039506
-10.930817
-10.211702
-9.3371085
-8.463635
-7.7003005
-7.3710485
-7.5441844
-8.1841784
-9.3025693
-10.812568
-12.652883
-14.784033
-17.172187
-19.78583
-22.596744
-25.583042
-28.728491
-32.035014
-35.46557
-39.476295
-43.594875
-47.728439
-51.829027
-55.852606
-59.785451
-63.615742
-67.399729
-71.272425
-75.333799
-79.579312
-83.916436
-88.220625
-92.377721
-96.336782
-100.12895
-103.83121
-107.50928
-111.13992
-114.61136
-117.85896
-120.81079
-123.3773
-125.10363
-126.04333
-128.45613
-128.47276
-128.44646
-128.44956
-128.45446
-128.46008
-128.46844
-128.48047
-128.49643
-128.51521
-128.53385
-128.54821
-128.55323
-128.54528
-128.52872
-128.50763
-128.48698
-128.47943
-128.47935
-128.41804
-128.40246
-128.42502
-128.4506
-128.46707
-128.47642
-128.48326
-128.48921
-128.49444
-128.4989
-128.50293
-128.50604
-128.50774
-128.50687
-128.50284
-128.49757
-128.49206
-128.48908
-128.48798
-128.487
-128.48473
-128.47759
-128.46798
-128.45702
-128.45112
-128.45205
-128.45432
-128.45574
-128.45605
-128.45484
-128.45173
-128.44776
-128.44462
-128.43857
-128.4168
-128.39816
-128.39768
-128.41546
-128.44212
-128.47248
-128.50691
-128.54665
-128.59131
-128.63956
-128.68905
-128.73632
-128.78225
-128.82836
-128.87231
-128.91269
-128.94805
-128.9757
-128.99322
-129.00163
-129.00393
-129.00348
-129.00348
-129.00512
-129.00962
-129.01661
-129.02345
-129.0294
-129.03611
-129.04646
-129.06247
-129.1287
-129.29136
-129.50017
-129.66526
-129.60633
-129.05218
-128.49795
-128.20709
-128.07171
-128.01904
-128.00627
-128.01209
-128.02617
-128.04334
-128.06104
-128.07804
-128.09378
-128.10807
-128.12087
-128.13226
-128.14234
-128.15124
-128.15907
-128.16596
-128.17202
-128.17735
-128.18203
-128.18614
-128.18976
-128.19294
-128.19573
-128.19819
-128.20035
-128.20225
-128.20393
-128.2054
-128.2067
-128.20784
-128.20884
-128.20973
-128.21051
-128.21119
-128.2118
-128.21233
-128.2128
-128.21321
-128.21358
-128.2139
-128.21418
-128.21443
-128.21465
-128.21485
-128.21502
-128.21517
-128.2153
-128.21542
-128.21552
-128.21561
-128.21569
-128.21576
-128.21582
-128.21588
-128.21593
-128.21597
-128.21601
-128.21604
-128.21607
-128.21609
-128.21612
-128.21614
-128.21615
-128.21617
-128.21618
-128.2162
-128.21621
-128.21622
-128.21622
-128.21623
-128.21624
-128.21624
-128.21625
-128.21625
-128.21626
-128.21626
-128.21626
-128.21627
-128.21627
-128.21627
-128.21627
-128.21627
-128.21627
-128.21628
-128.21628
-128.21628
-128.21628
-128.21628
-128.21628
-128.21628
-128.21628
-128.21628
-128.21628
-128.21628
-128.21628
-128.21628
-128.21628
-128.21628
-128.21628
-128.21628
-128.21628
-128.21628
-128.21629
-128.21629
-128.21629
-128.21628
-128.21628
-128.21628
-128.21628
-128.21628
-128.21628
-128.21628
-128.21628
-128.21628
-128.21628
-128.21628
-128.21628
-128.21628
-128.21628
-128.21628
-128.21629
-128.21629
-128.21629
-128.21629
-128.21629
-128.21629
-128.21629
-128.21629
-128.21629
-128.21629
-128.21629
-128.21629
-128.21629
-128.21629
-128.21629
-128.21629
-128.21629
-128.21629
-128.21629
-128.21629
-128.21629
-128.21629
-128.21629
-128.21629
-128.21629
-128.21629
-128.21629
-128.21629
-128.21629
-128.21629
-128.21629
-128.21629
-128.21629
-128.21629
-128.21629
-128.21629
-128.21628
-128.21628
-128.21628
-128.21628
-128.21628
-97.757008
-107.3035
-110.0262
-109.48096
-109.65698
-110.18326
-110.54617
-110.70969
-110.87969
-111.26567
-111.99281
-113.03124
-114.31763
-115.80525
-117.43194
-119.12471
-120.8186
-122.46244
-124.01861
-125.46316
-126.7812
-128.08751
-128.45395
-128.4651
-128.46688
-128.46423
-128.45944
-128.45418
-128.44976
-128.44715
-128.44655
-128.44672
-128.44512
-128.44068
-128.43587
-128.43306
-128.43321
-128.43627
-128.44198
-128.45093
-128.46355
-128.47866
-128.49246
-128.49873
-128.49481
-128.48504
-128.47478
-128.45022
-128.44781
-128.44199
-128.4483
-128.45558
-128.46253
-128.47106
-128.48231
-128.49666
-128.51314
-128.52922
-128.54243
-128.55003
-128.5459
-128.53128
-128.51234
-128.49492
-128.48506
-128.46955
-128.43651
-128.4363
-128.4475
-128.45939
-128.4687
-128.47606
-128.48257
-128.48801
-128.49253
-128.49614
-128.49921
-128.50151
-128.50261
-128.50206
-128.49924
-128.49498
-128.49034
-128.48658
-128.48394
-128.48199
-128.48021
-128.47722
-128.4713
-128.46516
-128.46166
-128.46055
-128.46041
-128.46065
-128.46062
-128.45977
-128.45804
-128.45589
-128.45354
-128.44916
-128.43996
-128.43166
-128.43176
-128.44383
-128.46426
-128.49043
-128.52147
-128.5573
-128.59761
-128.64097
-128.68512
-128.72944
-128.77446
-128.81926
-128.86272
-128.90346
-128.9395
-128.96863
-128.98919
-129.00055
-129.00459
-129.00445
-129.00254
-129.00112
-129.00497
-129.00972
-129.01418
-129.01678
-129.01839
-129.02399
-129.04725
-129.12639
-129.29389
-129.43398
-129.45826
-129.29656
-128.92971
-128.55744
-128.33432
-128.19747
-128.12557
-128.09161
-128.07931
-128.07899
-128.08502
-128.09416
-128.10458
-128.11523
-128.12554
-128.13522
-128.14413
-128.15222
-128.15951
-128.16604
-128.17186
-128.17703
-128.18162
-128.18569
-128.18929
-128.19247
-128.19528
-128.19776
-128.19995
-128.20188
-128.20358
-128.20509
-128.20641
-128.20758
-128.20861
-128.20952
-128.21032
-128.21103
-128.21165
-128.2122
-128.21268
-128.21311
-128.21349
-128.21382
-128.21411
-128.21437
-128.2146
-128.2148
-128.21497
-128.21513
-128.21526
-128.21539
-128.21549
-128.21559
-128.21567
-128.21574
-128.21581
-128.21586
-128.21591
-128.21596
-128.216
-128.21603
-128.21606
-128.21609
-128.21611
-128.21613
-128.21615
-128.21617
-128.21618
-128.21619
-128.2162
-128.21621
-128.21622
-128.21623
-128.21624
-128.21624
-128.21625
-128.21625
-128.21626
-128.21626
-128.21626
-128.21626
-128.21627
-128.21627
-128.21627
-128.21627
-128.21627
-128.21628
-128.21628
-128.21628
-128.21628
-128.21628
-128.21628
-128.21628
-128.21628
-128.21628
-128.21628
-128.21628
-128.21628
-128.21628
-128.21628
-128.21628
-128.21628
-128.21628
-128.21628
-128.21629
-128.21629
-128.21629
-128.21629
-128.21629
-128.21629
-128.21628
-128.21628
-128.21628
-128.21628
-128.21628
-128.21628
-128.21628
-128.21628
-128.21628
-128.21628
-128.21628
-128.21628
-128.21628
-128.21629
-128.21629
-128.21629
-128.21629
-128.21629
-128.21629
-128.21629
-128.21629
-128.21629
-128.21629
-128.21629
-128.21629
-128.21629
-128.21629
-128.21629
-128.21629
-128.21629
-128.21629
-128.21629
-128.21629
-128.21629
-128.21629
-128.21629
-128.21629
-128.21629
-128.21629
-128.21629
-128.21629
-128.21629
-128.21629
-128.21629
-128.21629
-128.21629
-128.21629
-128.21629
-128.21629
-128.21629
-128.21628
-128.21628
-128.21628
-128.21628
-128.21628
-128.38119
-128.37872
-128.37594
-128.37594
-128.37811
-128.38023
-128.38165
-128.38305
-128.38456
-128.38609
-128.38773
-128.38967
-128.39226
-128.39587
-128.40105
-128.40829
-128.41795
-128.42993
-128.44341
-128.45649
-128.46609
-128.46863
-128.46984
-128.47115
-128.46979
-128.46556
-128.45953
-128.45314
-128.44774
-128.44495
-128.446
-128.44866
-128.44792
-128.4412
-128.43354
-128.4321
-128.43465
-128.43866
-128.44408
-128.45185
-128.46218
-128.47485
-128.48778
-128.49671
-128.49631
-128.48619
-128.47
-128.45463
-128.45412
-128.45374
-128.45589
-128.46008
-128.46576
-128.47318
-128.48262
-128.49416
-128.50691
-128.51869
-128.52682
-128.52868
-128.52534
-128.5164
-128.50424
-128.49232
-128.4819
-128.46846
-128.45295
-128.4505
-128.45498
-128.4628
-128.47002
-128.47623
-128.48158
-128.48621
-128.49022
-128.49362
-128.49638
-128.49832
-128.49926
-128.49906
-128.49778
-128.4957
-128.49329
-128.49094
-128.48872
-128.48641
-128.48364
-128.48004
-128.47599
-128.47223
-128.46971
-128.46822
-128.46762
-128.46743
-128.46719
-128.46662
-128.46564
-128.46439
-128.46278
-128.46028
-128.45702
-128.45572
-128.45978
-128.47104
-128.48874
-128.51162
-128.53903
-128.57053
-128.60555
-128.64325
-128.68268
-128.72296
-128.76311
-128.80343
-128.84278
-128.87983
-128.91327
-128.94126
-128.96235
-128.97631
-128.98411
-128.98764
-128.99004
-128.99661
-128.99669
-128.99778
-128.99927
-129.00029
-129.00149
-129.0057
-129.02082
-129.06204
-129.13743
-129.20138
-129.17101
-129.01882
-128.78242
-128.55658
-128.39032
-128.28004
-128.20624
-128.16279
-128.13944
-128.12871
-128.12579
-128.12754
-128.13197
-128.13778
-128.1442
-128.15074
-128.1571
-128.16311
-128.1687
-128.17382
-128.17848
-128.18269
-128.18647
-128.18986
-128.19288
-128.19557
-128.19797
-128.20009
-128.20198
-128.20365
-128.20512
-128.20643
-128.20759
-128.20861
-128.20951
-128.21031
-128.21101
-128.21163
-128.21218
-128.21267
-128.21309
-128.21347
-128.2138
-128.2141
-128.21436
-128.21458
-128.21479
-128.21496
-128.21512
-128.21526
-128.21538
-128.21549
-128.21558
-128.21566
-128.21574
-128.2158
-128.21586
-128.21591
-128.21595
-128.21599
-128.21603
-128.21606
-128.21609
-128.21611
-128.21613
-128.21615
-128.21616
-128.21618
-128.21619
-128.2162
-128.21621
-128.21622
-128.21623
-128.21624
-128.21624
-128.21625
-128.21625
-128.21626
-128.21626
-128.21626
-128.21626
-128.21627
-128.21627
-128.21627
-128.21627
-128.21627
-128.21628
-128.21628
-128.21628
-128.21628
-128.21628
-128.21628
-128.21628
-128.21628
-128.21628
-128.21628
-128.21628
-128.21628
-128.21628
-128.21628
-128.21628
-128.21628
-128.21628
-128.21629
-128.21629
-128.21629
-128.21629
-128.21629
-128.21629
-128.21629
-128.21629
-128.21629
-128.21628
-128.21628
-128.21628
-128.21628
-128.21628
-128.21628
-128.21628
-128.21628
-128.21628
-128.21628
-128.21628
-128.21628
-128.21629
-128.21629
-128.21629
-128.21629
-128.21629
-128.21629
-128.21629
-128.21629
-128.21629
-128.21629
-128.21629
-128.21629
-128.21629
-128.21629
-128.21629
-128.21629
-128.21629
-128.21629
-128.21629
-128.21629
-128.21629
-128.21629
-128.21629
-128.21629
-128.21629
-128.21629
-128.21629
-128.21629
-128.21629
-128.21629
-128.21629
-128.21629
-128.21629
-128.21629
-128.21629
-128.21629
-128.21629
-128.21629
-128.21628
-128.21628
-128.21628
-128.21628
-128.37822
-128.37831
-128.37542
-128.37398
-128.37868
-128.38209
-128.3833
-128.38457
-128.38601
-128.38757
-128.38931
-128.39128
-128.39405
-128.39781
-128.40305
-128.41026
-128.41975
-128.43142
-128.44453
-128.45755
-128.4683
-128.47481
-128.47741
-128.47673
-128.47289
-128.4667
-128.45928
-128.4519
-128.44634
-128.4443
-128.44707
-128.45094
-128.4511
-128.44624
-128.44073
-128.43959
-128.44146
-128.44416
-128.44795
-128.45353
-128.46106
-128.46972
-128.47691
-128.48015
-128.47961
-128.47394
-128.46493
-128.45841
-128.45684
-128.45695
-128.45945
-128.46325
-128.46811
-128.47411
-128.48134
-128.48961
-128.49828
-128.506
-128.51105
-128.51208
-128.50972
-128.5042
-128.49679
-128.48882
-128.48067
-128.47202
-128.46478
-128.46267
-128.46443
-128.4681
-128.47261
-128.47715
-128.48139
-128.48521
-128.48856
-128.49141
-128.49367
-128.49525
-128.49605
-128.49602
-128.49522
-128.49383
-128.49215
-128.49047
-128.48888
-128.48714
-128.48502
-128.48249
-128.47975
-128.47728
-128.47549
-128.47439
-128.47389
-128.47376
-128.47376
-128.47374
-128.47365
-128.4735
-128.47327
-128.47303
-128.47339
-128.47588
-128.48215
-128.49322
-128.50907
-128.52925
-128.5533
-128.58078
-128.61114
-128.64374
-128.67788
-128.7129
-128.74828
-128.78341
-128.81752
-128.84974
-128.87896
-128.90406
-128.92408
-128.93866
-128.94819
-128.95387
-128.95675
-128.95674
-128.95976
-128.96225
-128.96356
-128.96384
-128.96398
-128.96589
-128.97287
-128.98808
-129.00711
-129.00796
-128.95844
-128.8482
-128.69774
-128.54901
-128.42565
-128.33229
-128.26484
-128.21937
-128.19065
-128.17316
-128.16366
-128.15952
-128.15886
-128.16039
-128.16323
-128.16678
-128.17067
-128.17462
-128.1785
-128.18219
-128.18565
-128.18884
-128.19177
-128.19443
-128.19683
-128.199
-128.20094
-128.20268
-128.20423
-128.20561
-128.20684
-128.20793
-128.2089
-128.20976
-128.21052
-128.21119
-128.21179
-128.21231
-128.21278
-128.21319
-128.21356
-128.21388
-128.21416
-128.21441
-128.21463
-128.21483
-128.215
-128.21515
-128.21529
-128.2154
-128.21551
-128.2156
-128.21568
-128.21575
-128.21582
-128.21587
-128.21592
-128.21596
-128.216
-128.21604
-128.21606
-128.21609
-128.21611
-128.21613
-128.21615
-128.21617
-128.21618
-128.21619
-128.2162
-128.21621
-128.21622
-128.21623
-128.21624
-128.21624
-128.21625
-128.21625
-128.21626
-128.21626
-128.21626
-128.21627
-128.21627
-128.21627
-128.21627
-128.21627
-128.21627
-128.21628
-128.21628
-128.21628
-128.21628
-128.21628
-128.21628
-128.21628
-128.21628
-128.21628
-128.21628
-128.21628
-128.21628
-128.21628
-128.21628
-128.21628
-128.21628
-128.21628
-128.21629
-128.21629
-128.21629
-128.21629
-128.21629
-128.21629
-128.21629
-128.21629
-128.21629
-128.21629
-128.21629
-128.21629
-128.21628
-128.21628
-128.21628
-128.21628
-128.21628
-128.21628
-128.21628
-128.21628
-128.21628
-128.21628
-128.21629
-128.21629
-128.21629
-128.21629
-128.21629
-128.21629
-128.21629
-128.21629
-128.21629
-128.21629
-128.21629
-128.21629
-128.21629
-128.21629
-128.21629
-128.21629
-128.21629
-128.21629
-128.21629
-128.21629
-128.21629
-128.21629
-128.21629
-128.21629
-128.21629
-128.21629
-128.21629
-128.21629
-128.21629
-128.21629
-128.21629
-128.21629
-128.21629
-128.21629
-128.21629
-128.21629
-128.21629
-128.21629
-128.21629
-128.21629
-128.21628
-128.21628
-128.37878
-128.37878
-128.36799
-128.36835
-128.37903
-128.38444
-128.3856
-128.38695
-128.3885
-128.39024
-128.39219
-128.39447
-128.39739
-128.40123
-128.40639
-128.41328
-128.42213
-128.43284
-128.44479
-128.45675
-128.46705
-128.47407
-128.47724
-128.4767
-128.47307
-128.46702
-128.45965
-128.45213
-128.44678
-128.44578
-128.44862
-128.4512
-128.45013
-128.44656
-128.44383
-128.44357
-128.44474
-128.44712
-128.45048
-128.45481
-128.46001
-128.46544
-128.46975
-128.47165
-128.47079
-128.46785
-128.46403
-128.46163
-128.46138
-128.46169
-128.46328
-128.46616
-128.47011
-128.47499
-128.48065
-128.48679
-128.49285
-128.49798
-128.5013
-128.50221
-128.5007
-128.49716
-128.49229
-128.48672
-128.48084
-128.47516
-128.47079
-128.46909
-128.46982
-128.47209
-128.47514
-128.47848
-128.48179
-128.4849
-128.4877
-128.4901
-128.49204
-128.49343
-128.49423
-128.49442
-128.49404
-128.49322
-128.49213
-128.49092
-128.48964
-128.48824
-128.48664
-128.48486
-128.48306
-128.48149
-128.48033
-128.47966
-128.47943
-128.47955
-128.47989
-128.48039
-128.48103
-128.48186
-128.48296
-128.48456
-128.48726
-128.49193
-128.4995
-128.51056
-128.52528
-128.5435
-128.56491
-128.58914
-128.61576
-128.64422
-128.67398
-128.70447
-128.73516
-128.76547
-128.79475
-128.82229
-128.8473
-128.86904
-128.88695
-128.90079
-128.91081
-128.91752
-128.92141
-128.92305
-128.92442
-128.9252
-128.92501
-128.92392
-128.92244
-128.92147
-128.92181
-128.92243
-128.91717
-128.89408
-128.84137
-128.75647
-128.65025
-128.5424
-128.44683
-128.36872
-128.30817
-128.26328
-128.23342
-128.21163
-128.19763
-128.18907
-128.18435
-128.18226
-128.18196
-128.18282
-128.1844
-128.1864
-128.18861
-128.19089
-128.19315
-128.19532
-128.19737
-128.19929
-128.20105
-128.20267
-128.20413
-128.20546
-128.20666
-128.20773
-128.2087
-128.20956
-128.21032
-128.21101
-128.21161
-128.21215
-128.21263
-128.21306
-128.21343
-128.21377
-128.21406
-128.21432
-128.21455
-128.21476
-128.21494
-128.21509
-128.21523
-128.21536
-128.21547
-128.21556
-128.21565
-128.21572
-128.21579
-128.21585
-128.2159
-128.21595
-128.21599
-128.21602
-128.21605
-128.21608
-128.2161
-128.21613
-128.21614
-128.21616
-128.21618
-128.21619
-128.2162
-128.21621
-128.21622
-128.21623
-128.21623
-128.21624
-128.21625
-128.21625
-128.21625
-128.21626
-128.21626
-128.21626
-128.21627
-128.21627
-128.21627
-128.21627
-128.21627
-128.21628
-128.21628
-128.21628
-128.21628
-128.21628
-128.21628
-128.21628
-128.21628
-128.21628
-128.21628
-128.21628
-128.21628
-128.21628
-128.21628
-128.21628
-128.21628
-128.21628
-128.21629
-128.21629
-128.21629
-128.21629
-128.21629
-128.21629
-128.21629
-128.21629
-128.21629
-128.21629
-128.21629
-128.21629
-128.21629
-128.21629
-128.21629
-128.21628
-128.21628
-128.21628
-128.21628
-128.21628
-128.21628
-128.21628
-128.21628
-128.21628
-128.21628
-128.21629
-128.21629
-128.21629
-128.21629
-128.21629
-128.21629
-128.21629
-128.21629
-128.21629
-128.21629
-128.21629
-128.21629
-128.21629
-128.21629
-128.21629
-128.21629
-128.21629
-128.21629
-128.21629
-128.21629
-128.21629
-128.21629
-128.21629
-128.21629
-128.21629
-128.21629
-128.21629
-128.21629
-128.21629
-128.21629
-128.21629
-128.21629
-128.21629
-128.21629
-128.21629
-128.21629
-128.21629
-128.21629
-128.21629
-128.21628
-128.21628
-128.38061
-128.37658
-128.36679
-128.3692
-128.38446
-128.38638
-128.38793
-128.38957
-128.39134
-128.39325
-128.39536
-128.3978
-128.40075
-128.40448
-128.40929
-128.41546
-128.42317
-128.43231
-128.44241
-128.45253
-128.46139
-128.46775
-128.47086
-128.47078
-128.46815
-128.46351
-128.45758
-128.45198
-128.44833
-128.44726
-128.44773
-128.44832
-128.44775
-128.44635
-128.44564
-128.4461
-128.44742
-128.44933
-128.45201
-128.45536
-128.45914
-128.46285
-128.46582
-128.46745
-128.46742
-128.46601
-128.4642
-128.46309
-128.46297
-128.4638
-128.46549
-128.46801
-128.47131
-128.47528
-128.47974
-128.48441
-128.48886
-128.49254
-128.49497
-128.49581
-128.49495
-128.49263
-128.4893
-128.48539
-128.48128
-128.47751
-128.47476
-128.47355
-128.47382
-128.47523
-128.47734
-128.47983
-128.48241
-128.48492
-128.48724
-128.48928
-128.49095
-128.49221
-128.49302
-128.49337
-128.49331
-128.4929
-128.49226
-128.49147
-128.49056
-128.48956
-128.48845
-128.48729
-128.48619
-128.48528
-128.48468
-128.48445
-128.48459
-128.48505
-128.48581
-128.48685
-128.48817
-128.48985
-128.49203
-128.49498
-128.49912
-128.50504
-128.51329
-128.52426
-128.53809
-128.55474
-128.574
-128.59558
-128.61912
-128.64418
-128.6703
-128.697
-128.72378
-128.75012
-128.77547
-128.79924
-128.82084
-128.83975
-128.85559
-128.86822
-128.87773
-128.88441
-128.88861
-128.89079
-128.89169
-128.89144
-128.88999
-128.88738
-128.88381
-128.87943
-128.87386
-128.86514
-128.84865
-128.81788
-128.76784
-128.69902
-128.61817
-128.53558
-128.45945
-128.39401
-128.34054
-128.29865
-128.26729
-128.2439
-128.22732
-128.21567
-128.20785
-128.20285
-128.19991
-128.19841
-128.19792
-128.19812
-128.19877
-128.19971
-128.20081
-128.20198
-128.20316
-128.20433
-128.20545
-128.2065
-128.20748
-128.20839
-128.20922
-128.20998
-128.21066
-128.21128
-128.21184
-128.21233
-128.21278
-128.21318
-128.21353
-128.21385
-128.21413
-128.21438
-128.2146
-128.2148
-128.21497
-128.21512
-128.21526
-128.21538
-128.21549
-128.21558
-128.21566
-128.21574
-128.2158
-128.21586
-128.21591
-128.21595
-128.21599
-128.21603
-128.21606
-128.21608
-128.21611
-128.21613
-128.21615
-128.21616
-128.21618
-128.21619
-128.2162
-128.21621
-128.21622
-128.21623
-128.21623
-128.21624
-128.21625
-128.21625
-128.21625
-128.21626
-128.21626
-128.21626
-128.21627
-128.21627
-128.21627
-128.21627
-128.21627
-128.21628
-128.21628
-128.21628
-128.21628
-128.21628
-128.21628
-128.21628
-128.21628
-128.21628
-128.21628
-128.21628
-128.21628
-128.21628
-128.21628
-128.21628
-128.21628
-128.21628
-128.21628
-128.21629
-128.21629
-128.21629
-128.21629
-128.21629
-128.21629
-128.21629
-128.21629
-128.21629
-128.21629
-128.21629
-128.21629
-128.21629
-128.21629
-128.21629
-128.21629
-128.21629
-128.21628
-128.21628
-128.21628
-128.21628
-128.21628
-128.21628
-128.21628
-128.21628
-128.21628
-128.21629
-128.21629
-128.21629
-128.21629
-128.21629
-128.21629
-128.21629
-128.21629
-128.21629
-128.21629
-128.21629
-128.21629
-128.21629
-128.21629
-128.21629
-128.21629
-128.21629
-128.21629
-128.21629
-128.21629
-128.21629
-128.21629
-128.21629
-128.21629
-128.21629
-128.21629
-128.21629
-128.21629
-128.21629
-128.21629
-128.21629
-128.21629
-128.21629
-128.21629
-128.21629
-128.21629
-128.21629
-128.21629
-128.21629
-128.21628
-128.21628
-128.38211
-128.37488
-128.36692
-128.3818
-128.38665
-128.38847
-128.3903
-128.39216
-128.3941
-128.39614
-128.39836
-128.40086
-128.40378
-128.40731
-128.41164
-128.41696
-128.42335
-128.43071
-128.4387
-128.44663
-128.45357
-128.45878
-128.46166
-128.46218
-128.46078
-128.45788
-128.45432
-128.45116
-128.44913
-128.4483
-128.44817
-128.44799
-128.44745
-128.44691
-128.44692
-128.44755
-128.44871
-128.45054
-128.45287
-128.45559
-128.45851
-128.46129
-128.46353
-128.46496
-128.46539
-128.46505
-128.46448
-128.46427
-128.46462
-128.46552
-128.46709
-128.46931
-128.4721
-128.47536
-128.47892
-128.48255
-128.48592
-128.48869
-128.49057
-128.4914
-128.49089
-128.4894
-128.48716
-128.48448
-128.48169
-128.4792
-128.47741
-128.47658
-128.47673
-128.47768
-128.47921
-128.48109
-128.48313
-128.48517
-128.4871
-128.48884
-128.49031
-128.49147
-128.49229
-128.49277
-128.49294
-128.49285
-128.49256
-128.49213
-128.4916
-128.49099
-128.49034
-128.4897
-128.48916
-128.48879
-128.48868
-128.48888
-128.48941
-128.49028
-128.49148
-128.49303
-128.49497
-128.49739
-128.50043
-128.50434
-128.50943
-128.51609
-128.52466
-128.53542
-128.54847
-128.5638
-128.58125
-128.60061
-128.62158
-128.6438
-128.66688
-128.69039
-128.71391
-128.73699
-128.75913
-128.77987
-128.79875
-128.81536
-128.82942
-128.8408
-128.84953
-128.85575
-128.85969
-128.86167
-128.86201
-128.86082
-128.85811
-128.85386
-128.84802
-128.84033
-128.83001
-128.81532
-128.79332
-128.76067
-128.71539
-128.65858
-128.5945
-128.52892
-128.46687
-128.41158
-128.3645
-128.32584
-128.29509
-128.2711
-128.25284
-128.23915
-128.22908
-128.22182
-128.21673
-128.21325
-128.21096
-128.20954
-128.20877
-128.20846
-128.20846
-128.20867
-128.20902
-128.20945
-128.20993
-128.21043
-128.21092
-128.21141
-128.21187
-128.2123
-128.2127
-128.21307
-128.21341
-128.21372
-128.214
-128.21425
-128.21447
-128.21468
-128.21486
-128.21502
-128.21516
-128.21529
-128.21541
-128.21551
-128.2156
-128.21568
-128.21575
-128.21581
-128.21587
-128.21592
-128.21596
-128.216
-128.21603
-128.21606
-128.21609
-128.21611
-128.21613
-128.21615
-128.21617
-128.21618
-128.21619
-128.2162
-128.21621
-128.21622
-128.21623
-128.21624
-128.21624
-128.21625
-128.21625
-128.21626
-128.21626
-128.21626
-128.21626
-128.21627
-128.21627
-128.21627
-128.21627
-128.21627
-128.21628
-128.21628
-128.21628
-128.21628
-128.21628
-128.21628
-128.21628
-128.21628
-128.21628
-128.21628
-128.21628
-128.21628
-128.21628
-128.21628
-128.21628
-128.21628
-128.21628
-128.21628
-128.21628
-128.21629
-128.21629
-128.21629
-128.21629
-128.21629
-128.21629
-128.21629
-128.21629
-128.21629
-128.21629
-128.21629
-128.21629
-128.21629
-128.21629
-128.21629
-128.21629
-128.21629
-128.21629
-128.21629
-128.21629
-128.21628
-128.21628
-128.21628
-128.21628
-128.21628
-128.21628
-128.21628
-128.21628
-128.21629
-128.21629
-128.21629
-128.21629
-128.21629
-128.21629
-128.21629
-128.21629
-128.21629
-128.21629
-128.21629
-128.21629
-128.21629
-128.21629
-128.21629
-128.21629
-128.21629
-128.21629
-128.21629
-128.21629
-128.21629
-128.21629
-128.21629
-128.21629
-128.21629
-128.21629
-128.21629
-128.21629
-128.21629
-128.21629
-128.21629
-128.21629
-128.21629
-128.21629
-128.21629
-128.21629
-128.21629
-128.21629
-128.21629
-128.21628
-128.21628
-128.38385
-128.37578
-128.36972
-128.38687
-128.38869
-128.39063
-128.39259
-128.3946
-128.39666
-128.3988
-128.40107
-128.40355
-128.40636
-128.40961
-128.41343
-128.41791
-128.42308
-128.42886
-128.43497
-128.44099
-128.44636
-128.4505
-128.45308
-128.45405
-128.45365
-128.45243
-128.4508
-128.44932
-128.44831
-128.44782
-128.44773
-128.4477
-128.44758
-128.44754
-128.44789
-128.44867
-128.44988
-128.45147
-128.45344
-128.45569
-128.45803
-128.46025
-128.4621
-128.46343
-128.46415
-128.46443
-128.46457
-128.46488
-128.46555
-128.46663
-128.46816
-128.47014
-128.47253
-128.47524
-128.47812
-128.481
-128.48364
-128.48581
-128.48732
-128.48804
-128.4879
-128.48702
-128.48559
-128.48382
-128.48199
-128.48038
-128.47923
-128.4787
-128.47884
-128.47956
-128.48074
-128.48221
-128.48385
-128.48553
-128.48716
-128.48866
-128.48997
-128.49106
-128.4919
-128.49249
-128.49284
-128.493
-128.493
-128.49288
-128.49269
-128.49245
-128.49222
-128.49203
-128.49194
-128.49204
-128.49237
-128.49298
-128.49391
-128.49518
-128.49681
-128.49883
-128.50131
-128.50434
-128.50806
-128.51264
-128.51835
-128.52542
-128.53411
-128.54458
-128.55691
-128.57108
-128.587
-128.60447
-128.62325
-128.64305
-128.66352
-128.68432
-128.70507
-128.72537
-128.74482
-128.76302
-128.7796
-128.79425
-128.80673
-128.81691
-128.82477
-128.83036
-128.83382
-128.83532
-128.835
-128.83292
-128.82906
-128.82334
-128.81557
-128.80535
-128.79191
-128.77395
-128.74976
-128.71772
-128.67722
-128.62932
-128.57673
-128.52295
-128.47124
-128.42392
-128.38232
-128.34691
-128.31755
-128.2937
-128.27466
-128.25967
-128.24801
-128.23905
-128.23224
-128.22711
-128.22328
-128.22046
-128.2184
-128.217
-128.21597
-128.21527
-128.21482
-128.21455
-128.21442
-128.21437
-128.21439
-128.21446
-128.21455
-128.21466
-128.21478
-128.2149
-128.21502
-128.21513
-128.21524
-128.21534
-128.21544
-128.21553
-128.21561
-128.21568
-128.21574
-128.2158
-128.21586
-128.21591
-128.21595
-128.21599
-128.21602
-128.21605
-128.21608
-128.2161
-128.21612
-128.21614
-128.21616
-128.21617
-128.21619
-128.2162
-128.21621
-128.21622
-128.21623
-128.21623
-128.21624
-128.21624
-128.21625
-128.21625
-128.21626
-128.21626
-128.21626
-128.21627
-128.21627
-128.21627
-128.21627
-128.21627
-128.21627
-128.21628
-128.21628
-128.21628
-128.21628
-128.21628
-128.21628
-128.21628
-128.21628
-128.21628
-128.21628
-128.21628
-128.21628
-128.21628
-128.21628
-128.21628
-128.21628
-128.21628
-128.21628
-128.21628
-128.21628
-128.21629
-128.21629
-128.21629
-128.21629
-128.21629
-128.21629
-128.21629
-128.21629
-128.21629
-128.21629
-128.21629
-128.21629
-128.21629
-128.21629
-128.21629
-128.21629
-128.21629
-128.21629
-128.21629
-128.21629
-128.21629
-128.21629
-128.21629
-128.21629
-128.21628
-128.21628
-128.21628
-128.21628
-128.21628
-128.21628
-128.21628
-128.21628
-128.21628
-128.21629
-128.21629
-128.21629
-128.21629
-128.21629
-128.21629
-128.21629
-128.21629
-128.21629
-128.21629
-128.21629
-128.21629
-128.21629
-128.21629
-128.21629
-128.21629
-128.21629
-128.21629
-128.21629
-128.21629
-128.21629
-128.21629
-128.21629
-128.21629
-128.21629
-128.21629
-128.21629
-128.21629
-128.21629
-128.21629
-128.21629
-128.21629
-128.21629
-128.21629
-128.21629
-128.21629
-128.21629
-128.21628
-128.21628
-128.21628
-128.38562
-128.37926
-128.38152
-128.3889
-128.39073
-128.3927
-128.39478
-128.39693
-128.39913
-128.40135
-128.40362
-128.40601
-128.40861
-128.41153
-128.41484
-128.41859
-128.42279
-128.42735
-128.43208
-128.43671
-128.44088
-128.44427
-128.44667
-128.44805
-128.44853
-128.44839
-128.44791
-128.4475
-128.44722
-128.44715
-128.44726
-128.44742
-128.44761
-128.44792
-128.4485
-128.44937
-128.45056
-128.45206
-128.4538
-128.45572
-128.45768
-128.45955
-128.46118
-128.46247
-128.46339
-128.46406
-128.46464
-128.4653
-128.46619
-128.46735
-128.46884
-128.47064
-128.47272
-128.47501
-128.47739
-128.47973
-128.48186
-128.48363
-128.48491
-128.4856
-128.4857
-128.48526
-128.48441
-128.48332
-128.48218
-128.48118
-128.48049
-128.48023
-128.48041
-128.48102
-128.48198
-128.48318
-128.48453
-128.48595
-128.48735
-128.48867
-128.48987
-128.49091
-128.49176
-128.49244
-128.49295
-128.49331
-128.49355
-128.49371
-128.49382
-128.49392
-128.49405
-128.49424
-128.49456
-128.49506
-128.49579
-128.49678
-128.49809
-128.49974
-128.50176
-128.50422
-128.50716
-128.51068
-128.5149
-128.51996
-128.52605
-128.53334
-128.542
-128.55213
-128.5638
-128.57697
-128.59156
-128.60741
-128.62433
-128.64206
-128.66032
-128.67879
-128.69717
-128.7151
-128.73225
-128.74828
-128.76289
-128.77581
-128.78684
-128.79585
-128.80277
-128.80763
-128.81046
-128.81135
-128.81034
-128.80744
-128.80261
-128.7957
-128.7865
-128.7746
-128.75938
-128.73999
-128.71545
-128.68506
-128.64877
-128.60751
-128.5631
-128.5178
-128.47377
-128.43272
-128.39574
-128.36335
-128.33565
-128.31238
-128.29314
-128.27741
-128.26469
-128.25448
-128.24634
-128.23988
-128.23478
-128.23075
-128.22759
-128.22513
-128.22319
-128.22167
-128.22048
-128.21956
-128.21883
-128.21827
-128.21783
-128.21749
-128.21722
-128.21701
-128.21685
-128.21673
-128.21663
-128.21655
-128.21649
-128.21645
-128.21641
-128.21638
-128.21636
-128.21634
-128.21633
-128.21632
-128.21631
-128.21631
-128.2163
-128.2163
-128.2163
-128.21629
-128.21629
-128.21629
-128.21629
-128.21629
-128.21629
-128.21629
-128.21629
-128.21629
-128.21629
-128.21629
-128.21629
-128.21629
-128.21629
-128.21629
-128.21629
-128.21629
-128.21629
-128.21629
-128.21629
-128.21629
-128.21629
-128.21629
-128.21629
-128.21629
-128.21629
-128.21629
-128.21629
-128.21629
-128.21629
-128.21629
-128.21629
-128.21629
-128.21629
-128.21629
-128.21629
-128.21629
-128.21629
-128.21629
-128.21629
-128.21629
-128.21629
-128.21629
-128.21629
-128.21629
-128.21629
-128.21629
-128.21629
-128.21629
-128.21629
-128.21629
-128.21629
-128.21629
-128.21629
-128.21629
-128.21629
-128.21629
-128.21629
-128.21629
-128.21629
-128.21629
-128.21629
-128.21629
-128.21629
-128.21629
-128.21629
-128.21629
-128.21629
-128.21629
-128.21629
-128.21629
-128.21628
-128.21628
-128.21628
-128.21628
-128.21628
-128.21628
-128.21628
-128.21628
-128.21629
-128.21629
-128.21629
-128.21629
-128.21629
-128.21629
-128.21629
-128.21629
-128.21629
-128.21629
-128.21629
-128.21629
-128.21629
-128.21629
-128.21629
-128.21629
-128.21629
-128.21629
-128.21629
-128.21629
-128.21629
-128.21629
-128.21629
-128.21629
-128.21629
-128.21629
-128.21629
-128.21629
-128.21629
-128.21629
-128.21629
-128.21629
-128.21629
-128.21629
-128.21629
-128.21629
-128.21629
-128.21628
-128.21628
-128.21628
-128.3873
-128.38557
-128.38906
-128.39082
-128.39268
-128.39477
-128.39704
-128.39941
-128.40175
-128.40402
-128.40621
-128.4084
-128.41069
-128.41318
-128.41596
-128.41907
-128.42249
-128.42616
-128.42994
-128.43365
-128.43706
-128.43997
-128.44224
-128.44385
-128.44487
-128.44545
-128.44577
-128.44591
-128.4461
-128.44638
-128.44672
-128.44711
-128.44756
-128.44812
-128.44887
-128.44984
-128.45103
-128.45243
-128.45401
-128.4557
-128.45742
-128.45907
-128.46056
-128.46184
-128.4629
-128.4638
-128.46464
-128.46554
-128.46657
-128.4678
-128.46924
-128.4709
-128.47274
-128.47471
-128.47673
-128.47869
-128.48047
-128.48197
-128.4831
-128.4838
-128.48406
-128.48394
-128.48352
-128.48292
-128.48228
-128.48172
-128.48138
-128.48132
-128.48158
-128.48214
-128.48297
-128.484
-128.48516
-128.48638
-128.48762
-128.48881
-128.48993
-128.49093
-128.49181
-128.49256
-128.4932
-128.49373
-128.49418
-128.49458
-128.49496
-128.49536
-128.4958
-128.49634
-128.49701
-128.49786
-128.49894
-128.50028
-128.50193
-128.50393
-128.50632
-128.50914
-128.51247
-128.51637
-128.52097
-128.52636
-128.53268
-128.54005
-128.54859
-128.55837
-128.56941
-128.58169
-128.59513
-128.6096
-128.62493
-128.64089
-128.65726
-128.67375
-128.6901
-128.70602
-128.7212
-128.73537
-128.74826
-128.75966
-128.76937
-128.77726
-128.78326
-128.78732
-128.78945
-128.78968
-128.788
-128.78436
-128.7787
-128.77088
-128.76068
-128.74776
-128.73168
-128.71192
-128.68796
-128.65955
-128.62689
-128.59074
-128.55239
-128.51337
-128.47518
-128.43908
-128.40593
-128.37626
-128.35023
-128.32779
-128.3087
-128.29264
-128.27924
-128.26815
-128.259
-128.25149
-128.24534
-128.2403
-128.23618
-128.23281
-128.23005
-128.22778
-128.22592
-128.22438
-128.22311
-128.22206
-128.22118
-128.22045
-128.21984
-128.21933
-128.2189
-128.21853
-128.21822
-128.21796
-128.21774
-128.21754
-128.21738
-128.21724
-128.21711
-128.21701
-128.21692
-128.21684
-128.21677
-128.21671
-128.21666
-128.21661
-128.21657
-128.21654
-128.21651
-128.21648
-128.21646
-128.21644
-128.21642
-128.2164
-128.21639
-128.21638
-128.21636
-128.21636
-128.21635
-128.21634
-128.21633
-128.21633
-128.21632
-128.21632
-128.21631
-128.21631
-128.21631
-128.2163
-128.2163
-128.2163
-128.2163
-128.2163
-128.2163
-128.21629
-128.21629
-128.21629
-128.21629
-128.21629
-128.21629
-128.21629
-128.21629
-128.21629
-128.21629
-128.21629
-128.21629
-128.21629
-128.21629
-128.21629
-128.21629
-128.21629
-128.21629
-128.21629
-128.21629
-128.21629
-128.21629
-128.21629
-128.21629
-128.21629
-128.21629
-128.21629
-128.21629
-128.21629
-128.21629
-128.21629
-128.21629
-128.21629
-128.21629
-128.21629
-128.21629
-128.21629
-128.21629
-128.21629
-128.21629
-128.21629
-128.21629
-128.21629
-128.21629
-128.21629
-128.21628
-128.21628
-128.21628
-128.21628
-128.21628
-128.21628
-128.21628
-128.21629
-128.21629
-128.21629
-128.21629
-128.21629
-128.21629
-128.21629
-128.21629
-128.21629
-128.21629
-128.21629
-128.21629
-128.21629
-128.21629
-128.21629
-128.21629
-128.21629
-128.21629
-128.21629
-128.21629
-128.21629
-128.21629
-128.21629
-128.21629
-128.21629
-128.21629
-128.21629
-128.21629
-128.21629
-128.21629
-128.21629
-128.21629
-128.21629
-128.21629
-128.21629
-128.21629
-128.21629
-128.21629
-128.21628
-128.21628
-128.21628
-128.38915
-128.38915
-128.39108
-128.39269
-128.3947
-128.39707
-128.39966
-128.40232
-128.40482
-128.40706
-128.40902
-128.41084
-128.41267
-128.41464
-128.41685
-128.41934
-128.42211
-128.4251
-128.4282
-128.43128
-128.43418
-128.43677
-128.43896
-128.4407
-128.44203
-128.44302
-128.44378
-128.44439
-128.44496
-128.44552
-128.44612
-128.44674
-128.44741
-128.44816
-128.44905
-128.45009
-128.45129
-128.45264
-128.45412
-128.45566
-128.45723
-128.45874
-128.46016
-128.46143
-128.46257
-128.46361
-128.46462
-128.46566
-128.46679
-128.46805
-128.46945
-128.471
-128.47266
-128.4744
-128.47615
-128.47783
-128.47937
-128.48069
-128.48172
-128.48244
-128.48285
-128.48296
-128.48285
-128.4826
-128.48232
-128.48209
-128.48201
-128.48212
-128.48245
-128.48301
-128.48377
-128.48469
-128.48572
-128.48681
-128.48793
-128.48903
-128.49009
-128.49108
-128.49198
-128.49281
-128.49355
-128.49423
-128.49486
-128.49548
-128.49609
-128.49675
-128.49747
-128.4983
-128.49928
-128.50044
-128.50183
-128.50348
-128.50544
-128.50775
-128.51045
-128.51359
-128.51723
-128.52144
-128.5263
-128.53191
-128.53835
-128.54572
-128.5541
-128.56351
-128.57398
-128.58548
-128.59792
-128.61119
-128.62515
-128.63961
-128.65436
-128.66917
-128.68379
-128.69798
-128.71148
-128.72405
-128.73546
-128.74551
-128.75403
-128.76089
-128.766
-128.76929
-128.77072
-128.77032
-128.768
-128.76372
-128.7574
-128.7489
-128.73804
-128.72458
-128.70823
-128.68868
-128.6657
-128.63927
-128.60968
-128.57755
-128.54381
-128.50957
-128.47589
-128.44372
-128.41375
-128.38644
-128.362
-128.34048
-128.32175
-128.30562
-128.29184
-128.28014
-128.27025
-128.26192
-128.25492
-128.24904
-128.2441
-128.23996
-128.23647
-128.23354
-128.23106
-128.22897
-128.2272
-128.22569
-128.22441
-128.22331
-128.22238
-128.22157
-128.22088
-128.22029
-128.21977
-128.21933
-128.21895
-128.21861
-128.21832
-128.21807
-128.21785
-128.21766
-128.21749
-128.21734
-128.21721
-128.2171
-128.217
-128.21692
-128.21684
-128.21677
-128.21672
-128.21666
-128.21662
-128.21658
-128.21654
-128.21651
-128.21649
-128.21646
-128.21644
-128.21642
-128.21641
-128.21639
-128.21638
-128.21637
-128.21636
-128.21635
-128.21634
-128.21633
-128.21633
-128.21632
-128.21632
-128.21632
-128.21631
-128.21631
-128.21631
-128.2163
-128.2163
-128.2163
-128.2163
-128.2163
-128.2163
-128.21629
-128.21629
-128.21629
-128.21629
-128.21629
-128.21629
-128.21629
-128.21629
-128.21629
-128.21629
-128.21629
-128.21629
-128.21629
-128.21629
-128.21629
-128.21629
-128.21629
-128.21629
-128.21629
-128.21629
-128.21629
-128.21629
-128.21629
-128.21629
-128.21629
-128.21629
-128.21629
-128.21629
-128.21629
-128.21629
-128.21629
-128.21629
-128.21629
-128.21629
-128.21629
-128.21629
-128.21629
-128.21629
-128.21629
-128.21629
-128.21628
-128.21628
-128.21628
-128.21628
-128.21628
-128.21628
-128.21629
-128.21629
-128.21629
-128.21629
-128.21629
-128.21629
-128.21629
-128.21629
-128.21629
-128.21629
-128.21629
-128.21629
-128.21629
-128.21629
-128.21629
-128.21629
-128.21629
-128.21629
-128.21629
-128.21629
-128.21629
-128.21629
-128.21629
-128.21629
-128.21629
-128.21629
-128.21629
-128.21629
-128.21629
-128.21629
-128.21629
-128.21629
-128.21629
-128.21629
-128.21629
-128.21629
-128.21629
-128.21629
-128.21628
-128.21628
-128.21628
-128.391
-128.39135
-128.39295
-128.39473
-128.39704
-128.39985
-128.40301
-128.40611
-128.40877
-128.41082
-128.41231
-128.41347
-128.4146
-128.4159
-128.41749
-128.4194
-128.42161
-128.42406
-128.42666
-128.4293
-128.43186
-128.43424
-128.43636
-128.43818
-128.43971
-128.44098
-128.44206
-128.443
-128.44386
-128.44469
-128.4455
-128.44632
-128.44717
-128.44809
-128.44909
-128.4502
-128.45142
-128.45274
-128.45415
-128.4556
-128.45707
-128.4585
-128.45987
-128.46115
-128.46234
-128.46347
-128.46458
-128.46571
-128.4669
-128.46817
-128.46953
-128.47099
-128.47252
-128.47408
-128.47564
-128.47713
-128.47849
-128.47969
-128.48066
-128.48141
-128.48191
-128.4822
-128.48232
-128.48234
-128.48232
-128.48234
-128.48246
-128.48271
-128.48311
-128.48368
-128.48441
-128.48526
-128.48621
-128.48722
-128.48826
-128.4893
-128.49032
-128.4913
-128.49224
-128.49313
-128.49397
-128.49478
-128.49557
-128.49636
-128.49718
-128.49806
-128.49903
-128.50012
-128.50136
-128.50279
-128.50445
-128.50638
-128.50862
-128.5112
-128.51417
-128.51757
-128.52146
-128.52591
-128.53096
-128.5367
-128.5432
-128.55051
-128.55868
-128.56775
-128.5777
-128.58849
-128.60007
-128.61232
-128.62511
-128.63828
-128.65165
-128.66502
-128.67817
-128.69089
-128.70295
-128.71414
-128.72426
-128.73313
-128.74059
-128.74652
-128.75081
-128.75338
-128.75413
-128.75316
-128.75028
-128.74546
-128.73862
-128.72966
-128.71842
-128.70475
-128.68847
-128.66943
-128.64756
-128.62297
-128.59594
-128.56699
-128.53685
-128.5063
-128.47616
-128.44713
-128.41978
-128.3945
-128.37152
-128.35091
-128.33265
-128.31662
-128.30266
-128.29056
-128.28014
-128.27118
-128.26351
-128.25694
-128.25132
-128.24651
-128.2424
-128.23888
-128.23586
-128.23326
-128.23103
-128.22911
-128.22745
-128.22602
-128.22478
-128.22371
-128.22278
-128.22197
-128.22126
-128.22065
-128.22011
-128.21964
-128.21923
-128.21887
-128.21856
-128.21828
-128.21804
-128.21783
-128.21765
-128.21748
-128.21734
-128.21721
-128.2171
-128.217
-128.21692
-128.21684
-128.21678
-128.21672
-128.21667
-128.21662
-128.21658
-128.21655
-128.21652
-128.21649
-128.21646
-128.21644
-128.21642
-128.21641
-128.21639
-128.21638
-128.21637
-128.21636
-128.21635
-128.21634
-128.21634
-128.21633
-128.21632
-128.21632
-128.21632
-128.21631
-128.21631
-128.21631
-128.2163
-128.2163
-128.2163
-128.2163
-128.2163
-128.2163
-128.21629
-128.21629
-128.21629
-128.21629
-128.21629
-128.21629
-128.21629
-128.21629
-128.21629
-128.21629
-128.21629
-128.21629
-128.21629
-128.21629
-128.21629
-128.21629
-128.21629
-128.21629
-128.21629
-128.21629
-128.21629
-128.21629
-128.21629
-128.21629
-128.21629
-128.21629
-128.21629
-128.21629
-128.21629
-128.21629
-128.21629
-128.21629
-128.21629
-128.21629
-128.21629
-128.21629
-128.21629
-128.21629
-128.21628
-128.21628
-128.21628
-128.21628
-128.21629
-128.21629
-128.21629
-128.21629
-128.21629
-128.21629
-128.21629
-128.21629
-128.21629
-128.21629
-128.21629
-128.21629
-128.21629
-128.21629
-128.21629
-128.21629
-128.21629
-128.21629
-128.21629
-128.21629
-128.21629
-128.21629
-128.21629
-128.21629
-128.21629
-128.21629
-128.21629
-128.21629
-128.21629
-128.21629
-128.21629
-128.21629
-128.21629
-128.21629
-128.21629
-128.21629
-128.21629
-128.21629
-128.21628
-128.21628
-128.21628
-128.21628
-128.39289
-128.39341
-128.395
-128.39709
-128.39999
-128.40368
-128.40777
-128.41153
-128.41439
-128.41603
-128.41657
-128.41655
-128.41657
-128.41697
-128.41786
-128.41921
-128.42095
-128.423
-128.42524
-128.42758
-128.42991
-128.43215
-128.43422
-128.4361
-128.43777
-128.43925
-128.44056
-128.44174
-128.44284
-128.44388
-128.44488
-128.44588
-128.44689
-128.44793
-128.44903
-128.45021
-128.45145
-128.45276
-128.45413
-128.45553
-128.45694
-128.45832
-128.45966
-128.46094
-128.46217
-128.46336
-128.46453
-128.46571
-128.46693
-128.4682
-128.46953
-128.47092
-128.47234
-128.47378
-128.47519
-128.47654
-128.47779
-128.4789
-128.47985
-128.48061
-128.48119
-128.48162
-128.48191
-128.48213
-128.48231
-128.48251
-128.48278
-128.48314
-128.48361
-128.48421
-128.48493
-128.48574
-128.48664
-128.48759
-128.48858
-128.48959
-128.49059
-128.49158
-128.49254
-128.49349
-128.49442
-128.49534
-128.49626
-128.49722
-128.49822
-128.49929
-128.50047
-128.50178
-128.50325
-128.50492
-128.50682
-128.50899
-128.51146
-128.51428
-128.51747
-128.52109
-128.52519
-128.5298
-128.53499
-128.54081
-128.54731
-128.55453
-128.5625
-128.57123
-128.58071
-128.59089
-128.60171
-128.61308
-128.62488
-128.63696
-128.64916
-128.6613
-128.6732
-128.68466
-128.6955
-128.70551
-128.71451
-128.72235
-128.72888
-128.73397
-128.73752
-128.73945
-128.73971
-128.73812
-128.73474
-128.72947
-128.72225
-128.71298
-128.70156
-128.6879
-128.67189
-128.65349
-128.63273
-128.60975
-128.58486
-128.55847
-128.53115
-128.50351
-128.47616
-128.44965
-128.42446
-128.40091
-128.37921
-128.35948
-128.34172
-128.32589
-128.31188
-128.29954
-128.28874
-128.27932
-128.27111
-128.26398
-128.2578
-128.25243
-128.24778
-128.24375
-128.24025
-128.23722
-128.23458
-128.23228
-128.23029
-128.22855
-128.22703
-128.22571
-128.22455
-128.22354
-128.22266
-128.22188
-128.2212
-128.22061
-128.22009
-128.21963
-128.21923
-128.21888
-128.21857
-128.21829
-128.21805
-128.21784
-128.21766
-128.21749
-128.21735
-128.21722
-128.21711
-128.21701
-128.21693
-128.21685
-128.21678
-128.21672
-128.21667
-128.21663
-128.21659
-128.21655
-128.21652
-128.21649
-128.21647
-128.21645
-128.21643
-128.21641
-128.21639
-128.21638
-128.21637
-128.21636
-128.21635
-128.21634
-128.21634
-128.21633
-128.21633
-128.21632
-128.21632
-128.21631
-128.21631
-128.21631
-128.2163
-128.2163
-128.2163
-128.2163
-128.2163
-128.2163
-128.21629
-128.21629
-128.21629
-128.21629
-128.21629
-128.21629
-128.21629
-128.21629
-128.21629
-128.21629
-128.21629
-128.21629
-128.21629
-128.21629
-128.21629
-128.21629
-128.21629
-128.21629
-128.21629
-128.21629
-128.21629
-128.21629
-128.21629
-128.21629
-128.21629
-128.21629
-128.21629
-128.21629
-128.21629
-128.21629
-128.21629
-128.21629
-128.21629
-128.21629
-128.21629
-128.21629
-128.21629
-128.21628
-128.21628
-128.21629
-128.21629
-128.21629
-128.21629
-128.21629
-128.21629
-128.21629
-128.21629
-128.21629
-128.21629
-128.21629
-128.21629
-128.21629
-128.21629
-128.21629
-128.21629
-128.21629
-128.21629
-128.21629
-128.21629
-128.21629
-128.21629
-128.21629
-128.21629
-128.21629
-128.21629
-128.21629
-128.21629
-128.21629
-128.21629
-128.21629
-128.21629
-128.21629
-128.21629
-128.21629
-128.21629
-128.21629
-128.21629
-128.21629
-128.21628
-128.21628
-128.21628
-128.21628
-128.39478
-128.39546
-128.39724
-128.39987
-128.40372
-128.40881
-128.41447
-128.41945
-128.42265
-128.42357
-128.42246
-128.42042
-128.41867
-128.4178
-128.41787
-128.4187
-128.42008
-128.42185
-128.42386
-128.42602
-128.42821
-128.43036
-128.43243
-128.43436
-128.43613
-128.43776
-128.43925
-128.44062
-128.4419
-128.44312
-128.44429
-128.44543
-128.44657
-128.44773
-128.44892
-128.45014
-128.45142
-128.45273
-128.45408
-128.45545
-128.45682
-128.45818
-128.4595
-128.46079
-128.46204
-128.46326
-128.46447
-128.46569
-128.46692
-128.46819
-128.46948
-128.47081
-128.47216
-128.4735
-128.47481
-128.47607
-128.47723
-128.47829
-128.47921
-128.48
-128.48064
-128.48116
-128.48159
-128.48195
-128.48228
-128.48263
-128.48301
-128.48346
-128.48399
-128.48462
-128.48534
-128.48614
-128.48701
-128.48793
-128.48889
-128.48988
-128.49087
-128.49187
-128.49287
-128.49387
-128.49487
-128.49589
-128.49693
-128.49802
-128.49918
-128.50042
-128.50178
-128.50328
-128.50495
-128.50682
-128.50893
-128.5113
-128.51398
-128.51699
-128.52037
-128.52417
-128.52842
-128.53316
-128.53844
-128.5443
-128.55077
-128.55789
-128.56565
-128.57408
-128.58313
-128.59278
-128.60296
-128.61357
-128.62452
-128.63567
-128.64689
-128.658
-128.66884
-128.67924
-128.68903
-128.69803
-128.70609
-128.71304
-128.71875
-128.72311
-128.726
-128.72734
-128.72705
-128.72502
-128.72124
-128.71563
-128.70813
-128.69868
-128.68722
-128.67368
-128.65804
-128.64031
-128.62058
-128.59901
-128.57588
-128.55155
-128.52647
-128.50112
-128.47599
-128.45152
-128.42809
-128.40599
-128.38541
-128.36647
-128.34922
-128.33364
-128.31966
-128.3072
-128.29614
-128.28636
-128.27775
-128.27018
-128.26353
-128.2577
-128.2526
-128.24813
-128.24422
-128.24079
-128.2378
-128.23517
-128.23287
-128.23086
-128.22909
-128.22754
-128.22619
-128.22499
-128.22395
-128.22303
-128.22222
-128.22151
-128.22088
-128.22033
-128.21985
-128.21943
-128.21905
-128.21872
-128.21843
-128.21818
-128.21795
-128.21775
-128.21758
-128.21743
-128.21729
-128.21717
-128.21707
-128.21697
-128.21689
-128.21682
-128.21676
-128.2167
-128.21665
-128.21661
-128.21657
-128.21654
-128.21651
-128.21648
-128.21646
-128.21644
-128.21642
-128.2164
-128.21639
-128.21638
-128.21637
-128.21636
-128.21635
-128.21634
-128.21633
-128.21633
-128.21632
-128.21632
-128.21631
-128.21631
-128.21631
-128.21631
-128.2163
-128.2163
-128.2163
-128.2163
-128.2163
-128.21629
-128.21629
-128.21629
-128.21629
-128.21629
-128.21629
-128.21629
-128.21629
-128.21629
-128.21629
-128.21629
-128.21629
-128.21629
-128.21629
-128.21629
-128.21629
-128.21629
-128.21629
-128.21629
-128.21629
-128.21629
-128.21629
-128.21629
-128.21629
-128.21629
-128.21629
-128.21629
-128.21629
-128.21629
-128.21629
-128.21629
-128.21629
-128.21629
-128.21629
-128.21629
-128.21629
-128.21629
-128.21629
-128.21629
-128.21629
-128.21629
-128.21629
-128.21629
-128.21629
-128.21629
-128.21629
-128.21629
-128.21629
-128.21629
-128.21629
-128.21629
-128.21629
-128.21629
-128.21629
-128.21629
-128.21629
-128.21629
-128.21629
-128.21629
-128.21629
-128.21629
-128.21629
-128.21629
-128.21629
-128.21629
-128.21629
-128.21629
-128.21629
-128.21629
-128.21629
-128.21629
-128.21629
-128.21629
-128.21629
-128.21629
-128.21629
-128.21628
-128.21628
-128.21628
-128.21628
-128.21628
-128.39651
-128.39741
-128.39959
-128.40296
-128.40811
-128.41508
-128.4229
-128.4296
-128.43324
-128.43315
-128.42964
-128.42463
-128.42043
-128.41801
-128.41726
-128.41771
-128.41892
-128.42057
-128.42249
-128.42456
-128.42669
-128.42881
-128.43088
-128.43286
-128.43472
-128.43646
-128.43809
-128.43961
-128.44105
-128.44241
-128.44372
-128.44499
-128.44625
-128.4475
-128.44876
-128.45004
-128.45134
-128.45267
-128.45402
-128.45537
-128.45673
-128.45807
-128.45938
-128.46067
-128.46193
-128.46318
-128.46441
-128.46564
-128.46688
-128.46814
-128.46941
-128.4707
-128.47198
-128.47325
-128.47449
-128.47568
-128.47679
-128.4778
-128.47872
-128.47952
-128.48021
-128.48081
-128.48134
-128.4818
-128.48225
-128.4827
-128.48317
-128.4837
-128.48429
-128.48495
-128.48568
-128.48647
-128.48733
-128.48824
-128.48918
-128.49016
-128.49115
-128.49217
-128.4932
-128.49424
-128.49531
-128.49641
-128.49756
-128.49877
-128.50005
-128.50144
-128.50295
-128.50461
-128.50645
-128.50849
-128.51077
-128.51332
-128.51616
-128.51934
-128.52288
-128.52682
-128.53119
-128.53603
-128.54137
-128.54724
-128.55367
-128.56067
-128.56824
-128.57639
-128.58508
-128.59426
-128.60389
-128.61387
-128.62411
-128.63448
-128.64486
-128.65511
-128.66506
-128.67458
-128.68349
-128.69164
-128.69888
-128.70508
-128.71009
-128.71381
-128.71613
-128.71695
-128.7162
-128.7138
-128.70969
-128.70381
-128.69613
-128.68658
-128.67515
-128.66181
-128.64656
-128.62948
-128.61066
-128.59028
-128.5686
-128.54592
-128.52262
-128.4991
-128.47574
-128.4529
-128.43091
-128.41001
-128.39038
-128.37215
-128.35536
-128.34004
-128.32616
-128.31364
-128.30241
-128.29238
-128.28346
-128.27553
-128.26851
-128.2623
-128.25682
-128.25199
-128.24773
-128.24397
-128.24066
-128.23775
-128.23519
-128.23293
-128.23095
-128.2292
-128.22766
-128.2263
-128.22511
-128.22406
-128.22314
-128.22232
-128.2216
-128.22097
-128.22042
-128.21993
-128.21949
-128.21911
-128.21878
-128.21848
-128.21822
-128.21799
-128.21779
-128.21761
-128.21745
-128.21732
-128.21719
-128.21709
-128.21699
-128.21691
-128.21683
-128.21677
-128.21671
-128.21666
-128.21662
-128.21658
-128.21654
-128.21651
-128.21649
-128.21646
-128.21644
-128.21642
-128.21641
-128.21639
-128.21638
-128.21637
-128.21636
-128.21635
-128.21634
-128.21633
-128.21633
-128.21632
-128.21632
-128.21632
-128.21631
-128.21631
-128.21631
-128.2163
-128.2163
-128.2163
-128.2163
-128.2163
-128.2163
-128.21629
-128.21629
-128.21629
-128.21629
-128.21629
-128.21629
-128.21629
-128.21629
-128.21629
-128.21629
-128.21629
-128.21629
-128.21629
-128.21629
-128.21629
-128.21629
-128.21629
-128.21629
-128.21629
-128.21629
-128.21629
-128.21629
-128.21629
-128.21629
-128.21629
-128.21629
-128.21629
-128.21629
-128.21629
-128.21629
-128.21629
-128.21629
-128.21629
-128.21629
-128.21629
-128.21629
-128.21629
-128.21629
-128.21629
-128.21629
-128.21629
-128.21629
-128.21629
-128.21629
-128.21629
-128.21629
-128.21629
-128.21629
-128.21629
-128.21629
-128.21629
-128.21629
-128.21629
-128.21629
-128.21629
-128.21629
-128.21629
-128.21629
-128.21629
-128.21629
-128.21629
-128.21629
-128.21629
-128.21629
-128.21629
-128.21629
-128.21629
-128.21629
-128.21629
-128.21629
-128.21629
-128.21629
-128.21629
-128.21629
-128.21628
-128.21628
-128.21628
-128.21628
-128.21628
-128.39771
-128.39899
-128.40163
-128.40578
-128.41224
-128.42104
-128.43094
-128.43928
-128.44331
-128.44199
-128.43577
-128.42734
-128.42042
-128.41671
-128.41558
-128.41606
-128.4174
-128.41915
-128.42111
-128.42318
-128.42531
-128.42743
-128.42952
-128.43155
-128.43349
-128.43534
-128.43708
-128.43872
-128.44028
-128.44177
-128.4432
-128.44458
-128.44593
-128.44726
-128.44858
-128.44991
-128.45125
-128.45259
-128.45394
-128.45529
-128.45664
-128.45797
-128.45929
-128.46058
-128.46185
-128.46311
-128.46435
-128.46559
-128.46684
-128.46808
-128.46933
-128.47058
-128.47182
-128.47304
-128.47423
-128.47536
-128.47643
-128.47743
-128.47833
-128.47915
-128.47988
-128.48054
-128.48114
-128.48169
-128.48222
-128.48275
-128.4833
-128.48388
-128.48452
-128.4852
-128.48595
-128.48675
-128.4876
-128.4885
-128.48944
-128.49041
-128.49142
-128.49245
-128.49351
-128.4946
-128.49572
-128.49689
-128.49813
-128.49943
-128.50082
-128.50233
-128.50397
-128.50576
-128.50774
-128.50993
-128.51236
-128.51505
-128.51803
-128.52134
-128.52501
-128.52906
-128.53352
-128.53843
-128.54381
-128.54967
-128.55605
-128.56294
-128.57034
-128.57825
-128.58662
-128.59542
-128.60458
-128.61403
-128.62367
-128.6334
-128.6431
-128.65263
-128.66186
-128.67063
-128.67882
-128.68626
-128.69283
-128.69839
-128.70281
-128.70599
-128.70782
-128.70821
-128.70708
-128.70435
-128.69998
-128.6939
-128.68609
-128.67651
-128.66516
-128.65203
-128.63718
-128.62067
-128.60263
-128.58325
-128.56273
-128.54138
-128.51949
-128.49741
-128.47544
-128.45391
-128.43307
-128.41315
-128.39432
-128.37669
-128.36033
-128.34527
-128.33149
-128.31896
-128.30763
-128.29742
-128.28826
-128.28006
-128.27275
-128.26624
-128.26045
-128.25531
-128.25075
-128.24672
-128.24315
-128.24
-128.23721
-128.23474
-128.23257
-128.23065
-128.22895
-128.22746
-128.22614
-128.22497
-128.22395
-128.22304
-128.22224
-128.22154
-128.22092
-128.22037
-128.21988
-128.21946
-128.21908
-128.21875
-128.21846
-128.2182
-128.21798
-128.21778
-128.2176
-128.21744
-128.21731
-128.21719
-128.21708
-128.21699
-128.2169
-128.21683
-128.21677
-128.21671
-128.21666
-128.21661
-128.21657
-128.21654
-128.21651
-128.21648
-128.21646
-128.21644
-128.21642
-128.2164
-128.21639
-128.21638
-128.21637
-128.21636
-128.21635
-128.21634
-128.21633
-128.21633
-128.21632
-128.21632
-128.21632
-128.21631
-128.21631
-128.21631
-128.2163
-128.2163
-128.2163
-128.2163
-128.2163
-128.2163
-128.21629
-128.21629
-128.21629
-128.21629
-128.21629
-128.21629
-128.21629
-128.21629
-128.21629
-128.21629
-128.21629
-128.21629
-128.21629
-128.21629
-128.21629
-128.21629
-128.21629
-128.21629
-128.21629
-128.21629
-128.21629
-128.21629
-128.21629
-128.21629
-128.21629
-128.21629
-128.21629
-128.21629
-128.21629
-128.21629
-128.21629
-128.21629
-128.21629
-128.21629
-128.21629
-128.21629
-128.21629
-128.21629
-128.21629
-128.21629
-128.21629
-128.21629
-128.21629
-128.21629
-128.21629
-128.21629
-128.21629
-128.21629
-128.21629
-128.21629
-128.21629
-128.21629
-128.21629
-128.21629
-128.21629
-128.21629
-128.21629
-128.21629
-128.21629
-128.21629
-128.21629
-128.21629
-128.21629
-128.21629
-128.21629
-128.21629
-128.21629
-128.21629
-128.21629
-128.21629
-128.21629
-128.21629
-128.21629
-128.21628
-128.21628
-128.21628
-128.21628
-128.21628
-128.39808
-128.39962
-128.40255
-128.4073
-128.41454
-128.42428
-128.43514
-128.44415
-128.44813
-128.44578
-128.4379
-128.42731
-128.41829
-128.41389
-128.41305
-128.41397
-128.41567
-128.41765
-128.41974
-128.42188
-128.42403
-128.42619
-128.42832
-128.4304
-128.43242
-128.43435
-128.43619
-128.43794
-128.43961
-128.4412
-128.44272
-128.44419
-128.44562
-128.44702
-128.44841
-128.44978
-128.45115
-128.45251
-128.45387
-128.45522
-128.45657
-128.4579
-128.45921
-128.46051
-128.46179
-128.46305
-128.4643
-128.46555
-128.46679
-128.46802
-128.46925
-128.47048
-128.47168
-128.47286
-128.47401
-128.47511
-128.47616
-128.47713
-128.47804
-128.47887
-128.47963
-128.48033
-128.48098
-128.4816
-128.48219
-128.48278
-128.48339
-128.48402
-128.48469
-128.4854
-128.48616
-128.48697
-128.48782
-128.48872
-128.48966
-128.49064
-128.49165
-128.4927
-128.49379
-128.49491
-128.49609
-128.49732
-128.49862
-128.5
-128.50149
-128.50309
-128.50483
-128.50674
-128.50883
-128.51114
-128.51368
-128.51649
-128.51959
-128.52301
-128.52677
-128.53091
-128.53544
-128.5404
-128.54579
-128.55165
-128.55797
-128.56476
-128.57202
-128.57972
-128.58783
-128.5963
-128.60509
-128.6141
-128.62327
-128.63248
-128.64162
-128.65057
-128.6592
-128.66738
-128.67497
-128.68185
-128.68786
-128.6929
-128.69684
-128.69957
-128.701
-128.70103
-128.69959
-128.6966
-128.69202
-128.68579
-128.6779
-128.66832
-128.65707
-128.64415
-128.62965
-128.61364
-128.59625
-128.57766
-128.55808
-128.53777
-128.51698
-128.49601
-128.47514
-128.45463
-128.43471
-128.41558
-128.39739
-128.38026
-128.36426
-128.34943
-128.33577
-128.32326
-128.31186
-128.30153
-128.2922
-128.28379
-128.27625
-128.2695
-128.26346
-128.25808
-128.25329
-128.24903
-128.24525
-128.24189
-128.23891
-128.23628
-128.23394
-128.23188
-128.23005
-128.22844
-128.22701
-128.22575
-128.22463
-128.22365
-128.22278
-128.22202
-128.22134
-128.22074
-128.22022
-128.21975
-128.21934
-128.21898
-128.21866
-128.21838
-128.21814
-128.21792
-128.21772
-128.21755
-128.2174
-128.21727
-128.21715
-128.21705
-128.21696
-128.21688
-128.21681
-128.21675
-128.21669
-128.21665
-128.2166
-128.21656
-128.21653
-128.2165
-128.21648
-128.21645
-128.21643
-128.21642
-128.2164
-128.21639
-128.21638
-128.21636
-128.21635
-128.21635
-128.21634
-128.21633
-128.21633
-128.21632
-128.21632
-128.21631
-128.21631
-128.21631
-128.2163
-128.2163
-128.2163
-128.2163
-128.2163
-128.2163
-128.21629
-128.21629
-128.21629
-128.21629
-128.21629
-128.21629
-128.21629
-128.21629
-128.21629
-128.21629
-128.21629
-128.21629
-128.21629
-128.21629
-128.21629
-128.21629
-128.21629
-128.21629
-128.21629
-128.21629
-128.21629
-128.21629
-128.21629
-128.21629
-128.21629
-128.21629
-128.21629
-128.21629
-128.21629
-128.21629
-128.21629
-128.21629
-128.21629
-128.21629
-128.21629
-128.21629
-128.21629
-128.21629
-128.21629
-128.21629
-128.21629
-128.21629
-128.21629
-128.21629
-128.21629
-128.21629
-128.21629
-128.21629
-128.21629
-128.21629
-128.21629
-128.21629
-128.21629
-128.21629
-128.21629
-128.21629
-128.21629
-128.21629
-128.21629
-128.21629
-128.21629
-128.21629
-128.21629
-128.21629
-128.21629
-128.21629
-128.21629
-128.21629
-128.21629
-128.21629
-128.21629
-128.21629
-128.21629
-128.21628
-128.21628
-128.21628
-128.21628
-128.21628
-128.39766
-128.39893
-128.40191
-128.4068
-128.41401
-128.4236
-128.434
-128.44238
-128.44584
-128.44339
-128.43544
-128.42499
-128.41612
-128.41155
-128.41111
-128.41253
-128.41441
-128.41645
-128.41855
-128.42068
-128.42285
-128.42504
-128.42722
-128.42938
-128.43147
-128.43349
-128.43542
-128.43726
-128.43902
-128.4407
-128.44231
-128.44385
-128.44535
-128.44681
-128.44824
-128.44965
-128.45104
-128.45243
-128.4538
-128.45516
-128.4565
-128.45783
-128.45915
-128.46045
-128.46173
-128.463
-128.46426
-128.46551
-128.46674
-128.46797
-128.46919
-128.47039
-128.47157
-128.47273
-128.47385
-128.47492
-128.47594
-128.47691
-128.47782
-128.47866
-128.47944
-128.48018
-128.48087
-128.48153
-128.48217
-128.48281
-128.48346
-128.48412
-128.48482
-128.48555
-128.48633
-128.48714
-128.488
-128.48891
-128.48985
-128.49083
-128.49185
-128.49292
-128.49402
-128.49518
-128.49639
-128.49767
-128.49903
-128.50048
-128.50203
-128.50371
-128.50554
-128.50753
-128.50972
-128.51211
-128.51475
-128.51765
-128.52084
-128.52434
-128.52818
-128.53238
-128.53697
-128.54196
-128.54736
-128.5532
-128.55948
-128.56619
-128.57332
-128.58085
-128.58875
-128.59697
-128.60545
-128.61413
-128.62292
-128.63171
-128.64042
-128.64892
-128.65709
-128.6648
-128.67193
-128.67835
-128.68394
-128.68856
-128.69212
-128.6945
-128.69561
-128.69536
-128.69367
-128.69048
-128.68574
-128.6794
-128.67146
-128.6619
-128.65074
-128.63802
-128.6238
-128.60819
-128.59132
-128.57335
-128.5545
-128.53497
-128.51502
-128.49491
-128.47486
-128.45513
-128.43591
-128.41739
-128.39971
-128.38297
-128.36727
-128.35263
-128.33907
-128.3266
-128.31517
-128.30475
-128.29529
-128.28674
-128.27903
-128.27209
-128.26587
-128.2603
-128.25532
-128.25088
-128.24693
-128.24341
-128.24029
-128.23751
-128.23505
-128.23287
-128.23094
-128.22923
-128.22772
-128.22638
-128.2252
-128.22415
-128.22323
-128.22241
-128.22169
-128.22105
-128.22049
-128.21999
-128.21956
-128.21917
-128.21883
-128.21853
-128.21826
-128.21803
-128.21783
-128.21764
-128.21748
-128.21734
-128.21722
-128.21711
-128.21701
-128.21692
-128.21685
-128.21678
-128.21672
-128.21667
-128.21663
-128.21658
-128.21655
-128.21652
-128.21649
-128.21647
-128.21644
-128.21643
-128.21641
-128.21639
-128.21638
-128.21637
-128.21636
-128.21635
-128.21634
-128.21634
-128.21633
-128.21632
-128.21632
-128.21632
-128.21631
-128.21631
-128.21631
-128.2163
-128.2163
-128.2163
-128.2163
-128.2163
-128.2163
-128.21629
-128.21629
-128.21629
-128.21629
-128.21629
-128.21629
-128.21629
-128.21629
-128.21629
-128.21629
-128.21629
-128.21629
-128.21629
-128.21629
-128.21629
-128.21629
-128.21629
-128.21629
-128.21629
-128.21629
-128.21629
-128.21629
-128.21629
-128.21629
-128.21629
-128.21629
-128.21629
-128.21629
-128.21629
-128.21629
-128.21629
-128.21629
-128.21629
-128.21629
-128.21629
-128.21629
-128.21629
-128.21629
-128.21629
-128.21629
-128.21629
-128.21629
-128.21629
-128.21629
-128.21629
-128.21629
-128.21629
-128.21629
-128.21629
-128.21629
-128.21629
-128.21629
-128.21629
-128.21629
-128.21629
-128.21629
-128.21629
-128.21629
-128.21629
-128.21629
-128.21629
-128.21629
-128.21629
-128.21629
-128.21629
-128.21629
-128.21629
-128.21629
-128.21629
-128.21629
-128.21629
-128.21629
-128.21628
-128.21628
-128.21628
-128.21628
-128.21628
-128.39678
-128.39724
-128.39977
-128.40428
-128.41084
-128.4192
-128.42812
-128.43523
-128.43822
-128.43612
-128.42969
-128.422
-128.41589
-128.41233
-128.41151
-128.41261
-128.41438
-128.41611
-128.41787
-128.41976
-128.42182
-128.424
-128.42622
-128.42844
-128.43062
-128.43273
-128.43475
-128.43668
-128.43852
-128.44028
-128.44195
-128.44356
-128.44512
-128.44663
-128.4481
-128.44954
-128.45096
-128.45235
-128.45374
-128.4551
-128.45645
-128.45779
-128.45911
-128.46041
-128.4617
-128.46297
-128.46423
-128.46548
-128.46671
-128.46793
-128.46914
-128.47032
-128.47149
-128.47262
-128.47372
-128.47478
-128.47579
-128.47675
-128.47766
-128.47851
-128.47931
-128.48006
-128.48078
-128.48147
-128.48215
-128.48282
-128.4835
-128.4842
-128.48492
-128.48567
-128.48645
-128.48728
-128.48814
-128.48905
-128.48999
-128.49098
-128.49201
-128.49309
-128.49421
-128.49539
-128.49663
-128.49795
-128.49935
-128.50084
-128.50245
-128.50419
-128.50608
-128.50814
-128.51039
-128.51286
-128.51556
-128.51853
-128.52179
-128.52535
-128.52925
-128.53349
-128.53812
-128.54313
-128.54854
-128.55436
-128.5606
-128.56724
-128.57428
-128.58168
-128.58942
-128.59745
-128.60572
-128.61414
-128.62264
-128.63114
-128.63952
-128.64769
-128.65551
-128.66288
-128.66967
-128.67576
-128.68102
-128.68534
-128.68862
-128.69074
-128.69161
-128.69115
-128.68928
-128.68594
-128.68107
-128.67466
-128.66669
-128.65715
-128.64607
-128.6335
-128.6195
-128.6042
-128.58771
-128.5702
-128.55187
-128.53292
-128.51357
-128.49407
-128.47462
-128.45545
-128.43674
-128.41866
-128.40136
-128.38492
-128.36944
-128.35495
-128.34148
-128.32904
-128.31759
-128.30712
-128.29758
-128.28892
-128.28109
-128.27402
-128.26766
-128.26195
-128.25684
-128.25227
-128.24819
-128.24456
-128.24132
-128.23845
-128.23589
-128.23362
-128.23161
-128.22983
-128.22825
-128.22686
-128.22562
-128.22453
-128.22356
-128.22271
-128.22195
-128.22129
-128.2207
-128.22018
-128.21972
-128.21931
-128.21896
-128.21864
-128.21836
-128.21812
-128.2179
-128.21771
-128.21754
-128.21739
-128.21726
-128.21715
-128.21705
-128.21696
-128.21688
-128.21681
-128.21674
-128.21669
-128.21664
-128.2166
-128.21656
-128.21653
-128.2165
-128.21648
-128.21645
-128.21643
-128.21642
-128.2164
-128.21639
-128.21637
-128.21636
-128.21635
-128.21635
-128.21634
-128.21633
-128.21633
-128.21632
-128.21632
-128.21631
-128.21631
-128.21631
-128.2163
-128.2163
-128.2163
-128.2163
-128.2163
-128.2163
-128.21629
-128.21629
-128.21629
-128.21629
-128.21629
-128.21629
-128.21629
-128.21629
-128.21629
-128.21629
-128.21629
-128.21629
-128.21629
-128.21629
-128.21629
-128.21629
-128.21629
-128.21629
-128.21629
-128.21629
-128.21629
-128.21629
-128.21629
-128.21629
-128.21629
-128.21629
-128.21629
-128.21629
-128.21629
-128.21629
-128.21629
-128.21629
-128.21629
-128.21629
-128.21629
-128.21629
-128.21629
-128.21629
-128.21629
-128.21629
-128.21629
-128.21629
-128.21629
-128.21629
-128.21629
-128.21629
-128.21629
-128.21629
-128.21629
-128.21629
-128.21629
-128.21629
-128.21629
-128.21629
-128.21629
-128.21629
-128.21629
-128.21629
-128.21629
-128.21629
-128.21629
-128.21629
-128.21629
-128.21629
-128.21629
-128.21629
-128.21629
-128.21629
-128.21629
-128.21629
-128.21629
-128.21629
-128.21628
-128.21628
-128.21628
-128.21628
-128.21628
-128.39585
-128.39549
-128.39713
-128.4009
-128.40667
-128.41392
-128.4214
-128.42732
-128.42954
-128.42767
-128.42363
-128.42011
-128.41793
-128.41614
-128.41455
-128.4145
-128.41546
-128.4166
-128.41786
-128.41943
-128.42128
-128.42334
-128.42552
-128.42774
-128.42996
-128.43212
-128.43421
-128.43621
-128.43812
-128.43993
-128.44167
-128.44333
-128.44493
-128.44648
-128.44798
-128.44945
-128.45088
-128.4523
-128.45369
-128.45506
-128.45642
-128.45776
-128.45908
-128.46039
-128.46168
-128.46295
-128.46421
-128.46546
-128.46669
-128.46791
-128.46911
-128.47028
-128.47143
-128.47256
-128.47364
-128.47469
-128.47569
-128.47664
-128.47755
-128.4784
-128.47922
-128.47999
-128.48073
-128.48144
-128.48214
-128.48284
-128.48354
-128.48425
-128.48498
-128.48575
-128.48654
-128.48737
-128.48824
-128.48915
-128.4901
-128.49109
-128.49213
-128.49321
-128.49435
-128.49555
-128.49681
-128.49815
-128.49957
-128.5011
-128.50275
-128.50453
-128.50646
-128.50856
-128.51086
-128.51338
-128.51613
-128.51915
-128.52245
-128.52605
-128.52999
-128.53427
-128.53892
-128.54394
-128.54936
-128.55517
-128.56138
-128.56798
-128.57495
-128.58227
-128.5899
-128.5978
-128.60591
-128.61416
-128.62247
-128.63076
-128.63893
-128.64687
-128.65447
-128.66161
-128.66817
-128.67403
-128.67908
-128.6832
-128.68628
-128.68822
-128.68894
-128.68833
-128.68635
-128.68292
-128.67795
-128.6715
-128.66351
-128.65399
-128.64297
-128.6305
-128.61666
-128.60156
-128.58532
-128.56812
-128.55012
-128.53155
-128.51259
-128.49348
-128.47442
-128.45562
-128.43724
-128.41946
-128.40239
-128.38616
-128.37082
-128.35644
-128.34304
-128.33062
-128.31917
-128.30867
-128.29908
-128.29035
-128.28244
-128.27529
-128.26884
-128.26304
-128.25785
-128.25319
-128.24903
-128.24532
-128.24201
-128.23907
-128.23645
-128.23412
-128.23206
-128.23023
-128.22861
-128.22717
-128.2259
-128.22478
-128.22378
-128.2229
-128.22213
-128.22144
-128.22084
-128.2203
-128.21983
-128.21941
-128.21904
-128.21872
-128.21843
-128.21818
-128.21795
-128.21776
-128.21758
-128.21743
-128.21729
-128.21717
-128.21707
-128.21698
-128.2169
-128.21682
-128.21676
-128.2167
-128.21665
-128.21661
-128.21657
-128.21654
-128.21651
-128.21648
-128.21646
-128.21644
-128.21642
-128.2164
-128.21639
-128.21638
-128.21637
-128.21636
-128.21635
-128.21634
-128.21633
-128.21633
-128.21632
-128.21632
-128.21631
-128.21631
-128.21631
-128.21631
-128.2163
-128.2163
-128.2163
-128.2163
-128.2163
-128.2163
-128.21629
-128.21629
-128.21629
-128.21629
-128.21629
-128.21629
-128.21629
-128.21629
-128.21629
-128.21629
-128.21629
-128.21629
-128.21629
-128.21629
-128.21629
-128.21629
-128.21629
-128.21629
-128.21629
-128.21629
-128.21629
-128.21629
-128.21629
-128.21629
-128.21629
-128.21629
-128.21629
-128.21629
-128.21629
-128.21629
-128.21629
-128.21629
-128.21629
-128.21629
-128.21629
-128.21629
-128.21629
-128.21629
-128.21629
-128.21629
-128.21629
-128.21629
-128.21629
-128.21629
-128.21629
-128.21629
-128.21629
-128.21629
-128.21629
-128.21629
-128.21629
-128.21629
-128.21629
-128.21629
-128.21629
-128.21629
-128.21629
-128.21629
-128.21629
-128.21629
-128.21629
-128.21629
-128.21629
-128.21629
-128.21629
-128.21629
-128.21629
-128.21629
-128.21629
-128.21629
-128.21629
-128.21628
-128.21628
-128.21628
-128.21628
-128.21628
-128.3953
-128.39454
-128.39562
-128.39886
-128.40418
-128.41082
-128.4173
-128.42165
-128.42324
-128.42255
-128.42102
-128.41982
-128.41886
-128.41736
-128.41541
-128.41474
-128.41554
-128.41675
-128.41808
-128.41967
-128.42149
-128.42348
-128.42558
-128.42773
-128.4299
-128.43202
-128.43409
-128.43608
-128.43799
-128.43981
-128.44156
-128.44324
-128.44485
-128.44641
-128.44793
-128.44941
-128.45085
-128.45227
-128.45367
-128.45505
-128.45641
-128.45775
-128.45907
-128.46038
-128.46167
-128.46295
-128.46421
-128.46546
-128.46669
-128.4679
-128.46909
-128.47027
-128.47141
-128.47253
-128.47361
-128.47465
-128.47564
-128.47659
-128.4775
-128.47836
-128.47917
-128.47995
-128.4807
-128.48143
-128.48214
-128.48284
-128.48355
-128.48428
-128.48502
-128.48579
-128.48659
-128.48743
-128.4883
-128.48921
-128.49016
-128.49116
-128.4922
-128.49329
-128.49443
-128.49564
-128.49691
-128.49826
-128.4997
-128.50125
-128.50291
-128.50472
-128.50667
-128.5088
-128.51113
-128.51367
-128.51645
-128.51949
-128.52281
-128.52644
-128.5304
-128.5347
-128.53936
-128.5444
-128.54982
-128.55563
-128.56182
-128.5684
-128.57534
-128.58261
-128.59018
-128.59802
-128.60604
-128.6142
-128.62242
-128.63059
-128.63864
-128.64645
-128.65392
-128.66092
-128.66735
-128.67308
-128.67801
-128.68201
-128.68499
-128.68683
-128.68746
-128.68679
-128.68474
-128.68126
-128.67635
-128.6699
-128.66191
-128.6524
-128.64141
-128.629
-128.61523
-128.60023
-128.58412
-128.56707
-128.54924
-128.53085
-128.51209
-128.49317
-128.4743
-128.45567
-128.43746
-128.41982
-128.40288
-128.38674
-128.37149
-128.35716
-128.34379
-128.33138
-128.31993
-128.30942
-128.2998
-128.29105
-128.2831
-128.27591
-128.26942
-128.26358
-128.25834
-128.25364
-128.24944
-128.24569
-128.24235
-128.23937
-128.23672
-128.23437
-128.23228
-128.23043
-128.22879
-128.22733
-128.22604
-128.2249
-128.22389
-128.223
-128.22221
-128.22152
-128.2209
-128.22036
-128.21988
-128.21946
-128.21908
-128.21875
-128.21846
-128.21821
-128.21798
-128.21778
-128.2176
-128.21745
-128.21731
-128.21719
-128.21708
-128.21699
-128.2169
-128.21683
-128.21677
-128.21671
-128.21666
-128.21662
-128.21658
-128.21654
-128.21651
-128.21648
-128.21646
-128.21644
-128.21642
-128.21641
-128.21639
-128.21638
-128.21637
-128.21636
-128.21635
-128.21634
-128.21633
-128.21633
-128.21632
-128.21632
-128.21632
-128.21631
-128.21631
-128.21631
-128.2163
-128.2163
-128.2163
-128.2163
-128.2163
-128.2163
-128.21629
-128.21629
-128.21629
-128.21629
-128.21629
-128.21629
-128.21629
-128.21629
-128.21629
-128.21629
-128.21629
-128.21629
-128.21629
-128.21629
-128.21629
-128.21629
-128.21629
-128.21629
-128.21629
-128.21629
-128.21629
-128.21629
-128.21629
-128.21629
-128.21629
-128.21629
-128.21629
-128.21629
-128.21629
-128.21629
-128.21629
-128.21629
-128.21629
-128.21629
-128.21629
-128.21629
-128.21629
-128.21629
-128.21629
-128.21629
-128.21629
-128.21629
-128.21629
-128.21629
-128.21629
-128.21629
-128.21629
-128.21629
-128.21629
-128.21629
-128.21629
-128.21629
-128.21629
-128.21629
-128.21629
-128.21629
-128.21629
-128.21629
-128.21629
-128.21629
-128.21629
-128.21629
-128.21629
-128.21629
-128.21629
-128.21629
-128.21629
-128.21629
-128.21629
-128.21629
-128.21629
-128.21628
-128.21628
-128.21628
-128.21628
-128.21628
)
;

boundaryField
{
    leftWall
    {
        type            fixedFluxPressure;
        gradient        uniform 0;
        value           nonuniform List<scalar> 
25
(
14.015349
13.839457
13.663763
14.064412
8.1403189
-97.757008
-128.38119
-128.37822
-128.37878
-128.38061
-128.38211
-128.38385
-128.38562
-128.3873
-128.38915
-128.391
-128.39289
-128.39478
-128.39651
-128.39771
-128.39808
-128.39766
-128.39678
-128.39585
-128.3953
)
;
    }
    rightWall
    {
        type            fixedFluxPressure;
        gradient        uniform 0;
        value           nonuniform List<scalar> 
25
(
-128.21628
-128.21628
-128.21628
-128.21628
-128.21628
-128.21628
-128.21628
-128.21628
-128.21628
-128.21628
-128.21628
-128.21628
-128.21628
-128.21628
-128.21628
-128.21628
-128.21628
-128.21628
-128.21628
-128.21628
-128.21628
-128.21628
-128.21628
-128.21628
-128.21628
)
;
    }
    lowerWall
    {
        type            fixedFluxPressure;
        gradient        uniform 0;
        value           nonuniform List<scalar> 
300
(
14.015349
13.992145
14.470417
15.275505
15.829328
15.884157
15.482794
14.898442
14.311977
13.766016
13.243928
12.723869
12.188306
11.62261
11.016092
10.36285
9.661021
8.911613
8.1176933
7.2839504
6.4165738
5.5234714
4.6143799
3.6999354
2.7868982
1.877389
0.96948256
0.058020876
-0.86491428
-1.8093517
-2.7866418
-3.8074023
-4.877539
-5.9951962
-7.151914
-8.3374212
-9.5444061
-10.770064
-12.014638
-13.278896
-14.561605
-15.857365
-17.156092
-18.443545
-19.698817
-20.888172
-21.978183
-22.976675
-23.965645
-25.004134
-26.124822
-27.332179
-28.623524
-29.989489
-31.407731
-32.842458
-34.253858
-35.618551
-36.941792
-38.244721
-39.508114
-40.624432
-41.57607
-42.586614
-43.940249
-45.703326
-47.506376
-48.8548
-49.946717
-51.146752
-52.395784
-53.56763
-54.694085
-55.82381
-56.942839
-58.012171
-59.00613
-59.92718
-60.792843
-61.594019
-62.304302
-62.977746
-63.799918
-65.012112
-66.722528
-68.710824
-70.533869
-71.913375
-72.856556
-73.462044
-73.847026
-74.148524
-74.375502
-74.440943
-74.385647
-74.331009
-74.347148
-74.430935
-74.600136
-74.926158
-75.383993
-75.696354
-75.891651
-76.188133
-76.679951
-77.367427
-78.112619
-78.682782
-79.14456
-79.87178
-80.94345
-81.75844
-81.918929
-81.849697
-81.65993
-81.329975
-81.138674
-81.276917
-82.087877
-83.593501
-84.660149
-84.668228
-84.384114
-84.236548
-84.441246
-85.514567
-87.565657
-89.855484
-91.766476
-93.099127
-92.960398
-86.921147
-82.468107
-101.49179
-120.3232
-125.61865
-126.98923
-127.32906
-127.46513
-127.57828
-127.67718
-127.76065
-127.83117
-127.8903
-127.93961
-127.98072
-128.01504
-128.0438
-128.06798
-128.08841
-128.10574
-128.1205
-128.13311
-128.14393
-128.15324
-128.16128
-128.16822
-128.17425
-128.17948
-128.18404
-128.18801
-128.19148
-128.19451
-128.19716
-128.19948
-128.20151
-128.20329
-128.20486
-128.20623
-128.20744
-128.2085
-128.20943
-128.21025
-128.21097
-128.2116
-128.21216
-128.21265
-128.21308
-128.21346
-128.2138
-128.2141
-128.21436
-128.21458
-128.21479
-128.21496
-128.21512
-128.21526
-128.21538
-128.21549
-128.21558
-128.21567
-128.21574
-128.2158
-128.21586
-128.21591
-128.21596
-128.21599
-128.21603
-128.21606
-128.21609
-128.21611
-128.21613
-128.21615
-128.21617
-128.21618
-128.21619
-128.2162
-128.21621
-128.21622
-128.21623
-128.21624
-128.21624
-128.21625
-128.21625
-128.21626
-128.21626
-128.21626
-128.21626
-128.21627
-128.21627
-128.21627
-128.21627
-128.21627
-128.21628
-128.21628
-128.21628
-128.21628
-128.21628
-128.21628
-128.21628
-128.21628
-128.21628
-128.21628
-128.21628
-128.21628
-128.21628
-128.21628
-128.21628
-128.21628
-128.21628
-128.21628
-128.21628
-128.21628
-128.21628
-128.21628
-128.21628
-128.21628
-128.21628
-128.21628
-128.21628
-128.21628
-128.21628
-128.21628
-128.21628
-128.21628
-128.21628
-128.21628
-128.21628
-128.21628
-128.21628
-128.21629
-128.21629
-128.21629
-128.21629
-128.21629
-128.21629
-128.21629
-128.21629
-128.21629
-128.21629
-128.21629
-128.21629
-128.21629
-128.21629
-128.21629
-128.21629
-128.21629
-128.21629
-128.21629
-128.21629
-128.21629
-128.21629
-128.21629
-128.21629
-128.21629
-128.21629
-128.21629
-128.21629
-128.21629
-128.21629
-128.21629
-128.21629
-128.21629
-128.21629
-128.21629
-128.21628
-128.21628
-128.21628
-128.21628
-128.21628
)
;
    }
    atmosphere
    {
        type            fixedFluxPressure;
        gradient        uniform 0;
        value           nonuniform List<scalar> 
300
(
-128.3953
-128.39454
-128.39562
-128.39886
-128.40418
-128.41082
-128.4173
-128.42165
-128.42324
-128.42255
-128.42102
-128.41982
-128.41886
-128.41736
-128.41541
-128.41474
-128.41554
-128.41675
-128.41808
-128.41967
-128.42149
-128.42348
-128.42558
-128.42773
-128.4299
-128.43202
-128.43409
-128.43608
-128.43799
-128.43981
-128.44156
-128.44324
-128.44485
-128.44641
-128.44793
-128.44941
-128.45085
-128.45227
-128.45367
-128.45505
-128.45641
-128.45775
-128.45907
-128.46038
-128.46167
-128.46295
-128.46421
-128.46546
-128.46669
-128.4679
-128.46909
-128.47027
-128.47141
-128.47253
-128.47361
-128.47465
-128.47564
-128.47659
-128.4775
-128.47836
-128.47917
-128.47995
-128.4807
-128.48143
-128.48214
-128.48284
-128.48355
-128.48428
-128.48502
-128.48579
-128.48659
-128.48743
-128.4883
-128.48921
-128.49016
-128.49116
-128.4922
-128.49329
-128.49443
-128.49564
-128.49691
-128.49826
-128.4997
-128.50125
-128.50291
-128.50472
-128.50667
-128.5088
-128.51113
-128.51367
-128.51645
-128.51949
-128.52281
-128.52644
-128.5304
-128.5347
-128.53936
-128.5444
-128.54982
-128.55563
-128.56182
-128.5684
-128.57534
-128.58261
-128.59018
-128.59802
-128.60604
-128.6142
-128.62242
-128.63059
-128.63864
-128.64645
-128.65392
-128.66092
-128.66735
-128.67308
-128.67801
-128.68201
-128.68499
-128.68683
-128.68746
-128.68679
-128.68474
-128.68126
-128.67635
-128.6699
-128.66191
-128.6524
-128.64141
-128.629
-128.61523
-128.60023
-128.58412
-128.56707
-128.54924
-128.53085
-128.51209
-128.49317
-128.4743
-128.45567
-128.43746
-128.41982
-128.40288
-128.38674
-128.37149
-128.35716
-128.34379
-128.33138
-128.31993
-128.30942
-128.2998
-128.29105
-128.2831
-128.27591
-128.26942
-128.26358
-128.25834
-128.25364
-128.24944
-128.24569
-128.24235
-128.23937
-128.23672
-128.23437
-128.23228
-128.23043
-128.22879
-128.22733
-128.22604
-128.2249
-128.22389
-128.223
-128.22221
-128.22152
-128.2209
-128.22036
-128.21988
-128.21946
-128.21908
-128.21875
-128.21846
-128.21821
-128.21798
-128.21778
-128.2176
-128.21745
-128.21731
-128.21719
-128.21708
-128.21699
-128.2169
-128.21683
-128.21677
-128.21671
-128.21666
-128.21662
-128.21658
-128.21654
-128.21651
-128.21648
-128.21646
-128.21644
-128.21642
-128.21641
-128.21639
-128.21638
-128.21637
-128.21636
-128.21635
-128.21634
-128.21633
-128.21633
-128.21632
-128.21632
-128.21632
-128.21631
-128.21631
-128.21631
-128.2163
-128.2163
-128.2163
-128.2163
-128.2163
-128.2163
-128.21629
-128.21629
-128.21629
-128.21629
-128.21629
-128.21629
-128.21629
-128.21629
-128.21629
-128.21629
-128.21629
-128.21629
-128.21629
-128.21629
-128.21629
-128.21629
-128.21629
-128.21629
-128.21629
-128.21629
-128.21629
-128.21629
-128.21629
-128.21629
-128.21629
-128.21629
-128.21629
-128.21629
-128.21629
-128.21629
-128.21629
-128.21629
-128.21629
-128.21629
-128.21629
-128.21629
-128.21629
-128.21629
-128.21629
-128.21629
-128.21629
-128.21629
-128.21629
-128.21629
-128.21629
-128.21629
-128.21629
-128.21629
-128.21629
-128.21629
-128.21629
-128.21629
-128.21629
-128.21629
-128.21629
-128.21629
-128.21629
-128.21629
-128.21629
-128.21629
-128.21629
-128.21629
-128.21629
-128.21629
-128.21629
-128.21629
-128.21629
-128.21629
-128.21629
-128.21629
-128.21629
-128.21628
-128.21628
-128.21628
-128.21628
-128.21628
)
;
    }
    defaultFaces
    {
        type            empty;
    }
}


// ************************************************************************* //
