/*--------------------------------*- C++ -*----------------------------------*\
| =========                 |                                                 |
| \\      /  F ield         | OpenFOAM: The Open Source CFD Toolbox           |
|  \\    /   O peration     | Version:  2606                                  |
|   \\  /    A nd           | Website:  www.openfoam.com                      |
|    \\/     M anipulation  |                                                 |
\*---------------------------------------------------------------------------*/
FoamFile
{
    version     2.0;
    format      ascii;
    arch        "LSB;label=32;scalar=64";
    class       volScalarField;
    location    "3.00021698";
    object      T;
}
// * * * * * * * * * * * * * * * * * * * * * * * * * * * * * * * * * * * * * //

dimensions      [0 0 0 1 0 0 0];

internalField   nonuniform List<scalar> 
1000
(
10.966128
10.958951
10.949182
10.933563
10.913826
10.889219
10.859122
10.824393
10.785141
10.742867
10.697274
10.64997
10.599091
10.545901
10.488953
10.427999
10.362493
10.293128
10.219992
10.143696
10.064038
9.9822194
9.8976903
9.8104841
9.7208421
9.6280128
9.5312981
9.4350882
9.3282336
9.2209816
9.124356
9.0002052
8.8839012
8.7777701
8.6378893
8.5243104
8.3982961
8.2242673
8.0743069
7.9721898
7.8176197
7.6384801
7.5659404
7.5034837
7.3729444
7.2626776
7.2415059
7.1297903
6.9827387
6.8509216
10.969774
10.962697
10.95314
10.938004
10.918654
10.894469
10.865048
10.831447
10.793671
10.753016
10.709049
10.66263
10.612523
10.56001
10.503998
10.444345
10.380461
10.312924
10.241802
10.167732
10.090475
10.010976
9.9288804
9.8442312
9.7572298
9.6664862
9.5733738
9.4803268
9.3758436
9.2722418
9.1780674
9.0601816
8.9470863
8.8432782
8.7165857
8.5992912
8.4813667
8.3274536
8.1740023
8.0656465
7.938455
7.7711955
7.6756914
7.6199343
7.5114405
7.3898353
7.3433731
7.2578561
7.135367
6.9670218
10.981408
10.974549
10.965285
10.950566
10.931392
10.907235
10.87813
10.845405
10.808952
10.769687
10.727095
10.68189
10.631955
10.579463
10.523877
10.465262
10.40282
10.336961
10.267687
10.195608
10.120407
10.042845
9.9629165
9.880564
9.7958575
9.7069292
9.6164725
9.525757
9.42327
9.3222572
9.2284896
9.1129228
8.9975372
8.8923477
8.7726621
8.6497213
8.5322316
8.3873923
8.2293882
8.1136411
8.0047902
7.8462311
7.7350367
7.6883637
7.5938123
7.456425
7.3857731
7.3145565
7.1977187
7.0135307
10.996051
10.98963
10.980853
10.966862
10.948318
10.925043
10.896953
10.865321
10.830036
10.791657
10.749665
10.705491
10.656411
10.604182
10.548894
10.491219
10.430071
10.365725
10.298135
10.227881
10.154683
10.078994
10.001137
9.9209127
9.8383031
9.7511005
9.663534
9.5745533
9.474699
9.3765289
9.2832978
9.1741886
9.0568604
8.9511414
8.8360408
8.7120028
8.5900303
8.4564039
8.3011794
8.1772439
8.0801127
7.944497
7.8159167
7.7619176
7.6889388
7.5454561
7.441691
7.3716905
7.2675697
7.078174
11.005706
10.999969
10.991973
10.979131
10.961725
10.9401
10.913871
10.88408
10.85063
10.813856
10.773419
10.730408
10.682732
10.631493
10.57645
10.519551
10.459475
10.396431
10.330351
10.261784
10.190661
10.116814
10.040984
9.9628965
9.8819141
9.796488
9.7122804
9.6244955
9.5283444
9.4337527
9.3418089
9.2367473
9.1214404
9.017122
8.905189
8.7834882
8.6563634
8.5266814
8.3824904
8.2568762
8.1649156
8.0493861
7.918655
7.8460384
7.779886
7.6509223
7.5152943
7.4322733
7.3394811
7.1539842
11.008003
11.002862
10.995549
10.983751
10.967298
10.947379
10.923647
10.896408
10.865859
10.832059
10.794299
10.753689
10.708072
10.658853
10.604769
10.549032
10.490428
10.429056
10.364796
10.298141
10.228989
10.156905
10.083035
10.007147
9.928009
9.845805
9.7647815
9.6779538
9.5849313
9.4929471
9.4009824
9.2971282
9.1862896
9.0843681
8.9754356
8.8554526
8.7268605
8.602301
8.4695835
8.345725
8.261197
8.164367
8.0351609
7.9417135
7.8749049
7.7609373
7.604251
7.4978813
7.4136413
7.2341419
10.999652
10.99513
10.989023
10.97942
10.965336
10.948052
10.926476
10.901227
10.873467
10.843119
10.808605
10.77119
10.728828
10.682994
10.631081
10.577085
10.520224
10.460451
10.397594
10.332377
10.264761
10.194073
10.122053
10.047723
9.9682965
9.8878855
9.8093386
9.7230797
9.6310858
9.541138
9.4507041
9.3479906
9.2414205
9.1414593
9.0367645
8.9215127
8.7934398
8.6737107
8.5585787
8.4443231
8.3607475
8.2780566
8.1639368
8.0466752
7.9628455
7.8640139
7.7157805
7.5718439
7.4852791
7.3156382
10.977423
10.973705
10.969218
10.962658
10.951922
10.938336
10.920422
10.89903
10.87485
10.847308
10.815382
10.781026
10.74238
10.700645
10.652321
10.600909
10.546552
10.488726
10.42712
10.363278
10.296623
10.227249
10.156724
10.082663
10.006232
9.9294044
9.8500165
9.7632993
9.6758417
9.5877037
9.4916487
9.3841108
9.2796227
9.1805145
9.0762453
8.9657885
8.8447982
8.7335108
8.6365144
8.5436536
8.4662423
8.3844855
8.2844347
8.1613967
8.0523163
7.9510877
7.8240978
7.6692934
7.5623442
7.3929302
10.944043
10.940984
10.937642
10.933587
10.926025
10.916587
10.90384
10.887765
10.868302
10.845033
10.816319
10.784081
10.748313
10.710646
10.666477
10.618517
10.566981
10.511247
10.450383
10.386887
10.320852
10.252166
10.181628
10.106028
10.030423
9.9531184
9.8721212
9.7862085
9.7004797
9.6085812
9.5083701
9.4008148
9.298421
9.1980227
9.0924064
8.983667
8.8739699
8.7807904
8.7036816
8.633457
8.5666523
8.4822832
8.3833191
8.2659614
8.1459234
8.0293018
7.9091856
7.7668618
7.6466232
7.4698424
10.906018
10.903424
10.900719
10.898305
10.893083
10.886642
10.877972
10.866483
10.852084
10.834544
10.810491
10.781311
10.748993
10.713613
10.673062
10.628172
10.579421
10.524463
10.463289
10.399077
10.333297
10.265041
10.193842
10.1177
10.042534
9.9629311
9.880467
9.7962298
9.7104926
9.6131268
9.5096202
9.4039243
9.3020602
9.1953713
9.0854066
8.9802689
8.882202
8.8129438
8.7613991
8.7109546
8.6484675
8.561936
8.4614049
8.349469
8.2303388
8.1052413
7.9772518
7.841829
7.7232566
7.5435234
10.869204
10.86692
10.864631
10.863257
10.85978
10.85488
10.848462
10.839488
10.828485
10.815109
10.796456
10.772209
10.745758
10.71289
10.674853
10.631617
10.583579
10.527816
10.465622
10.400044
10.333972
10.265695
10.190719
10.110189
10.029003
9.9453621
9.8606826
9.7742658
9.6851016
9.5853202
9.4834067
9.3807031
9.2763427
9.1630652
9.0523085
8.956724
8.8775351
8.833958
8.8049336
8.7661605
8.7019584
8.614664
8.5156754
8.4066259
8.2887531
8.1617309
8.0274356
7.8929385
7.7797711
7.6029941
10.837502
10.83519
10.832686
10.831197
10.82885
10.824315
10.818713
10.810558
10.801322
10.789408
10.775284
10.753604
10.728405
10.694128
10.654574
10.6083
10.553802
10.491053
10.424434
10.357729
10.291705
10.224434
10.145022
10.05889
9.9722109
9.88472
9.7995777
9.7134201
9.6243123
9.526179
9.427009
9.3252074
9.2177988
9.1029429
8.9964213
8.91364
8.860215
8.8436338
8.8278157
8.7911551
8.7242598
8.6386478
8.5433484
8.4361994
8.3162101
8.1894303
8.0576895
7.9274589
7.816766
7.6407125
10.813993
10.811157
10.807331
10.803582
10.801207
10.795789
10.790176
10.782317
10.774565
10.762777
10.752735
10.732784
10.705842
10.664251
10.609793
10.541623
10.459445
10.374751
10.296753
10.230634
10.170885
10.110581
10.038722
9.9536436
9.8707309
9.7879982
9.7094153
9.628635
9.5450477
9.4515923
9.3549212
9.2555509
9.1514803
9.0404999
8.9365075
8.8635184
8.843525
8.8443206
8.8306476
8.7887905
8.7188252
8.6344068
8.5402064
8.4354884
8.3166386
8.1928761
8.066102
7.9411843
7.830235
7.6531202
10.800736
10.79702
10.790541
10.780795
10.772602
10.762012
10.753412
10.744328
10.735988
10.721971
10.712873
10.690469
10.656329
10.599719
10.51038
10.400526
10.279163
10.171814
10.085335
10.032059
9.9924953
9.9489331
9.8990268
9.8356429
9.7706171
9.7007328
9.6309191
9.5561426
9.4775268
9.3845756
9.2884097
9.191494
9.0925275
8.984602
8.8794087
8.8367226
8.8451356
8.8409381
8.8153707
8.7637454
8.6875163
8.6027673
8.5102139
8.4105923
8.2977736
8.1799973
8.0582243
7.9364701
7.823765
7.6469395
10.805386
10.801747
10.794038
10.778399
10.759639
10.740318
10.72514
10.71251
10.69938
10.67846
10.657178
10.622725
10.563438
10.463335
10.3136
10.160487
10.016724
9.9260906
9.8604946
9.8379381
9.826282
9.8064117
9.7779392
9.7416219
9.6904294
9.6328767
9.5620613
9.487672
9.419577
9.3251838
9.2331049
9.1411646
9.0409771
8.9284087
8.8336549
8.8365231
8.8512962
8.8259361
8.7731189
8.6999845
8.6152156
8.5313863
8.4445356
8.352214
8.2492656
8.141549
8.0238036
7.9028973
7.7915413
7.621378
10.471404
10.485097
10.483897
10.457967
10.440862
10.44516
10.457887
10.472015
10.454924
10.410497
10.335445
10.266356
10.212806
10.146978
9.9960829
9.8619456
9.7490211
9.7070527
9.7138481
9.7339763
9.7510017
9.7549007
9.7226396
9.6800111
9.6214243
9.5300195
9.4423759
9.3698789
9.3229136
9.2366897
9.1631215
9.0801119
8.9730497
8.8559164
8.814355
8.8524518
8.8474312
8.7891645
8.7052569
8.6087242
8.5182058
8.4385842
8.3613847
8.2798283
8.1838337
8.0842586
7.967628
7.8491877
7.7460601
7.5867955
5.6552402
5.7157522
5.7768806
5.8244786
5.9128547
6.0688843
6.2565615
6.4623538
6.6843918
6.9225184
7.0863714
7.2940941
7.6295334
8.0788737
8.5118675
8.8698607
9.1547281
9.3626832
9.5127716
9.581184
9.5851962
9.5664599
9.5277291
9.4524175
9.3790861
9.2877031
9.2708094
9.2806313
9.2548431
9.1593208
9.0723255
8.9721275
8.8387067
8.7455373
8.75877
8.833745
8.7997538
8.7091007
8.5998256
8.4925411
8.4024949
8.3287591
8.2600516
8.1753404
8.0787513
7.9870506
7.879111
7.7655503
7.6773812
7.5553666
1
1
1
1
1
1
1
1
1
1
1
1
0.98629651
1.308754
2.5621901
3.7125806
4.5885703
5.2187769
5.7855418
6.3506174
6.6453701
6.9035308
7.2360366
7.5851732
7.8039174
8.1133436
8.4940477
8.8003917
9.0061315
8.9510242
8.8869227
8.8041857
8.6837326
8.6515999
8.7139401
8.7643101
8.6724227
8.5705811
8.4600097
8.3498882
8.2570506
8.1750036
8.0812956
7.9614497
7.8256832
7.6975517
7.606854
7.5292776
7.4665275
7.4297862
1
1
1
1
1
1
1
1
1
1
1
1
1
1
1
1
1
1
1
1
1
0.98540123
1.1489841
1.9808022
2.9875379
4.1428139
5.2699106
6.1638219
6.9011815
7.3202134
7.6223769
7.9246057
8.1787667
8.3546556
8.6174753
8.5784585
8.4380337
8.278355
8.0853768
7.9059206
7.7575008
7.6302471
7.4802997
7.2717374
7.0913129
6.9459855
6.8451106
6.7732255
6.7504989
6.7741541
1
1
1
1
1
1
1
1
1
1
1
1
1
1
1
1
1
1
1
1
1
1
1
1
1
1
1
0.9866406
1.1364012
1.9214345
3.0499435
4.3299189
5.4253089
6.0962939
6.7336739
6.8438275
6.953688
7.0369278
7.0763578
7.0887011
7.1265724
7.2027569
7.2832475
7.3263981
7.3047138
7.2772947
7.261953
7.2480623
7.2580885
7.2569789
)
;

boundaryField
{
    cylinder
    {
        type            zeroGradient;
    }
    outlet
    {
        type            zeroGradient;
    }
    farfield
    {
        type            fixedValue;
        value           uniform 1;
    }
    bottom
    {
        type            symmetryPlane;
    }
    defaultFaces
    {
        type            empty;
    }
}


// ************************************************************************* //
