/*--------------------------------*- C++ -*----------------------------------*\
| =========                 |                                                 |
| \\      /  F ield         | OpenFOAM: The Open Source CFD Toolbox           |
|  \\    /   O peration     | Version:  2606                                  |
|   \\  /    A nd           | Website:  www.openfoam.com                      |
|    \\/     M anipulation  |                                                 |
\*---------------------------------------------------------------------------*/
FoamFile
{
    version     2.0;
    format      ascii;
    arch        "LSB;label=32;scalar=64";
    class       volVectorField;
    location    "3200";
    object      wallShearStress;
}
// * * * * * * * * * * * * * * * * * * * * * * * * * * * * * * * * * * * * * //

dimensions      [0 2 -2 0 0 0 0];

internalField   uniform (0 0 0);

boundaryField
{
    inlet
    {
        type            calculated;
        value           uniform (0 0 0);
    }
    bottom
    {
        type            calculated;
        value           nonuniform List<vector> 
622
(
(-1.70583 0 0.0538323)
(-1.57902 0 -0.00091486)
(-1.34287 0 -0.00157708)
(-1.23158 0 -0.000928936)
(-1.1773 0 -0.000511954)
(-1.15383 0 -0.000285265)
(-1.14485 0 -0.000173661)
(-1.14285 0 -0.000119075)
(-1.1443 0 -9.02881e-05)
(-1.14746 0 -7.64674e-05)
(-1.15145 0 -6.84623e-05)
(-1.1558 0 -5.89695e-05)
(-1.16025 0 -5.03843e-05)
(-1.16467 0 -4.20004e-05)
(-1.16895 0 -3.20109e-05)
(-1.17305 0 -2.10327e-05)
(-1.17697 0 -1.31302e-05)
(-1.1807 0 -6.84454e-06)
(-1.18423 0 -1.95149e-06)
(-1.18757 0 1.56223e-06)
(-1.19073 0 4.20976e-06)
(-1.19371 0 6.15518e-06)
(-1.19653 0 7.55196e-06)
(-1.1992 0 8.51932e-06)
(-1.20172 0 9.16575e-06)
(-1.20412 0 9.56614e-06)
(-1.20639 0 9.71366e-06)
(-1.20854 0 9.70827e-06)
(-1.21059 0 9.63282e-06)
(-1.21254 0 9.50463e-06)
(-1.2144 0 9.34332e-06)
(-1.21618 0 9.1565e-06)
(-1.21788 0 8.95921e-06)
(-1.2195 0 8.76184e-06)
(-1.22106 0 8.60636e-06)
(-1.22255 0 8.46187e-06)
(-1.22398 0 8.29327e-06)
(-1.22536 0 8.10304e-06)
(-1.22669 0 7.90729e-06)
(-1.22796 0 7.71039e-06)
(-1.2292 0 7.51976e-06)
(-1.23039 0 7.33412e-06)
(-1.23154 0 7.15745e-06)
(-1.23265 0 6.98691e-06)
(-1.23374 0 6.82564e-06)
(-1.23478 0 6.67052e-06)
(-1.2358 0 6.52126e-06)
(-1.23679 0 6.37067e-06)
(-1.23775 0 6.23361e-06)
(-1.23869 0 6.10577e-06)
(-1.23961 0 5.98794e-06)
(-1.2405 0 5.87493e-06)
(-1.24137 0 5.76961e-06)
(-1.24222 0 5.66717e-06)
(-1.24305 0 5.56972e-06)
(-1.24387 0 5.47646e-06)
(-1.24467 0 5.3929e-06)
(-1.24545 0 5.3136e-06)
(-1.24622 0 5.23882e-06)
(-1.24697 0 5.16579e-06)
(-1.24771 0 5.09811e-06)
(-1.24844 0 5.03209e-06)
(-1.24916 0 4.97003e-06)
(-1.24986 0 4.90837e-06)
(-1.25055 0 4.85531e-06)
(-1.25124 0 4.80806e-06)
(-1.25191 0 4.76228e-06)
(-1.25257 0 4.71503e-06)
(-1.25323 0 4.67002e-06)
(-1.25387 0 4.62627e-06)
(-1.25451 0 4.59208e-06)
(-1.25515 0 4.56048e-06)
(-1.25577 0 4.52816e-06)
(-1.25639 0 4.49319e-06)
(-1.257 0 4.45965e-06)
(-1.25761 0 4.4253e-06)
(-1.25821 0 4.39253e-06)
(-1.2588 0 4.35986e-06)
(-1.25939 0 4.32975e-06)
(-1.25998 0 4.29923e-06)
(-1.26055 0 4.27068e-06)
(-1.26113 0 4.24167e-06)
(-1.2617 0 4.21496e-06)
(-1.26226 0 4.18759e-06)
(-1.26282 0 4.16242e-06)
(-1.26338 0 4.13693e-06)
(-1.26393 0 4.11338e-06)
(-1.26448 0 4.08919e-06)
(-1.26502 0 4.06647e-06)
(-1.26556 0 4.04284e-06)
(-1.2661 0 4.02083e-06)
(-1.26663 0 3.99843e-06)
(-1.26716 0 3.97789e-06)
(-1.26769 0 3.95667e-06)
(-1.26821 0 3.93692e-06)
(-1.26873 0 3.91606e-06)
(-1.26925 0 3.89615e-06)
(-1.26976 0 3.8754e-06)
(-1.27027 0 3.85579e-06)
(-1.27078 0 3.83545e-06)
(-1.27128 0 3.81642e-06)
(-1.27178 0 3.79666e-06)
(-1.27228 0 3.77794e-06)
(-1.27278 0 3.75833e-06)
(-1.27327 0 3.73952e-06)
(-1.27376 0 3.7198e-06)
(-1.27425 0 3.7008e-06)
(-1.27474 0 3.68084e-06)
(-1.27522 0 3.66177e-06)
(-1.2757 0 3.64192e-06)
(-1.27617 0 3.62297e-06)
(-1.27665 0 3.60303e-06)
(-1.27712 0 3.58504e-06)
(-1.27759 0 3.56959e-06)
(-1.27805 0 3.5562e-06)
(-1.27852 0 3.53936e-06)
(-1.27898 0 3.52062e-06)
(-1.27943 0 3.49943e-06)
(-1.27989 0 3.47791e-06)
(-1.28034 0 3.4549e-06)
(-1.28079 0 3.4322e-06)
(-1.28123 0 3.40826e-06)
(-1.28167 0 3.38462e-06)
(-1.28211 0 3.3597e-06)
(-1.28255 0 3.335e-06)
(-1.28298 0 3.30901e-06)
(-1.28341 0 3.28327e-06)
(-1.28384 0 3.25626e-06)
(-1.28426 0 3.22971e-06)
(-1.28468 0 3.20192e-06)
(-1.2851 0 3.17431e-06)
(-1.28551 0 3.14532e-06)
(-1.28592 0 3.1164e-06)
(-1.28633 0 3.08609e-06)
(-1.28673 0 3.05588e-06)
(-1.28713 0 3.02427e-06)
(-1.28752 0 2.99285e-06)
(-1.28791 0 2.96002e-06)
(-1.2883 0 2.92714e-06)
(-1.28868 0 2.8927e-06)
(-1.28906 0 2.85804e-06)
(-1.28943 0 2.82179e-06)
(-1.2898 0 2.78536e-06)
(-1.29016 0 2.74738e-06)
(-1.29052 0 2.70923e-06)
(-1.29088 0 2.66952e-06)
(-1.29123 0 2.62948e-06)
(-1.29157 0 2.58772e-06)
(-1.29191 0 2.54542e-06)
(-1.29225 0 2.50133e-06)
(-1.29258 0 2.45668e-06)
(-1.2929 0 2.41024e-06)
(-1.29322 0 2.36331e-06)
(-1.29353 0 2.31466e-06)
(-1.29384 0 2.26533e-06)
(-1.29414 0 2.21418e-06)
(-1.29443 0 2.16229e-06)
(-1.29472 0 2.10848e-06)
(-1.295 0 2.05375e-06)
(-1.29528 0 1.99685e-06)
(-1.29554 0 1.93868e-06)
(-1.2958 0 1.8782e-06)
(-1.29605 0 1.81651e-06)
(-1.2963 0 1.75257e-06)
(-1.29654 0 1.68748e-06)
(-1.29677 0 1.62004e-06)
(-1.29699 0 1.55122e-06)
(-1.2972 0 1.4798e-06)
(-1.2974 0 1.40677e-06)
(-1.2976 0 1.33103e-06)
(-1.29778 0 1.25368e-06)
(-1.29796 0 1.17361e-06)
(-1.29812 0 1.09192e-06)
(-1.29828 0 1.00736e-06)
(-1.29842 0 9.20861e-07)
(-1.29856 0 8.31201e-07)
(-1.29868 0 7.39296e-07)
(-1.2988 0 6.43999e-07)
(-1.2989 0 5.46689e-07)
(-1.29899 0 4.45999e-07)
(-1.29906 0 3.43036e-07)
(-1.29913 0 2.3227e-07)
(-1.29918 0 1.14104e-07)
(-1.29922 0 -8.34549e-09)
(-1.29924 0 -1.32393e-07)
(-1.29925 0 -2.29703e-07)
(-1.29924 0 -3.40303e-07)
(-1.29922 0 -4.66606e-07)
(-1.29919 0 -5.96238e-07)
(-1.29914 0 -7.29755e-07)
(-1.29907 0 -8.66747e-07)
(-1.29899 0 -1.00871e-06)
(-1.29888 0 -1.1546e-06)
(-1.29876 0 -1.30559e-06)
(-1.29863 0 -1.46051e-06)
(-1.29847 0 -1.62065e-06)
(-1.29829 0 -1.78475e-06)
(-1.2981 0 -1.95431e-06)
(-1.29788 0 -2.12825e-06)
(-1.29764 0 -2.30805e-06)
(-1.29738 0 -2.4926e-06)
(-1.2971 0 -2.68332e-06)
(-1.29679 0 -2.87898e-06)
(-1.29646 0 -3.08109e-06)
(-1.2961 0 -3.28832e-06)
(-1.29572 0 -3.50239e-06)
(-1.29532 0 -3.72216e-06)
(-1.29488 0 -3.94932e-06)
(-1.29442 0 -4.18272e-06)
(-1.29393 0 -4.42395e-06)
(-1.29341 0 -4.67177e-06)
(-1.29286 0 -4.92779e-06)
(-1.29228 0 -5.19068e-06)
(-1.29166 0 -5.46219e-06)
(-1.29102 0 -5.74116e-06)
(-1.29034 0 -6.02933e-06)
(-1.28962 0 -6.32553e-06)
(-1.28887 0 -6.6314e-06)
(-1.28808 0 -6.94573e-06)
(-1.28725 0 -7.27014e-06)
(-1.28638 0 -7.60343e-06)
(-1.28547 0 -7.94727e-06)
(-1.28452 0 -8.30073e-06)
(-1.28353 0 -8.66526e-06)
(-1.28249 0 -9.04015e-06)
(-1.28141 0 -9.42622e-06)
(-1.28027 0 -9.82323e-06)
(-1.2791 0 -1.02304e-05)
(-1.27786 0 -1.065e-05)
(-1.27659 0 -1.1074e-05)
(-1.27525 0 -1.15196e-05)
(-1.27387 0 -1.19391e-05)
(-1.27242 0 -1.24442e-05)
(-1.27094 0 -1.27505e-05)
(-1.26936 0 -1.35487e-05)
(-1.26784 0 -1.319e-05)
(-1.26601 0 -1.54483e-05)
(-1.26468 0 -9.13991e-06)
(-1.26319 0 -2.43809e-05)
(-1.26023 0 -3.43326e-05)
(-1.25765 9.8895e-22 -1.98992e-05)
(-1.2556 0 -2.20074e-05)
(-1.25325 0 -2.39566e-05)
(-1.25073 0 -2.4607e-05)
(-1.24816 0 -2.53812e-05)
(-1.24552 9.91442e-22 -2.63651e-05)
(-1.2428 0 -2.74254e-05)
(-1.23999 -9.92524e-22 -2.8538e-05)
(-1.2371 0 -2.96766e-05)
(-1.23411 9.93658e-22 -3.08668e-05)
(-1.23104 9.94245e-22 -3.2053e-05)
(-1.22786 0 -3.33642e-05)
(-1.22461 9.95463e-22 -3.46032e-05)
(-1.22126 0 -3.61219e-05)
(-1.21777 0 -3.75733e-05)
(-1.21415 0 -3.87989e-05)
(-1.21043 0 -4.00897e-05)
(-1.20657 0 -4.14552e-05)
(-1.2026 -1.99923e-21 -4.28322e-05)
(-1.19849 2.00079e-21 -4.42977e-05)
(-1.19425 0 -4.57e-05)
(-1.18987 -4.00813e-21 -4.71108e-05)
(-1.18535 0 -4.86057e-05)
(-1.18068 0 -5.02032e-05)
(-1.17588 0 -5.18791e-05)
(-1.17093 0 -5.36534e-05)
(-1.16583 4.02628e-21 -5.53495e-05)
(-1.16057 -4.0302e-21 -5.74143e-05)
(-1.15516 -4.03422e-21 -5.92841e-05)
(-1.14959 0 -6.14662e-05)
(-1.14385 0 -6.34931e-05)
(-1.13795 -4.04686e-21 -6.58292e-05)
(-1.13187 -1.23677e-25 -6.80212e-05)
(-1.12562 -4.05564e-21 -6.86087e-05)
(-1.11918 -4.06036e-21 -6.89348e-05)
(-1.11256 4.06493e-21 -7.14162e-05)
(-1.10575 1.24155e-25 -7.38603e-05)
(-1.09873 0 -7.66793e-05)
(-1.09152 0 -7.92547e-05)
(-1.08411 0 -8.23036e-05)
(-1.07647 0 -8.53544e-05)
(-1.06862 0 -8.93318e-05)
(-1.06054 0 -9.32824e-05)
(-1.05223 -2.05308e-21 -9.67524e-05)
(-1.04368 0 -0.00010017)
(-1.03489 2.05874e-21 -0.000103641)
(-1.02582 2.06166e-21 -0.000107389)
(-1.01651 2.06464e-21 -0.000110914)
(-1.00691 0 -0.000114941)
(-0.997041 -2.07079e-21 -0.000118676)
(-0.986892 -1.03698e-21 -0.000122743)
(-0.976404 0 -0.00012696)
(-0.965597 0 -0.000130968)
(-0.954467 0 -0.000135361)
(-0.943002 0 -0.00013966)
(-0.931186 0 -0.00014431)
(-0.919014 0 -0.000148965)
(-0.906474 0 -0.000153747)
(-0.893554 0 -0.000158652)
(-0.880243 -1.05326e-21 -0.000163703)
(-0.866531 0 -0.000168888)
(-0.852404 -1.05741e-21 -0.000174197)
(-0.837852 1.05957e-21 -0.00017963)
(-0.822862 -1.06178e-21 -0.00018517)
(-0.807421 0 -0.000190722)
(-0.791511 -6.5142e-26 -0.000196192)
(-0.775156 1.06884e-21 -0.0002146)
(-0.758671 1.07116e-21 4.4339e-05)
(-0.729354 3.28021e-26 0.000313821)
(-0.71089 0 8.45994e-05)
(-0.692536 -6.60216e-26 -0.000337816)
(-0.684232 6.59465e-26 -0.000608072)
(-0.665744 -6.6251e-26 -0.000480504)
(-0.645917 -1.34254e-28 -0.000346784)
(-0.625277 3.31652e-26 -0.000292781)
(-0.603997 3.33239e-26 -0.000277822)
(-0.582104 -3.3488e-26 -0.000275949)
(-0.559588 3.35097e-26 -0.000279353)
(-0.536441 -3.36814e-26 -0.000284946)
(-0.512653 3.3704e-26 -0.000291474)
(-0.488215 1.10898e-21 -0.000298374)
(-0.46312 0 -0.000305414)
(-0.437363 -3.40933e-26 -0.000312422)
(-0.410939 -1.11929e-21 -0.000319278)
(-0.383849 -1.71556e-26 -0.000325848)
(-0.356094 8.5623e-27 -0.000331616)
(-0.327684 -2.20428e-29 -0.000339153)
(-0.298663 -2.23473e-29 -0.000284136)
(-0.267301 -8.71667e-27 -0.000240021)
(-0.237278 -1.14181e-21 -0.000314611)
(-0.206752 1.7458e-26 -0.000351963)
(-0.175672 0 -0.000368742)
(-0.144218 0 -0.000374009)
(-0.112316 -8.84031e-27 -0.000373937)
(-0.080567 8.84681e-27 -0.000358044)
(-0.0483121 -4.44939e-27 -0.00040678)
(-0.0179848 4.45259e-27 -0.000450937)
(0.0146351 -4.47502e-27 -0.000419381)
(0.0420898 -1.17397e-21 -0.000396429)
(0.0918157 -9.64584e-18 0.00233464)
(0.0325445 -7.73068e-17 0.00343268)
(-0.041774 -3.87006e-17 -0.00878118)
(-0.0650252 0 -0.017577)
(-0.123441 3.86967e-17 -0.0389917)
(-0.18874 -7.73119e-17 -0.0691618)
(-0.26654 -3.61112e-35 -0.110412)
(-0.356411 -8.95557e-33 -0.163286)
(-0.460554 -7.66717e-17 -0.228609)
(-0.57638 0 -0.304456)
(-0.703408 0 -0.390155)
(-0.847587 5.07748e-33 -0.487837)
(-1.00898 -2.21012e-21 -0.594783)
(-1.17881 -2.62525e-21 -0.703641)
(-1.36065 -7.22906e-17 -0.816253)
(-1.56341 0 -0.934579)
(-1.75951 -6.98916e-17 -1.03773)
(-1.97926 7.52316e-37 -1.14548)
(-2.20075 -6.63046e-17 -1.24301)
(-2.41826 4.30022e-21 -1.3182)
(-2.63666 3.55182e-21 -1.35971)
(-2.56305 1.46937e-39 -1.24841)
(-2.6897 0 -1.27231)
(-2.76557 4.81482e-35 -1.25316)
(-2.94503 1.15266e-16 -1.29187)
(-2.92099 5.75705e-17 -1.23453)
(-2.99037 -5.66323e-17 -1.22941)
(-3.15207 7.52316e-37 -1.25251)
(-3.16984 -5.3803e-17 -1.22492)
(-3.29393 -1.20371e-35 -1.25772)
(-3.49842 3.29816e-33 -1.30833)
(-3.6533 -1.01083e-16 -1.32711)
(-3.71815 9.8728e-17 -1.29808)
(-3.71759 2.42524e-17 -1.24606)
(-3.72725 -2.39343e-17 -1.20523)
(-3.77624 0 -1.18088)
(-3.82611 0 -1.15528)
(-3.84867 6.01853e-36 -1.1206)
(-3.85494 -2.26854e-17 -1.08255)
(-3.86156 0 -1.04685)
(-3.87023 -2.22498e-17 -1.01339)
(-3.8736 -9.40395e-38 -0.97955)
(-3.86757 -2.18862e-17 -0.944803)
(-3.858 4.34948e-17 -0.911697)
(-3.85222 0 -0.881982)
(-3.84983 -2.1504e-17 -0.854773)
(-3.84701 -2.13882e-17 -0.828701)
(-3.84319 -2.12803e-17 -0.803531)
(-3.83868 4.23583e-17 -0.77913)
(-3.83317 6.01853e-36 -0.755455)
(-3.82717 -2.69848e-23 -0.732641)
(-3.8216 4.18344e-17 -0.710845)
(-3.8164 -2.08392e-17 -0.689839)
(-3.8102 -6.01853e-36 -0.669219)
(-3.80246 2.0697e-17 -0.649032)
(-3.79501 6.71066e-34 -0.629846)
(-3.78966 0 -0.611931)
(-3.78673 -2.39989e-34 -0.5952)
(-3.78785 -1.02245e-17 -0.579737)
(-3.79204 1.01878e-17 -0.56448)
(-3.79226 0 -0.547637)
(-3.7846 -1.18002e-33 -0.5293)
(-3.77625 -7.52316e-37 -0.511802)
(-3.77461 1.00649e-17 -0.495984)
(-3.77486 1.50463e-36 -0.479908)
(-3.76824 0 -0.46211)
(-3.75549 -7.52316e-37 -0.443757)
(-3.74555 9.96737e-18 -0.426845)
(-3.74243 9.94894e-18 -0.411137)
(-3.73773 0 -0.394248)
(-3.72307 9.90754e-18 -0.375515)
(-3.70445 -1.97995e-17 -0.357209)
(-3.69252 -9.89503e-18 -0.340806)
(-3.68592 9.88514e-18 -0.324822)
(-3.67359 -1.92593e-34 -0.307149)
(-3.65138 1.88079e-37 -0.288346)
(-3.62994 -4.9377e-18 -0.271045)
(-3.61942 2.55411e-34 -0.255635)
(-3.61025 -9.87552e-18 -0.238989)
(-3.5862 6.54515e-35 -0.219533)
(-3.55133 -1.88079e-37 -0.200138)
(-3.52578 -4.95748e-18 -0.183908)
(-3.51591 -3.76158e-37 -0.169316)
(-3.50197 9.93523e-18 -0.152086)
(-3.46828 -1.04948e-34 -0.131983)
(-3.42667 1.17114e-23 -0.112494)
(-3.39088 -8.67515e-35 -0.0948638)
(-3.35906 -2.51469e-18 -0.0780924)
(-3.32583 -5.0827e-24 -0.0613848)
(-3.29072 1.26747e-18 -0.0446573)
(-3.25382 -5.87747e-39 -0.0278257)
(-3.21465 0 -0.010939)
(-3.1719 -1.46937e-39 0.00624678)
(-3.12327 -1.29349e-18 0.0235674)
(-3.07101 0 0.0401086)
(-3.02248 2.62302e-18 0.0554657)
(-2.97751 2.64138e-18 0.070884)
(-2.92415 -2.65991e-18 0.0877487)
(-2.85468 9.40395e-38 0.104998)
(-2.78136 0 0.120313)
(-2.71798 2.97863e-34 0.134051)
(-2.6552 0 0.148729)
(-2.57475 -5.58127e-18 0.164613)
(-2.4763 5.64877e-18 0.17968)
(-2.37441 -3.43056e-34 0.193509)
(-2.17185 -1.17607e-17 0.197795)
(-2.05462 1.19253e-17 0.206425)
(-1.93481 7.52316e-37 0.212406)
(-1.87507 -6.59029e-34 0.224163)
(-1.74094 -1.24332e-17 0.227843)
(-1.58525 -1.26765e-17 0.229055)
(-1.39632 1.18866e-33 0.225736)
(-1.16698 -4.47991e-22 0.213437)
(-0.905662 2.72998e-17 0.18752)
(-0.690394 1.88079e-37 0.161065)
(-0.454028 2.86514e-17 0.131729)
(0.00722506 -6.01853e-36 0.0316141)
(0.338972 -6.7889e-33 -0.0923683)
(0.370376 -6.13438e-17 -0.159629)
(0.317843 1.20371e-35 -0.183265)
(0.184464 6.5507e-33 -0.125497)
(0.131396 0 -0.0987318)
(0.099698 0 -0.0796243)
(0.0822181 0 -0.0676139)
(0.068315 -4.56205e-33 -0.0569866)
(0.0557265 6.22693e-17 -0.0464083)
(0.0471629 -3.76158e-37 -0.0388502)
(0.0442023 6.22863e-17 -0.0361669)
(0.0400227 -6.24724e-33 -0.0326272)
(0.0357552 8.79754e-24 -0.0287714)
(0.0326947 -6.22893e-17 -0.0256707)
(0.0315782 1.12847e-36 -0.0240663)
(0.0320124 -6.22719e-17 -0.0236495)
(0.0326433 -6.22608e-17 -0.0233279)
(0.0333034 -2.40741e-35 -0.0228903)
(0.0344058 -0 -0.0226069)
(0.0359944 2.40741e-35 -0.02251)
(0.0379207 6.21974e-17 -0.0224845)
(0.0401096 -6.21774e-17 -0.0224693)
(0.0424249 -1.24312e-16 -0.0223806)
(0.0448124 4.81482e-35 -0.0221924)
(0.0474451 5.08559e-23 -0.0219887)
(0.0505063 -5.16183e-23 -0.0218588)
(0.054463 6.20509e-17 -0.0219699)
(0.0593639 -6.20194e-17 -0.0223158)
(0.0641147 -3.61112e-35 -0.0224761)
(0.068834 -1.68519e-34 -0.0224728)
(0.0749148 6.1916e-17 -0.0227581)
(0.0820065 -2.40741e-35 -0.0232417)
(0.0888168 2.12032e-23 -0.0235278)
(0.0956434 -6.01853e-36 -0.0236768)
(0.10307 3.08802e-17 -0.0238741)
(0.111424 3.0859e-17 -0.0242126)
(0.120852 -3.08376e-17 -0.0247374)
(0.130339 1.51371e-23 -0.0252376)
(0.139348 -4.31107e-34 -0.0255597)
(0.14819 -0 -0.0257717)
(0.157151 1.50463e-36 -0.0259448)
(0.166741 -1.53694e-17 -0.026192)
(0.176713 -4.35748e-24 -0.0264981)
(0.186627 -3.53867e-24 -0.0267498)
(0.195682 0 -0.0267949)
(0.203419 0 -0.0264858)
(0.211421 3.06628e-17 -0.0260345)
(0.219784 -1.53259e-17 -0.0255213)
(0.226285 -1.50463e-36 -0.0245633)
(0.230706 1.53187e-17 -0.0229826)
(0.234145 2.25695e-36 -0.0209451)
(0.236531 -0 -0.0184989)
(0.237592 0 -0.0156663)
(0.238294 7.65261e-18 -0.0126137)
(0.239581 1.88079e-37 -0.00958922)
(0.240643 0 -0.00668808)
(0.244515 -1.91002e-18 -0.00418148)
(0.259779 9.53964e-19 -0.00273612)
(0.280736 0 -0.00267024)
(0.294618 0 -0.00285093)
(0.31106 0 -0.00302466)
(0.334089 4.57973e-35 -0.00399789)
(0.328969 1.90382e-18 -0.003961)
(0.319569 4.7578e-19 -0.000896582)
(0.336115 0 -0.00011248)
(0.349653 0 -9.82548e-05)
(0.361397 0 -8.53237e-05)
(0.372124 0 -8.28631e-05)
(0.382765 0 -8.34641e-05)
(0.393319 0 -8.55906e-05)
(0.404008 0 -8.71338e-05)
(0.414865 0 -8.97199e-05)
(0.425995 0 -9.27115e-05)
(0.437396 0 -9.57532e-05)
(0.449026 0 -9.89328e-05)
(0.460891 0 -0.000102169)
(0.472965 0 -0.000104788)
(0.485077 0 -0.000106767)
(0.497185 0 -0.000108136)
(0.509144 0 -0.00010805)
(0.520712 0 -0.000106235)
(0.531678 0 -0.000101782)
(0.541609 0 -9.4006e-05)
(0.550109 0 -8.18786e-05)
(0.556555 0 -6.46512e-05)
(0.560344 0 -4.06971e-05)
(0.560631 0 -7.41289e-06)
(0.556552 0 3.09124e-05)
(0.547151 0 7.6866e-05)
(0.531755 0 0.000132647)
(0.509097 0 0.000196363)
(0.47892 0 0.000266167)
(0.440357 0 0.000342149)
(0.393047 0 0.000419687)
(0.337192 0 0.000496286)
(0.272849 0 0.000569668)
(0.200758 0 0.000635942)
(0.121736 0 0.000692931)
(0.0371468 0 0.000735)
(-0.0510781 0 0.000756143)
(-0.140425 0 0.000752502)
(-0.227979 0 0.000718635)
(-0.310289 0 0.000653669)
(-0.383824 0 0.000554163)
(-0.444757 0 0.000422417)
(-0.489703 0 0.000264323)
(-0.516008 0 9.23435e-05)
(-0.521426 0 -9.61889e-05)
(-0.506164 0 -0.000270917)
(-0.470818 0 -0.000422772)
(-0.418433 0 -0.000537069)
(-0.353572 0 -0.000574881)
(-0.282665 0 -0.000551172)
(-0.213005 0 -0.000498008)
(-0.151802 0 -0.000398278)
(-0.1053 0 -0.00026509)
(-0.0773693 0 -0.000121294)
(-0.0695218 0 2.29672e-05)
(-0.0807103 0 0.000156092)
(-0.108258 0 0.000299972)
(-0.152212 0 0.000440065)
(-0.20986 0 0.000513602)
(-0.271617 0 0.000511713)
(-0.33111 0 0.00052288)
(-0.394341 0 0.000653349)
(-0.475604 0 0.000961981)
(-0.582048 0 0.00122239)
(-0.680647 0 0.00163333)
(-0.660796 0 0.00122992)
(-0.417174 0 2.40185e-05)
(0.0395592 0 -0.00271291)
(0.623832 0 -0.00260918)
(1.28626 0 -0.002765)
(1.87579 0 -0.0012955)
(2.48024 0 -0.000921678)
(3.02914 0 -0.00133766)
(3.52662 0 -0.00190717)
(3.97737 0 -0.00186124)
(4.39046 0 -0.00102415)
(4.77836 0 0.000798564)
(5.17636 0 0.00166212)
(6.13816 0 -0.0033561)
(6.4694 0 -0.00368504)
(6.81774 0 -0.00355092)
(7.14746 0 -0.00347342)
(7.46315 0 -0.00342934)
(7.76532 0 -0.00343973)
(8.05702 0 -0.00352385)
(8.33681 0 -0.00381872)
(8.60659 0 -0.00444269)
(8.85545 0 -0.00549379)
(9.04843 0 -0.00691086)
(9.07278 0 -0.00511987)
(8.2601 0 -0.0035429)
(8.51567 0 -0.00101538)
(8.72915 0 -0.00158767)
(8.95034 0 -0.00155124)
(9.17852 -4.89376e-23 -0.00146484)
(9.41988 0 -0.00117446)
(9.68214 0 -0.000640355)
(9.99704 7.91782e-23 0.00041854)
(10.399 0 -0.000437915)
(11.4887 7.1618e-24 -0.00568803)
(10.8844 -1.31921e-23 -0.00418246)
(12.0094 -0 -0.00793697)
(11.7791 0 -0.0074512)
)
;
    }
    sides
    {
        type            empty;
    }
    outlet
    {
        type            calculated;
        value           uniform (0 0 0);
    }
    top
    {
        type            symmetry;
    }
}


// ************************************************************************* //
