/*--------------------------------*- C++ -*----------------------------------*\
| =========                 |                                                 |
| \\      /  F ield         | OpenFOAM: The Open Source CFD Toolbox           |
|  \\    /   O peration     | Version:  2606                                  |
|   \\  /    A nd           | Website:  www.openfoam.com                      |
|    \\/     M anipulation  |                                                 |
\*---------------------------------------------------------------------------*/
FoamFile
{
    version     2.0;
    format      ascii;
    arch        "LSB;label=32;scalar=64";
    class       vectorField;
    location    "constant/polyMesh";
    object      points;
}
// * * * * * * * * * * * * * * * * * * * * * * * * * * * * * * * * * * * * * //


396
(
(0 0 0)
(0.002 0 0)
(0.004 0 0)
(0.006 0 0)
(0.008 0 0)
(0.01 0 0)
(0.012 0 0)
(0.014 0 0)
(0.016 0 0)
(0.018 0 0)
(0.02 0 0)
(0 0.002 0)
(0.002 0.002 0)
(0.004 0.002 0)
(0.006 0.002 0)
(0.008 0.002 0)
(0.01 0.002 0)
(0.012 0.002 0)
(0.014 0.002 0)
(0.016 0.002 0)
(0.018 0.002 0)
(0.02 0.002 0)
(0 0.004 0)
(0.002 0.004 0)
(0.004 0.004 0)
(0.006 0.004 0)
(0.008 0.004 0)
(0.01 0.004 0)
(0.012 0.004 0)
(0.014 0.004 0)
(0.016 0.004 0)
(0.018 0.004 0)
(0.02 0.004 0)
(0 0.006 0)
(0.002 0.006 0)
(0.004 0.006 0)
(0.006 0.006 0)
(0.008 0.006 0)
(0.01 0.006 0)
(0.012 0.006 0)
(0.014 0.006 0)
(0.016 0.006 0)
(0.018 0.006 0)
(0.02 0.006 0)
(0 0.008 0)
(0.002 0.008 0)
(0.004 0.008 0)
(0.006 0.008 0)
(0.008 0.008 0)
(0.01 0.008 0)
(0.012 0.008 0)
(0.014 0.008 0)
(0.016 0.008 0)
(0.018 0.008 0)
(0.02 0.008 0)
(0 0.01 0)
(0.002 0.01 0)
(0.004 0.01 0)
(0.006 0.01 0)
(0.008 0.01 0)
(0.01 0.01 0)
(0.012 0.01 0)
(0.014 0.01 0)
(0.016 0.01 0)
(0.018 0.01 0)
(0.02 0.01 0)
(0 0 0.002)
(0.002 0 0.002)
(0.004 0 0.002)
(0.006 0 0.002)
(0.008 0 0.002)
(0.01 0 0.002)
(0.012 0 0.002)
(0.014 0 0.002)
(0.016 0 0.002)
(0.018 0 0.002)
(0.02 0 0.002)
(0 0.002 0.002)
(0.002 0.002 0.002)
(0.004 0.002 0.002)
(0.006 0.002 0.002)
(0.008 0.002 0.002)
(0.01 0.002 0.002)
(0.012 0.002 0.002)
(0.014 0.002 0.002)
(0.016 0.002 0.002)
(0.018 0.002 0.002)
(0.02 0.002 0.002)
(0 0.004 0.002)
(0.002 0.004 0.002)
(0.004 0.004 0.002)
(0.006 0.004 0.002)
(0.008 0.004 0.002)
(0.01 0.004 0.002)
(0.012 0.004 0.002)
(0.014 0.004 0.002)
(0.016 0.004 0.002)
(0.018 0.004 0.002)
(0.02 0.004 0.002)
(0 0.006 0.002)
(0.002 0.006 0.002)
(0.004 0.006 0.002)
(0.006 0.006 0.002)
(0.008 0.006 0.002)
(0.01 0.006 0.002)
(0.012 0.006 0.002)
(0.014 0.006 0.002)
(0.016 0.006 0.002)
(0.018 0.006 0.002)
(0.02 0.006 0.002)
(0 0.008 0.002)
(0.002 0.008 0.002)
(0.004 0.008 0.002)
(0.006 0.008 0.002)
(0.008 0.008 0.002)
(0.01 0.008 0.002)
(0.012 0.008 0.002)
(0.014 0.008 0.002)
(0.016 0.008 0.002)
(0.018 0.008 0.002)
(0.02 0.008 0.002)
(0 0.01 0.002)
(0.002 0.01 0.002)
(0.004 0.01 0.002)
(0.006 0.01 0.002)
(0.008 0.01 0.002)
(0.01 0.01 0.002)
(0.012 0.01 0.002)
(0.014 0.01 0.002)
(0.016 0.01 0.002)
(0.018 0.01 0.002)
(0.02 0.01 0.002)
(0 0 0.004)
(0.002 0 0.004)
(0.004 0 0.004)
(0.006 0 0.004)
(0.008 0 0.004)
(0.01 0 0.004)
(0.012 0 0.004)
(0.014 0 0.004)
(0.016 0 0.004)
(0.018 0 0.004)
(0.02 0 0.004)
(0 0.002 0.004)
(0.002 0.002 0.004)
(0.004 0.002 0.004)
(0.006 0.002 0.004)
(0.008 0.002 0.004)
(0.01 0.002 0.004)
(0.012 0.002 0.004)
(0.014 0.002 0.004)
(0.016 0.002 0.004)
(0.018 0.002 0.004)
(0.02 0.002 0.004)
(0 0.004 0.004)
(0.002 0.004 0.004)
(0.004 0.004 0.004)
(0.006 0.004 0.004)
(0.008 0.004 0.004)
(0.01 0.004 0.004)
(0.012 0.004 0.004)
(0.014 0.004 0.004)
(0.016 0.004 0.004)
(0.018 0.004 0.004)
(0.02 0.004 0.004)
(0 0.006 0.004)
(0.002 0.006 0.004)
(0.004 0.006 0.004)
(0.006 0.006 0.004)
(0.008 0.006 0.004)
(0.01 0.006 0.004)
(0.012 0.006 0.004)
(0.014 0.006 0.004)
(0.016 0.006 0.004)
(0.018 0.006 0.004)
(0.02 0.006 0.004)
(0 0.008 0.004)
(0.002 0.008 0.004)
(0.004 0.008 0.004)
(0.006 0.008 0.004)
(0.008 0.008 0.004)
(0.01 0.008 0.004)
(0.012 0.008 0.004)
(0.014 0.008 0.004)
(0.016 0.008 0.004)
(0.018 0.008 0.004)
(0.02 0.008 0.004)
(0 0.01 0.004)
(0.002 0.01 0.004)
(0.004 0.01 0.004)
(0.006 0.01 0.004)
(0.008 0.01 0.004)
(0.01 0.01 0.004)
(0.012 0.01 0.004)
(0.014 0.01 0.004)
(0.016 0.01 0.004)
(0.018 0.01 0.004)
(0.02 0.01 0.004)
(0 0 0.006)
(0.002 0 0.006)
(0.004 0 0.006)
(0.006 0 0.006)
(0.008 0 0.006)
(0.01 0 0.006)
(0.012 0 0.006)
(0.014 0 0.006)
(0.016 0 0.006)
(0.018 0 0.006)
(0.02 0 0.006)
(0 0.002 0.006)
(0.002 0.002 0.006)
(0.004 0.002 0.006)
(0.006 0.002 0.006)
(0.008 0.002 0.006)
(0.01 0.002 0.006)
(0.012 0.002 0.006)
(0.014 0.002 0.006)
(0.016 0.002 0.006)
(0.018 0.002 0.006)
(0.02 0.002 0.006)
(0 0.004 0.006)
(0.002 0.004 0.006)
(0.004 0.004 0.006)
(0.006 0.004 0.006)
(0.008 0.004 0.006)
(0.01 0.004 0.006)
(0.012 0.004 0.006)
(0.014 0.004 0.006)
(0.016 0.004 0.006)
(0.018 0.004 0.006)
(0.02 0.004 0.006)
(0 0.006 0.006)
(0.002 0.006 0.006)
(0.004 0.006 0.006)
(0.006 0.006 0.006)
(0.008 0.006 0.006)
(0.01 0.006 0.006)
(0.012 0.006 0.006)
(0.014 0.006 0.006)
(0.016 0.006 0.006)
(0.018 0.006 0.006)
(0.02 0.006 0.006)
(0 0.008 0.006)
(0.002 0.008 0.006)
(0.004 0.008 0.006)
(0.006 0.008 0.006)
(0.008 0.008 0.006)
(0.01 0.008 0.006)
(0.012 0.008 0.006)
(0.014 0.008 0.006)
(0.016 0.008 0.006)
(0.018 0.008 0.006)
(0.02 0.008 0.006)
(0 0.01 0.006)
(0.002 0.01 0.006)
(0.004 0.01 0.006)
(0.006 0.01 0.006)
(0.008 0.01 0.006)
(0.01 0.01 0.006)
(0.012 0.01 0.006)
(0.014 0.01 0.006)
(0.016 0.01 0.006)
(0.018 0.01 0.006)
(0.02 0.01 0.006)
(0 0 0.008)
(0.002 0 0.008)
(0.004 0 0.008)
(0.006 0 0.008)
(0.008 0 0.008)
(0.01 0 0.008)
(0.012 0 0.008)
(0.014 0 0.008)
(0.016 0 0.008)
(0.018 0 0.008)
(0.02 0 0.008)
(0 0.002 0.008)
(0.002 0.002 0.008)
(0.004 0.002 0.008)
(0.006 0.002 0.008)
(0.008 0.002 0.008)
(0.01 0.002 0.008)
(0.012 0.002 0.008)
(0.014 0.002 0.008)
(0.016 0.002 0.008)
(0.018 0.002 0.008)
(0.02 0.002 0.008)
(0 0.004 0.008)
(0.002 0.004 0.008)
(0.004 0.004 0.008)
(0.006 0.004 0.008)
(0.008 0.004 0.008)
(0.01 0.004 0.008)
(0.012 0.004 0.008)
(0.014 0.004 0.008)
(0.016 0.004 0.008)
(0.018 0.004 0.008)
(0.02 0.004 0.008)
(0 0.006 0.008)
(0.002 0.006 0.008)
(0.004 0.006 0.008)
(0.006 0.006 0.008)
(0.008 0.006 0.008)
(0.01 0.006 0.008)
(0.012 0.006 0.008)
(0.014 0.006 0.008)
(0.016 0.006 0.008)
(0.018 0.006 0.008)
(0.02 0.006 0.008)
(0 0.008 0.008)
(0.002 0.008 0.008)
(0.004 0.008 0.008)
(0.006 0.008 0.008)
(0.008 0.008 0.008)
(0.01 0.008 0.008)
(0.012 0.008 0.008)
(0.014 0.008 0.008)
(0.016 0.008 0.008)
(0.018 0.008 0.008)
(0.02 0.008 0.008)
(0 0.01 0.008)
(0.002 0.01 0.008)
(0.004 0.01 0.008)
(0.006 0.01 0.008)
(0.008 0.01 0.008)
(0.01 0.01 0.008)
(0.012 0.01 0.008)
(0.014 0.01 0.008)
(0.016 0.01 0.008)
(0.018 0.01 0.008)
(0.02 0.01 0.008)
(0 0 0.01)
(0.002 0 0.01)
(0.004 0 0.01)
(0.006 0 0.01)
(0.008 0 0.01)
(0.01 0 0.01)
(0.012 0 0.01)
(0.014 0 0.01)
(0.016 0 0.01)
(0.018 0 0.01)
(0.02 0 0.01)
(0 0.002 0.01)
(0.002 0.002 0.01)
(0.004 0.002 0.01)
(0.006 0.002 0.01)
(0.008 0.002 0.01)
(0.01 0.002 0.01)
(0.012 0.002 0.01)
(0.014 0.002 0.01)
(0.016 0.002 0.01)
(0.018 0.002 0.01)
(0.02 0.002 0.01)
(0 0.004 0.01)
(0.002 0.004 0.01)
(0.004 0.004 0.01)
(0.006 0.004 0.01)
(0.008 0.004 0.01)
(0.01 0.004 0.01)
(0.012 0.004 0.01)
(0.014 0.004 0.01)
(0.016 0.004 0.01)
(0.018 0.004 0.01)
(0.02 0.004 0.01)
(0 0.006 0.01)
(0.002 0.006 0.01)
(0.004 0.006 0.01)
(0.006 0.006 0.01)
(0.008 0.006 0.01)
(0.01 0.006 0.01)
(0.012 0.006 0.01)
(0.014 0.006 0.01)
(0.016 0.006 0.01)
(0.018 0.006 0.01)
(0.02 0.006 0.01)
(0 0.008 0.01)
(0.002 0.008 0.01)
(0.004 0.008 0.01)
(0.006 0.008 0.01)
(0.008 0.008 0.01)
(0.01 0.008 0.01)
(0.012 0.008 0.01)
(0.014 0.008 0.01)
(0.016 0.008 0.01)
(0.018 0.008 0.01)
(0.02 0.008 0.01)
(0 0.01 0.01)
(0.002 0.01 0.01)
(0.004 0.01 0.01)
(0.006 0.01 0.01)
(0.008 0.01 0.01)
(0.01 0.01 0.01)
(0.012 0.01 0.01)
(0.014 0.01 0.01)
(0.016 0.01 0.01)
(0.018 0.01 0.01)
(0.02 0.01 0.01)
)


// ************************************************************************* //
